run_id,equiv_grad_budget,row,deriv_evals,equiv_grad_evals,f_vals,update_norms,full_grad_norms,proj_grad_norms,config_str
f648709e39,180,0,0,0.0,2727010.761415566,562.2105639952313,10212.732359910277,1362.5657237665237,"ProjectedCommonDirectionsConfig(subspace_frac_grads=0.02, subspace_frac_updates=0.02, subspace_frac_random=0.01, direction_str=sd, random_proj=True, random_proj_dim_frac=0.03, ensemble=haar, inner_use_full_grad=True, orth_P_k=True, beta=0.001, tau=0.5, c_const=inf, N_try=200, alpha_max=100, p_const=1)"
f648709e39,180,1,7,0.07,2258257.801094946,891.2173871402337,8020.297669447682,1885.1707263562323,
f648709e39,180,2,14,0.14,2219114.646192756,527.700652973877,7143.872895232224,1541.1221426243196,
f648709e39,180,3,21,0.21,1615560.106251164,347.1567014514001,6267.640206653759,1496.7755869982084,
f648709e39,180,4,28,0.28,1316496.522314588,182.5328780713812,5512.747241962404,880.5633674473246,
f648709e39,180,5,35,0.35,1255861.086909884,260.05536024811204,5390.9119139513805,1249.0600221481038,
f648709e39,180,6,42,0.42,1140057.7612649326,408.56930025788887,4661.649315507604,432.54982552651785,
f648709e39,180,7,49,0.49,1125402.9802590208,204.80337534976448,4808.81863723859,173.75080099073637,
f648709e39,180,8,56,0.56,1023787.0250060413,122.02672249375773,4353.162929049797,462.42313487603315,
f648709e39,180,9,63,0.63,999214.1771944421,137.06688485511594,4330.181990176921,293.3506805811381,
f648709e39,180,10,70,0.7,958870.6213610187,192.46408512601857,4201.61355564104,941.2530364582102,
f648709e39,180,11,77,0.77,899485.7943277737,138.71055654972392,4134.346627345705,570.7957595075997,
f648709e39,180,12,84,0.84,865717.6067951974,150.28181823259527,3863.8692459716385,628.4409673006465,
f648709e39,180,13,91,0.91,818712.4152300445,187.1520820022017,3673.9663785472535,738.7964701622825,
f648709e39,180,14,98,0.98,743856.4453552592,119.82606070614904,3269.4146652641416,455.92764186746126,
f648709e39,180,15,105,1.05,719583.0831689829,141.56610741095488,3291.8412291473715,530.0354727162471,
f648709e39,180,16,112,1.12,673996.0692888026,149.12534650014976,3114.1493565062938,310.8832741192784,
f648709e39,180,17,119,1.19,672265.1320639765,104.43542901378011,3140.2800294371677,296.1900181671586,
f648709e39,180,18,126,1.26,648162.5359293221,160.63231241881306,3007.843130144851,380.9752322191773,
f648709e39,180,19,133,1.33,647563.8786663576,133.3205915827579,3071.347867301314,465.59981346584345,
f648709e39,180,20,140,1.4,607079.42636644,62.16363261237587,2935.2512727177955,293.87674600867604,
f648709e39,180,21,147,1.47,598816.9210998928,205.3915409732331,2898.7693723054654,350.57226765462616,
f648709e39,180,22,154,1.54,499491.5254590864,85.9506489602135,2697.9138526131746,357.3696259334713,
f648709e39,180,23,161,1.61,485347.0807805651,89.11076284516967,2577.502629143638,286.72146767781464,
f648709e39,180,24,168,1.68,467531.9219020472,135.82241427349467,2544.6823198557895,689.6486074009541,
f648709e39,180,25,175,1.75,425662.37268519273,76.67173220235512,2312.4388625072497,333.22966267339996,
f648709e39,180,26,182,1.82,414217.88107995567,98.2758180995889,2278.7236323175734,496.5208572355869,
f648709e39,180,27,189,1.89,393968.9556790181,90.99667291775813,2220.2218229973687,300.19855175061645,
f648709e39,180,28,196,1.96,379981.416046586,88.51532398493481,2179.972155365166,159.75511256736732,
f648709e39,180,29,203,2.03,366980.8269623434,46.16427447064321,2036.7955338929776,138.758454646327,
f648709e39,180,30,210,2.1,364357.9578163689,82.02935648401767,2048.971870640362,401.70234763840153,
f648709e39,180,31,217,2.17,351941.800996386,79.36516100890677,1921.71760912298,398.16432329714075,
f648709e39,180,32,224,2.24,338679.19378119556,192.97091979431212,1953.1792159259114,475.8323791952787,
f648709e39,180,33,231,2.31,337680.7346019177,163.97290364626997,2079.795208831978,637.0664422890742,
f648709e39,180,34,238,2.38,288201.2637491116,92.36201114022013,1842.8214880364608,338.4127176065624,
f648709e39,180,35,245,2.45,271584.8274166319,75.49547340408763,1761.5233253350043,345.9859833471678,
f648709e39,180,36,252,2.52,261344.36487742304,69.07969140287524,1708.2715048496054,343.198966818614,
f648709e39,180,37,259,2.59,250642.70634694694,80.36017082128484,1705.0352701684646,385.3273511943089,
f648709e39,180,38,266,2.66,238978.40619293167,61.64344151363964,1786.363394238714,221.77627330729106,
f648709e39,180,39,273,2.73,230593.15959017642,57.823727126142316,1671.590011457081,286.98082056494684,
f648709e39,180,40,280,2.8,223727.78753807326,76.02794262290892,1688.3771007163366,219.48498987877102,
f648709e39,180,41,287,2.87,212881.28756419546,84.40999081289065,1665.1224992571476,383.20941298692657,
f648709e39,180,42,294,2.94,200631.04415696632,58.84520751819941,1506.2729177221931,216.40970050161428,
f648709e39,180,43,301,3.01,193561.4905323695,58.2843769923208,1518.2291721532029,272.33240393158565,
f648709e39,180,44,308,3.08,188087.5546573413,78.3305270700242,1472.925211931154,371.99873574085524,
f648709e39,180,45,315,3.15,178851.58751483425,49.86655270576753,1447.9577419628856,190.143263720526,
f648709e39,180,46,322,3.22,174502.52745658509,69.13100057979227,1431.3255599981171,343.0332136460468,
f648709e39,180,47,329,3.29,163543.86014918052,71.39417539507987,1404.805843327267,349.592332658487,
f648709e39,180,48,336,3.36,155391.17354325482,54.328054643531445,1307.4342220299452,227.18492606736476,
f648709e39,180,49,343,3.43,149671.9308599709,58.32167172623633,1285.4856005145648,258.9739078294234,
f648709e39,180,50,350,3.5,141602.58212812207,46.92808763547599,1213.3250165990846,223.94237661518846,
f648709e39,180,51,357,3.57,136476.47669580998,45.37503554808028,1210.6574480613674,230.6118220460832,
f648709e39,180,52,364,3.64,131807.51616387532,34.70029893941234,1164.0872110011292,148.4563438517205,
f648709e39,180,53,371,3.71,130310.41831426564,44.95427561014247,1158.0494723325016,213.2785410604071,
f648709e39,180,54,378,3.78,125572.97701369604,30.41086984104647,1137.1550466812357,98.4937500730149,
f648709e39,180,55,385,3.85,123315.46730758199,29.555796887558227,1117.9979640672436,146.80620973997418,
f648709e39,180,56,392,3.92,121330.83950926078,47.848988785557104,1114.2861605375092,225.00325058465427,
f648709e39,180,57,399,3.99,116864.00114699393,34.37154950461794,1061.6478592847347,83.38050386652624,
f648709e39,180,58,406,4.06,114828.54330666536,50.7755488987401,1059.0212695125365,207.88469503294445,
f648709e39,180,59,413,4.13,110987.21849769271,35.0543365170153,1090.4317851132714,119.71983513096971,
f648709e39,180,60,420,4.2,109306.30958721216,23.903267266363724,1082.9017353422016,65.06905082634343,
f648709e39,180,61,427,4.27,108837.6295462379,36.99683873618507,1066.901013229107,160.86563712475981,
f648709e39,180,62,434,4.34,105509.15722251535,42.498264688811936,1059.0716379875123,114.77306938585672,
f648709e39,180,63,441,4.41,105048.21185377319,41.03622339692794,1084.1187764989184,73.82375850801107,
f648709e39,180,64,448,4.48,103537.95002430292,45.574610833642,1024.5939137787118,92.16253743839516,
f648709e39,180,65,455,4.55,100325.49848977277,54.71403154736978,1010.7382697608815,244.29516283318088,
f648709e39,180,66,462,4.62,95895.43740220128,45.1387427033445,896.187730154522,173.3326360811609,
f648709e39,180,67,469,4.69,92341.48215796717,43.66126902621553,876.7845230753918,190.04459944412164,
f648709e39,180,68,476,4.76,89894.78263834064,32.93924532654757,862.0265762968558,70.48972790874102,
f648709e39,180,69,483,4.83,88481.48652770353,42.464423782922864,836.2376120849199,164.9066249372843,
f648709e39,180,70,490,4.9,85103.83908727764,54.6469895945715,813.8867768248907,252.0988961262066,
f648709e39,180,71,497,4.97,78326.42990773563,27.245997618264425,777.7103012746581,97.23257915663352,
f648709e39,180,72,504,5.04,77365.5491639378,20.418574175528576,782.275583937408,72.54177073305358,
f648709e39,180,73,511,5.11,76673.93158349798,42.29425814013358,780.7512591091241,212.72065174700973,
f648709e39,180,74,518,5.18,72921.51122277575,45.85860177657871,761.2023528891665,173.87727505252118,
f648709e39,180,75,525,5.25,70341.00815330414,37.70682337677041,781.8082586302024,135.9656705551966,
f648709e39,180,76,532,5.32,67324.47191166854,33.88319897110787,724.0797922601333,152.39675672252096,
f648709e39,180,77,539,5.39,65779.61754237284,38.714385163003385,752.4025108466863,175.94014211087142,
f648709e39,180,78,546,5.46,62666.7685448455,24.066379589217828,688.1949787276918,71.97331622660181,
f648709e39,180,79,553,5.53,62089.55969315097,33.310993992067644,715.4444279708648,117.69402798669819,
f648709e39,180,80,560,5.6,60375.166673826374,19.278387367093057,681.2688184339237,70.36510053146712,
f648709e39,180,81,567,5.67,59810.40830107783,19.860529642929407,692.1053086076806,63.79536933979634,
f648709e39,180,82,574,5.74,58887.48834614036,33.66868994767644,661.3511374297435,165.20471535143258,
f648709e39,180,83,581,5.81,56613.350517588944,40.39987991525825,715.188678355985,194.02629546201004,
f648709e39,180,84,588,5.88,54824.880342171076,31.159968776552503,696.9080578354883,108.6669808162315,
f648709e39,180,85,595,5.95,53642.6102447951,29.531303520546263,689.541531091381,94.34192924775694,
f648709e39,180,86,602,6.02,52473.62839203345,32.92426870100165,689.3060584437294,140.4726428827027,
f648709e39,180,87,609,6.09,51046.95781138472,20.395747616299566,647.676270289474,44.87156914099356,
f648709e39,180,88,616,6.16,50446.45815782619,24.36876568978925,614.5773491251141,93.04783702014515,
f648709e39,180,89,623,6.23,49498.02445497249,12.05262794223775,633.6618837988722,37.28335174248936,
f648709e39,180,90,630,6.3,49187.41464087201,23.529320797102557,615.5422758815919,84.66600527537972,
f648709e39,180,91,637,6.37,47933.05879731244,18.129131391843913,614.5322529693934,84.54329371873278,
f648709e39,180,92,644,6.44,47502.66691488363,18.082469965125643,594.0595887301097,61.987351197918734,
f648709e39,180,93,651,6.51,46808.277960403386,28.114368885433326,612.333661624479,86.31404457494835,
f648709e39,180,94,658,6.58,45830.515965216946,24.795420517631953,600.7526577853006,107.13704116164992,
f648709e39,180,95,665,6.65,44532.46158071436,17.216482058818222,585.1430196759471,76.25238743639001,
f648709e39,180,96,672,6.72,43988.27459782901,28.946773227734802,577.9886606517498,139.74721304291495,
f648709e39,180,97,679,6.79,42271.22760717991,20.329696777480994,567.0130038221863,88.71751690330372,
f648709e39,180,98,686,6.86,41459.19687230392,22.267231276740937,565.2429546477309,112.27301299064278,
f648709e39,180,99,693,6.93,40871.5538020906,23.0472018924395,564.9742646743017,105.60744842228773,
f648709e39,180,100,700,7.0,40454.63955887557,32.61198146002344,536.6926347051924,93.38026774833784,
f648709e39,180,101,707,7.07,39115.595563365474,31.60450717933897,564.868151324901,77.19914096803805,
f648709e39,180,102,714,7.14,38867.54897682567,35.21214872545001,528.2101422527436,80.80372914382735,
f648709e39,180,103,721,7.21,37923.9695299921,35.471785106132636,547.8090891669519,117.89695758822157,
f648709e39,180,104,728,7.28,35907.55421172853,23.980921262939994,475.43707355994184,56.574074120673316,
f648709e39,180,105,735,7.35,35087.38040745932,22.059758171181315,475.5589559811606,81.46723466715352,
f648709e39,180,106,742,7.42,34153.91076224592,15.493848293751055,451.9409645225474,38.992995072923094,
f648709e39,180,107,749,7.49,34063.06048998776,19.646802928685155,442.4405508091792,81.29918816033363,
f648709e39,180,108,756,7.56,33378.35943882527,16.7508407343943,441.5936333753443,30.67759580377509,
f648709e39,180,109,763,7.63,32831.48074140875,19.876510417981653,434.033971156143,95.84114569439774,
f648709e39,180,110,770,7.7,32435.145562866488,19.122685195460065,435.4107544967993,70.80109966854698,
f648709e39,180,111,777,7.77,31784.062302932034,10.968330339724035,397.08480717097024,44.79836051954134,
f648709e39,180,112,784,7.84,31539.24564721595,20.46573461069857,396.16331856300087,104.05619166585805,
f648709e39,180,113,791,7.91,30742.53694955064,11.832167511495465,406.4354423704525,41.71741430325169,
f648709e39,180,114,798,7.98,30408.69487264095,20.114647957688085,390.2952012835747,74.3577272305973,
f648709e39,180,115,805,8.05,29716.9144020161,23.090995440846317,397.9592498272958,42.91042618972718,
f648709e39,180,116,812,8.12,29646.726619706904,19.201176094283735,402.82831257224865,80.83964407046771,
f648709e39,180,117,819,8.19,29108.34705673558,14.607368517622431,394.58556908045597,63.85693633170437,
f648709e39,180,118,826,8.26,28754.0226709835,14.210853195717533,402.91217233516875,59.45176501219942,
f648709e39,180,119,833,8.33,28408.43314782822,15.301317682023345,402.22691997042205,61.19006775497638,
f648709e39,180,120,840,8.4,28182.707698187154,16.381928369153282,383.1796785929142,64.99185040654959,
f648709e39,180,121,847,8.47,27883.327166975294,20.5549827620456,396.1904447908216,80.64060739409499,
f648709e39,180,122,854,8.54,27110.453456555828,8.028756309860642,367.18349520640515,23.629371134463,
f648709e39,180,123,861,8.61,27043.642782740662,20.37554556032968,375.0715875684135,97.16335261693122,
f648709e39,180,124,868,8.68,26418.414958241185,21.67571330543683,358.5801829743595,103.77042951808991,
f648709e39,180,125,875,8.75,25324.02584782431,11.885204098457356,359.9793476417065,44.40368153291902,
f648709e39,180,126,882,8.82,24985.64309284577,10.842300362085998,341.8397238851158,54.67109084576885,
f648709e39,180,127,889,8.89,24745.18366732179,14.491037179305982,352.85896617526515,58.45827376546887,
f648709e39,180,128,896,8.96,24436.037690143392,18.69225295987158,336.60051177294525,74.50875555400796,
f648709e39,180,129,903,9.03,24053.933433820508,17.387969995058445,347.80496057367986,77.64935041633103,
f648709e39,180,130,910,9.1,23504.914123832477,15.381768622342394,331.52258733682595,75.99397515409143,
f648709e39,180,131,917,9.17,23245.72597225836,15.56569360689807,326.54577596756724,74.17630358372155,
f648709e39,180,132,924,9.24,23079.615012849852,18.620362669401818,322.77998105579013,62.68104343310396,
f648709e39,180,133,931,9.31,22279.62628699688,11.676079465896796,319.021705928755,47.07194731996908,
f648709e39,180,134,938,9.38,22001.00714373784,11.274662958549758,306.0990452588619,31.965971983637985,
f648709e39,180,135,945,9.45,21846.558763277695,10.125498734454073,310.7631812672192,39.1113609821518,
f648709e39,180,136,952,9.52,21708.497850559812,12.942315320491412,296.65897891202155,59.64379977004049,
f648709e39,180,137,959,9.59,21498.27664686098,11.191187954919366,301.01907740497234,48.646273746598176,
f648709e39,180,138,966,9.66,21406.48804354952,10.512479588651699,310.40414713387474,30.589756027933245,
f648709e39,180,139,973,9.73,21263.577650255713,16.63020469306989,302.5259586844582,73.69869155451693,
f648709e39,180,140,980,9.8,20963.276127412326,18.080493878782946,320.0245401839729,67.6603363976918,
f648709e39,180,141,987,9.87,20682.145966713262,14.657158750480585,303.3308479762511,35.75982074600324,
f648709e39,180,142,994,9.94,20507.88385977917,13.57585584796378,303.1645703557661,53.144486227567796,
f648709e39,180,143,1001,10.01,20265.046008753536,11.835613175230659,287.7835364212953,33.11187922910211,
f648709e39,180,144,1008,10.08,19924.061932735494,13.213847050073317,281.81982459355464,51.78757183624314,
f648709e39,180,145,1015,10.15,19642.81817852956,13.193164557059808,299.6698293625442,55.88268700363163,
f648709e39,180,146,1022,10.22,19378.707549234547,8.401404548420183,306.67293192207734,20.062090088948764,
f648709e39,180,147,1029,10.29,19310.415667039924,10.83088551414115,289.3470670511943,47.607184973183564,
f648709e39,180,148,1036,10.36,19164.060865808966,5.347001032947541,297.2022778778932,27.825579438301812,
f648709e39,180,149,1043,10.43,19031.299397292154,10.320994789856325,289.644465444724,22.675441387268858,
f648709e39,180,150,1050,10.5,18768.10260004504,16.16017192753696,276.18030719594304,66.79514677727609,
f648709e39,180,151,1057,10.57,18241.476980317235,8.407599477955795,294.45746631926477,17.41404318978882,
f648709e39,180,152,1064,10.64,18197.105143138382,9.072885352246065,298.1199091192924,30.946183894720672,
f648709e39,180,153,1071,10.71,18090.01264943461,11.971118992322006,281.4293524860457,44.51094800050629,
f648709e39,180,154,1078,10.78,17758.07648693373,9.166755524418951,286.47809152660227,37.88264291832607,
f648709e39,180,155,1085,10.85,17627.163869952423,10.221744380147944,291.01199766300044,43.88905816779419,
f648709e39,180,156,1092,10.92,17475.48039220174,12.101539773788677,286.54286618871424,55.822061222086106,
f648709e39,180,157,1099,10.99,17305.560326973504,13.42483381591336,297.6257978070887,61.00996860438173,
f648709e39,180,158,1106,11.06,16985.440468692068,9.424346807937814,275.82604503562004,17.616356697241386,
f648709e39,180,159,1113,11.13,16906.149366946855,11.623744659752386,278.8214723477809,49.83109967249613,
f648709e39,180,160,1120,11.2,16690.70517934527,10.924101946349289,285.41378387813194,38.34351822832534,
f648709e39,180,161,1127,11.27,16644.29985973976,11.983019574456332,265.25953255505146,42.67257379142458,
f648709e39,180,162,1134,11.34,16533.025464663122,16.81719085978116,281.7488994606842,53.41608458690771,
f648709e39,180,163,1141,11.41,16090.411662062723,18.95285977929834,256.57589661385566,75.81936983275772,
f648709e39,180,164,1148,11.48,15356.555789259586,15.760272601725866,275.52379440594353,70.25735940058826,
f648709e39,180,165,1155,11.55,14992.145181880953,11.002944177051699,271.41992905644076,43.072045417340455,
f648709e39,180,166,1162,11.62,14819.407933979002,15.94809761581127,291.7738810687803,74.81091078124716,
f648709e39,180,167,1169,11.69,14298.547452194945,12.231009754080272,256.39474897045693,34.22157165971344,
f648709e39,180,168,1176,11.76,14030.43828824575,11.428673090922063,250.6803651205996,49.392200626241774,
f648709e39,180,169,1183,11.83,14018.309550556718,14.352503651198038,253.66152981020468,50.174417390013495,
f648709e39,180,170,1190,11.9,13673.71298150204,5.7482577022528085,261.95644139752227,32.13811864483662,
f648709e39,180,171,1197,11.97,13525.926668361999,9.463767603360768,238.43003457964355,14.041219874925915,
f648709e39,180,172,1204,12.04,13325.365003919924,5.5895836678245105,238.75643741667224,23.672110648860713,
f648709e39,180,173,1211,12.11,13290.356740782114,5.383268183388033,239.4593484169547,11.342922820070296,
f648709e39,180,174,1218,12.18,13266.579497355098,8.72452051585903,233.99271595570704,26.73610627760331,
f648709e39,180,175,1225,12.25,13214.480549745813,11.285500732231066,256.23775832525826,46.96369334324393,
f648709e39,180,176,1232,12.32,13205.183009291206,13.048359664470523,250.43307418418124,27.277721349225143,
f648709e39,180,177,1239,12.39,13127.757376788573,11.417499929097279,262.54985275659106,26.09310495009337,
f648709e39,180,178,1246,12.46,13006.78599215626,11.552214813034304,258.2443610303727,21.587513989679575,
f648709e39,180,179,1253,12.53,12924.83423523999,18.48825845233017,257.25191139523673,81.99679424066036,
f648709e39,180,180,1260,12.6,12245.776884379686,10.807219902809361,240.83758824025577,44.55388729636465,
f648709e39,180,181,1267,12.67,12160.07621482501,7.919095476169841,241.66238477780985,23.61784115122439,
f648709e39,180,182,1274,12.74,12060.145245691418,7.752550139980756,231.80716924916518,33.545155527090245,
f648709e39,180,183,1281,12.81,11914.636871314162,9.936192443247341,213.57006455565937,44.65685111885428,
f648709e39,180,184,1288,12.88,11881.91161031375,14.02517022710131,229.45357138907417,51.19307838103188,
f648709e39,180,185,1295,12.95,11600.431099517742,10.975851846871508,205.6882376961727,30.112281766766316,
f648709e39,180,186,1302,13.02,11359.112686365925,6.301250906616862,217.02938396299763,17.71706326797386,
f648709e39,180,187,1309,13.09,11251.762694552564,8.282802546697694,216.44336956474362,31.867694829119472,
f648709e39,180,188,1316,13.16,11078.16964545546,11.585942103084587,214.81187092464083,55.545198047517324,
f648709e39,180,189,1323,13.23,10893.17036818102,11.660330877855387,226.82864041240114,21.499444969613428,
f648709e39,180,190,1330,13.3,10887.324509379137,7.587288150760438,212.29040331152498,15.703332618165359,
f648709e39,180,191,1337,13.37,10791.371049991474,8.913177087702332,223.83654843162978,28.510652045033794,
f648709e39,180,192,1344,13.44,10682.445406650122,9.772033448182347,215.0621278826036,13.432207808372993,
f648709e39,180,193,1351,13.51,10545.532762753848,7.424162650026146,202.68241381533565,24.89368688039663,
f648709e39,180,194,1358,13.58,10513.758398660399,9.257573786534593,192.05273800293074,30.930880167279675,
f648709e39,180,195,1365,13.65,10436.990057417746,4.645208738175242,215.0852591822565,29.128351593054138,
f648709e39,180,196,1372,13.72,10328.18265827258,7.349072214709565,197.8344544503897,35.8244337273305,
f648709e39,180,197,1379,13.79,10260.625515989113,3.9635784547738875,193.44638949517366,19.472935519423718,
f648709e39,180,198,1386,13.86,10207.788345658057,6.678273326888822,188.81648531815728,26.181460375660738,
f648709e39,180,199,1393,13.93,10125.175878835538,9.806646970347293,192.4706649454162,30.897048827756684,
f648709e39,180,200,1400,14.0,9990.099381744447,10.312042756715586,190.3855334590764,41.961454620418245,
f648709e39,180,201,1407,14.07,9791.647151200563,12.97868779427165,185.76566104331823,24.045081536749464,
f648709e39,180,202,1414,14.14,9773.92618363348,8.988306781979247,186.5759206486866,23.10825723734607,
f648709e39,180,203,1421,14.21,9587.058637708515,6.287359014760852,173.05101019298016,23.368654628187127,
f648709e39,180,204,1428,14.28,9510.946730579304,10.802228132179964,180.01658270065477,22.938748711293268,
f648709e39,180,205,1435,14.35,9397.442016474666,11.924351330226784,191.74399938110707,29.289193841283662,
f648709e39,180,206,1442,14.42,9250.159297052813,10.943510772840886,176.33286620164984,27.49523703930443,
f648709e39,180,207,1449,14.49,9175.153490214932,9.519103075940333,168.91757442724054,27.183179233514906,
f648709e39,180,208,1456,14.56,9131.95076407554,11.758924295887422,186.9861916273668,29.82321889859667,
f648709e39,180,209,1463,14.63,9060.811688010275,12.019915087032215,170.4844758386794,39.753964834240996,
f648709e39,180,210,1470,14.7,8925.162004161748,10.048942231100927,181.8447643332492,37.676756395392935,
f648709e39,180,211,1477,14.77,8893.174780219344,11.288921678119397,165.42053561655345,39.812691147577624,
f648709e39,180,212,1484,14.84,8743.888920516667,9.181078614852458,180.16930414832254,33.48188424887563,
f648709e39,180,213,1491,14.91,8651.45352627836,8.71140425130391,168.26223549240902,31.390126392477534,
f648709e39,180,214,1498,14.98,8647.73645665525,5.8658561550891255,195.58342196814283,30.96045494343525,
f648709e39,180,215,1505,15.05,8468.969058453438,7.7812610598124925,175.56474104588847,10.211596177289112,
f648709e39,180,216,1512,15.12,8363.688674354433,3.3694636447263284,198.80917778308523,14.530090312846099,
f648709e39,180,217,1519,15.19,8340.18259811578,5.736060371423269,190.9394047615947,23.992534414312992,
f648709e39,180,218,1526,15.26,8291.072694241217,5.816358768567909,191.05656460443362,25.776497545663744,
f648709e39,180,219,1533,15.33,8242.936662626033,7.45506912264829,181.9647923649173,32.146241296616516,
f648709e39,180,220,1540,15.4,8164.204918592505,9.887058182466868,187.5169217342949,46.90692523404908,
f648709e39,180,221,1547,15.47,7991.762061746368,8.186019940641165,183.0598208681056,37.068212353019206,
f648709e39,180,222,1554,15.54,7940.275661689514,7.489411428473963,176.2550112319901,26.42019486891683,
f648709e39,180,223,1561,15.61,7899.246847210701,10.911359692674246,177.28906599043995,37.335641638148665,
f648709e39,180,224,1568,15.68,7847.698881637525,9.543542223819275,171.72025932199546,33.761495663023815,
f648709e39,180,225,1575,15.75,7735.72828331405,6.354866349942058,169.3477678802631,19.353044607007504,
f648709e39,180,226,1582,15.82,7695.900238185893,7.086321136743698,174.1648889901582,31.42673820694208,
f648709e39,180,227,1589,15.89,7602.09261147159,9.858287200663897,173.62787994454297,38.619514385707795,
f648709e39,180,228,1596,15.96,7492.847783758048,8.343844028375885,159.43536819725352,23.935198776255287,
f648709e39,180,229,1603,16.03,7484.477716215387,6.55162201143496,183.66675485872832,44.346132319273515,
f648709e39,180,230,1610,16.1,7325.259494593914,5.0327086797195975,165.78945936399194,18.591168113578465,
f648709e39,180,231,1617,16.17,7298.307036174351,7.931546339684273,164.9371610236528,39.96858686760812,
f648709e39,180,232,1624,16.24,7208.430456827493,3.958372860239669,154.90672479457558,28.656300125553205,
f648709e39,180,233,1631,16.31,7142.041718932171,2.3297777505114428,149.9885695899553,22.796260275825535,
f648709e39,180,234,1638,16.38,7121.732856758562,6.378805732417287,144.98913819728577,29.68504843519195,
f648709e39,180,235,1645,16.45,7059.3046193757455,13.968028086047308,155.99037833892962,28.645040307263617,
f648709e39,180,236,1652,16.52,6904.5207727888255,10.271251758188713,163.16843944022446,18.613682847703444,
f648709e39,180,237,1659,16.59,6829.578516654361,9.379992225323411,167.9154594916285,35.22628886557643,
f648709e39,180,238,1666,16.66,6690.416308345272,6.891305147330134,149.2223824734827,23.37954844032958,
f648709e39,180,239,1673,16.73,6661.4758600787345,9.223283666640048,145.97166400694184,24.01637026064297,
f648709e39,180,240,1680,16.8,6607.560788632636,7.375559586470739,154.37000151714759,18.56001203857562,
f648709e39,180,241,1687,16.87,6525.361669650557,5.89515930068219,134.75160130359836,21.90852553614525,
f648709e39,180,242,1694,16.94,6495.47687749339,5.252437262767692,152.2795482214589,18.514665224333154,
f648709e39,180,243,1701,17.01,6480.057487712197,8.919544953044152,145.068388055166,30.455571047393146,
f648709e39,180,244,1708,17.08,6359.949434522997,4.24213734100814,147.09633887748356,17.81520122573827,
f648709e39,180,245,1715,17.15,6283.85296481177,9.294579789780487,143.001573905492,40.54807371273055,
f648709e39,180,246,1722,17.22,6171.373082811835,8.519283973184258,135.27616588719215,20.92654115190268,
f648709e39,180,247,1729,17.29,6119.188121652792,6.218575448869295,128.80843556114453,12.706175604825376,
f648709e39,180,248,1736,17.36,6065.1291274537925,6.246191514867944,129.14059697520983,6.244215415800673,
f648709e39,180,249,1743,17.43,6013.65933792389,5.795471887855193,135.6470425703374,11.75839372317816,
f648709e39,180,250,1750,17.5,5972.46414652412,5.784356256920847,132.96526317854722,24.317514579292546,
f648709e39,180,251,1757,17.57,5907.994192692625,5.428834658156932,131.78226704256198,9.399638162756382,
f648709e39,180,252,1764,17.64,5878.251361282632,4.909510749753814,130.95754792499537,11.626600296920694,
f648709e39,180,253,1771,17.71,5832.44600270728,5.612119305390766,131.51651304322758,26.50849031698345,
f648709e39,180,254,1778,17.78,5760.697268448843,5.034692981210742,128.48502591569962,24.78467650786055,
f648709e39,180,255,1785,17.85,5714.448585595629,7.091499514721705,127.24266922346895,33.1623574262609,
f648709e39,180,256,1792,17.92,5638.662033858691,4.483099796502003,134.77128895954627,11.493943001146226,
f648709e39,180,257,1799,17.99,5610.264717804561,3.1498790341099854,126.34198652459487,11.63401806393874,
f648709e39,180,258,1806,18.06,5600.021506416921,6.227386389223904,132.2513061559915,25.84564390971426,
f648709e39,180,259,1813,18.13,5529.38789032149,3.1549154790158975,129.3730143219806,13.118930620507717,
f648709e39,180,260,1820,18.2,5514.7046370491835,7.717108317070675,128.55154370466133,33.41921816529181,
f648709e39,180,261,1827,18.27,5462.1700509217335,5.219411578808801,136.04159067307722,16.875156242917953,
f648709e39,180,262,1834,18.34,5387.797534049066,7.460278579765534,124.98060588790138,35.136199005691225,
f648709e39,180,263,1841,18.41,5279.131737502665,4.086618085121669,123.75625686340169,17.90492034344745,
f648709e39,180,264,1848,18.48,5276.339231650635,2.2485774505891634,121.52903401417974,6.7542613904990185,
f648709e39,180,265,1855,18.55,5250.432773281013,3.8301334934455937,121.38045635897231,18.626233344885286,
f648709e39,180,266,1862,18.62,5222.713346392982,7.468457055246884,133.1839953648342,31.8783655256854,
f648709e39,180,267,1869,18.69,5137.850508088123,7.3478655716207895,134.7788434263016,34.44259060421992,
f648709e39,180,268,1876,18.76,5023.117038668342,8.563947514531616,137.28933527612662,36.33421728221653,
f648709e39,180,269,1883,18.83,4998.762261947376,6.7054452642622095,132.64346586656447,17.499260709879238,
f648709e39,180,270,1890,18.9,4944.386661316015,2.6515001601929185,128.41513029797645,14.315265113965152,
f648709e39,180,271,1897,18.97,4906.132264529747,1.2439367151607075,126.24659860367007,5.675237760550467,
f648709e39,180,272,1904,19.04,4904.0901854738695,2.117152217060328,124.41620482347277,9.015829555007013,
f648709e39,180,273,1911,19.11,4899.920413319729,6.675527336289023,123.90349092452081,24.53606595968,
f648709e39,180,274,1918,19.18,4892.7583077124345,8.620848726831682,126.31449892668354,24.224037363309453,
f648709e39,180,275,1925,19.25,4826.346159984578,7.106172620014927,134.71821043272698,12.83059389464407,
f648709e39,180,276,1932,19.32,4771.829858501807,3.553770742768878,126.27992991089148,18.712161237901558,
f648709e39,180,277,1939,19.39,4717.183393655542,3.6614108736210325,131.89665120358708,16.08769211088582,
f648709e39,180,278,1946,19.46,4712.627578131568,4.535310404242725,123.55516633191245,10.113012328102014,
f648709e39,180,279,1953,19.53,4709.873173851351,4.52067366769428,135.79669828797472,36.51428346613745,
f648709e39,180,280,1960,19.6,4663.297963638355,2.618839261133731,122.65167015610997,13.807430285376078,
f648709e39,180,281,1967,19.67,4638.1039377184925,3.208774488878099,122.63781075384107,29.969042290202513,
f648709e39,180,282,1974,19.74,4595.593450751766,4.726445107027107,120.02574223148191,18.832708383389534,
f648709e39,180,283,1981,19.81,4585.684174076548,7.6646054239720165,119.16722935272614,29.608461899425055,
f648709e39,180,284,1988,19.88,4555.38133952993,6.011539869138583,127.16460055497781,22.098706453045313,
f648709e39,180,285,1995,19.95,4509.457316117765,6.732194903985745,115.17487416663089,28.729124546405718,
f648709e39,180,286,2002,20.02,4487.999874959475,5.005872411332714,122.1612543127916,8.467045224578124,
f648709e39,180,287,2009,20.09,4456.648476127764,6.745270324482626,121.71468467685953,33.20394205855758,
f648709e39,180,288,2016,20.16,4429.819568790937,4.965031381092048,114.55876079176146,15.946023296427672,
f648709e39,180,289,2023,20.23,4398.640062525477,3.1845748833121696,121.2061109734821,26.1373421642011,
f648709e39,180,290,2030,20.3,4342.904033326617,4.4724494572647755,117.2084953200702,7.108532479801877,
f648709e39,180,291,2037,20.37,4303.439321006869,8.965501690800716,115.89536068413061,16.323940496730174,
f648709e39,180,292,2044,20.44,4273.736721686146,10.871802682428571,129.40811973623383,40.77697460985848,
f648709e39,180,293,2051,20.51,4232.894653657434,10.3443905925349,126.39471751523723,18.935748456667405,
f648709e39,180,294,2058,20.58,4186.7422475954645,4.719570035800764,124.62641002836821,5.036162029098379,
f648709e39,180,295,2065,20.65,4090.378569406414,6.1726775417053625,110.78742568584113,23.945220011553005,
f648709e39,180,296,2072,20.72,4027.193856916505,2.917522153510077,110.07147258775224,21.370146010485342,
f648709e39,180,297,2079,20.79,3992.056435408941,6.574844161580261,103.91634987420206,26.151746833515197,
f648709e39,180,298,2086,20.86,3953.0809491514788,2.673918568919582,122.8002278679234,6.1418751139056535,
f648709e39,180,299,2093,20.93,3920.56908723862,9.249084309012092,107.23300337424648,17.059636936447443,
f648709e39,180,300,2100,21.0,3919.8718598337127,4.549156311043357,109.21601016538256,7.851998047512992,
f648709e39,180,301,2107,21.07,3866.2364211876275,6.773278303708915,108.9898874755298,30.584579634953414,
f648709e39,180,302,2114,21.14,3799.738096951819,2.8482436080674898,109.18046901612178,25.620645698240658,
f648709e39,180,303,2121,21.21,3757.08466205014,5.693029794359845,110.41121932320054,27.1806684595719,
f648709e39,180,304,2128,21.28,3696.694311767128,5.200815775000163,109.5602054653726,24.13746397216887,
f648709e39,180,305,2135,21.35,3667.3053770825604,6.125246430005912,115.7424974004813,24.026334041536074,
f648709e39,180,306,2142,21.42,3654.4250205036933,6.468028579121445,111.98540430705224,15.808036632387358,
f648709e39,180,307,2149,21.49,3632.151237740433,3.450505932436373,123.5494733155102,7.4355239721674655,
f648709e39,180,308,2156,21.56,3586.6274167781326,2.90604277444303,109.89325943417901,10.727736636767137,
f648709e39,180,309,2163,21.63,3581.2413095808333,7.253496836539648,117.79141074296325,34.6446946537637,
f648709e39,180,310,2170,21.7,3554.1306081820276,6.158870963209774,115.5958535132382,16.794077685695132,
f648709e39,180,311,2177,21.77,3545.5164537988153,3.8909748634052974,119.32537070155556,12.883379429492736,
f648709e39,180,312,2184,21.84,3490.5682332678784,4.025166114373979,108.42095985368594,13.226667245460918,
f648709e39,180,313,2191,21.91,3487.7016634046327,2.9942832846966976,108.70557364910051,19.733442075681463,
f648709e39,180,314,2198,21.98,3460.549670070381,1.9117328492357086,106.0882538387214,15.131219417878045,
f648709e39,180,315,2205,22.05,3444.989826729166,1.8001774147994807,107.70742495243366,7.440390650658713,
f648709e39,180,316,2212,22.12,3430.106067057571,6.053560004677034,104.07167420719061,29.458075916671703,
f648709e39,180,317,2219,22.19,3426.032244400236,6.50142802225461,105.27320422543828,14.43846860729359,
f648709e39,180,318,2226,22.26,3423.1219407922013,3.6179732665750373,104.65715753092674,19.186784675138647,
f648709e39,180,319,2233,22.33,3360.115584927557,1.9678615611352024,96.72974001508388,5.108013412346792,
f648709e39,180,320,2240,22.4,3345.7885451797083,1.2637941512912474,95.23310746551154,7.131833334893231,
f648709e39,180,321,2247,22.47,3340.886906242577,5.793489527087575,93.19357165285572,28.862461916049295,
f648709e39,180,322,2254,22.54,3280.241460822692,2.171974623784658,100.84895391583429,11.063931887176366,
f648709e39,180,323,2261,22.61,3262.1693761411843,1.9780087349169977,97.96204506972377,17.911475762941258,
f648709e39,180,324,2268,22.68,3243.2103661632,3.9475851313170693,97.20805469805204,17.921864478706556,
f648709e39,180,325,2275,22.75,3242.4541777298646,5.814825480250595,100.84977880409193,16.8035512264514,
f648709e39,180,326,2282,22.82,3214.185859289492,5.954985667515348,104.08006470799823,14.609281632874279,
f648709e39,180,327,2289,22.89,3199.3000847579356,4.702019281457311,101.52831345772671,5.92961047803312,
f648709e39,180,328,2296,22.96,3183.972607906524,2.4135038949285557,98.5573036537392,10.344979408616346,
f648709e39,180,329,2303,23.03,3153.9667734241357,2.58404008451143,97.07434652367319,12.712016643372442,
f648709e39,180,330,2310,23.1,3125.871415231724,5.205375448913827,95.4996572397556,18.650392962068803,
f648709e39,180,331,2317,23.17,3123.47635563968,6.734698283693548,97.9891573797229,11.271388475760986,
f648709e39,180,332,2324,23.24,3104.0447004131847,3.4471945625205693,99.82951016083994,14.506844745419313,
f648709e39,180,333,2331,23.31,3049.6942587944945,3.941182643386109,91.07433593145666,19.514129783262582,
f648709e39,180,334,2338,23.38,3048.5598739617685,4.628762098376875,96.51611420222044,4.049132571083683,
f648709e39,180,335,2345,23.45,3036.156058713975,3.2314735268198445,86.23664709749092,21.034697776096507,
f648709e39,180,336,2352,23.52,2985.0946839077883,4.5539089164928885,90.66665402593956,21.921215293358593,
f648709e39,180,337,2359,23.59,2958.3596035807527,2.9824771806972086,95.94416161976467,9.067013150966394,
f648709e39,180,338,2366,23.66,2943.6503718236263,3.879146029770026,91.71723773872486,17.58346951865976,
f648709e39,180,339,2373,23.73,2934.646278632873,1.8932694808492734,101.82945639634447,3.7670947614203345,
f648709e39,180,340,2380,23.8,2917.6384654979092,2.670538359612455,95.31719734273986,26.880431960705216,
f648709e39,180,341,2387,23.87,2885.2213449845854,2.649900572865991,94.78842238783096,12.362251552135449,
f648709e39,180,342,2394,23.94,2883.585119342387,2.1143587883338335,102.28956759901018,16.474109714953006,
f648709e39,180,343,2401,24.01,2867.743335162971,3.8491365225598755,95.49834714534411,12.75474234681928,
f648709e39,180,344,2408,24.08,2848.0448701684545,2.5777820240163236,107.23322215481234,18.431336584792128,
f648709e39,180,345,2415,24.15,2837.301976832545,2.319182670547069,97.87195730565857,16.22476212528076,
f648709e39,180,346,2422,24.22,2821.751648976525,3.1704481487724427,97.38534718813675,27.301320084533177,
f648709e39,180,347,2429,24.29,2799.1498536762892,3.7861742090841424,102.24274061429453,27.497942881879645,
f648709e39,180,348,2436,24.36,2752.7357074898573,2.223166619468991,91.6085680381559,11.77859977036022,
f648709e39,180,349,2443,24.43,2738.281353809883,2.83646257757661,90.32027412118121,24.742769546691417,
f648709e39,180,350,2450,24.5,2702.42884461809,1.060268379718928,86.46661394622845,8.38462736823957,
f648709e39,180,351,2457,24.57,2699.4010454518193,4.110062251532304,86.65036784203195,12.07330452359173,
f648709e39,180,352,2464,24.64,2689.1934266954904,2.6146494790804566,91.31094251454587,18.82867347612287,
f648709e39,180,353,2471,24.71,2658.3253130831195,2.690094337717728,84.23781124702113,9.775198316322877,
f648709e39,180,354,2478,24.78,2657.014981610251,2.976350765703485,85.21242362183528,9.556687511848954,
f648709e39,180,355,2485,24.85,2654.4854643712347,1.9716216823354653,82.51015847467518,14.199339701975147,
f648709e39,180,356,2492,24.92,2637.1956704282647,2.3950256518123947,83.46455868279517,20.27731949148841,
f648709e39,180,357,2499,24.99,2610.204847153315,1.348616237777505,78.10813844869219,7.709591421657866,
f648709e39,180,358,2506,25.06,2602.419339641144,1.1705001046834458,79.26043601427787,11.050720444462002,
f648709e39,180,359,2513,25.13,2598.3263421983343,2.8974042306925822,78.34539015693711,8.476656691665049,
f648709e39,180,360,2520,25.2,2596.722894563233,2.1138849622476985,85.07436861331034,12.449479717961639,
f648709e39,180,361,2527,25.27,2586.1998663384684,2.703357233550951,85.20286653643554,23.10811116508275,
f648709e39,180,362,2534,25.34,2555.4806672995874,5.473575327642061,76.09000959990394,25.04852743965941,
f648709e39,180,363,2541,25.41,2523.235214521256,5.683810427474989,85.49925158658858,21.233939680467117,
f648709e39,180,364,2548,25.48,2496.0521267833087,4.253627685977235,86.64769919033105,9.552937701143874,
f648709e39,180,365,2555,25.55,2493.4186308817125,2.4151076977805896,88.43895286201874,10.788774921365118,
f648709e39,180,366,2562,25.62,2469.0339590759672,1.924572789190551,80.89946622729799,7.824138894305492,
f648709e39,180,367,2569,25.69,2466.731133824359,2.8410809523135914,79.29615907643054,9.371266339869399,
f648709e39,180,368,2576,25.76,2465.086878010641,2.461428662540885,86.635018220442,17.72684205359705,
f648709e39,180,369,2583,25.83,2436.307137886385,2.970912335305351,82.4548288884168,9.636361579028778,
f648709e39,180,370,2590,25.9,2430.638979137952,2.3937014735598177,77.15479204182377,22.32649272895817,
f648709e39,180,371,2597,25.97,2408.557415068388,2.857920556503431,76.88738189326655,11.628785359552113,
f648709e39,180,372,2604,26.04,2392.280496151182,1.3635385081633429,79.38243528076512,8.680449288123814,
f648709e39,180,373,2611,26.11,2384.4355286530345,1.756730519826368,77.64833265136508,8.266880943704338,
f648709e39,180,374,2618,26.18,2379.2238837600203,1.7197561150987477,79.01113690868218,7.967356507663762,
f648709e39,180,375,2625,26.25,2373.459846920041,2.2970772861316955,77.28523304173265,4.481667768496982,
f648709e39,180,376,2632,26.32,2373.282110639676,3.2805000593431415,80.06981675888908,8.65846959588452,
f648709e39,180,377,2639,26.39,2369.3871383653945,2.578191217730866,80.4253962832039,17.191602207367463,
f648709e39,180,378,2646,26.46,2335.414213988863,1.444251047471549,79.72614640762417,14.409811206676537,
f648709e39,180,379,2653,26.53,2325.739436693523,3.857485232640934,80.40225229380432,17.84585661282195,
f648709e39,180,380,2660,26.6,2311.5151919350337,1.8799721826880407,81.19490569260432,11.533910711896585,
f648709e39,180,381,2667,26.67,2298.5452429663715,2.721966371452624,77.80419635963312,7.614736680134192,
f648709e39,180,382,2674,26.74,2267.9725615792863,1.3617464737007707,79.10369491858066,8.770524550702621,
f648709e39,180,383,2681,26.81,2261.4581146779096,2.189658792357984,75.97138332017224,7.933914060358502,
f648709e39,180,384,2688,26.88,2258.3594039946206,2.165176947531621,83.75107375764273,19.953230697816952,
f648709e39,180,385,2695,26.95,2233.750813267331,1.6407667838604936,79.75751284312317,14.329472434867167,
f648709e39,180,386,2702,27.02,2222.6221561608836,3.4301756197113407,79.33136543162655,16.66913677890449,
f648709e39,180,387,2709,27.09,2219.663265807673,4.2431059056887195,74.95893044291081,9.295341884539841,
f648709e39,180,388,2716,27.16,2199.5007176721183,1.5901851496531922,70.39003664352165,3.4713639439989166,
f648709e39,180,389,2723,27.23,2187.509298894451,1.0916341612088465,67.49639145113498,5.211369234638392,
f648709e39,180,390,2730,27.3,2187.4625411318707,1.8579508819962705,68.62083474680593,6.959331981426503,
f648709e39,180,391,2737,27.37,2184.8773521467874,1.7829160028146647,67.639896724815,6.394267421428776,
f648709e39,180,392,2744,27.44,2183.500100428559,1.5719399508044463,68.16733600461768,12.509158407531281,
f648709e39,180,393,2751,27.51,2171.7293559496306,1.0563034924586032,66.86296952126592,10.19548793368848,
f648709e39,180,394,2758,27.58,2167.1820218448415,0.8974180126971917,67.01215152094612,5.872494822553724,
f648709e39,180,395,2765,27.65,2163.3437918698564,1.3994469539595127,68.43290896824871,12.963946456255687,
f648709e39,180,396,2772,27.72,2156.090710319644,2.035617710324248,67.4514273336424,20.203242928657776,
f648709e39,180,397,2779,27.79,2141.8504946362486,1.1966214478669623,67.68096152900215,6.981881439597622,
f648709e39,180,398,2786,27.86,2137.2981062800736,1.183454573185814,65.40286371318638,7.159330432590892,
f648709e39,180,399,2793,27.93,2130.6576380795536,0.8345500328565021,67.73288901014233,8.191894832826172,
f648709e39,180,400,2800,28.0,2127.0858955299914,1.423782041548763,67.88981012317942,9.96904484744529,
f648709e39,180,401,2807,28.07,2119.2978551759106,1.7236254639330355,68.00843983175147,16.26307146744402,
f648709e39,180,402,2814,28.14,2106.86463964901,1.355238652378263,68.9782384176658,12.421427975242649,
f648709e39,180,403,2821,28.21,2098.4836469511783,1.1723386040144037,69.0935085540856,11.092596851482252,
f648709e39,180,404,2828,28.28,2093.01281830145,0.8469802312852022,65.99313533303845,6.811276024098129,
f648709e39,180,405,2835,28.35,2089.4253132868253,1.5340484781780188,66.22587141085627,15.403765252924147,
f648709e39,180,406,2842,28.42,2078.158925751576,0.6381744476098055,65.37040354837168,5.27329683790686,
f648709e39,180,407,2849,28.49,2076.502305403387,2.9980660776250336,65.42556310541082,14.602197815015685,
f648709e39,180,408,2856,28.56,2075.8822647395114,1.8807931012268762,77.56946152628126,9.022006628196811,
f648709e39,180,409,2863,28.63,2060.166717943832,0.9837037437108735,68.52669052531378,9.383703086456558,
f648709e39,180,410,2870,28.7,2055.984385228296,1.2948888704435912,69.46294509511574,9.929950004000043,
f648709e39,180,411,2877,28.77,2050.5375723631773,0.8999805286594376,67.41913119134513,4.630128573599781,
f648709e39,180,412,2884,28.84,2047.405193249462,2.4126060000064924,67.94054024647072,10.942919051736254,
f648709e39,180,413,2891,28.91,2046.8869088555969,1.7486614356805972,76.17450002588868,12.316841666490143,
f648709e39,180,414,2898,28.98,2035.6155298960127,5.55579556793512,68.92564698292583,26.028268114954937,
f648709e39,180,415,2905,29.05,1982.1863035151284,2.5335936187112265,71.43593522537279,6.413376672913073,
f648709e39,180,416,2912,29.12,1980.6963030410311,1.721474674204299,64.76648576515487,2.9495752140928304,
f648709e39,180,417,2919,29.19,1969.4693847096257,1.8767747240321895,64.0146059812878,9.161760101751936,
f648709e39,180,418,2926,29.26,1966.8797547212243,1.6718663866579815,61.86590841856864,12.599573760131566,
f648709e39,180,419,2933,29.33,1956.4013626917583,1.3466428162524993,59.5710644774648,12.039621280941372,
f648709e39,180,420,2940,29.4,1948.7180899744644,1.9015939236765864,63.1958126740818,7.483213343932342,
f648709e39,180,421,2947,29.47,1943.7829675461967,1.192278874079944,65.37757780506162,11.438032680423511,
f648709e39,180,422,2954,29.54,1936.782577821966,3.2374957785280336,65.29429081569191,8.88475229019819,
f648709e39,180,423,2961,29.61,1934.4126761418597,2.1512005835052306,70.19055949429442,13.616954631097764,
f648709e39,180,424,2968,29.68,1918.2550108048174,1.1539176105018962,67.9158060754178,8.769661102773085,
f648709e39,180,425,2975,29.75,1912.312823131553,1.445835255966352,68.1619721215664,10.462486683460453,
f648709e39,180,426,2982,29.82,1903.3029451770285,3.00810003557737,63.12003796006275,13.288009082148431,
f648709e39,180,427,2989,29.89,1893.5742974468606,2.70867113868628,72.25149940532779,20.058195825761942,
f648709e39,180,428,2996,29.96,1858.5238071954657,1.400894085155817,63.16580871054514,6.342300792855245,
f648709e39,180,429,3003,30.03,1858.431050375411,2.2344220244294513,66.76584960375011,9.478332822945536,
f648709e39,180,430,3010,30.1,1856.0705401928942,1.4953983264455781,63.425473188145354,12.887277461485128,
f648709e39,180,431,3017,30.17,1845.5942130539372,2.4991490764455837,63.27238048408185,12.121811391905227,
f648709e39,180,432,3024,30.24,1841.6305146614313,2.1205778877483983,68.63433972057749,18.655225207945573,
f648709e39,180,433,3031,30.31,1828.1027011584702,1.057559430964363,60.296412386174175,6.245076781126227,
f648709e39,180,434,3038,30.38,1823.2827040505563,1.0429057940932365,60.837526112087154,9.671033097286735,
f648709e39,180,435,3045,30.45,1820.1383704418085,2.0371338273443476,61.6682065404698,6.72772051633374,
f648709e39,180,436,3052,30.52,1815.821228188986,1.3074262841889426,62.844000132095346,10.97838317558332,
f648709e39,180,437,3059,30.59,1807.8023845887976,0.3451125525129774,61.70849623409001,2.0231588419633666,
f648709e39,180,438,3066,30.66,1807.2721821966447,3.792920431637107,60.90762480710809,18.658659018706047,
f648709e39,180,439,3073,30.73,1788.4774299543528,3.9993644967588153,66.81273870741848,11.202227758830988,
f648709e39,180,440,3080,30.8,1786.5053283278285,2.324814951989025,72.38133767542807,11.689216063764334,
f648709e39,180,441,3087,30.87,1762.1752832365514,1.2687490216983057,64.84948932738375,9.479721806187026,
f648709e39,180,442,3094,30.94,1754.9320542006756,1.3821999659741457,61.126961996197565,9.718184652838493,
f648709e39,180,443,3101,31.01,1745.2122410926927,3.059005274566897,61.45813772239481,9.198338381543522,
f648709e39,180,444,3108,31.08,1739.6839127824499,1.67075950074293,65.70183779018306,11.36366869694446,
f648709e39,180,445,3115,31.15,1725.1895226862252,1.2323843571122235,61.2909621397834,3.4128366060475748,
f648709e39,180,446,3122,31.22,1723.1739878955404,2.423232928367139,61.19031108508547,11.030705908819694,
f648709e39,180,447,3129,31.29,1719.4815644924513,2.6944163265644825,61.332056950692824,6.77207902372446,
f648709e39,180,448,3136,31.36,1715.2850508755805,1.494364887666197,66.39983961341547,9.755313660717059,
f648709e39,180,449,3143,31.43,1704.544497811835,1.6815479335885657,62.346851057772696,8.241483527345405,
f648709e39,180,450,3150,31.5,1704.3186727869531,1.4275058435180545,61.915865013372176,3.849656731009584,
f648709e39,180,451,3157,31.57,1693.9283405895333,1.5280811903079041,61.939684239095314,6.7032249114657,
f648709e39,180,452,3164,31.64,1692.2436121039884,3.555941227561695,61.283424563615895,15.741556352240979,
f648709e39,180,453,3171,31.71,1684.02123535034,2.215283494280438,75.3586482330789,12.831831019012167,
f648709e39,180,454,3178,31.78,1663.3078965089346,3.1716309487249665,63.98030881213275,14.689943404512693,
f648709e39,180,455,3185,31.85,1652.3159937391601,1.950652099532842,62.95895841912717,5.1116322963922265,
f648709e39,180,456,3192,31.92,1646.7370251364268,1.2052831686299996,61.13411795848397,10.725305322581375,
f648709e39,180,457,3199,31.99,1641.409424787034,1.1559430721259507,66.14683312089225,8.540054395471081,
f648709e39,180,458,3206,32.06,1636.2643571217009,1.7954285353125727,61.733194909431404,7.119020063300355,
f648709e39,180,459,3213,32.13,1632.4434523657242,0.8326361776843304,66.0016804446234,5.54816917928934,
f648709e39,180,460,3220,32.2,1628.9626285797278,1.2304995674639527,62.13368939500574,12.159890155923819,
f648709e39,180,461,3227,32.27,1621.0540188796526,1.406787136629166,60.28877627523582,5.509489818484143,
f648709e39,180,462,3234,32.34,1620.7032334745873,3.6988384562647076,62.934543948763036,17.72511903697001,
f648709e39,180,463,3241,32.41,1606.1469781774495,3.696384647469828,64.61800273968208,12.919117713819695,
f648709e39,180,464,3248,32.48,1591.208716590917,2.1790372151729116,62.77318565095296,19.65473213600387,
f648709e39,180,465,3255,32.55,1566.0373548060998,1.5396559212541747,56.50698188310317,3.786756379602739,
f648709e39,180,466,3262,32.62,1565.2515152381097,1.3604210958499148,60.732202685752966,11.04468630865274,
f648709e39,180,467,3269,32.69,1558.1148165049665,1.344888544037885,59.22063733218833,9.757841713523943,
f648709e39,180,468,3276,32.76,1552.008825942877,0.7389308848546623,60.26833292329953,4.637765533609976,
f648709e39,180,469,3283,32.83,1549.4129280321808,0.9646545338232897,58.87729480932377,8.39293066467936,
f648709e39,180,470,3290,32.9,1545.3942413633242,2.8084004362456167,60.60150914011049,12.828273988381927,
f648709e39,180,471,3297,32.97,1539.6728209642035,2.009200810649956,67.19762415711965,14.671420758455001,
f648709e39,180,472,3304,33.04,1520.3248999502757,1.666385939755722,64.82349174529746,16.794300707400943,
f648709e39,180,473,3311,33.11,1509.4242588268924,1.9859793868947004,61.99995703699478,12.3391425394162,
f648709e39,180,474,3318,33.18,1492.564067660308,2.258374074388074,57.641460574230464,4.595456187058257,
f648709e39,180,475,3325,33.25,1491.156107169923,1.601454945090467,58.15799949366953,5.395956657242521,
f648709e39,180,476,3332,33.32,1479.020937002114,0.6304889565330755,54.45223876757448,4.715724650076192,
f648709e39,180,477,3339,33.39,1477.0675199197024,0.991397178052933,52.89160193040295,4.326978524132447,
f648709e39,180,478,3346,33.46,1476.9935947738436,1.2798041564527058,53.63873872582627,11.018145920228571,
f648709e39,180,479,3353,33.53,1469.5377048781313,1.0725117842104044,53.448901942340804,8.595213666545327,
f648709e39,180,480,3360,33.6,1465.0187261874346,2.009058990406946,53.27282540523508,7.448617046577241,
f648709e39,180,481,3367,33.67,1462.407578512383,2.2873110663787326,53.845515431187394,8.764164138778396,
f648709e39,180,482,3374,33.74,1454.2769868545138,1.2796305666496564,54.8506004055103,11.077109350491343,
f648709e39,180,483,3381,33.81,1446.8663979717799,1.5659736764822545,52.10056676651304,6.879292984245656,
f648709e39,180,484,3388,33.88,1445.7682554986568,1.0212449013865106,56.51032425512747,3.152623952797062,
f648709e39,180,485,3395,33.95,1440.515367078241,1.9732444479084255,52.91705524268274,6.62169787921129,
f648709e39,180,486,3402,34.02,1437.0852064285034,1.374760837577252,56.869143370124554,5.616888994938621,
f648709e39,180,487,3409,34.09,1428.7037137668203,0.6989527951571248,54.35834022608927,4.804545164129369,
f648709e39,180,488,3416,34.16,1426.6590023307203,1.661903015724573,54.530314053936,8.036632665001909,
f648709e39,180,489,3423,34.23,1425.2642896564291,1.511330736901912,55.07092436298302,13.158772765007644,
f648709e39,180,490,3430,34.3,1416.0330278808597,0.6429964040701242,51.139677681263905,4.5426786630744695,
f648709e39,180,491,3437,34.37,1414.2632736104053,2.0882336191943307,50.73846642135751,9.44118045791465,
f648709e39,180,492,3444,34.44,1413.5572350775035,1.1760925359011967,51.18708694223623,3.762440499352485,
f648709e39,180,493,3451,34.51,1406.9596870727864,1.389467484987482,48.11967945400001,12.895871753851335,
f648709e39,180,494,3458,34.58,1397.667196833477,1.7550673184384296,49.230486985332455,5.515732086076156,
f648709e39,180,495,3465,34.65,1396.7539448628286,1.47884954817716,52.737277164259844,13.009171850321898,
f648709e39,180,496,3472,34.72,1385.669698364715,1.302112562293106,49.752784681287395,10.797908587399723,
f648709e39,180,497,3479,34.79,1378.5751882189327,1.191292060174268,53.41152022998331,11.519471901649036,
f648709e39,180,498,3486,34.86,1372.5413871623757,0.8215430728986775,50.863549184681936,7.291791254049222,
f648709e39,180,499,3493,34.93,1369.4405414395667,1.0624152399309983,50.231499240631294,9.56771752601154,
f648709e39,180,500,3500,35.0,1365.530662794438,1.7286201829466359,49.1739358715501,5.275538233640551,
f648709e39,180,501,3507,35.07,1364.570224416385,2.9952907081210114,51.57744462942825,13.290188044001077,
f648709e39,180,502,3514,35.14,1364.32257231382,1.9863204053292516,54.996009110245154,11.860396230154214,
f648709e39,180,503,3521,35.21,1347.5727414301518,0.9080351820421221,52.79120264051708,7.2300680268714315,
f648709e39,180,504,3528,35.28,1344.0129127107336,1.021793962643014,49.99837095414397,6.319137676442172,
f648709e39,180,505,3535,35.35,1340.3318434756277,2.6631630778530853,51.40863829381142,12.356758635913778,
f648709e39,180,506,3542,35.42,1334.4936101782075,1.322062002179674,56.206540971320365,5.1541259046158885,
f648709e39,180,507,3549,35.49,1325.6081050313558,2.7881799568873475,52.81374122901149,11.999882615996782,
f648709e39,180,508,3556,35.56,1324.3716964498358,1.835583959407406,63.258093619920785,10.86648669403542,
f648709e39,180,509,3563,35.63,1311.1734672615748,0.9429146468553139,55.74928264614711,9.175588300120435,
f648709e39,180,510,3570,35.7,1306.9644167140293,0.6211704841502328,55.12130445691314,4.458404001984045,
f648709e39,180,511,3577,35.77,1305.2809653610198,0.8050051804578119,52.09372118088664,3.714502741370574,
f648709e39,180,512,3584,35.84,1304.9222329130903,2.421961974240253,52.55003195857837,10.028573437931062,
f648709e39,180,513,3591,35.91,1304.3189031104064,1.6907151771346027,58.58615146764888,13.421524538277108,
f648709e39,180,514,3598,35.98,1292.765807810126,1.1569463486868676,54.25575934626925,9.382740398502108,
f648709e39,180,515,3605,36.05,1286.5448409153225,1.2318211337719238,55.72357592347626,12.303676276396937,
f648709e39,180,516,3612,36.12,1280.6904651979294,1.3076407935947636,55.67507388495771,12.555418842933168,
f648709e39,180,517,3619,36.19,1272.363362804493,0.8687393985153321,51.75452319820115,5.835057097685866,
f648709e39,180,518,3626,36.26,1268.4846775588007,1.4250826158032945,52.49602805510703,5.9862828361252305,
f648709e39,180,519,3633,36.33,1268.4603109924299,1.1393866106740533,56.29877943853416,8.999106901622545,
f648709e39,180,520,3640,36.4,1263.22880470597,1.0521141369586744,53.10945243187925,10.459214610340943,
f648709e39,180,521,3647,36.47,1257.5551203889015,0.5648370548021748,53.66883403041029,4.97182872856685,
f648709e39,180,522,3654,36.54,1256.2446045226015,0.8129295072462828,53.86820381724117,7.72541487265131,
f648709e39,180,523,3661,36.61,1253.031274207054,0.9484204733060674,52.83114393130024,8.896150802224103,
f648709e39,180,524,3668,36.68,1248.8788140406298,1.4289562897879633,52.21884345018648,13.736889709908898,
f648709e39,180,525,3675,36.75,1238.9605523143348,1.1161401065324816,55.2573631689532,2.742235336956668,
f648709e39,180,526,3682,36.82,1238.2136474516635,1.5090093314700543,54.15925619261837,12.875285515058689,
f648709e39,180,527,3689,36.89,1228.4232540108762,1.3071028554209339,53.10662549317383,10.159188350487288,
f648709e39,180,528,3696,36.96,1221.0069499472804,0.8051637889869203,52.09218850595714,6.819645367965716,
f648709e39,180,529,3703,37.03,1218.235524877148,0.9423764468956753,55.354531789785526,8.805880199760452,
f648709e39,180,530,3710,37.1,1214.142647801666,1.937907021865676,51.79239696269465,6.875065796366882,
f648709e39,180,531,3717,37.17,1210.5435883561863,0.9517511632107043,54.66812382100971,4.615492758135418,
f648709e39,180,532,3724,37.24,1206.9640948769045,1.5141395650395946,53.64962728165499,3.655011871846531,
f648709e39,180,533,3731,37.31,1197.0663294738395,2.7603700662093864,54.19544220215766,11.054154007039442,
f648709e39,180,534,3738,37.38,1194.8220721296475,1.8190569966241386,62.75673620097784,4.2458624626553405,
f648709e39,180,535,3745,37.45,1182.8664167171778,1.1484135476709543,54.60767276918098,9.97702615940078,
f648709e39,180,536,3752,37.52,1178.776883209048,1.0294781281373564,54.90568364446235,7.922037426198965,
f648709e39,180,537,3759,37.59,1175.9371481790995,0.8717909271560337,53.44734134691242,5.0673848300771365,
f648709e39,180,538,3766,37.66,1172.7157844837132,1.9449802645264938,53.51682838603214,8.758168951486489,
f648709e39,180,539,3773,37.73,1171.6458843376447,2.0166357185793133,50.54419075428948,4.30823018734634,
f648709e39,180,540,3780,37.8,1170.07870806969,1.23426839147889,54.23293642570602,7.063515715740707,
f648709e39,180,541,3787,37.87,1164.725335897598,2.6561854416737227,49.86610657093291,11.020566832127304,
f648709e39,180,542,3794,37.94,1162.9612697356824,1.9004975801836994,56.93879112753922,15.842456788607672,
f648709e39,180,543,3801,38.01,1146.2267350800298,1.4482838798689723,49.42057984802851,6.625556762274574,
f648709e39,180,544,3808,38.08,1144.0979559039847,1.5193998519171457,49.66988142271021,14.78044159344466,
f648709e39,180,545,3815,38.15,1133.6424128243425,1.7493683715541453,50.63607299311658,7.875289943734976,
f648709e39,180,546,3822,38.22,1120.640122903114,0.7641868572478632,46.947213413968086,3.3196286192387148,
f648709e39,180,547,3829,38.29,1117.6626854470521,1.8244958467481434,47.368282347258265,8.882060755959916,
f648709e39,180,548,3836,38.36,1116.7180179431318,2.0442937007759214,49.249980625705156,4.373463904425615,
f648709e39,180,549,3843,38.43,1116.0519872709501,1.6680881228249944,47.18348224438668,12.907568284287489,
f648709e39,180,550,3850,38.5,1104.6942490498566,1.5901260650048186,48.51467719110738,2.170426720718954,
f648709e39,180,551,3857,38.57,1104.235555411138,2.007108962902908,48.7470277747327,4.591244739853314,
f648709e39,180,552,3864,38.64,1099.6683858843048,0.9133141862253321,52.57121759954356,4.9216875777528655,
f648709e39,180,553,3871,38.71,1096.378950334085,0.7855152252195736,48.78058517657941,7.750810353374217,
f648709e39,180,554,3878,38.78,1093.309875695507,1.229963094555246,48.593462728500704,11.783906133120398,
f648709e39,180,555,3885,38.85,1086.4423063674396,0.9261977205210542,49.767282995769264,7.597705045839424,
f648709e39,180,556,3892,38.92,1082.4034434914288,1.5555404198613743,48.23513434207154,5.8065121703192615,
f648709e39,180,557,3899,38.99,1081.2084694118457,1.3407687881149624,51.09235526100076,10.816794022791429,
f648709e39,180,558,3906,39.06,1073.0356315489978,0.5307595953870995,47.541824156550696,3.0864402129536086,
f648709e39,180,559,3913,39.13,1071.8538823025094,1.014400870208802,48.52821770020849,3.2336890597912022,
f648709e39,180,560,3920,39.2,1068.2746531852035,1.8721002997604557,46.198562342202756,8.671169220408197,
f648709e39,180,561,3927,39.27,1066.9426771591584,1.1631894904697861,48.837850671139826,6.882516349586157,
f648709e39,180,562,3934,39.34,1060.619660089585,0.6764096109855348,44.805649138034376,4.947467200878275,
f648709e39,180,563,3941,39.41,1058.607658541909,0.9413897756082981,44.56362558831793,8.151104383592896,
f648709e39,180,564,3948,39.48,1054.3632360172028,0.8976620627882941,43.35835868785148,9.104759630845587,
f648709e39,180,565,3955,39.55,1050.421778752057,0.2888742237786861,43.17812892050805,2.3389436856293213,
f648709e39,180,566,3962,39.62,1050.0007775818017,1.1749426517844892,43.16826378612858,5.997654943377065,
f648709e39,180,567,3969,39.69,1049.5648020980022,1.4637338529036958,44.15965945775073,13.492551157675276,
f648709e39,180,568,3976,39.76,1041.4189561618505,1.1238215434741439,41.94900239458035,9.99331016517697,
f648709e39,180,569,3983,39.83,1036.855426948956,1.1411705572844042,44.08186606642018,10.821705320990544,
f648709e39,180,570,3990,39.9,1030.8206021987132,1.6688833913351742,40.06093823042194,7.645709638675282,
f648709e39,180,571,3997,39.97,1030.4770075385723,1.0333591362272097,47.88545849507003,3.688600930761438,
f648709e39,180,572,4004,40.04,1025.7272457461838,0.8779111280551538,41.645887901009374,8.31522457032355,
f648709e39,180,573,4011,40.11,1022.5462314285594,0.8967269652992823,42.75455769418264,4.945675837792523,
f648709e39,180,574,4018,40.18,1018.5854733166731,0.7454817934683952,41.29112204241811,7.3781777969675755,
f648709e39,180,575,4025,40.25,1015.750450029561,0.4521210789208739,40.935740437276685,4.318181998887098,
f648709e39,180,576,4032,40.32,1014.8499936067034,1.3230258902571705,41.442807362843155,13.164416486465953,
f648709e39,180,577,4039,40.39,1008.0648313554461,1.9984277838587932,42.9956035945827,5.849429231992757,
f648709e39,180,578,4046,40.46,1005.587445615754,1.2183308500489036,42.05368823352622,6.53707962834182,
f648709e39,180,579,4053,40.53,998.3662023833105,1.4909275862324483,43.72630257560535,15.089482967688555,
f648709e39,180,580,4060,40.6,989.6999022957901,0.8429058383811597,42.74856247952655,4.762027712371062,
f648709e39,180,581,4067,40.67,986.1560736233558,1.067344935524311,42.82204082581324,4.245500162810196,
f648709e39,180,582,4074,40.74,985.9781664634473,1.739738076406136,46.716883345614555,10.536993393462641,
f648709e39,180,583,4081,40.81,974.0606641092974,1.8014472666359354,44.847998255501466,5.984793355345753,
f648709e39,180,584,4088,40.88,973.4301222886997,1.9410637078613258,45.928902283178914,10.421756282950998,
f648709e39,180,585,4095,40.95,956.5115332529867,0.7652084966784585,41.32869314244759,4.620571195573135,
f648709e39,180,586,4102,41.02,953.8892749457656,1.2720811971756523,41.6521836970444,5.235719982227294,
f648709e39,180,587,4109,41.09,953.8282136381096,1.1295205641018213,43.45123698218183,6.721042440144586,
f648709e39,180,588,4116,41.16,948.1618535228284,1.0190308777171082,41.4961611649582,9.4228420098026,
f648709e39,180,589,4123,41.23,944.2810616641813,1.6926717095545571,44.04287471919075,14.910777065871473,
f648709e39,180,590,4130,41.3,934.2228548987858,2.206928895397424,42.69604621930372,9.919947278164312,
f648709e39,180,591,4137,41.37,933.2474937067162,2.532891672511247,46.2469903177045,6.200370865827611,
f648709e39,180,592,4144,41.44,932.4152874599918,1.638011774915662,45.76504836038725,9.411305517616094,
f648709e39,180,593,4151,41.51,921.8674685879491,0.7785185552994471,43.052450529657165,5.489817828198585,
f648709e39,180,594,4158,41.58,919.6256391422088,0.4735403457518272,41.99632050010524,3.746396695942641,
f648709e39,180,595,4165,41.65,918.7165939703183,2.3014240011973714,42.28193368347464,11.176538494030428,
f648709e39,180,596,4172,41.72,917.8682222043423,1.3689640880717961,51.05745631872135,3.3435676922572464,
f648709e39,180,597,4179,41.79,909.0589307083379,1.8619922248411696,43.09366026620235,8.701598893099673,
f648709e39,180,598,4186,41.86,904.5977767085011,1.682991193252035,41.43278618270843,5.4070918466732225,
f648709e39,180,599,4193,41.93,902.2104772798831,1.5554932391139662,44.33051250739566,4.032454096924658,
f648709e39,180,600,4200,42.0,901.0923435864795,1.9364811158292914,42.16481919351295,4.223508875273421,
f648709e39,180,601,4207,42.07,899.1725128506664,2.2331611101659705,44.12072228595221,7.118213012918651,
f648709e39,180,602,4214,42.14,894.8595370788739,0.9933302691929445,41.63837121959123,5.102288539989679,
f648709e39,180,603,4221,42.21,890.5773032157921,0.4756911548839673,40.721038521988916,1.0055099077543204,
f648709e39,180,604,4228,42.28,889.6635742353777,0.7259610119319639,40.13457075869882,6.258628762700915,
f648709e39,180,605,4235,42.35,887.5277967500549,1.021870497402714,39.54274644275826,7.635705194251452,
f648709e39,180,606,4242,42.42,882.4554659044244,0.5419234553620991,39.088720398060104,4.073955363623056,
f648709e39,180,607,4249,42.49,881.05784799584,1.2132851929297677,39.77662460422962,6.072888654042687,
f648709e39,180,608,4256,42.56,880.7346072341186,1.0605264297641106,40.077073998765265,4.626223226927728,
f648709e39,180,609,4263,42.63,876.2556997417321,0.45175184536000895,38.898408875449434,3.6885445014465756,
f648709e39,180,610,4270,42.7,875.2437053467307,0.5001379198553875,38.90662199311985,3.5922167183552967,
f648709e39,180,611,4277,42.77,874.3210325368807,1.229750024930312,40.598421465677156,11.150315577396837,
f648709e39,180,612,4284,42.84,869.8157700782085,0.8370202906092332,41.64219429437043,4.078114316287705,
f648709e39,180,613,4291,42.91,868.1334903555618,0.568577057386064,38.00576336847779,2.1131154812120156,
f648709e39,180,614,4298,42.98,867.7298383895748,1.4192564385043644,39.443412227869345,13.96508090311795,
f648709e39,180,615,4305,43.05,861.4755408807254,0.6831912494441876,36.06861211299365,4.894966416126152,
f648709e39,180,616,4312,43.12,860.031709298879,0.798208540140794,36.18263003163972,7.197008120056199,
f648709e39,180,617,4319,43.19,857.7075573042584,0.8413210091477339,36.840671519795755,7.393148184411605,
f648709e39,180,618,4326,43.26,855.0363215717832,0.7756996180895535,35.77593481015024,6.47684202363936,
f648709e39,180,619,4333,43.33,852.6982253960094,0.5406184744492386,35.581011032105515,5.215478969693398,
f648709e39,180,620,4340,43.4,851.724868155212,0.8849871564917612,34.89151814457637,8.689252433095913,
f648709e39,180,621,4347,43.47,848.9187807480832,0.9477257914877979,37.223391706722666,8.947979115773647,
f648709e39,180,622,4354,43.54,845.191668297472,0.4376679666812499,36.638366220398886,2.663623629603566,
f648709e39,180,623,4361,43.61,844.6232229427935,0.6431286499809868,37.713861774634886,4.673328844291505,
f648709e39,180,624,4368,43.68,842.7609681409125,0.7203968423325038,37.466457694238215,6.3928103949366015,
f648709e39,180,625,4375,43.75,840.7805135421671,1.2774318585563587,38.291573632193106,10.324409401351666,
f648709e39,180,626,4382,43.82,833.2792698225117,0.9171403536942151,36.76009414700651,7.377113580333119,
f648709e39,180,627,4389,43.89,829.5149755716221,0.9960728533283176,36.59795865737685,4.978103380546311,
f648709e39,180,628,4396,43.96,829.1092426436226,0.5938288431798725,39.07764434296868,3.3804632846982545,
f648709e39,180,629,4403,44.03,827.673549095523,0.7191175436570427,37.25942542030795,7.169663551356436,
f648709e39,180,630,4410,44.1,825.6656264560618,1.6861638032183646,37.655148249003446,7.942406144285626,
f648709e39,180,631,4417,44.17,823.4395420123047,0.9081526659787076,37.83003103663106,6.026679279439807,
f648709e39,180,632,4424,44.24,819.5039211200358,0.6996554509012453,35.430194010991364,6.9762320629884425,
f648709e39,180,633,4431,44.31,817.5251260560609,0.672595659513205,33.5963788951745,6.048353479139882,
f648709e39,180,634,4438,44.38,815.2178779362692,0.5618924832014588,34.13098665872825,4.649266775834833,
f648709e39,180,635,4445,44.45,813.7407871033402,0.4110652729125677,33.771146153250335,2.154725826157103,
f648709e39,180,636,4452,44.52,813.5178418169608,0.7753730295318152,33.47022278466116,5.668038408128113,
f648709e39,180,637,4459,44.59,811.4736758866743,0.4985544497089723,33.69574620359175,2.9549785777746447,
f648709e39,180,638,4466,44.66,810.9402250602933,0.7499386259761341,33.973446743225324,2.1898249363656124,
f648709e39,180,639,4473,44.73,808.6819255243281,0.8089872463595704,34.01827829529603,7.209884436642729,
f648709e39,180,640,4480,44.8,805.9841961584277,0.8048744640361822,34.98604111489944,6.715990751280739,
f648709e39,180,641,4487,44.87,803.7180959281062,0.6247521104965734,33.90163899903273,3.3892931608868486,
f648709e39,180,642,4494,44.94,802.3267335171332,0.7412649499682736,33.39352577940809,7.075780392233413,
f648709e39,180,643,4501,45.01,799.7747382533626,0.360523699270997,35.01391182532494,2.66802123288461,
f648709e39,180,644,4508,45.08,799.4228971387137,0.8776191830130454,35.772443983179464,8.605805391393412,
f648709e39,180,645,4515,45.15,797.8440335829025,0.7054438649240573,38.338010934311754,4.134017565295901,
f648709e39,180,646,4522,45.22,796.5960478701293,1.1193758124716957,35.91767949658513,10.18330254072598,
f648709e39,180,647,4529,45.29,791.1617325154125,1.0382565700827013,36.38393491443139,6.558688452684198,
f648709e39,180,648,4536,45.36,787.544216122366,0.8817398011945945,35.76832945806277,7.804998410433741,
f648709e39,180,649,4543,45.43,785.1675292407764,0.5067192879478652,36.330507417744855,1.9522351337881636,
f648709e39,180,650,4550,45.5,784.1551071990892,0.5776635926272582,35.7089386396251,5.480989015804424,
f648709e39,180,651,4557,45.57,782.9837918689509,0.8131714098342542,35.84978846446392,5.25568370803917,
f648709e39,180,652,4564,45.64,779.9828936216103,0.4949625258872648,34.30687355756447,4.180981257561672,
f648709e39,180,653,4571,45.71,779.2993806001773,1.1130317885991792,34.924854897180055,7.093924021453942,
f648709e39,180,654,4578,45.78,773.9030480797237,0.6261648574304974,35.0079770228011,6.069780354258117,
f648709e39,180,655,4585,45.85,772.6776755542699,1.477104130392757,33.133500134058906,7.204772756545945,
f648709e39,180,656,4592,45.92,772.29437881008,0.8177889379924376,35.80092344738617,4.204749971062653,
f648709e39,180,657,4599,45.99,769.8027991272461,0.7518463277582813,34.001255043250346,3.6585474964130618,
f648709e39,180,658,4606,46.06,767.3834074370823,0.34070462830171594,32.53325387588218,2.8929759743000267,
f648709e39,180,659,4613,46.13,766.9204621880012,0.8881696593403974,32.79518083189863,8.33725640256888,
f648709e39,180,660,4620,46.2,764.1837957548959,0.5195093294403337,32.32166689855773,2.7051472912166727,
f648709e39,180,661,4627,46.27,763.153547920448,0.4089738134902233,31.56705472699827,3.6518948976523133,
f648709e39,180,662,4634,46.34,762.3394624421188,1.463516473905773,31.916753321238986,7.207104430803476,
f648709e39,180,663,4641,46.41,761.3843023506548,0.917969814074385,38.394997283854636,6.7903800054913415,
f648709e39,180,664,4648,46.48,758.2794184907075,0.9076204565192365,33.20483785686588,9.053550903066322,
f648709e39,180,665,4655,46.55,754.9779340208399,0.33606970464889613,32.32799247334126,2.806698574116309,
f648709e39,180,666,4662,46.62,754.4298930280962,0.5583684003179173,32.08657358708768,5.047481519017122,
f648709e39,180,667,4669,46.69,753.1285969227499,0.44755936454165735,33.08536025204114,2.2313708836929966,
f648709e39,180,668,4676,46.76,752.2998009066479,0.8910160755800742,32.70154722321948,6.713528232707037,
f648709e39,180,669,4683,46.83,750.5171106685517,0.6238568670105552,35.15596301384836,3.2016053226787484,
f648709e39,180,670,4690,46.9,749.2060874335785,0.7146762141952909,33.15585123052376,6.587948011909513,
f648709e39,180,671,4697,46.97,746.6102216075255,0.9100308520798839,33.73584863061783,8.02371734042759,
f648709e39,180,672,4704,47.04,743.1755241836839,2.056098738508034,34.4313681010066,4.1844186525616065,
f648709e39,180,673,4711,47.11,742.4934916316557,1.0565124706251052,38.13109284861751,4.6424429571270664,
f648709e39,180,674,4718,47.18,736.9190865892865,0.5445239483714363,33.099043492831804,5.054200372796781,
f648709e39,180,675,4725,47.25,735.7831161480643,0.38266553684551674,32.76931950081846,1.6083654487304917,
f648709e39,180,676,4732,47.32,735.2316542086021,1.0140340226536635,33.00522576715042,4.846006050550181,
f648709e39,180,677,4739,47.39,734.7672944446409,0.6113621210674434,33.80703684686432,2.95709610176566,
f648709e39,180,678,4746,47.46,732.9392616011663,0.2996797355237682,32.939676805423446,1.2787702644911147,
f648709e39,180,679,4753,47.53,732.5772743027361,1.2305112638530675,32.55174718835687,4.767010727724222,
f648709e39,180,680,4760,47.6,731.6948276940436,2.040976461159027,32.10485978597872,8.11880553552104,
f648709e39,180,681,4767,47.67,729.6922019625085,1.2445635673839033,35.1531984938546,8.41182971415114,
f648709e39,180,682,4774,47.74,726.0197413046245,0.814757500186324,32.207648901238954,4.076880181667282,
f648709e39,180,683,4781,47.81,723.9718021915385,0.5232056803705256,30.95830182240975,2.0084256654818446,
f648709e39,180,684,4788,47.88,723.2473157863438,0.7472664102553205,30.339612178011077,5.306595041665908,
f648709e39,180,685,4795,47.95,720.9840834497925,0.5007828745647975,29.822010853889047,4.016925553523896,
f648709e39,180,686,4802,48.02,720.1162295263556,0.6722103249364183,29.64583204407233,4.1951115079981625,
f648709e39,180,687,4809,48.09,718.148273599976,0.5546226622318833,29.745732746784288,4.87987778797375,
f648709e39,180,688,4816,48.16,716.9138173348447,0.7627513997025153,29.802475133463073,7.281802337059417,
f648709e39,180,689,4823,48.23,714.4709942029655,0.640225293280419,29.29489785968336,5.6785661348520255,
f648709e39,180,690,4830,48.3,712.9031575553853,0.5749126469945133,29.311998872541405,5.388113596266544,
f648709e39,180,691,4837,48.37,712.3064580297904,1.136654828495837,30.820337378084115,10.91237038061174,
f648709e39,180,692,4844,48.44,708.1191842533569,0.8630862138632607,29.283028157333096,5.641845705960574,
f648709e39,180,693,4851,48.51,704.6719540273241,0.7791370775062385,29.02947422570085,7.172114930007265,
f648709e39,180,694,4858,48.58,702.3879985302455,1.0225252016639583,29.233344976123963,9.41385310417653,
f648709e39,180,695,4865,48.65,697.8144687548361,0.5092037951854721,31.220105654052794,3.15650565359414,
f648709e39,180,696,4872,48.72,696.9275605575734,0.5932809984955573,31.325428065880487,5.566485047626652,
f648709e39,180,697,4879,48.79,695.3834922361217,0.5997839556788743,30.91129170086575,4.464110402484911,
f648709e39,180,698,4886,48.86,693.9634729225177,0.7506848894896812,30.805232721652217,7.206972513168759,
f648709e39,180,699,4893,48.93,691.6131506763969,0.5194728448220951,30.28533952198191,1.5742151391144672,
f648709e39,180,700,4900,49.0,690.6004696898063,0.8211083542354634,31.371121626729884,7.090687228109914,
f648709e39,180,701,4907,49.07,687.8249233951127,0.9437000111369358,31.42727478465082,8.297935635841942,
f648709e39,180,702,4914,49.14,685.4819924792416,0.8421295636804446,30.794305458170072,3.9553792993314025,
f648709e39,180,703,4921,49.21,682.8965575957202,0.5947508435999432,30.808399566637778,5.32534801631967,
f648709e39,180,704,4928,49.28,681.6439737082541,0.44674487687555825,29.448830182331367,3.7064496379036482,
f648709e39,180,705,4935,49.35,680.7357661895467,0.4046989810764352,29.597232579577106,3.6304336167437663,
f648709e39,180,706,4942,49.42,679.9429157321673,0.6850399305739447,29.052833110386395,6.618495301864517,
f648709e39,180,707,4949,49.49,677.9762820614566,0.5990683514691997,30.304804640579246,2.9381908389237794,
f648709e39,180,708,4956,49.56,676.2521780024244,0.3537103174485139,28.83098083812887,3.051393698398603,
f648709e39,180,709,4963,49.63,675.7385722052371,1.486258583228422,28.641201328054184,6.168192432719179,
f648709e39,180,710,4970,49.7,674.6519877205709,0.724815326791688,33.588871951874985,3.5201428129478325,
f648709e39,180,711,4977,49.77,672.7132940864449,0.6087710649840996,30.22237819616685,5.447695797994335,
f648709e39,180,712,4984,49.84,670.9840961906303,0.5202104253710435,30.01951417224399,5.132385957538788,
f648709e39,180,713,4991,49.91,669.689879200984,0.5610875669685145,29.965345008158742,5.603190947254469,
f648709e39,180,714,4998,49.98,668.428842465587,0.36479640173140193,28.925728122983205,3.306642174548553,
f648709e39,180,715,5005,50.05,667.8813823654357,0.8648562652123826,28.812651480625522,4.148021733767121,
f648709e39,180,716,5012,50.12,667.8120725178507,0.562070304052051,29.895718238200665,3.181435987143129,
f648709e39,180,717,5019,50.19,666.5361950991274,0.6763740322839163,28.202683502335567,6.523457371127567,
f648709e39,180,718,5026,50.26,664.5650441989625,0.3949406385058328,28.78122070558829,2.4916688720983,
f648709e39,180,719,5033,50.33,663.8690788763474,0.5808743590349439,28.990231760124605,4.997240027190839,
f648709e39,180,720,5040,50.4,662.480760633941,0.4240585197759291,28.94125901023155,3.713747359337532,
f648709e39,180,721,5047,50.47,661.9941862784001,0.32055489846678475,27.72438572591475,1.9571704005484503,
f648709e39,180,722,5054,50.54,661.5829117123079,0.5441574739014369,27.788438571479716,4.822284938977802,
f648709e39,180,723,5061,50.61,660.4101129405514,0.6412029563046485,27.757755802647146,6.083172166872406,
f648709e39,180,724,5068,50.68,658.4021131730138,0.10768472583114583,28.244448476192147,0.6155228284406885,
f648709e39,180,725,5075,50.75,658.3508486172607,0.21485377985296542,28.191299348248144,2.07874415696998,
f648709e39,180,726,5082,50.82,658.1370599088854,0.3722599969128961,27.731765374163434,2.822364861450496,
f648709e39,180,727,5089,50.89,657.4823293907621,1.3784430008947677,28.52914805789722,5.853540188563082,
f648709e39,180,728,5096,50.96,656.9051211531229,0.7112294993911463,30.517251041373132,3.9618044693209216,
f648709e39,180,729,5103,51.03,654.3673731147966,0.4760534086689219,27.225179257312888,4.798934784360899,
f648709e39,180,730,5110,51.1,653.3326985215688,0.7096034397985861,26.95479495546475,7.052326635190676,
f648709e39,180,731,5117,51.17,650.7459305691609,0.5889135720490971,27.52948270930303,4.73212404300529,
f648709e39,180,732,5124,51.24,649.0519504905435,0.9017361254649882,26.69083595777808,4.019850882771184,
f648709e39,180,733,5131,51.31,648.5835782191201,0.47589207298500674,28.967656780271398,3.0030827529057746,
f648709e39,180,734,5138,51.38,647.4698517776146,0.6959166677616874,28.16047598840896,3.42348963644118,
f648709e39,180,735,5145,51.45,645.1014077546743,0.7250429762358993,29.112391875075375,7.031620302563738,
f648709e39,180,736,5152,51.52,642.7466443606623,0.8047283476451591,28.50778111031152,7.587551514230054,
f648709e39,180,737,5159,51.59,640.2188812814912,0.5331235204059641,28.624192654305997,3.7828679414634343,
f648709e39,180,738,5166,51.66,639.1754541021883,0.473541834831932,27.441099280125737,4.056060328424001,
f648709e39,180,739,5173,51.73,638.0676460443117,0.4611809026246146,27.257183195250203,4.195904179170478,
f648709e39,180,740,5180,51.8,637.3538016381942,0.31647124783202846,27.378081803146966,2.243510352098072,
f648709e39,180,741,5187,51.87,637.0483346847243,0.5063276417691096,26.607748006441547,2.503822200883485,
f648709e39,180,742,5194,51.94,636.1317348955525,0.4282458119620251,28.138301249073486,3.330941332698423,
f648709e39,180,743,5201,52.01,635.9084742869953,0.6949960514921619,27.19937652832196,5.294294017011066,
f648709e39,180,744,5208,52.08,634.3014242529064,0.5989821363032668,27.510972374539566,4.900783972416052,
f648709e39,180,745,5215,52.15,633.4031458096515,0.8910074658321037,26.404087344069577,6.034516810999948,
f648709e39,180,746,5222,52.22,630.2872741939196,0.6425080689724347,26.529106120982195,5.8146585959296875,
f648709e39,180,747,5229,52.29,628.7359949309988,0.24231390888282808,26.18375421778531,0.7074443137588804,
f648709e39,180,748,5236,52.36,628.5615517882288,0.9958400325954876,26.308986305181982,4.645829941193553,
f648709e39,180,749,5243,52.43,628.3616795576339,0.7140734451227256,26.89926465771358,4.761896729852748,
f648709e39,180,750,5250,52.5,626.723214735095,0.4931856559858802,26.144657212920183,2.5309108209009867,
f648709e39,180,751,5257,52.57,625.9978355557632,0.6798916650673055,26.909582565249867,6.395430871260489,
f648709e39,180,752,5264,52.64,624.051158567624,0.23021888252234335,27.640864126097135,1.0066812611870408,
f648709e39,180,753,5271,52.71,623.9539323400753,0.33963535494517877,28.037115729940098,2.5685187997369017,
f648709e39,180,754,5278,52.78,623.5029732385287,0.6833303916357838,27.49109910281869,6.6525138096875,
f648709e39,180,755,5285,52.85,622.4471630565042,0.534435837189947,27.911062324053642,1.7698979361513263,
f648709e39,180,756,5292,52.92,621.5839142260063,0.652318016965898,27.273874117380203,6.373978753441359,
f648709e39,180,757,5299,52.99,619.7164856535682,0.6048834313714726,27.566115054209554,5.099379488717775,
f648709e39,180,758,5306,53.06,618.5273697841894,1.059747553614732,27.95617504528467,3.933329911322949,
f648709e39,180,759,5313,53.13,618.2854596160728,0.6890407541796426,30.672112484077875,3.2920390457253186,
f648709e39,180,760,5320,53.2,616.4548375114928,1.386860722313756,30.71538693271092,6.610676336784977,
f648709e39,180,761,5327,53.27,616.2659782812194,0.9194922263491698,32.57307834927912,4.48411062626667,
f648709e39,180,762,5334,53.34,612.7451642616318,0.6544153870125572,32.17870360252819,5.727999707979281,
f648709e39,180,763,5341,53.41,611.4288003991328,0.5453176797286852,29.73420823014597,4.634853807435429,
f648709e39,180,764,5348,53.48,611.0747602899668,0.9755363574174546,30.11948422066477,2.524009547328948,
f648709e39,180,765,5355,53.55,610.1691332100517,1.2830632214440436,31.018257330298344,8.023253968333345,
f648709e39,180,766,5362,53.62,607.558815943519,1.1116412428194045,31.33194747479106,4.621344215727613,
f648709e39,180,767,5369,53.69,605.5139384517414,1.0233936727427757,30.35138606472373,5.218694357751205,
f648709e39,180,768,5376,53.76,604.7644115967092,1.0305073638286275,31.229641938902343,5.346611477870422,
f648709e39,180,769,5383,53.83,604.2603610449938,1.0636002569215341,31.475601765009305,5.076958235280023,
f648709e39,180,770,5390,53.9,603.9915409909981,1.158262164527234,31.555885239084052,4.459628481538774,
f648709e39,180,771,5397,53.97,603.1025330333877,1.4068975668486217,30.978320854702375,7.698300844739875,
f648709e39,180,772,5404,54.04,602.0643304893143,0.7319292819112656,34.077381905128924,3.4638508206040344,
f648709e39,180,773,5411,54.11,597.2509573072949,0.5422921348519572,27.557873256214478,4.724632803754257,
f648709e39,180,774,5418,54.18,596.0914251418134,0.42788622512186103,28.289829264730216,1.901383329178737,
f648709e39,180,775,5425,54.25,595.8487035885316,0.8757939107332803,27.874971904502257,7.746859683745215,
f648709e39,180,776,5432,54.32,593.0183600436234,0.8659263008365211,29.928653150445385,5.889968575278497,
f648709e39,180,777,5439,54.39,590.4470528080989,1.139063052352386,27.457055901346166,8.307533652939384,
f648709e39,180,778,5446,54.46,584.0534867041674,0.6082174037837538,30.183683158705183,2.9789686705847904,
f648709e39,180,779,5453,54.53,583.2037737313107,0.7815502752137377,28.673267616695163,2.0072271028265,
f648709e39,180,780,5460,54.6,581.2358880362859,0.9696557427795046,31.850255320593764,6.206387619672045,
f648709e39,180,781,5467,54.67,578.1721575633046,0.9505256650564784,29.56587407701247,6.499737100214765,
f648709e39,180,782,5474,54.74,575.7884442097404,0.9075891111979042,34.025324253566836,4.988786959809064,
f648709e39,180,783,5481,54.81,573.6063469693246,0.7419265233956599,30.437018898755976,4.59374777175894,
f648709e39,180,784,5488,54.88,571.0217568781492,1.1185647402089527,30.404585808705626,9.862978036152176,
f648709e39,180,785,5495,54.95,564.8200440536207,0.6393064241622316,30.017426555582457,4.826548242273295,
f648709e39,180,786,5502,55.02,562.7340629013923,0.6308990550506703,30.35885521924979,4.507268477951615,
f648709e39,180,787,5509,55.09,561.2376486117212,0.3974488409243326,29.476144301824313,2.8926116315222363,
f648709e39,180,788,5516,55.16,560.7313865170248,0.5155836950588132,29.94880303428495,4.321670875523873,
f648709e39,180,789,5523,55.23,559.4440139763697,0.709541767341728,30.019306036845393,6.221361942265404,
f648709e39,180,790,5530,55.3,557.5909300350041,0.8523161362173286,31.514194196721476,7.503632322326643,
f648709e39,180,791,5537,55.37,555.287502938178,0.45622686853056893,30.905327017660856,2.361613627678219,
f648709e39,180,792,5544,55.44,554.232933762835,0.677934970463134,30.008464264259583,3.37800293611511,
f648709e39,180,793,5551,55.51,554.1302069955918,0.6612390005111016,32.93103409371301,5.288592798171492,
f648709e39,180,794,5558,55.58,552.3264499799698,0.35194512096478886,30.601278887555004,2.545025850012189,
f648709e39,180,795,5565,55.65,551.9080402015105,0.9112187430197158,31.080557823934427,7.883629005296355,
f648709e39,180,796,5572,55.72,548.174140348294,1.418022651930886,29.30486363426325,6.554198464073833,
f648709e39,180,797,5579,55.79,548.0849344710703,0.7233471908866209,32.678890781986134,1.6501724179050692,
f648709e39,180,798,5586,55.86,545.5393969027022,0.31600816890602973,29.439543161624574,2.9801037036062343,
f648709e39,180,799,5593,55.93,545.0516220583647,1.158358261121759,28.584085494780684,5.732160560523445,
f648709e39,180,800,5600,56.0,544.9873937040896,0.7713534847412011,31.484773150994677,3.312264935449915,
f648709e39,180,801,5607,56.07,542.0955154630237,0.6563119312451653,29.074853806174772,5.03305689686163,
f648709e39,180,802,5614,56.14,540.9958130191188,0.7292509151305069,30.744927086337768,6.101230758084632,
f648709e39,180,803,5621,56.21,538.9274391286426,0.9743588994642205,31.753174270887648,9.579178507844787,
f648709e39,180,804,5628,56.28,535.0529102347019,0.3739464152937909,32.026936468447666,2.132378768913939,
f648709e39,180,805,5635,56.35,534.6115212229785,0.6767584030862956,32.176275981842224,6.4632937808238475,
f648709e39,180,806,5642,56.42,533.0120782429905,0.738854884885287,31.396722713532373,6.999149500331693,
f648709e39,180,807,5649,56.49,530.6966879338519,0.33452228542153095,32.13725617638132,2.8161506593931365,
f648709e39,180,808,5656,56.56,530.2184455247406,0.5136929640010257,32.282509641043866,5.01114238920133,
f648709e39,180,809,5663,56.63,529.0777730417907,0.7948480618235034,30.854076135135827,7.593268382410381,
f648709e39,180,810,5670,56.7,526.0533390010806,0.5128988280508682,31.123787469876685,4.722753013057071,
f648709e39,180,811,5677,56.77,524.9208929404335,0.811442626878801,29.893671839460875,5.034077413375594,
f648709e39,180,812,5684,56.84,522.1049465603742,0.8598282913042835,28.5430068894248,8.538405231289122,
f648709e39,180,813,5691,56.91,519.0100927587505,0.7313518387153911,28.793640303693905,6.7843351332461515,
f648709e39,180,814,5698,56.98,516.4997424583714,0.5164137073003123,27.050290713113583,3.245079850647204,
f648709e39,180,815,5705,57.05,515.4767964515909,0.7635673436611284,28.871114718709517,7.205985923872031,
f648709e39,180,816,5712,57.12,513.8584491250213,0.7555233897180418,27.418737727952575,5.3986846025234785,
f648709e39,180,817,5719,57.19,510.9991370881083,1.0046578133233566,26.74267984664293,9.862337753219952,
f648709e39,180,818,5726,57.26,506.0967016432118,0.5075318113015649,27.92333041313031,3.7734616343099074,
f648709e39,180,819,5733,57.33,504.92424469096,0.5449808568788879,28.313961615103178,4.97434018897728,
f648709e39,180,820,5740,57.4,503.42307231198,0.6939860133624819,29.19765361054511,6.428381850460875,
f648709e39,180,821,5747,57.47,501.25198396532414,0.9297748920558243,31.148121008633723,9.33596082991221,
f648709e39,180,822,5754,57.54,499.1341232930992,0.7444362189133711,30.710484634692275,6.0529013061638794,
f648709e39,180,823,5761,57.61,497.04644707628034,0.49625204395719497,29.97201306633285,3.108400230740539,
f648709e39,180,824,5768,57.68,496.09995796244317,0.36216150901976346,30.834954652161553,3.113399564184063,
f648709e39,180,825,5775,57.75,495.5181447343907,0.3654225633896293,30.544877047960924,3.0713190189180715,
f648709e39,180,826,5782,57.82,494.87961183465546,0.6507834734368401,29.904967777044327,5.780679043831702,
f648709e39,180,827,5789,57.89,493.09136781715495,0.8073316455824748,31.283732280279803,7.642820209020815,
f648709e39,180,828,5796,57.96,490.28271509037427,0.6952296785546401,31.5148889923632,5.821650544475323,
f648709e39,180,829,5803,58.03,488.0450219003717,0.7155339177353055,30.38949929847145,5.744885419156289,
f648709e39,180,830,5810,58.1,485.9133735619974,0.38127041305286336,31.715107089531582,3.0769469062503525,
f648709e39,180,831,5817,58.17,485.47616207906486,0.3219027987647892,30.735220482454036,2.581743372127047,
f648709e39,180,832,5824,58.24,485.04412180371014,0.3792072087374217,31.512376589844706,1.284893445137391,
f648709e39,180,833,5831,58.31,484.527830939278,0.4058277349182565,30.735149640156006,3.5551931760108,
f648709e39,180,834,5838,58.38,483.9237939015164,0.4548692417848938,31.986578364782776,3.972894857984758,
f648709e39,180,835,5845,58.45,483.27328752502535,0.4047505237846207,31.37321942152039,3.505756681365423,
f648709e39,180,836,5852,58.52,482.669163046459,0.40736639762110793,30.612009763359346,3.1741548962302213,
f648709e39,180,837,5859,58.59,482.0819278553815,0.9318254331179188,31.004648999507598,9.279675674402668,
f648709e39,180,838,5866,58.66,477.8893802927322,0.6234859224996493,30.94374504367217,3.401534472850683,
f648709e39,180,839,5873,58.73,476.88190858873617,0.42059060944503157,29.640907429048966,1.430814086119058,
f648709e39,180,840,5880,58.8,476.61439907801616,0.4218340997685252,29.940357817714922,2.3103814685450184,
f648709e39,180,841,5887,58.87,475.89634018248904,0.4808037269294411,28.857496911639366,4.499023515531265,
f648709e39,180,842,5894,58.94,475.24464440863903,0.7848243820004644,30.282229170947684,7.37940543549317,
f648709e39,180,843,5901,59.01,472.76489601499634,0.5408701161629439,30.099225637095135,4.08218264249757,
f648709e39,180,844,5908,59.08,471.5470793703874,0.774197393418568,30.67772329236086,6.292127532745674,
f648709e39,180,845,5915,59.15,469.48907972220155,0.47403757261317947,29.75305657916034,2.547106923694617,
f648709e39,180,846,5922,59.22,468.6792483611255,0.5105097586862724,29.76728829799214,4.8750880885289565,
f648709e39,180,847,5929,59.29,467.4382596087936,1.4609852379668589,29.24019077202988,6.1128673399833655,
f648709e39,180,848,5936,59.36,467.36116547194496,1.69981466488143,33.804698904824804,5.42812053337759,
f648709e39,180,849,5943,59.43,464.4863260170619,1.4218216057205035,27.868112306077187,4.876290713039728,
f648709e39,180,850,5950,59.5,462.98722433935006,1.2024839501371845,28.140131013355276,2.29659094207148,
f648709e39,180,851,5957,59.57,462.41999335779406,0.7874739834310963,28.60737714877856,5.439011538131566,
f648709e39,180,852,5964,59.64,460.09793573468176,0.3865107011645415,25.81850635993297,2.0614986215226123,
f648709e39,180,853,5971,59.71,459.6933013015085,1.124282244467783,27.062781964353476,10.176111337460958,
f648709e39,180,854,5978,59.78,455.0808271855763,0.6511447004495069,26.77981528601791,1.9031253164359878,
f648709e39,180,855,5985,59.85,454.0870615063214,0.6096713650019298,27.509791247920838,5.539386283918981,
f648709e39,180,856,5992,59.92,452.4164350851857,0.4662312350729453,27.209013242097164,3.629662587512307,
f648709e39,180,857,5999,59.99,451.627085808713,0.28322184430387265,27.035342474216538,1.9234614755978294,
f648709e39,180,858,6006,60.06,451.32031907433975,0.3719921398286447,26.653644548291254,3.7773741567036963,
f648709e39,180,859,6013,60.13,450.79876440583087,0.6338001843294749,27.50257087489919,6.16251843911661,
f648709e39,180,860,6020,60.2,449.1466608994339,1.3876348599186856,26.326754985737466,6.6775662250422405,
f648709e39,180,861,6027,60.27,449.08140105238044,1.1238108464360186,29.964415924099082,6.311681707175731,
f648709e39,180,862,6034,60.34,445.46267846470727,0.7825150489261106,29.73267310634413,2.670598211729907,
f648709e39,180,863,6041,60.41,444.0524147347835,0.613199485927098,27.37825841883652,4.100012181810301,
f648709e39,180,864,6048,60.48,443.1964475238063,0.44547371778259764,28.24030364880928,2.387688562251998,
f648709e39,180,865,6055,60.55,442.5934768264876,0.3775095592337952,27.432425336068118,3.0317739976543248,
f648709e39,180,866,6062,60.62,442.2418975357142,0.3048283314226674,27.75039738519025,2.1571324326650934,
f648709e39,180,867,6069,60.69,441.8720045230117,0.25010305904695423,27.02165532804436,2.398645826015553,
f648709e39,180,868,6076,60.76,441.68943986847574,0.34918064731452647,26.91614403241371,3.2309775078600085,
f648709e39,180,869,6083,60.83,441.28242820140184,0.6677596925165867,26.89891055562163,6.673813934412442,
f648709e39,180,870,6090,60.9,439.83481849572973,0.40514323653593187,25.83267894702387,1.3990780450324516,
f648709e39,180,871,6097,60.97,439.2206010639425,0.5077198586289404,25.290900400529164,3.9953674797394747,
f648709e39,180,872,6104,61.04,438.0473277677402,0.37367407571858263,25.65849450550775,2.116261038281121,
f648709e39,180,873,6111,61.11,437.53326603443827,0.6426058017927224,25.474505679632898,6.136282068425284,
f648709e39,180,874,6118,61.18,435.77415396296874,0.9217401241143084,24.038164290054343,4.146213022068236,
f648709e39,180,875,6125,61.25,435.7536149449893,0.6904477197948682,26.95465756031128,4.988136574336669,
f648709e39,180,876,6132,61.32,433.9167761876706,0.4199652628875007,24.489800834037318,3.7392742814826323,
f648709e39,180,877,6139,61.39,433.26465608544663,0.6279725341674619,24.36293854470101,6.182536756484584,
f648709e39,180,878,6146,61.46,432.0483973161947,0.5322362731608827,25.22250718424272,4.395052553489702,
f648709e39,180,879,6153,61.53,431.4468062642463,0.4443235737815401,24.488279589371363,3.1633412135924193,
f648709e39,180,880,6160,61.6,430.87654425174907,0.6944109429359787,24.81558050605195,4.0601258848617094,
f648709e39,180,881,6167,61.67,429.0431597545344,0.5527597383054271,24.47416027143003,4.592967724111037,
f648709e39,180,882,6174,61.74,427.8643936762692,0.45608849429392656,24.053212648462136,4.395607418045911,
f648709e39,180,883,6181,61.81,427.08600084601284,0.3865796864082583,24.125062594731546,3.5789694628568833,
f648709e39,180,884,6188,61.88,426.4705507631098,0.8420085095799275,24.306795187795714,8.484715682136242,
f648709e39,180,885,6195,61.95,425.0229067773896,0.8798094347097679,23.881597252979955,3.3502319091149126,
f648709e39,180,886,6202,62.02,423.09627502233013,0.861612590941414,24.32107871639486,4.966583985814683,
f648709e39,180,887,6209,62.09,421.7983484700856,0.7328927601197128,22.140822383092093,4.506433668413893,
f648709e39,180,888,6216,62.16,421.5014469232476,0.8316157707823317,24.542796398045873,5.570135845649811,
f648709e39,180,889,6223,62.23,420.0781642243946,0.34365850070137505,21.47989095976389,2.572991655596269,
f648709e39,180,890,6230,62.3,418.9202201020698,0.3764823172800025,21.24008541167951,2.832915422091266,
f648709e39,180,891,6237,62.37,418.39504990638835,0.529041658380421,21.588325731964865,4.738305105471261,
f648709e39,180,892,6244,62.44,417.13327173826116,0.33743154260753094,21.044735006920295,3.4032385545532464,
f648709e39,180,893,6251,62.51,416.668382071563,0.3940063500125025,20.758865158640084,3.704673295894025,
f648709e39,180,894,6258,62.58,415.9070752026115,0.4331484686892967,20.56505862382387,3.7840776622950623,
f648709e39,180,895,6265,62.65,415.1020467741571,0.5108340073209094,21.07803296960336,5.0361123150837965,
f648709e39,180,896,6272,62.72,414.09866755720384,0.42043886601070546,21.637102218408717,3.0247431767859827,
f648709e39,180,897,6279,62.79,413.45448990171474,0.5905902353030601,21.565127694439468,5.170764213504232,
f648709e39,180,898,6286,62.86,411.708617013988,0.22562243753079542,21.2681950162617,1.9008811481709633,
f648709e39,180,899,6293,62.93,411.5318499931737,0.3252240275319972,21.58757073317553,2.9531019144130948,
f648709e39,180,900,6300,63.0,411.11843865665406,0.25771122308320693,21.544173521591166,1.318695327785623,
f648709e39,180,901,6307,63.07,410.8383191988354,0.3581619423253504,21.322246067219428,3.288858609239395,
f648709e39,180,902,6314,63.14,410.3522458756422,0.22379526460691768,21.468601128365812,1.3589762205837397,
f648709e39,180,903,6321,63.21,410.18389201627343,0.469224110277136,21.3760992057802,4.443399703513934,
f648709e39,180,904,6328,63.28,409.2853475054993,0.43420051284183936,20.80299176183853,3.886157663323917,
f648709e39,180,905,6335,63.35,408.84221579757536,0.6468019781382061,22.004305917997144,5.877566247792452,
f648709e39,180,906,6342,63.42,407.81456475587936,0.48357306609593986,22.31345066149113,3.1438301958314563,
f648709e39,180,907,6349,63.49,407.19502811784884,0.5635531712030579,21.86014929793259,4.013475588632742,
f648709e39,180,908,6356,63.56,405.79032854833054,0.48545963168343265,21.199306097459324,4.031710168471089,
f648709e39,180,909,6363,63.63,404.8746363758544,0.26619820196435684,22.043059013478118,1.8672084220595884,
f648709e39,180,910,6370,63.7,404.5937069295997,0.22214215363535939,21.6883955309243,2.112761493959324,
f648709e39,180,911,6377,63.77,404.3639329961744,0.3407802664145419,21.701303904025377,2.851370628919191,
f648709e39,180,912,6384,63.84,403.95315501722706,0.7192184414868323,21.26017847021293,7.063184422846781,
f648709e39,180,913,6391,63.91,402.0286741123297,0.34256657344200003,21.848578250989203,2.866284508391337,
f648709e39,180,914,6398,63.98,401.6635810537599,0.4131050930029101,20.464475769429214,3.849930738637823,
f648709e39,180,915,6405,64.05,401.083041958911,0.24689862292190679,21.803047655635762,1.9300533512692686,
f648709e39,180,916,6412,64.12,400.9967165769069,0.4915997433794364,21.16031675062269,4.256481036773653,
f648709e39,180,917,6419,64.19,399.9095845296107,1.0177432888432443,21.84816285845324,4.949229408962339,
f648709e39,180,918,6426,64.26,399.38581700730646,1.0909960550849016,24.330099715452153,2.3571534752758123,
f648709e39,180,919,6433,64.33,399.231660178715,1.2963170203169072,22.87920139121816,3.635245005555358,
f648709e39,180,920,6440,64.4,399.0653174369329,0.6972931023259283,25.59448721016373,2.7304333246736343,
f648709e39,180,921,6447,64.47,396.94882758200185,0.5479222319371356,21.698770323633013,4.968257651164528,
f648709e39,180,922,6454,64.54,395.5805902205787,0.5935470315977498,21.119647248167897,5.723970526172804,
f648709e39,180,923,6461,64.61,394.219054796868,0.520323265593164,21.421067083971614,4.833200546291422,
f648709e39,180,924,6468,64.68,393.3540757346755,0.4281550397403306,21.110337028943846,3.084231900542816,
f648709e39,180,925,6475,64.75,392.7905775687886,0.45420727637947667,21.65616277748717,4.066242124506341,
f648709e39,180,926,6482,64.82,392.12003643112234,0.45535395862774997,22.15275560435893,3.999507891161123,
f648709e39,180,927,6489,64.89,391.77768925415666,0.4763418985397266,22.29862144180838,2.3395730796906222,
f648709e39,180,928,6496,64.96,391.20747476151644,0.44742252087786255,21.708895791720575,3.8369076017789157,
f648709e39,180,929,6503,65.03,390.69959905841273,0.49889822185505533,22.862680874938615,3.0213865241011026,
f648709e39,180,930,6510,65.1,389.89705848406743,0.613496442873978,21.636038801539296,5.487083824707008,
f648709e39,180,931,6517,65.17,388.09921491801015,0.4808025489600893,20.649520162089612,4.430352186736326,
f648709e39,180,932,6524,65.24,387.3932543323175,0.30198495142043047,19.383129231339712,2.432021837747307,
f648709e39,180,933,6531,65.31,386.991074388268,0.1830523509248197,18.904064218166635,1.6988668142960917,
f648709e39,180,934,6538,65.38,386.8478390564354,0.2763704386602639,18.872533107873625,1.5466145645815468,
f648709e39,180,935,6545,65.45,386.5300844968994,0.23627063218655672,19.03561884352983,1.8519180631113008,
f648709e39,180,936,6552,65.52,386.3438251919302,0.16980023222476812,19.405090177722954,1.48295326332185,
f648709e39,180,937,6559,65.59,386.21784014202416,0.1687243752311997,19.295690527201742,1.3271509177176375,
f648709e39,180,938,6566,65.66,386.0930571568121,0.3436905231045701,19.137256770600864,2.4895721149431003,
f648709e39,180,939,6573,65.73,385.6386588450205,0.18676428321604424,20.128194685009127,1.166318800932792,
f648709e39,180,940,6580,65.8,385.4911970555602,0.533065419436173,19.56715046412969,0.46642542126325526,
f648709e39,180,941,6587,65.87,384.5184077904849,0.4251950196511915,20.764536295712407,3.5030717212495093,
f648709e39,180,942,6594,65.94,383.677935809848,0.26404112986927014,19.357875046412612,1.5517576870186405,
f648709e39,180,943,6601,66.01,383.45838514889226,0.43269805720818105,20.05957631738687,3.4148224847349558,
f648709e39,180,944,6608,66.08,382.7674735358813,0.5419133134577448,20.481611899831403,5.006650633011139,
f648709e39,180,945,6615,66.15,381.30707713916115,1.03992957934869,21.133593541895493,4.72515805495241,
f648709e39,180,946,6622,66.22,381.03430180256515,0.84045217421253,23.65097074983828,5.121061033374901,
f648709e39,180,947,6629,66.29,377.99961736344,0.18951395052617154,21.85063684154233,0.48906950653781817,
f648709e39,180,948,6636,66.36,377.85744611030225,0.5088051821846079,21.277440386226218,4.066831025029203,
f648709e39,180,949,6643,66.43,376.7012574283086,0.2938531853038345,20.275800029795512,2.5280589662473067,
f648709e39,180,950,6650,66.5,376.31104651793953,0.6608532504410678,19.890220000618907,3.1758446371867164,
f648709e39,180,951,6657,66.57,376.2975157070404,0.4375585858422466,21.456541668339703,2.862113370291237,
f648709e39,180,952,6664,66.64,375.4380601068719,0.26732829653726375,20.201366885615244,2.4613001439746633,
f648709e39,180,953,6671,66.71,375.2817360898093,0.5150598768984822,19.881036601818327,4.323991835326029,
f648709e39,180,954,6678,66.78,374.01407433138536,0.46853239829671206,20.47803239604586,0.643344637687176,
f648709e39,180,955,6685,66.85,373.0687178439582,0.547064872781129,19.19864804057642,4.0044293884000215,
f648709e39,180,956,6692,66.92,371.80775383369,0.45563555271024725,20.206675277475107,3.163514950491625,
f648709e39,180,957,6699,66.99,371.1099019987361,0.3528620986879732,20.861931332154484,2.7595739649732467,
f648709e39,180,958,6706,67.06,370.61905268987715,0.6380909899805667,20.707624714463346,2.868430436884201,
f648709e39,180,959,6713,67.13,370.41455357501513,0.40554528211029467,22.008351801857323,1.5930971405920287,
f648709e39,180,960,6720,67.2,369.730431808306,0.45788439589301017,21.424787648386197,3.5676310149210035,
f648709e39,180,961,6727,67.27,368.9846556902456,0.24221065396589683,20.976698603083445,1.3848960196864701,
f648709e39,180,962,6734,67.34,368.7134186075908,0.3869481874644592,20.945773123839956,3.6452366705990027,
f648709e39,180,963,6741,67.41,368.100681594992,0.28105168165753,20.008401987309668,2.058914704824291,
f648709e39,180,964,6748,67.48,367.94205315959357,0.5966899896088422,20.805985753953188,5.1479767093230056,
f648709e39,180,965,6755,67.55,366.3793864131146,0.3971707656946229,19.93575904465045,3.382013022838957,
f648709e39,180,966,6762,67.62,365.8313638591727,0.2613711937677861,21.33865895388631,1.4056652202298123,
f648709e39,180,967,6769,67.69,365.61219176264075,0.3098636426981135,20.780195030294625,1.8588846475937726,
f648709e39,180,968,6776,67.76,365.25716434039305,0.5635044632241673,22.692426430273184,5.474500314735113,
f648709e39,180,969,6783,67.83,364.63113611903475,0.5620797758689854,23.22885043390374,3.000124887469713,
f648709e39,180,970,6790,67.9,363.9798600372911,0.5187094803407298,22.71965346643331,2.525491617394697,
f648709e39,180,971,6797,67.97,362.9982551697872,0.3382925715036832,22.17015745297885,2.0431568126176085,
f648709e39,180,972,6804,68.04,362.72918729931433,0.5909244926537666,21.476392046367238,5.246609076727324,
f648709e39,180,973,6811,68.11,361.29372259586626,0.394335357512713,21.536304784187237,2.2181794864231565,
f648709e39,180,974,6818,68.18,360.6734081054137,0.38247210896001127,20.874238877640774,2.7436799575605826,
f648709e39,180,975,6825,68.25,359.9725804828878,0.28335494199332983,21.402102512927534,0.7670096451465963,
f648709e39,180,976,6832,68.32,359.7237988044797,0.4423880728779486,21.09161952300419,4.037814124381881,
f648709e39,180,977,6839,68.39,358.96422208753893,0.6851660213254868,21.38722278684314,6.423296354408823,
f648709e39,180,978,6846,68.46,356.9371860462028,0.5438039501507526,21.139257967170398,5.309518840436249,
f648709e39,180,979,6853,68.53,355.88191783047444,0.4802869677042917,20.024762579991897,4.26155401663015,
f648709e39,180,980,6860,68.6,354.8422553003265,0.4588436902615178,20.097691153848555,4.477104356323359,
f648709e39,180,981,6867,68.67,354.0217560131544,0.40146355859099364,21.304903144761578,3.892075810562707,
f648709e39,180,982,6874,68.74,353.54938370624484,0.568017913543667,19.63001480870793,5.296290248708796,
f648709e39,180,983,6881,68.81,352.18654572800443,0.19783842489180029,19.7545722662982,1.695719238967076,
f648709e39,180,984,6888,68.88,352.0362209386219,0.5626548203278708,19.205417390892446,5.635105526290668,
f648709e39,180,985,6895,68.95,350.44493128085657,0.3736069400975823,19.359654330930017,3.4568835036410204,
f648709e39,180,986,6902,69.02,349.9341517323777,0.2528010794483031,19.348798640738778,1.9479017544459298,
f648709e39,180,987,6909,69.09,349.63845677818057,0.30908380525988344,19.302278779980757,1.3539998065830132,
f648709e39,180,988,6916,69.16,349.6262195849828,0.3425097413610599,19.385883055774467,3.0703588797682104,
f648709e39,180,989,6923,69.23,349.0859239286083,0.5225906007191164,19.45130149785315,1.947331263677291,
f648709e39,180,990,6930,69.3,347.95006521587504,0.24237867378530542,20.090203809460583,1.7024102497380835,
f648709e39,180,991,6937,69.37,347.662003345369,0.12678848728766842,19.98157018593689,1.025957820100875,
f648709e39,180,992,6944,69.44,347.5909113052445,0.401776312092269,20.153594892112192,3.9909829916807147,
f648709e39,180,993,6951,69.51,346.7999761747512,0.5306375162095484,20.062013964747354,5.033010030467085,
f648709e39,180,994,6958,69.58,345.6471245320718,0.23688538565114256,18.953237912933538,1.3207369195427463,
f648709e39,180,995,6965,69.65,345.5386496081789,0.6081067366841897,18.9466805934337,5.768325956822336,
f648709e39,180,996,6972,69.72,343.98506652205094,0.37117084327546135,19.709204340619458,0.36830257251495446,
f648709e39,180,997,6979,69.79,343.3788288649365,0.37093090570960924,18.611356257346635,3.506898782858844,
f648709e39,180,998,6986,69.86,342.7326673912548,0.2774992801522049,19.235649247215992,2.0733508434525385,
f648709e39,180,999,6993,69.93,342.4033406983391,0.5037018536618975,18.337096452615302,3.0990555229590138,
f648709e39,180,1000,7000,70.0,341.0955145971224,0.4581612576286032,17.921154402731634,3.5843574847069966,
f648709e39,180,1001,7007,70.07,340.1635221189166,0.23547224885563464,17.63777491117761,2.125180565481142,
f648709e39,180,1002,7014,70.14,340.00866312425615,0.4254342206874801,17.958543529414236,4.017630126276551,
f648709e39,180,1003,7021,70.21,339.45666549851444,0.48957186983312606,18.040266194844964,3.9898412414082305,
f648709e39,180,1004,7028,70.28,338.3571088203685,0.3608254122686889,18.34722128001272,2.7886108635787634,
f648709e39,180,1005,7035,70.35,337.6907707127739,0.29020431522597845,18.123610236519315,2.8397193146409574,
f648709e39,180,1006,7042,70.42,337.3707332908148,0.17004762082604874,17.9499521897562,1.345035497386785,
f648709e39,180,1007,7049,70.49,337.2746163288312,0.3501515590511848,17.74857433329064,3.517532664360883,
f648709e39,180,1008,7056,70.56,336.7125270121803,0.3254013398108463,17.839173644319306,2.74211417016645,
f648709e39,180,1009,7063,70.63,336.4297294369462,0.3161647914407678,17.759807803075383,2.8787955614460854,
f648709e39,180,1010,7070,70.7,336.0819954431074,0.2890966746766202,17.97613916724704,2.6007800664719825,
f648709e39,180,1011,7077,70.77,335.9698398233293,0.5012755657280737,18.19362177233632,4.059101408018679,
f648709e39,180,1012,7084,70.84,334.93240946954074,0.3614064603218904,17.741672511792704,3.0064197490896594,
f648709e39,180,1013,7091,70.91,334.5761491649444,0.2083846870292394,17.725222421619275,1.2170960868749263,
f648709e39,180,1014,7098,70.98,334.41665208669247,0.3055129530363477,17.127551616038005,2.1109806705283285,
f648709e39,180,1015,7105,71.05,334.0820561332941,0.20560308526471918,17.247409216225737,1.6353495102067592,
f648709e39,180,1016,7112,71.12,333.95077066563124,0.30834928577752596,17.065957714594195,2.165372348440944,
f648709e39,180,1017,7119,71.19,333.7024408186437,0.22188995078310697,17.215772365669356,1.3615278852464119,
f648709e39,180,1018,7126,71.26,333.54613938436256,0.3439542127357605,17.00862433308751,2.6714918456048236,
f648709e39,180,1019,7133,71.33,333.4257979331006,0.3721900517694261,17.48722460366289,2.3376052063175514,
f648709e39,180,1020,7140,71.4,333.1902623291018,0.32938912519008146,17.818018292360655,0.47024100851220385,
f648709e39,180,1021,7147,71.47,333.00564991068654,0.6509101504234263,17.841330269762025,5.574684611064015,
f648709e39,180,1022,7154,71.54,331.00206922259446,0.19205335137485413,16.351434280842543,1.636486436528071,
f648709e39,180,1023,7161,71.61,330.9114918570196,0.4301148102772263,16.54488130460937,4.082245594258107,
f648709e39,180,1024,7168,71.68,330.173374285876,0.3345934372257981,17.264377147469073,2.9799093280998576,
f648709e39,180,1025,7175,71.75,329.7936916813886,0.5049973938589687,16.439487056426767,4.89098548015609,
f648709e39,180,1026,7182,71.82,329.15446680349663,0.3889221722690602,18.15859786387088,1.5201926023359102,
f648709e39,180,1027,7189,71.89,328.7724234463693,0.5101662306006222,16.114462625357955,4.509058505812647,
f648709e39,180,1028,7196,71.96,327.50572783671817,0.3788146503403857,16.315656867383755,3.0986474505873294,
f648709e39,180,1029,7203,72.03,326.81900857370294,0.5176183037681278,16.141155906784366,4.93299143893198,
f648709e39,180,1030,7210,72.1,325.6847743017227,0.36150472678804074,17.432484516556066,2.432183172622288,
f648709e39,180,1031,7217,72.17,325.28341964718743,0.19432778275596382,16.53444633350965,1.0787408791342075,
f648709e39,180,1032,7224,72.24,325.1385421351361,0.2306566931163171,16.598074238802916,2.2764239372257795,
f648709e39,180,1033,7231,72.31,324.95233980034175,0.41030418329451185,15.940929156577122,3.5916484283921255,
f648709e39,180,1034,7238,72.38,324.1198042271512,0.26247407987911187,16.98025764310968,2.123579084839884,
f648709e39,180,1035,7245,72.45,323.82470595852004,0.23568472206387833,16.696490043630835,2.0874208093380346,
f648709e39,180,1036,7252,72.52,323.54170444656927,0.29162670961577714,17.02579710020154,2.965114298598085,
f648709e39,180,1037,7259,72.59,323.14208677642796,0.2992974611872579,17.515976925351936,2.4185390643889804,
f648709e39,180,1038,7266,72.66,322.71956202649073,0.4240632150043969,16.766112011583186,4.161891234972081,
f648709e39,180,1039,7273,72.73,322.03123539429635,0.3912462062845046,18.00635897460752,3.363542715100536,
f648709e39,180,1040,7280,72.8,321.4604505883401,0.3060137027708166,16.527311020608654,2.492158897198025,
f648709e39,180,1041,7287,72.87,321.1086056181189,0.12258183494654215,16.642319653775647,0.5194934646915657,
f648709e39,180,1042,7294,72.94,321.05505922459605,0.17040351299930287,16.6415232433484,0.6007084849735045,
f648709e39,180,1043,7301,73.01,320.9843460235093,0.15005194678440845,16.684583575979453,0.4806974110102304,
f648709e39,180,1044,7308,73.08,320.89827697527096,0.2560681634761318,16.611466367661674,2.3763758410517615,
f648709e39,180,1045,7315,73.15,320.58895600294755,0.3026796244714896,16.763713001757466,2.825199279074788,
f648709e39,180,1046,7322,73.22,320.2416579910071,0.45401853971357015,16.327031415771945,2.095707319844395,
f648709e39,180,1047,7329,73.29,320.2349528845584,0.3985970857529901,17.235053457878454,3.310205755149397,
f648709e39,180,1048,7336,73.36,319.44026770535316,0.7127210287815443,17.123138110100967,1.9864257473851927,
f648709e39,180,1049,7343,73.43,319.1977617988562,0.4849251770437675,18.52377000942063,2.264136977537166,
f648709e39,180,1050,7350,73.5,318.338775502221,0.510458663427609,16.51327242218562,4.102356592721934,
f648709e39,180,1051,7357,73.57,317.29150067206353,0.24976003181844317,15.608959348809899,1.2993952798635953,
f648709e39,180,1052,7364,73.64,317.00289134811084,0.12749846508259216,15.223403958419425,0.49730581475547747,
f648709e39,180,1053,7371,73.71,316.93103376609554,0.1942895638215296,15.095879380907638,1.9570675859655504,
f648709e39,180,1054,7378,73.78,316.8008977948365,0.17600229784969218,15.06062167056483,1.6137750711957435,
f648709e39,180,1055,7385,73.85,316.7056382609473,0.23589745885687993,15.179983784905314,1.9293762968649582,
f648709e39,180,1056,7392,73.92,316.45854996056244,0.2061117204743245,14.750308581687381,1.4026626710430874,
f648709e39,180,1057,7399,73.99,316.25140421573616,0.1941672845375943,14.976719462360137,1.9058655256362038,
f648709e39,180,1058,7406,74.06,316.1080115025464,0.9565612087237928,15.06511335553799,4.5011649162526055,
f648709e39,180,1059,7413,74.13,315.9432364197092,0.47395523740213985,16.75692415950606,1.8315594392428154,
f648709e39,180,1060,7420,74.2,314.8867640695487,0.2485762766102391,14.656566378362527,2.255945503100647,
f648709e39,180,1061,7427,74.27,314.580102400039,0.46320817571850903,14.757210317562079,4.443883450682502,
f648709e39,180,1062,7434,74.34,313.55128958773906,0.2570074855295718,15.70917498748383,2.2792531521408392,
f648709e39,180,1063,7441,74.41,313.31059290535995,0.2583086567835394,15.555848376025493,1.3848009214594759,
f648709e39,180,1064,7448,74.48,313.0790089903404,0.2232594385781549,15.547558471985637,1.7048549740109373,
f648709e39,180,1065,7455,74.55,312.84985080073005,0.17775835497933348,14.9946744940688,1.6990327362107402,
f648709e39,180,1066,7462,74.62,312.69027928225063,0.5000656947193148,15.077264466610318,4.810690188392448,
f648709e39,180,1067,7469,74.69,311.7089121432952,0.3545079068257931,17.474227838313325,2.854068187060774,
f648709e39,180,1068,7476,74.76,311.30005497117907,0.29767905915664644,15.727767919563929,2.065594820098149,
f648709e39,180,1069,7483,74.83,311.03459369663284,0.4128264435717633,15.59573832247316,3.22212902176637,
f648709e39,180,1070,7490,74.9,310.1700196621062,0.32071671832139736,16.211152487448008,2.3028922855478386,
f648709e39,180,1071,7497,74.97,309.75699014600724,0.4176523368517738,16.52349102267375,4.229064803782584,
f648709e39,180,1072,7504,75.04,308.9746145935649,0.3304963138830959,16.57833296111206,2.6562821901223006,
f648709e39,180,1073,7511,75.11,308.52300535037267,0.3364014692004464,16.28481808880187,2.15645889382151,
f648709e39,180,1074,7518,75.18,308.1104494219699,0.9965083577241493,16.040356893829703,4.980585184492904,
f648709e39,180,1075,7525,75.25,307.81284474309564,0.5625975611226198,17.00230542718644,2.7745188380643486,
f648709e39,180,1076,7532,75.32,306.2814889331397,0.2149676271935514,14.653154827059764,1.4566220284841607,
f648709e39,180,1077,7539,75.39,306.06245407195206,0.2171267327921186,14.544872126288269,2.076781599534368,
f648709e39,180,1078,7546,75.46,305.8549870225585,0.10699936393833122,14.337123658090643,1.0335510359049964,
f648709e39,180,1079,7553,75.53,305.8034745739562,0.2263501303159477,14.141729302236799,2.307004108090145,
f648709e39,180,1080,7560,75.6,305.56679682127094,0.17097960768753148,14.239633467495917,1.723445142762772,
f648709e39,180,1081,7567,75.67,305.43338893146415,0.20544700897770088,13.899649027601964,2.01470018377201,
f648709e39,180,1082,7574,75.74,305.2656942114593,0.27463134540008044,13.852947536526896,2.2560148185605478,
f648709e39,180,1083,7581,75.81,304.8993376670197,0.17522354414502636,13.919653788324016,1.6316050340639803,
f648709e39,180,1084,7588,75.88,304.7933473148673,0.23527296675639175,13.667716953208737,2.006460056058038,
f648709e39,180,1085,7595,75.95,304.57730731638776,0.12997505786097746,13.737389297928889,1.1509835310410195,
f648709e39,180,1086,7602,76.02,304.5108387443262,0.39127677738166516,13.5227745149499,1.9742420661862035,
f648709e39,180,1087,7609,76.09,303.8703272451076,0.2433429580367965,14.213048375019651,2.127942713472037,
f648709e39,180,1088,7616,76.16,303.6758183967022,0.23131251107441494,13.902982470056699,2.0668502023160285,
f648709e39,180,1089,7623,76.23,303.4416772836696,0.19740693740955362,13.701535721532395,0.5220827547951632,
f648709e39,180,1090,7630,76.3,303.28411815157375,0.16730804467028745,13.441583239366777,1.3632373858249847,
f648709e39,180,1091,7637,76.37,303.1827865064928,0.18593869515449207,13.27039778365899,1.7700379362239889,
f648709e39,180,1092,7644,76.44,303.0341028230386,0.3281375424143618,13.2051196580628,2.6660684221175193,
f648709e39,180,1093,7651,76.51,302.57208366023036,0.15040135370194319,13.567336962011954,0.6749345735790636,
f648709e39,180,1094,7658,76.58,302.50737868391434,0.45561810155543586,13.16380004043813,1.3964219511420874,
f648709e39,180,1095,7665,76.65,302.50590781644524,0.329631709550894,14.43073623633594,2.0359787949279156,
f648709e39,180,1096,7672,76.72,302.0467370206487,0.3332775162542705,13.233544921702936,2.3747073614217338,
f648709e39,180,1097,7679,76.79,301.61156129418765,0.1672041710551385,14.25860867745438,1.497933651867676,
f648709e39,180,1098,7686,76.86,301.5011603280654,0.461711669100621,13.608282871110132,3.568169838280701,
f648709e39,180,1099,7693,76.93,300.5170805067932,0.2373087450394021,13.159789440086728,0.6487670699568439,
f648709e39,180,1100,7700,77.0,300.3028717978889,0.10180225189452138,12.888096818084456,0.7602331831843196,
f648709e39,180,1101,7707,77.07,300.26246256110943,0.2794669703446411,12.84318582585016,2.3139857418566145,
f648709e39,180,1102,7714,77.14,300.0017390637776,0.2826806701746923,12.389278575278453,2.310689923823115,
f648709e39,180,1103,7721,77.21,299.7050257654017,0.3723804871598567,12.204480280180006,3.0721411568528056,
f648709e39,180,1104,7728,77.28,299.0193320436493,0.20489799117755306,12.339712526521797,1.6767194202413114,
f648709e39,180,1105,7735,77.35,298.84318399432044,0.17387457441166013,12.190180179981553,0.7020495199136148,
f648709e39,180,1106,7742,77.42,298.69111230258346,0.20141691300214148,11.912921652208015,1.9385643553937038,
f648709e39,180,1107,7749,77.49,298.5249764304847,0.3170541141340837,11.962037771275785,2.403385339070226,
f648709e39,180,1108,7756,77.56,298.03299224794875,0.15985163845023093,12.45298607075111,0.9283961435378982,
f648709e39,180,1109,7763,77.63,297.92971079492287,0.12392938387288185,12.559300663743478,0.5170881870144299,
f648709e39,180,1110,7770,77.7,297.87012347572625,0.3088735209090309,12.253149817598796,1.4224677133830503,
f648709e39,180,1111,7777,77.77,297.8511740178318,0.27446409642657055,12.709589358103623,1.9681630798293857,
f648709e39,180,1112,7784,77.84,297.6549915540419,0.22268182671683442,12.806315638382536,1.6418491425640938,
f648709e39,180,1113,7791,77.91,297.4521256048569,0.15502458568366723,12.534826127213018,0.47233818267150157,
f648709e39,180,1114,7798,77.98,297.3598925824544,0.305504544798984,12.521787977093695,2.9330455274203864,
f648709e39,180,1115,7805,78.05,297.09848922513305,0.24984563381018743,13.284918812926342,1.6140699229358408,
f648709e39,180,1116,7812,78.12,296.99546792656855,0.30820818990561694,12.700809839347917,2.116334244726672,
f648709e39,180,1117,7819,78.19,296.88571763894265,0.3949156032047155,14.282653781608893,3.0926225392996,
f648709e39,180,1118,7826,78.26,296.52763738462346,0.1600028905467264,12.422185499522822,1.550324226153483,
f648709e39,180,1119,7833,78.33,296.2675503284002,0.14548823149684303,12.433066196049232,1.353290094950138,
f648709e39,180,1120,7840,78.4,296.2134049844006,0.1569422734661976,12.245603794915546,1.2728738796091534,
f648709e39,180,1121,7847,78.47,296.09774562005913,0.61401224058144,12.099111566908359,2.128981915079768,
f648709e39,180,1122,7854,78.54,295.97142640075015,0.5169568372942904,13.838159003914772,3.691441202998229,
f648709e39,180,1123,7861,78.61,295.04341335165697,0.2677902487829554,12.454063398470103,1.9550016645311785,
f648709e39,180,1124,7868,78.68,294.8075571953447,0.6670491743147751,12.033777938333001,3.0100934706195748,
f648709e39,180,1125,7875,78.75,294.75801398015034,0.45782711068613846,14.234877629732594,2.928950894929263,
f648709e39,180,1126,7882,78.82,294.27214940524726,0.4309563373063522,13.281999776468322,3.468483023033255,
f648709e39,180,1127,7889,78.89,293.64372351169567,0.3638839096458153,11.998955647695622,3.3603097083254982,
f648709e39,180,1128,7896,78.96,293.1552815683331,0.276232277438677,12.074256680813528,2.639371219281118,
f648709e39,180,1129,7903,79.03,292.86387844524114,0.27809512755308896,11.458796315348451,2.584057699710741,
f648709e39,180,1130,7910,79.1,292.652982958184,0.22136646749531758,11.529543965826072,0.9201658229145391,
f648709e39,180,1131,7917,79.17,292.43604206912283,0.2662318056757555,11.063639248918879,1.1754934085195636,
f648709e39,180,1132,7924,79.24,292.429604150009,0.264413001923009,12.324890592140285,0.67221523559734,
f648709e39,180,1133,7931,79.31,292.0963766602371,0.28913733773072064,11.62067223197826,2.8758886797130656,
f648709e39,180,1134,7938,79.38,291.7428698171219,0.2551574256394388,12.403538810762846,2.4920989675448983,
f648709e39,180,1135,7945,79.45,291.49082355423434,0.20637109028158965,11.65922743955938,1.085078033755863,
f648709e39,180,1136,7952,79.52,291.3448472803424,0.3242013416150557,11.7212441925341,2.886247070303605,
f648709e39,180,1137,7959,79.59,290.8646223028631,0.25337291406067963,11.42537460439492,2.239620856973159,
f648709e39,180,1138,7966,79.66,290.6250216028211,0.19865442673397862,12.016349705613347,1.6188264335203966,
f648709e39,180,1139,7973,79.73,290.47669776161064,0.3346067049542149,12.025445612700898,1.3719530566052114,
f648709e39,180,1140,7980,79.8,289.9937698113804,0.31397320437237913,11.724453991171208,2.4428479675649126,
f648709e39,180,1141,7987,79.87,289.6856351541244,0.3407811187633082,11.231246045062697,3.2006188117530603,
f648709e39,180,1142,7994,79.94,289.33331187512727,0.3076973186649553,11.626304010031014,2.675938944005639,
f648709e39,180,1143,8001,80.01,289.0290550028687,0.26017847788984927,11.025167572064106,2.434450845270958,
f648709e39,180,1144,8008,80.08,288.78600963584836,0.22841867625686557,11.18832372330306,2.190077143574659,
f648709e39,180,1145,8015,80.15,288.64979579477847,0.2962836621397457,11.619306859789821,2.55870126940484,
f648709e39,180,1146,8022,80.22,288.28695686104766,0.500808571206174,10.868243940767506,1.9236462140719854,
f648709e39,180,1147,8029,80.29,288.05234408686437,0.2540499121734421,12.757906292216138,1.8191188897817878,
f648709e39,180,1148,8036,80.36,287.818932745459,0.3097587582953424,11.786435763428024,1.480098222092521,
f648709e39,180,1149,8043,80.43,287.55235616307795,0.2413872414143897,12.155998766733674,1.9636375048517065,
f648709e39,180,1150,8050,80.5,287.31578652897866,0.08685766079539256,11.544209742194072,0.46039877780330674,
f648709e39,180,1151,8057,80.57,287.289114918635,0.1777184776691284,11.640913959818997,1.756633095837444,
f648709e39,180,1152,8064,80.64,287.1393256443155,0.17775130023035918,11.181715755347337,1.692885732852483,
f648709e39,180,1153,8071,80.71,287.01384077212646,0.17911376773919588,11.070378147416767,1.4711404954030223,
f648709e39,180,1154,8078,80.78,286.8846212753466,0.1910565783424587,11.188108566417258,1.5822592302890532,
f648709e39,180,1155,8085,80.85,286.75728119313413,0.11027104357236955,10.919362739857544,0.9375167843808191,
f648709e39,180,1156,8092,80.92,286.7083638102363,0.09543504797421334,10.970444717888451,0.6667338320172556,
f648709e39,180,1157,8099,80.99,286.67254013341767,0.30010297847694756,11.03832527749002,1.9214130961664162,
f648709e39,180,1158,8106,81.06,286.289207230941,0.2044214097609854,11.02551335005795,0.7159405843509936,
f648709e39,180,1159,8113,81.13,286.27542008544697,0.18451309378697694,10.881422988887458,1.666631321451181,
f648709e39,180,1160,8120,81.2,286.15996478717426,0.2552038097600277,11.139880501561315,2.13974590351413,
f648709e39,180,1161,8127,81.27,285.9155028124473,0.2156188906282057,11.07405224955874,1.9970197345951237,
f648709e39,180,1162,8134,81.34,285.6791340680581,0.2508814741406528,11.443444710527038,2.4572800531998937,
f648709e39,180,1163,8141,81.41,285.4042916715358,0.3145000956729767,11.606811328780582,1.413813493332498,
f648709e39,180,1164,8148,81.48,285.3779931076647,0.2890881455969308,11.242275016472435,1.8970437858150064,
f648709e39,180,1165,8155,81.55,284.962602280163,0.36213960636907394,10.695689434971204,1.3783072233350466,
f648709e39,180,1166,8162,81.62,284.9399188038529,0.2640738157023656,11.44131610947694,1.7366095436455375,
f648709e39,180,1167,8169,81.69,284.62894198072496,0.21236386920762604,11.03820005528203,1.892624406326449,
f648709e39,180,1168,8176,81.76,284.4172578994942,0.42195665777566227,10.943422054439923,0.9282019724744266,
f648709e39,180,1169,8183,81.83,284.41181633589116,0.2929871434622833,12.321744424456357,1.6869273840132142,
f648709e39,180,1170,8190,81.9,284.0538791407429,0.13896044688040418,10.848750054117758,1.061347850936133,
f648709e39,180,1171,8197,81.97,283.9677170558036,0.2575262764461189,11.04021639315214,1.2015753076640847,
f648709e39,180,1172,8204,82.04,283.94543666417957,0.24625308456941047,11.515876173994247,1.6781090828053509,
f648709e39,180,1173,8211,82.11,283.6519006018449,0.12603683130435064,10.967126080804292,1.1635227844267468,
f648709e39,180,1174,8218,82.18,283.5759815845373,0.15615779152911546,10.84640835516444,0.7198595945753254,
f648709e39,180,1175,8225,82.25,283.567337678189,0.2870015667583962,10.970817805081412,2.3924449026329944,
f648709e39,180,1176,8232,82.32,283.1985809869225,0.24469442810711114,10.970886924537554,2.2069167303530963,
f648709e39,180,1177,8239,82.39,282.8983418512882,0.12520645068881597,10.839193896566517,1.1419215824661022,
f648709e39,180,1178,8246,82.46,282.8219434538788,0.48052540657495973,11.14934388905857,2.3413165019784308,
f648709e39,180,1179,8253,82.53,282.689236236798,0.2440269331255011,11.94343164876634,1.2402048468622,
f648709e39,180,1180,8260,82.6,282.38933430061206,0.13609088240817335,11.49199751433395,1.2226093469637134,
f648709e39,180,1181,8267,82.67,282.3079052718338,0.21212178965432238,11.210473503229196,2.105094935755166,
f648709e39,180,1182,8274,82.74,282.1453598167823,0.2473699440914344,11.294706166222154,2.127671895271018,
f648709e39,180,1183,8281,82.81,281.89005062006333,0.19960911403368758,11.003707871281073,0.8678220027826616,
f648709e39,180,1184,8288,82.88,281.8893585458714,0.27224295673312787,10.951382267315122,0.562219745301942,
f648709e39,180,1185,8295,82.95,281.87128132695415,0.3253795158914133,11.180472716245333,2.8341258650724197,
f648709e39,180,1186,8302,83.02,281.4311946154685,0.31032117054213676,10.663728110222012,2.462380715973378,
f648709e39,180,1187,8309,83.09,281.12184657321205,0.27777324969880196,10.378275302658002,1.9983733182853505,
f648709e39,180,1188,8316,83.16,280.8737906688783,0.43230768194482194,10.147488634976211,1.3522464864082606,
f648709e39,180,1189,8323,83.23,280.8625803478104,0.3169824167651954,10.845005964954753,1.3030857352468104,
f648709e39,180,1190,8330,83.3,280.6443678516875,0.24916334480592273,10.488560297531732,1.8120815997728514,
f648709e39,180,1191,8337,83.37,280.5362292083415,0.33084168763526883,10.347301524356743,2.225391379486673,
f648709e39,180,1192,8344,83.44,280.02020033524053,0.1970429323491319,10.155527977602825,0.8714618893939907,
f648709e39,180,1193,8351,83.51,279.84687701381245,0.1855592847745831,10.25843572781975,1.6492262582654438,
f648709e39,180,1194,8358,83.58,279.74560949806306,0.2870120512542286,9.979336264848666,2.8006466056588453,
f648709e39,180,1195,8365,83.65,279.3854366693846,0.12637964641069338,10.36379736248634,0.5722092642293295,
f648709e39,180,1196,8372,83.72,279.34188131430653,0.2519855568366401,10.128310363224557,1.8392293192014755,
f648709e39,180,1197,8379,83.79,279.0281994009258,0.18724682848965019,10.892557189759968,1.6668226438507192,
f648709e39,180,1198,8386,83.86,278.8978959819916,0.19345304210919126,10.714348746929021,1.3602982505032741,
f648709e39,180,1199,8393,83.93,278.7476209620907,0.31153960003181386,10.965059130503011,2.67402053076041,
f648709e39,180,1200,8400,84.0,278.3412915665795,0.1264136337997046,10.827085533230052,0.2145871488496691,
f648709e39,180,1201,8407,84.07,278.2692656505148,0.24487036924711333,10.61706981031172,1.6842229107382178,
f648709e39,180,1202,8414,84.14,278.0637486652594,0.15436686014871975,10.64906786191139,1.206115254203976,
f648709e39,180,1203,8421,84.21,277.96735234211144,0.1690873055109241,10.25730649258093,0.7527991867677813,
f648709e39,180,1204,8428,84.28,277.86931500457786,0.1341010205526334,10.600067603450029,0.8030421923953693,
f648709e39,180,1205,8435,84.35,277.80017418345585,0.17280072785255604,10.257961103935635,1.54869633302939,
f648709e39,180,1206,8442,84.42,277.6922831711717,0.1299459187153128,10.902065958599692,0.7781960022698555,
f648709e39,180,1207,8449,84.49,277.6110872838703,0.5493838482306165,10.703813403433005,2.7815031096557545,
f648709e39,180,1208,8456,84.56,277.4638084659622,0.24961589032537432,11.298872256905325,0.6630071175867251,
f648709e39,180,1209,8463,84.63,277.18008188777486,0.11385493025354958,10.762782922716465,0.6232500355424928,
f648709e39,180,1210,8470,84.7,277.1172914082566,0.16303168696391143,10.518988482534432,1.4661867009185263,
f648709e39,180,1211,8477,84.77,276.99102432874787,0.1417488806633942,10.502446032681503,1.2562105722550392,
f648709e39,180,1212,8484,84.84,276.8920347900627,0.1340105966337862,10.171756283350916,0.9510119151973875,
f648709e39,180,1213,8491,84.91,276.81414566644736,0.17604794507057347,10.168417786783035,1.4632190202108943,
f648709e39,180,1214,8498,84.98,276.68029207306796,0.18764086170145544,10.125624981834072,1.4975523355973017,
f648709e39,180,1215,8505,85.05,276.5502394342472,0.22762659511109518,9.995272883619467,2.2811629012172094,
f648709e39,180,1216,8512,85.12,276.3305972153511,0.18254712455577665,9.723598565270631,1.0154380502133524,
f648709e39,180,1217,8519,85.19,276.16142319927474,0.16527819571553118,9.791244639162704,0.3055045185563957,
f648709e39,180,1218,8526,85.26,276.03032770257005,0.14463902178524474,9.836566470886078,1.3942189381858834,
f648709e39,180,1219,8533,85.33,275.92797680241597,0.24550997803509025,9.828200254444813,2.303429286230927,
f648709e39,180,1220,8540,85.4,275.62648671759825,0.2950362507978921,9.958582075677597,2.9447355025710262,
f648709e39,180,1221,8547,85.47,275.33224543247815,0.3098900023483069,10.770961063921279,1.9067242760775418,
f648709e39,180,1222,8554,85.54,274.9400866118716,0.2236518866964233,9.130013040652486,2.0014687027986513,
f648709e39,180,1223,8561,85.61,274.68568040582903,0.10956447680932954,9.396587970185566,0.8244779546646016,
f648709e39,180,1224,8568,85.68,274.62983655993656,0.10202376847555576,9.264696015658997,0.960264504185253,
f648709e39,180,1225,8575,85.75,274.5892572385612,0.4333413567994534,9.55083514665888,4.043471959728524,
f648709e39,180,1226,8582,85.82,274.11547649268215,0.3148286940442009,9.726454931115184,2.0393897435111814,
f648709e39,180,1227,8589,85.89,273.9120330391219,0.24247557629969188,9.2846592163363,1.3699717918624097,
f648709e39,180,1228,8596,85.96,273.69624686426874,0.14801976160280775,9.450529303931102,0.4232631872858676,
f648709e39,180,1229,8603,86.03,273.6387933507282,0.11893351236772214,9.356210361879189,0.9212985515625846,
f648709e39,180,1230,8610,86.1,273.59390109191213,0.0996496322380905,9.550771719918883,0.8131256554142849,
f648709e39,180,1231,8617,86.17,273.55948749285136,0.13766495713801033,9.578096712439418,0.6690729307919357,
f648709e39,180,1232,8624,86.24,273.48072838619345,0.1846384334042399,9.443884341752078,1.6893154913797666,
f648709e39,180,1233,8631,86.31,273.34940106101516,0.2756262707246652,9.724818767418798,2.681221337889277,
f648709e39,180,1234,8638,86.38,273.05066270954757,0.18655401868941376,8.944180593709184,1.5659878621220122,
f648709e39,180,1235,8645,86.45,272.9132050546875,0.24031137457956253,8.90390940002492,1.8554071920622,
f648709e39,180,1236,8652,86.52,272.68629470109033,0.1564320291835565,9.045255572490753,1.1746856724694348,
f648709e39,180,1237,8659,86.59,272.5915699211969,0.09088743288921171,8.959703916185555,0.792102014022353,
f648709e39,180,1238,8666,86.66,272.5493339257151,0.29635574070470666,8.964778094762067,1.089430308670531,
f648709e39,180,1239,8673,86.73,272.4850132302303,0.21042413829197473,9.112879728215164,1.3803889444594009,
f648709e39,180,1240,8680,86.8,272.2634222774301,0.5507103530054501,9.129649679027262,2.066661132726753,
f648709e39,180,1241,8687,86.87,272.1265075232288,0.3257677558285914,9.724612161120504,1.8939608718548822,
f648709e39,180,1242,8694,86.94,271.6999532527398,0.16243230243938261,9.716729311109145,1.5834650969184865,
f648709e39,180,1243,8701,87.01,271.5807218130573,0.24292666077239797,9.097180456637892,2.4398194806217495,
f648709e39,180,1244,8708,87.08,271.3224206114204,0.14259133039480426,8.858844874906588,1.2739172182701795,
f648709e39,180,1245,8715,87.15,271.22661660433675,0.17144781732071437,9.15940446470554,1.7318978235588915,
f648709e39,180,1246,8722,87.22,271.11443759459326,0.19596399478347168,8.78629061843412,1.1713210850134008,
f648709e39,180,1247,8729,87.29,270.95916077343855,0.30724538061040524,9.298574179008217,0.4132350378066007,
f648709e39,180,1248,8736,87.36,270.9522151401581,0.25669130687686414,9.594538154080498,1.5431581105124395,
f648709e39,180,1249,8743,87.43,270.77476819016414,0.21001488613937008,10.051595942321391,1.625017934643946,
f648709e39,180,1250,8750,87.5,270.57516991422256,0.20453375096295803,9.220856196164421,2.017962970543912,
f648709e39,180,1251,8757,87.57,270.41400625920056,0.12038807086641755,8.89970711036151,1.0358389279962301,
f648709e39,180,1252,8764,87.64,270.36162735700174,0.0928007130963031,8.768647506625745,0.7831253060751382,
f648709e39,180,1253,8771,87.71,270.3304028949648,0.2629098280148148,8.681137453226949,2.048094772715706,
f648709e39,180,1254,8778,87.78,270.0121846137241,0.13369496180612847,8.907354440735626,0.6944319544290879,
f648709e39,180,1255,8785,87.85,269.9591454335183,0.20092666260993639,8.607172813233035,1.655828846879312,
f648709e39,180,1256,8792,87.92,269.7527915673458,0.12264312034726789,8.496542601194703,0.5768793635414335,
f648709e39,180,1257,8799,87.99,269.6869176482667,0.17189734132048018,8.55342363446689,1.543532389711527,
f648709e39,180,1258,8806,88.06,269.5594858838488,0.25757500213105505,8.916031852059405,1.2574959774102445,
f648709e39,180,1259,8813,88.13,269.5427326674525,0.2400524660955185,8.986963665855136,1.2651704851571475,
f648709e39,180,1260,8820,88.2,269.24768887936824,0.13124438145175465,8.4768470691551,0.40962716406727484,
f648709e39,180,1261,8827,88.27,269.172644254438,0.06992010751112303,8.443303712086102,0.5789531137048155,
f648709e39,180,1262,8834,88.34,269.15159115839845,0.160739869746906,8.384691594076637,1.6334093270041188,
f648709e39,180,1263,8841,88.41,269.0964304836657,0.22140196133133322,8.34822364890443,1.8599236455548152,
f648709e39,180,1264,8848,88.48,268.98274009884733,0.15308812784336417,8.366036036196396,0.7063338976100588,
f648709e39,180,1265,8855,88.55,268.9191682794484,0.20424180854645704,8.209409366133723,1.1043257711589276,
f648709e39,180,1266,8862,88.62,268.7157829389221,0.1061396630400811,8.246057152903633,0.3316261562803283,
f648709e39,180,1267,8869,88.69,268.67198630753893,0.46970462036796784,8.430117075756826,2.333504715883033,
f648709e39,180,1268,8876,88.76,268.6100940980365,0.246770873892752,9.216356214195399,1.5592579323488487,
f648709e39,180,1269,8883,88.83,268.3035713731949,0.12604835536315573,8.036235394113191,1.1308115537644374,
f648709e39,180,1270,8890,88.9,268.2317972989059,0.13104364278073435,8.012467472896786,0.5592212183272546,
f648709e39,180,1271,8897,88.97,268.2296242508415,0.21313411579732927,8.161620096987518,1.9876498644940952,
f648709e39,180,1272,8904,89.04,268.11787645188343,0.17012945477678365,8.350037520549211,1.09563078952367,
f648709e39,180,1273,8911,89.11,268.0568588742888,0.13915708024843249,8.11817744185525,0.6790760863782881,
f648709e39,180,1274,8918,89.18,267.99162673532743,0.1554474891840996,8.038103880510674,1.4258389121067554,
f648709e39,180,1275,8925,89.25,267.90298799260495,0.17830235352766552,7.837113096612043,1.4810421794208068,
f648709e39,180,1276,8932,89.32,267.8103546877401,0.16314380122134833,8.363355686997325,1.2480568552009619,
f648709e39,180,1277,8939,89.39,267.71896935840823,0.27161817831429064,7.918554007129059,2.5501982938003827,
f648709e39,180,1278,8946,89.46,267.4478590846645,0.28488538700335253,8.60900560790406,2.463930581012038,
f648709e39,180,1279,8953,89.53,267.0623514330931,0.16930588077266792,7.853049002738416,1.1991340150707792,
f648709e39,180,1280,8960,89.6,266.9438169996773,0.10758004473365967,8.25238234992941,0.8878704537161732,
f648709e39,180,1281,8967,89.67,266.8887709096415,0.11152605665652679,8.36618203634666,1.0455948696249122,
f648709e39,180,1282,8974,89.74,266.83234107523685,0.09179584105785166,8.27108370334691,0.8694335146760176,
f648709e39,180,1283,8981,89.81,266.7960779804252,0.18997469381378784,8.260702070195165,1.8685818466718962,
f648709e39,180,1284,8988,89.88,266.6501989713136,0.23306279801299984,8.685135343493377,1.2843540718872852,
f648709e39,180,1285,8995,89.95,266.4005398724696,0.13713294539735257,8.167048596996992,0.2886538524375425,
f648709e39,180,1286,9002,90.02,266.3125546874805,0.07173391079323643,8.11899259623887,0.39966692300997775,
f648709e39,180,1287,9009,90.09,266.3000499061819,0.2023515364868561,8.020264001968055,1.6701205045134397,
f648709e39,180,1288,9016,90.16,266.0997779285577,0.04983717453508751,7.9313543514909846,0.31904993001000437,
f648709e39,180,1289,9023,90.23,266.0914497393102,0.18201041890891692,7.814303468310028,1.4884827456092744,
f648709e39,180,1290,9030,90.3,265.923665170357,0.1662962237917492,7.948838460307352,1.5765709407403075,
f648709e39,180,1291,9037,90.37,265.81803336764006,0.09409580470062545,7.848531434364658,0.6210557464685895,
f648709e39,180,1292,9044,90.44,265.7983243440458,0.19648493467106182,7.920065910702971,1.7011827327492228,
f648709e39,180,1293,9051,90.51,265.6185128410928,0.1772005237883052,7.908744272164207,1.6515208484326613,
f648709e39,180,1294,9058,90.58,265.4964070540121,0.16041296088956197,7.571331378058892,1.3697294829205309,
f648709e39,180,1295,9065,90.65,265.3838789155057,0.07511382046204053,7.771508396386789,0.6648911246497319,
f648709e39,180,1296,9072,90.72,265.3633914776769,0.18442142110436027,7.759902158630523,0.7784809926267994,
f648709e39,180,1297,9079,90.79,265.3538745659122,0.20553099760275698,7.7553686037065654,1.758428962412358,
f648709e39,180,1298,9086,90.86,265.1722537387155,0.09845199401289423,7.3735389666475974,0.41613203341411836,
f648709e39,180,1299,9093,90.93,265.17050387244734,0.10198060719015056,7.2272265356882235,0.5078375020517564,
f648709e39,180,1300,9100,91.0,265.1177176140088,0.14849994312353096,7.335727730908341,1.4495989711653532,
f648709e39,180,1301,9107,91.07,265.02142493573245,0.32704625401634035,7.427852093335559,1.5486618025799272,
f648709e39,180,1302,9114,91.14,264.9990451143569,0.24284175889790335,8.409288149492534,1.2315788331719737,
f648709e39,180,1303,9121,91.21,264.7901069266129,0.11044872787053246,7.9277732034190596,0.24887295798626244,
f648709e39,180,1304,9128,91.28,264.7421681629801,0.15160753157069784,7.670948993809289,1.1156906783634768,
f648709e39,180,1305,9135,91.35,264.6731805339469,0.1853725072022155,7.932019444680285,1.7631584877036612,
f648709e39,180,1306,9142,91.42,264.5828510749618,0.22607317691403234,8.307088495919437,1.6714368226680498,
f648709e39,180,1307,9149,91.49,264.40297640786815,0.1975570288216337,7.706870662983088,1.6823532049520664,
f648709e39,180,1308,9156,91.56,264.2497791143895,0.11221133723044877,8.222380621683469,0.5327825690300215,
f648709e39,180,1309,9163,91.63,264.20924368707387,0.11665493193315975,8.038452165728886,0.9572275902338473,
f648709e39,180,1310,9170,91.7,264.14324796677977,0.14438557176945013,8.199834901356539,1.057516896308567,
f648709e39,180,1311,9177,91.77,264.05113123150363,0.13056432720699204,7.651142607277579,1.0950428114224915,
f648709e39,180,1312,9184,91.84,263.96431065436144,0.19191777822444483,7.631773620570947,1.9594533790878175,
f648709e39,180,1313,9191,91.91,263.8054108263687,0.10407439949241641,7.064387794549042,0.4025244746472363,
f648709e39,180,1314,9198,91.98,263.7540242621254,0.09526232887976924,7.041705432943,0.8947635441995279,
f648709e39,180,1315,9205,92.05,263.72083819418725,0.2666867596818766,7.058528735932468,2.6085862558947976,
f648709e39,180,1316,9212,92.12,263.4250020598923,0.12068214094118696,7.009404872383186,0.7313817640107954,
f648709e39,180,1317,9219,92.19,263.3631118347707,0.14938336342794584,6.683253478626231,0.8795675384989269,
f648709e39,180,1318,9226,92.26,263.2591771429132,0.09832876447522684,6.775995131877168,0.4439295147563178,
f648709e39,180,1319,9233,92.33,263.21313047873,0.14397517595014772,6.7880843000383955,0.5992576028222317,
f648709e39,180,1320,9240,92.4,263.2055444402258,0.10215813667647364,6.847912902335604,0.17489419143602689,
f648709e39,180,1321,9247,92.47,263.1527113220547,0.20261543072683288,6.809506966445801,1.3397906205622843,
f648709e39,180,1322,9254,92.54,263.00236803853784,0.08291278349092816,6.803075309949332,0.6302556856955329,
f648709e39,180,1323,9261,92.61,262.9782788884575,0.11231517303133311,6.664283191869909,1.0690938723431889,
f648709e39,180,1324,9268,92.68,262.9288149606881,0.34528214362838455,6.600421401360577,1.6232618807617825,
f648709e39,180,1325,9275,92.75,262.8651964454219,0.25825012978327405,7.71962867849923,1.9181151198315383,
f648709e39,180,1326,9282,92.82,262.55562219873,0.10472452438709312,6.882220332826387,0.48202960754522245,
f648709e39,180,1327,9289,92.89,262.5016447428202,0.040193233575085655,7.094437326378855,0.391695786143916,
f648709e39,180,1328,9296,92.96,262.49412399882436,0.3281840390042523,7.070031507575313,1.6123558847381827,
f648709e39,180,1329,9303,93.03,262.446109069753,0.317461010236693,7.984740079958376,0.7196909340698726,
f648709e39,180,1330,9310,93.1,262.37422595606375,0.1741798012521372,7.167112555671479,1.113344656974778,
f648709e39,180,1331,9317,93.17,262.22072989693703,0.21851716076018599,6.840280250498649,0.6276354565202095,
f648709e39,180,1332,9324,93.24,262.19097853690164,0.1836186837891879,7.287907817411474,0.5412879671952997,
f648709e39,180,1333,9331,93.31,262.0408053729329,0.16595613413072233,7.075359311176813,1.5423575761388482,
f648709e39,180,1334,9338,93.38,261.95536337768783,0.13957337244472062,7.274044146927509,1.192335413167526,
f648709e39,180,1335,9345,93.45,261.85614932156227,0.14557976214154766,6.904409917961269,1.0712553773090012,
f648709e39,180,1336,9352,93.52,261.76463804168617,0.052966631160062484,6.9489946468059145,0.3210656687773179,
f648709e39,180,1337,9359,93.59,261.7513281523915,0.33311516699613714,6.849829260238606,1.6842008522034573,
f648709e39,180,1338,9366,93.66,261.68794453626373,0.15885757209414839,7.16239714848114,0.6931540176090134,
f648709e39,180,1339,9373,93.73,261.5750136700793,0.134151754859271,6.772451692288696,1.0442951945273593,
f648709e39,180,1340,9380,93.8,261.50526647441876,0.48308083229706156,6.614937401072398,2.082551800621634,
f648709e39,180,1341,9387,93.87,261.44578693763106,0.2831273736853619,7.851536269941075,1.5727336606160505,
f648709e39,180,1342,9394,93.94,261.12195926361017,0.11100983196850137,6.506397739920102,0.8362931413412683,
f648709e39,180,1343,9401,94.01,261.06612383324705,0.06267047200462533,6.464563228246673,0.5653745528133123,
f648709e39,180,1344,9408,94.08,261.05191462744784,0.16255520697512288,6.484570531072732,0.7112557025490805,
f648709e39,180,1345,9415,94.15,260.9788737314967,0.10097799419520036,6.624444440987889,0.6215714325989597,
f648709e39,180,1346,9422,94.22,260.947445514393,0.07868954187235079,6.512234583463743,0.48354766181605,
f648709e39,180,1347,9429,94.29,260.9244609264169,0.173841333326204,6.568213134901379,1.7534596802410316,
f648709e39,180,1348,9436,94.36,260.81313992033546,0.4150909236154571,6.6307006736648075,1.6954810398048883,
f648709e39,180,1349,9443,94.43,260.8073415495508,0.2601897911604341,7.741703110126305,1.4718215082075505,
f648709e39,180,1350,9450,94.5,260.62948373853396,0.25941822963276223,6.964591486661758,1.4003235756231591,
f648709e39,180,1351,9457,94.57,260.4642019763171,0.20080044833504637,6.858316680622378,0.9996523676263315,
f648709e39,180,1352,9464,94.64,260.31023344781846,0.16262712975259397,6.398920538278185,1.6002526478302739,
f648709e39,180,1353,9471,94.71,260.18075500426954,0.1465760903635605,6.535901488719613,0.595901676673227,
f648709e39,180,1354,9478,94.78,260.07244632004654,0.11463014826226169,6.391010116569302,0.6718497837259187,
f648709e39,180,1355,9485,94.85,260.00575136142197,0.17602911106086974,6.372323519822539,1.277513022971366,
f648709e39,180,1356,9492,94.92,259.8839313321443,0.1340933058379779,6.112782557462699,1.2571553960527853,
f648709e39,180,1357,9499,94.99,259.81926624549936,0.11402311032108373,6.231244185282131,1.0505513463005638,
f648709e39,180,1358,9506,95.06,259.7576864951075,0.1700355040999742,6.290958470087584,1.6094350038634626,
f648709e39,180,1359,9513,95.13,259.62494165774456,0.14024563655431788,6.367921266818854,1.3903306972329987,
f648709e39,180,1360,9520,95.2,259.53046964711757,0.12438840945749371,6.247370657039023,1.1324201400602463,
f648709e39,180,1361,9527,95.27,259.47772709397026,0.0836688414217418,6.21352981890172,0.4655213762582555,
f648709e39,180,1362,9534,95.34,259.4447263791225,0.06634064268734521,6.212889347976105,0.6544251365781983,
f648709e39,180,1363,9541,95.41,259.42534460712545,0.09561707388817119,6.317663279357764,0.9141652923721937,
f648709e39,180,1364,9548,95.48,259.392265035154,0.2997112132105893,6.23991254165606,1.453438060331969,
f648709e39,180,1365,9555,95.55,259.38873332902017,0.1850587900908106,7.313921878479847,0.9757587827193104,
f648709e39,180,1366,9562,95.62,259.2861404584508,0.1816044501774408,6.7119992927543075,1.5389310784820416,
f648709e39,180,1367,9569,95.69,259.19130059389147,0.11811401435043814,6.7588999810400985,0.6592588918341712,
f648709e39,180,1368,9576,95.76,259.13608611493686,0.17557128481682596,6.438810688888514,1.6201682232970187,
f648709e39,180,1369,9583,95.83,259.01501161579887,0.3697388663404155,6.522743250919417,1.5766797209611227,
f648709e39,180,1370,9590,95.9,258.9557457956612,0.21394355288314085,7.085240861279905,1.103577567526368,
f648709e39,180,1371,9597,95.97,258.7432888421402,0.11747675699313133,6.57161788177804,1.0268644535093845,
f648709e39,180,1372,9604,96.04,258.67547089661684,0.16151622295464677,6.48204142223304,1.5071886339148695,
f648709e39,180,1373,9611,96.11,258.54793681103047,0.12235992198521466,7.000372221305964,1.1688810274414225,
f648709e39,180,1374,9618,96.18,258.4788719140238,0.16677790169930173,6.612481933493104,0.8266645027157125,
f648709e39,180,1375,9625,96.25,258.4569693483252,0.1024520769074477,7.094672867459171,0.7301384461589331,
f648709e39,180,1376,9632,96.32,258.40883740516057,0.10389436919663304,6.88013686795444,0.7710552971300896,
f648709e39,180,1377,9639,96.39,258.3665586241187,0.13847882671555656,6.694831180233079,1.3333616820669412,
f648709e39,180,1378,9646,96.46,258.278190411752,0.16727815059373272,6.848885454448708,1.5664550042820442,
f648709e39,180,1379,9653,96.53,258.1606547361558,0.10943405143073688,6.607154556112957,0.9563524786977604,
f648709e39,180,1380,9660,96.6,258.10762438413377,0.11650378769629055,6.57817923095697,0.9095150088762632,
f648709e39,180,1381,9667,96.67,258.0447682586267,0.13099190377459363,6.643101001569629,1.2930924534914445,
f648709e39,180,1382,9674,96.74,257.98143242295833,0.1582310200212749,6.869680458929194,1.3555223577435684,
f648709e39,180,1383,9681,96.81,257.86720937734947,0.07260224018754147,6.376838144295423,0.49340036081425875,
f648709e39,180,1384,9688,96.88,257.8448921061656,0.21106846260631087,6.428458991845351,1.933420583964169,
f648709e39,180,1385,9695,96.95,257.62888558863875,0.07664814377062235,6.114920972827222,0.6275291615325858,
f648709e39,180,1386,9702,97.02,257.6189519682486,0.08303814109245303,6.108457447507503,0.5186675566923961,
f648709e39,180,1387,9709,97.09,257.6016256820408,0.09263055138946268,6.134736987862777,0.810078772393526,
f648709e39,180,1388,9716,97.16,257.57884821502495,0.1257541807695571,6.10552017749535,1.0114499673803476,
f648709e39,180,1389,9723,97.23,257.5099042704594,0.11294647506381436,6.22401807355698,1.0908774579481995,
f648709e39,180,1390,9730,97.3,257.4545238215864,0.18282555970093586,6.221025118703202,1.7920458827234578,
f648709e39,180,1391,9737,97.37,257.3554365361838,0.10746547840622077,6.457050618450885,0.5726942051090502,
f648709e39,180,1392,9744,97.44,257.30293577671995,0.2410602664245683,6.2773852895107085,1.1944339924340335,
f648709e39,180,1393,9751,97.51,257.266930110751,0.3017758430905234,6.913408766781349,1.1292745798356216,
f648709e39,180,1394,9758,97.58,257.24923731160504,0.18664845310972905,6.574862652719928,0.8636944050396745,
f648709e39,180,1395,9765,97.65,257.11888848196156,0.11325066089960971,6.251227895892434,0.9032867047786864,
f648709e39,180,1396,9772,97.72,257.07905204139564,0.26601317198812063,6.156212387809007,1.1768528476454378,
f648709e39,180,1397,9779,97.79,257.06268164406015,0.14164442120949444,6.631857385741217,0.3681891894115388,
f648709e39,180,1398,9786,97.86,256.98328898142404,0.1243200061120039,6.238897702855419,0.5218262934043768,
f648709e39,180,1399,9793,97.93,256.9367250659635,0.130430144318617,6.284884777364573,0.9347986565575686,
f648709e39,180,1400,9800,98.0,256.8642904929479,0.17809160076908115,6.3988904579826595,1.693059785911591,
f648709e39,180,1401,9807,98.07,256.74109423266685,0.120361266693497,6.288561122890424,0.9263101070613196,
f648709e39,180,1402,9814,98.14,256.67643946746944,0.15681791777878817,6.450350333346416,1.3359220555668871,
f648709e39,180,1403,9821,98.21,256.5671757652008,0.09829039040147589,6.042338863688258,0.919036141368159,
f648709e39,180,1404,9828,98.28,256.5285960619267,0.10090157011357334,6.274219498362349,0.885328708480086,
f648709e39,180,1405,9835,98.35,256.48487474427674,0.22608088562267004,6.28593357196525,0.5867404672169042,
f648709e39,180,1406,9842,98.42,256.4828709819939,0.13277319275639177,6.908972177369242,0.7545780878138013,
f648709e39,180,1407,9849,98.49,256.3976966619131,0.12773282325040314,6.262364969640847,1.2431450927561205,
f648709e39,180,1408,9856,98.56,256.3158070664347,0.10515268531326952,6.5908898867602925,0.3573041329899213,
f648709e39,180,1409,9863,98.63,256.26940073489624,0.17759965641865408,6.5980498112365344,1.4622105536016683,
f648709e39,180,1410,9870,98.7,256.13075465426726,0.07830170075653489,6.422082756598821,0.7395609494993407,
f648709e39,180,1411,9877,98.77,256.1046206189174,0.17691373164792829,6.556739821506409,0.8614563519303521,
f648709e39,180,1412,9884,98.84,256.1038721221745,0.30369429118101,6.2803797497042515,1.1500710197819932,
f648709e39,180,1413,9891,98.91,256.06798720077114,0.1615160605171366,6.716679240105517,0.6382369491962826,
f648709e39,180,1414,9898,98.98,255.93558929968876,0.12389707211431258,6.222886182645485,1.0436938588488995,
f648709e39,180,1415,9905,99.05,255.86382455256202,0.13772562061096205,6.332198682827993,0.8773908483236318,
f648709e39,180,1416,9912,99.12,255.7950025013988,0.13326330994094174,6.425903054776435,0.6854369800960962,
f648709e39,180,1417,9919,99.19,255.7408989465679,0.09435848772134507,6.096272565589562,0.7212467026197739,
f648709e39,180,1418,9926,99.26,255.69725894975096,0.3657868175891912,6.049058970195589,1.5295058622934525,
f648709e39,180,1419,9933,99.33,255.50186446906133,0.24339487290883136,6.353632235851928,1.964454556211262,
f648709e39,180,1420,9940,99.4,255.215985799484,0.10119402718140398,5.932280082827642,0.8148814039688377,
f648709e39,180,1421,9947,99.47,255.16465456806623,0.1414413510442277,5.952777502974397,1.2234525752714789,
f648709e39,180,1422,9954,99.54,255.09436901648476,0.1602086156344182,6.166013341552256,1.2474122820668727,
f648709e39,180,1423,9961,99.61,254.9838742542384,0.06346898397260509,6.260109082485721,0.4660973905300209,
f648709e39,180,1424,9968,99.68,254.96928376106095,0.07633363921076618,6.338705424148975,0.7537292909766434,
f648709e39,180,1425,9975,99.75,254.95076978651136,0.1048281740975188,6.290895600239853,0.7025327590125946,
f648709e39,180,1426,9982,99.82,254.90260345548415,0.12453127237552267,6.36473286636154,1.0374265768224011,
f648709e39,180,1427,9989,99.89,254.8297086460985,0.3169425458915582,6.185658643788182,1.1660598929917787,
f648709e39,180,1428,9996,99.96,254.7438096207644,0.17557195992281838,6.8346643456867815,1.3960139479532079,
f648709e39,180,1429,10003,100.03,254.59096036703792,0.14075114967870225,6.104340827616356,1.3560440981836304,
f648709e39,180,1430,10010,100.1,254.53042396736632,0.34052361137498505,5.784853935637911,0.8983772751481551,
f648709e39,180,1431,10017,100.17,254.48718350200477,0.2996942235735621,6.5777011148649835,1.9051046008411563,
f648709e39,180,1432,10024,100.24,254.2749157734371,0.21821240238151796,5.8695065289324875,1.2093557251355906,
f648709e39,180,1433,10031,100.31,254.06459168240684,0.0959536642375737,5.290518225119372,0.55538121164676,
f648709e39,180,1434,10038,100.38,254.04183420407207,0.08186656841140706,5.421242028888805,0.5824494521566227,
f648709e39,180,1435,10045,100.45,254.0174808212505,0.05817860871535241,5.354681345374959,0.4602398963110559,
f648709e39,180,1436,10052,100.52,254.0018060679264,0.25992264018923306,5.415308227959673,0.8982106901975936,
f648709e39,180,1437,10059,100.59,253.938344541866,0.2426226861985197,5.592437835825008,0.5778198809770082,
f648709e39,180,1438,10066,100.66,253.93363420099516,0.16035171147401522,6.127696389807291,1.0060386522076796,
f648709e39,180,1439,10073,100.73,253.817991450628,0.32465159701904944,5.688254936608739,1.2623184719781277,
f648709e39,180,1440,10080,100.8,253.77722410699238,0.18096012067768028,6.247399831407023,0.8985996617610589,
f648709e39,180,1441,10087,100.87,253.6519961352599,0.19891512480142634,5.702172050046344,0.8027397892539339,
f648709e39,180,1442,10094,100.94,253.63225063673974,0.1739241031746647,5.785366021952869,1.4321774006515946,
f648709e39,180,1443,10101,101.01,253.51647414795272,0.15019900047295998,5.5478547396726645,1.3955580881046379,
f648709e39,180,1444,10108,101.08,253.43839390887257,0.12231406179874006,5.276527654388259,1.0616644159279527,
f648709e39,180,1445,10115,101.15,253.38342982227942,0.0935847897380582,5.262603372843734,0.5402195038323357,
f648709e39,180,1446,10122,101.22,253.34219636521797,0.17819119692293087,5.213235246425998,0.8767622661413685,
f648709e39,180,1447,10129,101.29,253.32280206521534,0.12530763675261208,5.296232406536187,0.6154925467563167,
f648709e39,180,1448,10136,101.36,253.26561041820688,0.13229487047238464,5.221039256610964,1.2793714532485825,
f648709e39,180,1449,10143,101.43,253.18005206346515,0.15169011386003303,5.088549072412298,0.4529067206582341,
f648709e39,180,1450,10150,101.5,253.17459738751225,0.08737275966669988,5.266921562909162,0.15339981672521094,
f648709e39,180,1451,10157,101.57,253.14277440067204,0.05360423722257677,5.108089022659206,0.3683760480079396,
f648709e39,180,1452,10164,101.64,253.12866419888306,0.23557647424263664,5.172806833957338,0.8511525920360576,
f648709e39,180,1453,10171,101.71,253.10751754341524,0.18163633686546327,5.719076573119449,1.6126652620912914,
f648709e39,180,1454,10178,101.78,253.00953637386226,0.1449604011044333,5.565102270962758,1.0779271437682432,
f648709e39,180,1455,10185,101.85,252.9413857914335,0.14514748188612533,5.2030586837318555,1.262554456483405,
f648709e39,180,1456,10192,101.92,252.86656248001262,0.1317331121234608,5.170370956796867,1.1717896712761768,
f648709e39,180,1457,10199,101.99,252.807955296143,0.11311989357390374,5.326673181504295,1.0840300211694471,
f648709e39,180,1458,10206,102.06,252.7665581531249,0.21129357427898268,5.232992464812317,0.8903150749245765,
f648709e39,180,1459,10213,102.13,252.74938593472424,0.13795343490651668,5.552079404702384,0.34306802169830236,
f648709e39,180,1460,10220,102.2,252.6617042805565,0.3200996191868858,5.334058043025312,1.566719706717829,
f648709e39,180,1461,10227,102.27,252.6222129634971,0.17675331616522494,5.641666672543528,0.7629129152818069,
f648709e39,180,1462,10234,102.34,252.468979595915,0.08802370939646639,5.219296095363765,0.8479051326550598,
f648709e39,180,1463,10241,102.41,252.43247996578583,0.12034425952656709,5.317073556987165,0.661302327471558,
f648709e39,180,1464,10248,102.48,252.39755362042985,0.12423301530940419,5.4040709000718765,0.9862785841636998,
f648709e39,180,1465,10255,102.55,252.33391811165865,0.14945720508337712,5.300334906049446,0.6621333687774087,
f648709e39,180,1466,10262,102.62,252.3328091762258,0.11608646138237615,5.4550450236645,0.8441104416592041,
f648709e39,180,1467,10269,102.69,252.27261848211222,0.15485874379306735,5.276168401724362,1.4276723417475181,
f648709e39,180,1468,10276,102.76,252.15143323726736,0.23931220861006583,5.746002817974047,1.2024196668235758,
f648709e39,180,1469,10283,102.83,252.1342565930165,0.1250874147138788,5.935536876819575,0.2542669996213846,
f648709e39,180,1470,10290,102.9,252.0632926894657,0.16515072315419538,5.844061690576152,0.7047106212096043,
f648709e39,180,1471,10297,102.97,251.93134642228011,0.13298830757352703,5.341563633039212,1.2856003518901176,
f648709e39,180,1472,10304,103.04,251.86101874844886,0.16137398666388397,5.130517301552366,1.5503497778381672,
f648709e39,180,1473,10311,103.11,251.7472583587168,0.1107993906443042,5.06113659481914,1.0909260698231378,
f648709e39,180,1474,10318,103.18,251.68720871177027,0.09006981096532068,4.946824551069758,0.4542126491795145,
f648709e39,180,1475,10325,103.25,251.68164046529125,0.0715030973077087,4.956986526496085,0.37528240955838327,
f648709e39,180,1476,10332,103.32,251.65900121655355,0.18587083322786763,4.906573696533623,0.9249130979827376,
f648709e39,180,1477,10339,103.39,251.65453259647393,0.09586143935761121,5.183193102363488,0.36634606173378037,
f648709e39,180,1478,10346,103.46,251.61019216060006,0.10287291881342014,4.872620071447381,0.4907016192677322,
f648709e39,180,1479,10353,103.53,251.60107131988332,0.16123202601715952,4.8996354925658,0.2535104004585217,
f648709e39,180,1480,10360,103.6,251.57837919294428,0.12800279950617266,4.858168650640401,0.22916897149150123,
f648709e39,180,1481,10367,103.67,251.57766443752018,0.11693402512589413,4.8881740824444355,1.0204142383536638,
f648709e39,180,1482,10374,103.74,251.52071987094965,0.06689989972166689,4.79352661310634,0.5879589189885989,
f648709e39,180,1483,10381,103.81,251.50486620960686,0.07498640761433147,4.676257704910544,0.5581607934613795,
f648709e39,180,1484,10388,103.88,251.4866607954702,0.10235934153293139,4.5663662777844,0.9439932519616515,
f648709e39,180,1485,10395,103.95,251.4499375665403,0.23471149116032808,4.564470078795777,0.6154686856323657,
f648709e39,180,1486,10402,104.02,251.4469958336112,0.20244496589478866,4.988500442710758,1.3594552369236281,
f648709e39,180,1487,10409,104.09,251.29556440453516,0.10835302713064499,4.878321013267341,0.7333378507628252,
f648709e39,180,1488,10416,104.16,251.26875326861438,0.11964036285357588,4.858947229459431,0.844891253808897,
f648709e39,180,1489,10423,104.23,251.21170184572574,0.04126135147005772,4.668682780911838,0.22262027078846497,
f648709e39,180,1490,10430,104.3,251.20681006393784,0.09512813969084315,4.658044207507717,0.5225413798695738,
f648709e39,180,1491,10437,104.37,251.17387762100321,0.10615080940467794,4.656170953552265,0.6004957537855372,
f648709e39,180,1492,10444,104.44,251.14261369190115,0.06631250667411152,4.5367466479125165,0.16222946422540654,
f648709e39,180,1493,10451,104.51,251.13164558421707,0.17916911649023598,4.504888631534262,0.7857933526359698,
f648709e39,180,1494,10458,104.58,251.12385582953976,0.10204419824388594,4.828449689121068,0.38341077000411355,
f648709e39,180,1495,10465,104.65,251.07470209450636,0.0979333247863268,4.624740494891693,0.809616784043123,
f648709e39,180,1496,10472,104.72,251.03487796279424,0.11165706288476428,4.608481596023857,1.06868621139919,
f648709e39,180,1497,10479,104.79,250.97715769971057,0.057048737675323216,4.634024417586377,0.5436489508707055,
f648709e39,180,1498,10486,104.86,250.9646939694841,0.1019440960152168,4.438241055245964,0.3324758519991214,
f648709e39,180,1499,10493,104.93,250.96066273157075,0.09725044379989414,4.554699064116423,0.875244869433448,
f648709e39,180,1500,10500,105.0,250.923770386132,0.28904987415723143,4.486910027161326,0.4987829467118617,
f648709e39,180,1501,10507,105.07,250.92330443158366,0.17524504198854854,5.624455023589963,1.1218379889669319,
f648709e39,180,1502,10514,105.14,250.81584082098078,0.13689295051668754,4.774763297625207,1.0766255791515518,
f648709e39,180,1503,10521,105.21,250.72999773066854,0.11183436845154078,4.927956697082987,1.0281009173206752,
f648709e39,180,1504,10528,105.28,250.68045217775742,0.17835080195025027,4.58068700696712,0.8202536551410483,
f648709e39,180,1505,10535,105.35,250.6752763279413,0.1268588928021896,4.985777446957632,1.0712127836418894,
f648709e39,180,1506,10542,105.42,250.61577354477689,0.049894825013034175,4.776762545414358,0.2625402546221372,
f648709e39,180,1507,10549,105.49,250.60663567380934,0.05592159836150545,4.681726404384721,0.5213303709802335,
f648709e39,180,1508,10556,105.56,250.5949146117849,0.06997048444790836,4.7789244832122115,0.6053045742921407,
f648709e39,180,1509,10563,105.63,250.57291113399924,0.0942363378429749,4.526958244875607,0.5003524868989208,
f648709e39,180,1510,10570,105.7,250.53470758114636,0.04457318069371656,4.806027116992452,0.21009296481895368,
f648709e39,180,1511,10577,105.77,250.52625645658625,0.11921361957372373,4.7457539760426,1.160245280560831,
f648709e39,180,1512,10584,105.84,250.46496939163015,0.09716890359473246,4.789770901418922,0.888444517512605,
f648709e39,180,1513,10591,105.91,250.42467092657947,0.104846027146252,4.784603339372438,0.9647929833244037,
f648709e39,180,1514,10598,105.98,250.3847930190307,0.19003742700290815,4.654628871387643,0.8768921825923259,
f648709e39,180,1515,10605,106.05,250.38085695228494,0.13804119894175268,4.653816293721286,0.11352202211409133,
f648709e39,180,1516,10612,106.12,250.3149143649204,0.09936557929858875,4.850908916061535,0.772480478394302,
f648709e39,180,1517,10619,106.19,250.27637780491673,0.056333009282732736,4.605482964295223,0.516989911515938,
f648709e39,180,1518,10626,106.26,250.26259983290964,0.11151230833770387,4.664784165183947,0.741838715661289,
f648709e39,180,1519,10633,106.33,250.2060589245563,0.07253824092775889,4.863148496523486,0.6480822323529816,
f648709e39,180,1520,10640,106.4,250.18363211835046,0.06429766502792873,4.698935574507164,0.6350510710532552,
f648709e39,180,1521,10647,106.47,250.1657729448118,0.12442496090341416,4.725500895335349,1.1292235260151948,
f648709e39,180,1522,10654,106.54,250.09373277321032,0.14234208975845197,4.699607190259502,0.49065885586204305,
f648709e39,180,1523,10661,106.61,250.07644687410217,0.2737650442114221,4.822476212653502,0.7612578985681911,
f648709e39,180,1524,10668,106.68,250.06479523549626,0.2763836251865919,5.260366228902488,0.6934178209854386,
f648709e39,180,1525,10675,106.75,250.05903831808644,0.16910523043598974,5.027663473068513,0.822621398919636,
f648709e39,180,1526,10682,106.82,249.92711202686533,0.06214080236678623,4.58984806763193,0.5130876814886394,
f648709e39,180,1527,10689,106.89,249.91198785899593,0.11711120835979141,4.498972696187008,1.112372408611875,
f648709e39,180,1528,10696,106.96,249.86072269554694,0.07462831782686175,4.399770583028272,0.4675005793644081,
f648709e39,180,1529,10703,107.03,249.83847911377964,0.08618749165302225,4.222009798324901,0.8563454772244465,
f648709e39,180,1530,10710,107.1,249.80364385356066,0.051102633181510405,4.232190732787559,0.47864012409018614,
f648709e39,180,1531,10717,107.17,249.79050218097842,0.07212619348506012,4.259385300339691,0.706800807476944,
f648709e39,180,1532,10724,107.24,249.76680235245698,0.098454785549489,4.443829528979746,0.8993720560254744,
f648709e39,180,1533,10731,107.31,249.73043898126096,0.0535752931016621,4.528413921995754,0.2034971526840288,
f648709e39,180,1534,10738,107.38,249.71787881274665,0.15434969178571487,4.594066451599359,0.7656546595112153,
f648709e39,180,1535,10745,107.45,249.7164661992921,0.18920413078876652,5.004297303048504,1.68591194301879,
f648709e39,180,1536,10752,107.52,249.5693138854621,0.08592046026541378,4.6960953848049325,0.4259741245716838,
f648709e39,180,1537,10759,107.59,249.53310887244692,0.12775122213409,4.702939165203159,0.5812740033618912,
f648709e39,180,1538,10766,107.66,249.45805111254083,0.1044224242849203,5.031822087623872,0.8436020541161816,
f648709e39,180,1539,10773,107.73,249.4189654491959,0.05904738752853033,5.001106797892907,0.4419621882243045,
f648709e39,180,1540,10780,107.8,249.40313907621518,0.06113231579066759,4.872012484423889,0.44164156137576127,
f648709e39,180,1541,10787,107.87,249.3895814398674,0.1321728693565593,4.65693024281049,0.7486499181253992,
f648709e39,180,1542,10794,107.94,249.31183782762773,0.09781726367110907,4.565725314913329,0.8533303549011464,
f648709e39,180,1543,10801,108.01,249.27321144957318,0.12535317833063503,4.588571626948803,1.106219822117131,
f648709e39,180,1544,10808,108.08,249.20612029304246,0.08231019404746082,4.55646291314465,0.8057029616447324,
f648709e39,180,1545,10815,108.15,249.17213934511355,0.21107100399923437,4.258275041934473,1.0442046284664912,
f648709e39,180,1546,10822,108.22,249.15757097449054,0.15407628833516884,4.9896170596923435,1.0478560592990147,
f648709e39,180,1547,10829,108.29,249.05360816935027,0.10373023888712615,4.346171601882999,0.761817861119043,
f648709e39,180,1548,10836,108.36,249.00500539091098,0.0774396223734795,4.222531592475186,0.2978395158105364,
f648709e39,180,1549,10843,108.43,249.00468243599076,0.09374976174069588,4.392140479187326,0.8041414885637307,
f648709e39,180,1550,10850,108.5,248.96559133658053,0.052369365340095085,4.386470138515596,0.479206097283725,
f648709e39,180,1551,10857,108.57,248.95281142691044,0.0893009258084987,4.475394654046632,0.2233292298416185,
f648709e39,180,1552,10864,108.64,248.92041725347858,0.12181613928141413,4.274415839378682,0.4721509337323521,
f648709e39,180,1553,10871,108.71,248.90765703976749,0.09397221648785324,4.4327520758799785,0.6421420435180341,
f648709e39,180,1554,10878,108.78,248.8704714658435,0.11249761705525264,4.280886404554684,1.0516019371396808,
f648709e39,180,1555,10885,108.85,248.8189196105262,0.06145281598503897,4.158987023368317,0.37743513995847505,
f648709e39,180,1556,10892,108.92,248.80120843547505,0.07949159332714334,4.036318494599599,0.5259889630470365,
f648709e39,180,1557,10899,108.99,248.7763370017352,0.13943370731867624,3.9226731740549194,0.5970141649068074,
f648709e39,180,1558,10906,109.06,248.77545566122052,0.26736024067416664,4.3359040139442016,1.2459774955449079,
f648709e39,180,1559,10913,109.13,248.73823081390938,0.2657464176318528,4.296236903341057,0.8109750300322963,
f648709e39,180,1560,10920,109.2,248.72913322741883,0.18652428637058802,4.761623770215081,0.8629477555899014,
f648709e39,180,1561,10927,109.27,248.63951862872847,0.12482896769762604,4.198191187664402,0.2993057700926927,
f648709e39,180,1562,10934,109.34,248.61336357401032,0.10215549313017895,4.318878990339348,0.4042751641094296,
f648709e39,180,1563,10941,109.41,248.5884693561521,0.07129526059478998,4.122870043738747,0.4053240253234314,
f648709e39,180,1564,10948,109.48,248.57761664192532,0.07209554795257893,4.188616467272812,0.37454595246097655,
f648709e39,180,1565,10955,109.55,248.56155242978542,0.08365356312403215,4.048003158649076,0.6293351708084033,
f648709e39,180,1566,10962,109.62,248.5373365580553,0.08305867009923219,4.235434868543283,0.1879298668987932,
f648709e39,180,1567,10969,109.69,248.5051618358136,0.059402300672506535,4.130926388781582,0.5783941453420633,
f648709e39,180,1568,10976,109.76,248.48868782319258,0.05839050101169729,4.111428745372067,0.5526953517692057,
f648709e39,180,1569,10983,109.83,248.47331188986905,0.050364214326875344,4.08338383576165,0.4721945539843564,
f648709e39,180,1570,10990,109.9,248.4661856622344,0.23128933978173088,4.048858261521239,1.1673080556213589,
f648709e39,180,1571,10997,109.97,248.45865741872242,0.12272356037837928,4.4476871195623575,0.5590159179787946,
f648709e39,180,1572,11004,110.04,248.3865109577553,0.08806067432001395,3.9626087196957016,0.770373869726468,
f648709e39,180,1573,11011,110.11,248.35803756824276,0.07966230178185074,4.035913009706402,0.5494561983665414,
f648709e39,180,1574,11018,110.18,248.32943766482333,0.07436626544083191,4.044545267491122,0.5957632766553185,
f648709e39,180,1575,11025,110.25,248.30398152185313,0.10400314127678412,4.118845916688208,0.8204681405843925,
f648709e39,180,1576,11032,110.32,248.24860802538225,0.15026830799732438,4.386318019374202,0.4806981796413759,
f648709e39,180,1577,11039,110.39,248.2186006372234,0.21109008657521283,4.622994531070255,0.9254019222571401,
f648709e39,180,1578,11046,110.46,248.20247712771877,0.13201060045970972,4.768144107385145,0.6705457562455323,
f648709e39,180,1579,11053,110.53,248.12139409223911,0.14037964033417075,4.508855186934513,0.5283416444216055,
f648709e39,180,1580,11060,110.6,248.04020806026153,0.10038501225634075,4.274411433455839,0.956521551015681,
f648709e39,180,1581,11067,110.67,247.99646560288772,0.08711850568317185,4.2062116852212,0.6770496060453491,
f648709e39,180,1582,11074,110.74,247.95803591159572,0.18372719289564324,4.233079744610712,0.9373710629309688,
f648709e39,180,1583,11081,110.81,247.94823602669805,0.0997948644535077,4.793113189717316,0.3449652109720761,
f648709e39,180,1584,11088,110.88,247.9062422091094,0.2221384060150466,4.400854261221713,1.080904841408918,
f648709e39,180,1585,11095,110.95,247.89421379272244,0.15515340108771405,5.129426507904058,1.059402424404266,
f648709e39,180,1586,11102,111.02,247.79135853225338,0.13937114092950578,4.6152344934572245,0.815333672097585,
f648709e39,180,1587,11109,111.09,247.71241414260263,0.19228027171921405,4.5643513826590425,0.8240694363922557,
f648709e39,180,1588,11116,111.16,247.69336802049165,0.20035302405501293,4.95457703000175,0.49296943742818367,
f648709e39,180,1589,11123,111.23,247.69021457391702,0.13209426226574147,4.777731717291551,0.8036990526759527,
f648709e39,180,1590,11130,111.3,247.611069051306,0.1321618206008279,4.648499369336062,0.5226529021603984,
f648709e39,180,1591,11137,111.37,247.60546260337,0.09969683810733894,4.957769442950373,0.7338587594313323,
f648709e39,180,1592,11144,111.44,247.55887704603234,0.28361153890097596,4.787816216688138,1.4194584910954502,
f648709e39,180,1593,11151,111.51,247.50399323412117,0.15066365337137783,5.814802899003406,1.2066847762388444,
f648709e39,180,1594,11158,111.58,247.40306211600563,0.07682801245133977,5.127429816830441,0.6586850450032755,
f648709e39,180,1595,11165,111.65,247.37474257135293,0.2955299271989715,5.120541185707454,1.4765609401257882,
f648709e39,180,1596,11172,111.72,247.37379423083186,0.16911222455023428,5.774784688165813,0.9475292864737574,
f648709e39,180,1597,11179,111.79,247.23792929710126,0.06671275827246091,4.9744932941453275,0.272484624399022,
f648709e39,180,1598,11186,111.86,247.21809051450222,0.11799458263120784,4.8506803741737,0.41888311495715325,
f648709e39,180,1599,11193,111.93,247.2179472417473,0.07025330976719421,4.896689596583062,0.35736355821486065,
f648709e39,180,1600,11200,112.0,247.19361900267074,0.23051970983207468,4.806370409285366,0.9927685741495748,
f648709e39,180,1601,11207,112.07,247.1927560485431,0.1475345592609625,5.46388663030766,0.8275400134199765,
f648709e39,180,1602,11214,112.14,247.0874706496491,0.14082715148415464,4.792422536361902,1.370214212862948,
f648709e39,180,1603,11221,112.21,246.99706239227643,0.1087468714635653,5.17160123489518,0.9355056152760026,
f648709e39,180,1604,11228,112.28,246.94616418946393,0.08003314331044194,5.303440567580751,0.6065460942341877,
f648709e39,180,1605,11235,112.35,246.91729856876867,0.07451443772636128,5.280611086963568,0.6757537053774423,
f648709e39,180,1606,11242,112.42,246.88965159080848,0.16238764964906524,5.508527191727383,1.0143301600062964,
f648709e39,180,1607,11249,112.49,246.77295696569507,0.12240849617163033,5.410310803269465,1.088491174740694,
f648709e39,180,1608,11256,112.56,246.7060085847262,0.12770243799474618,5.4072401840412905,1.2751807314423778,
f648709e39,180,1609,11263,112.63,246.63794599867038,0.11942928525454406,5.207380662337887,1.2094613319193648,
f648709e39,180,1610,11270,112.7,246.5727604444715,0.16579679131714473,5.16843222645597,1.6794957795806227,
f648709e39,180,1611,11277,112.77,246.45110495370815,0.09307449536695046,5.2335334286883635,0.8449238992138906,
f648709e39,180,1612,11284,112.84,246.4109021015559,0.10540651168971923,5.014321872850005,0.6828040961890073,
f648709e39,180,1613,11291,112.91,246.35943750823157,0.20538095249778715,5.045104314365927,0.9854832183608072,
f648709e39,180,1614,11298,112.98,246.32001142714498,0.11822584985171081,5.1463611167797545,0.6931840835071709,
f648709e39,180,1615,11305,113.05,246.250657175948,0.04853830354614985,5.051234430099188,0.40948344337386494,
f648709e39,180,1616,11312,113.12,246.2404817672493,0.08669619956870715,5.092745160481104,0.7770653214718791,
f648709e39,180,1617,11319,113.19,246.20439220972614,0.03196327509669356,5.23636363509564,0.24103316046426523,
f648709e39,180,1618,11326,113.26,246.19931261288355,0.2828186620404762,5.216468724211145,1.332735062720398,
f648709e39,180,1619,11333,113.33,246.18142910992756,0.1998845672897994,5.478059564980954,1.6979339224095318,
f648709e39,180,1620,11340,113.4,245.9858085480673,0.12405154341622959,4.890202863892013,0.5434888270772917,
f648709e39,180,1621,11347,113.47,245.97437027456883,0.09993277607225297,5.006222839016875,0.8458667620580242,
f648709e39,180,1622,11354,113.54,245.93619950873997,0.1120953968531532,4.965471687746892,1.109645594713063,
f648709e39,180,1623,11361,113.61,245.88707227310684,0.09386826766407302,5.069429482673519,0.8459158542396202,
f648709e39,180,1624,11368,113.68,245.85312309202396,0.07996733022106854,4.972974232628338,0.7640978101555914,
f648709e39,180,1625,11375,113.75,245.82272602677966,0.3064783601275848,4.896314748448314,1.4615802928188233,
f648709e39,180,1626,11382,113.82,245.74654487240224,0.12888202181595787,5.208648199590687,0.648116313701046,
f648709e39,180,1627,11389,113.89,245.66630027556062,0.08229953088978151,4.742019511417962,0.5604474666266256,
f648709e39,180,1628,11396,113.96,245.64468952283875,0.08730734943326611,4.773886789756635,0.6838666275522992,
f648709e39,180,1629,11403,114.03,245.60949581490522,0.05702954675989865,4.79180545701798,0.4659394533540334,
f648709e39,180,1630,11410,114.1,245.59327983823383,0.2299134443120444,4.764993025547209,1.0773006567043035,
f648709e39,180,1631,11417,114.17,245.54535407203485,0.10165029150288259,5.317082412056466,0.5500347314497526,
f648709e39,180,1632,11424,114.24,245.4953752518897,0.10197699021818545,4.982843464036584,0.7839903578060134,
f648709e39,180,1633,11431,114.31,245.45036307165248,0.10419713895667065,4.854279343886082,0.6801373467013477,
f648709e39,180,1634,11438,114.38,245.3980369878816,0.1063306619013782,4.784905711205895,0.7092708299927531,
f648709e39,180,1635,11445,114.45,245.35336967793125,0.09364924480571742,4.449465369114142,0.34688464083845383,
f648709e39,180,1636,11452,114.52,245.35164014569483,0.07315028403753202,4.546533194234079,0.46547261751958485,
f648709e39,180,1637,11459,114.59,245.3290734718842,0.06763262295849316,4.490236655606281,0.4767096624688693,
f648709e39,180,1638,11466,114.66,245.31398171196125,0.10700957994176093,4.518664002898991,0.91647159766236,
f648709e39,180,1639,11473,114.73,245.25964132491634,0.1789625604790639,4.47925313884647,0.5686418684008115,
f648709e39,180,1640,11480,114.8,245.25028345999698,0.09428231167298287,4.4981846774332395,0.4599308362139481,
f648709e39,180,1641,11487,114.87,245.21143867021848,0.08125523974664488,4.441891542966757,0.788020900632264,
f648709e39,180,1642,11494,114.94,245.18495228249697,0.0946867760395481,4.480306436547396,0.6205408790511363,
f648709e39,180,1643,11501,115.01,245.1460880427374,0.09275919132975319,4.306571948261369,0.3223754145745924,
f648709e39,180,1644,11508,115.08,245.14471073345783,0.10974745506046728,4.363989706596501,0.34730909854339326,
f648709e39,180,1645,11515,115.15,245.14165676169887,0.08654679688005049,4.326904424638152,0.6150940540025291,
f648709e39,180,1646,11522,115.22,245.11093783287063,0.06889101653283851,4.318437571310462,0.6227199982732712,
f648709e39,180,1647,11529,115.29,245.08744921553964,0.029381521552665373,4.300048905863957,0.2859520427128469,
f648709e39,180,1648,11536,115.36,245.08328758061188,0.08632901783187963,4.294798376513406,0.8471029680726972,
f648709e39,180,1649,11543,115.43,245.04920792815773,0.08104695387339991,4.386060716865001,0.5017108508533812,
f648709e39,180,1650,11550,115.5,245.02343734063848,0.26737030588980015,4.2464811457212726,1.2950555375252861,
f648709e39,180,1651,11557,115.57,245.01285791637582,0.16004523138454732,4.671709167996416,0.8975721795302116,
f648709e39,180,1652,11564,115.64,244.8988495002165,0.24982925384639176,4.147790154505977,1.1845324399709396,
f648709e39,180,1653,11571,115.71,244.88336726191338,0.1488045924419687,4.91977686508256,0.8182883296056962,
f648709e39,180,1654,11578,115.78,244.77484947941,0.052581155707908486,4.236352834223396,0.4123906554380147,
f648709e39,180,1655,11585,115.85,244.76338358918068,0.10257167223065879,4.285458641310688,0.8423354427402877,
f648709e39,180,1656,11592,115.92,244.71129442499952,0.11024891007750669,4.290084477333482,0.9463304342889168,
f648709e39,180,1657,11599,115.99,244.66135400227688,0.16125471598305655,4.249545193343422,0.7170629466400614,
f648709e39,180,1658,11606,116.06,244.65203698441567,0.10302523048516249,4.205943562485078,0.49997883640633217,
f648709e39,180,1659,11613,116.13,244.6064744139471,0.06577176090417652,4.221811093774675,0.6329176622695466,
f648709e39,180,1660,11620,116.2,244.5877271542718,0.037631912394412,4.251083790787436,0.33326105646105514,
f648709e39,180,1661,11627,116.27,244.58111046776875,0.11960272493997233,4.275134682185583,0.5572241287393684,
f648709e39,180,1662,11634,116.34,244.57381567234893,0.08782286609652913,4.420008147971875,0.783437940046607,
f648709e39,180,1663,11641,116.41,244.539778196649,0.10305017940216649,4.484183846272152,0.8488345470064742,
f648709e39,180,1664,11648,116.48,244.4961024383089,0.062464410420580034,4.308357553161318,0.5784920789248751,
f648709e39,180,1665,11655,116.55,244.47895294473298,0.060569779355928194,4.268313997143484,0.6172702626894113,
f648709e39,180,1666,11662,116.62,244.46053894773266,0.10747578043778032,4.163729812537557,0.9784660001693625,
f648709e39,180,1667,11669,116.69,244.405210031639,0.0632714868630021,4.234833198883688,0.6145482528700923,
f648709e39,180,1668,11676,116.76,244.38568303717744,0.1126419793727557,4.1734192808543265,1.1075225633231145,
f648709e39,180,1669,11683,116.83,244.3233995060918,0.07369812340619966,3.9527962029015353,0.6799206347424879,
f648709e39,180,1670,11690,116.9,244.29751881864107,0.050931067332844006,3.9650129737110666,0.3797814360082785,
f648709e39,180,1671,11697,116.97,244.28893026409258,0.02582293331034159,3.8213703714026246,0.11061278215310758,
f648709e39,180,1672,11704,117.04,244.28753976743553,0.10049614063629633,3.854484505148446,1.00927983164774,
f648709e39,180,1673,11711,117.11,244.2391004184799,0.07697141829159906,3.8391362769104926,0.30873222222282554,
f648709e39,180,1674,11718,117.18,244.23369791447885,0.1076368923651228,3.886533468092996,1.046726840096272,
f648709e39,180,1675,11725,117.25,244.17454734964193,0.08574672211283405,3.934255107901195,0.8111116799039061,
f648709e39,180,1676,11732,117.32,244.14360580509074,0.12260567701106914,3.889146993631543,1.1045286270343193,
f648709e39,180,1677,11739,117.39,244.08363000440863,0.10413855853720833,4.018783927411476,0.4676532773202459,
f648709e39,180,1678,11746,117.46,244.0351767720362,0.049509994894816806,3.741742276351875,0.40738931880985446,
f648709e39,180,1679,11753,117.53,244.0257559115656,0.037354633088000626,3.8211349458185975,0.35043566605998067,
f648709e39,180,1680,11760,117.6,244.02058050721217,0.08671407663941924,3.806556804656663,0.8607069918710855,
f648709e39,180,1681,11767,117.67,243.98769237847856,0.0788860610880194,3.774636612679358,0.6737638190361961,
f648709e39,180,1682,11774,117.74,243.96008839737763,0.04282360956072151,3.544389877634247,0.3150912622228751,
f648709e39,180,1683,11781,117.81,243.95412101247567,0.06204114169747558,3.585870748222285,0.603114123076697,
f648709e39,180,1684,11788,117.88,243.9383403627212,0.07645361523931758,3.499902484777148,0.7482389330553215,
f648709e39,180,1685,11795,117.95,243.91459161106798,0.05416502864046466,3.484786473238412,0.4632862336022881,
f648709e39,180,1686,11802,118.02,243.90146111122306,0.07581809550232041,3.470576160920475,0.6661580128208746,
f648709e39,180,1687,11809,118.09,243.87433119993713,0.03328627544026027,3.318994017292337,0.24301305799250963,
f648709e39,180,1688,11816,118.16,243.86875019149917,0.06762064184368728,3.327285546584126,0.579125438436812,
f648709e39,180,1689,11823,118.23,243.84834482866162,0.14399046511602398,3.2844890729931873,0.715707774561083,
f648709e39,180,1690,11830,118.3,243.8348361145207,0.0975782515924191,3.6492896484132764,0.6144981897781826,
f648709e39,180,1691,11837,118.37,243.78957274884692,0.06459649198982258,3.603152727820731,0.5436756413390118,
f648709e39,180,1692,11844,118.44,243.77286123982736,0.08756301585668508,3.601566956269273,0.8777654870747067,
f648709e39,180,1693,11851,118.51,243.7412248875068,0.07272398204035885,3.4692477881486017,0.46365660056839014,
f648709e39,180,1694,11858,118.58,243.72928500220547,0.0902989651029009,3.7029118138752866,0.7594628748856199,
f648709e39,180,1695,11865,118.65,243.70146487844806,0.10460363124582099,3.4325189434611643,0.9698675472483246,
f648709e39,180,1696,11872,118.72,243.65023853619175,0.07481067141235005,3.4453873698475532,0.423831287165237,
f648709e39,180,1697,11879,118.79,243.6254965498324,0.04367241035041037,3.290571319806034,0.27962688169913946,
f648709e39,180,1698,11886,118.86,243.61990174466797,0.07975845697951847,3.3411912203203262,0.657343827466454,
f648709e39,180,1699,11893,118.93,243.5916530006271,0.14336942644701622,3.337483641079573,0.6168890177070234,
f648709e39,180,1700,11900,119.0,243.57053607134344,0.0818441997620641,3.496382625144779,0.6853477323480833,
f648709e39,180,1701,11907,119.07,243.53800215550606,0.03914719115446273,3.2966660438958524,0.28926730479214224,
f648709e39,180,1702,11914,119.14,243.53037030277252,0.0749162216163396,3.192465079588932,0.22445484862814244,
f648709e39,180,1703,11921,119.21,243.52925578002467,0.06891954648778566,3.2574103951036664,0.5599986341441241,
f648709e39,180,1704,11928,119.28,243.50846276006823,0.08148874883317042,3.167231550538865,0.7069942663008487,
f648709e39,180,1705,11935,119.35,243.4755937564717,0.06818981103457926,3.1888593588103444,0.14222609281010917,
f648709e39,180,1706,11942,119.42,243.45608011054378,0.0688240506661206,3.232310661047541,0.6639122490990067,
f648709e39,180,1707,11949,119.49,243.43554445516583,0.03449843292600329,3.2456012634609572,0.19341494867112954,
f648709e39,180,1708,11956,119.56,243.4305431650745,0.0644592356995868,3.302422973307446,0.6064869525860382,
f648709e39,180,1709,11963,119.63,243.40980035637892,0.05721295102413434,3.3981289198849614,0.4846637938786742,
f648709e39,180,1710,11970,119.7,243.39503118333587,0.043798169143989006,3.5038558764001517,0.34886305637047754,
f648709e39,180,1711,11977,119.77,243.38665337743095,0.11756162031158977,3.6027951844433717,0.76328355402656,
f648709e39,180,1712,11984,119.84,243.35070999687164,0.08652367625500244,3.524898310276046,0.5120904899896186,
f648709e39,180,1713,11991,119.91,243.32840458167558,0.1022973352772339,3.355958983623985,0.5275924342037236,
f648709e39,180,1714,11998,119.98,243.28041681883238,0.07264675816654302,3.20339885268018,0.23033930214086362,
f648709e39,180,1715,12005,120.05,243.27774105146463,0.05672597165918934,3.099009426695909,0.32715584368724304,
f648709e39,180,1716,12012,120.12,243.26344956324073,0.09973587580194786,3.1116434112802906,0.46662754186337363,
f648709e39,180,1717,12019,120.19,243.25922529417142,0.17922915280836232,2.994834232873297,0.7566884639897348,
f648709e39,180,1718,12026,120.26,243.22500803807566,0.11089985880002527,3.5693056456944983,0.9447668095733482,
f648709e39,180,1719,12033,120.33,243.16773907903553,0.055391318097833625,3.1331021184921553,0.26045972370476783,
f648709e39,180,1720,12040,120.4,243.16694339367,0.11059880264522919,3.1785923633935877,0.23019837948042596,
f648709e39,180,1721,12047,120.47,243.16672532005302,0.05557481162992748,3.3502793017016774,0.04725066364185956,
f648709e39,180,1722,12054,120.54,243.15116670724547,0.07695451634392274,3.1548969204316166,0.7646959466768387,
f648709e39,180,1723,12061,120.61,243.12174983928838,0.08519113971812868,3.110212549872682,0.3886456082661513,
f648709e39,180,1724,12068,120.68,243.11838287484983,0.05947577568895144,3.144174952827213,0.4392440288443489,
f648709e39,180,1725,12075,120.75,243.1017458997132,0.07174086083511899,3.210500648508046,0.49208014454875465,
f648709e39,180,1726,12082,120.82,243.07634977781768,0.12984113822664642,3.304822131008801,0.6564459905904755,
f648709e39,180,1727,12089,120.89,243.06810984118204,0.0588553766831636,3.1981040868493045,0.24407220135309166,
f648709e39,180,1728,12096,120.96,243.05224193282461,0.06677569469046049,3.194047212265726,0.20099936068606958,
f648709e39,180,1729,12103,121.03,243.05030126856755,0.08533370361315575,3.0267885412866096,0.46971114059735014,
f648709e39,180,1730,12110,121.1,243.01384443080485,0.08814379891747295,2.890434501413847,0.8128850707958762,
f648709e39,180,1731,12117,121.17,242.98659087904886,0.04909567640848644,2.966820347450959,0.32330549223542676,
f648709e39,180,1732,12124,121.24,242.97762083566886,0.06391403246037108,2.7809189551395734,0.5984515512808826,
f648709e39,180,1733,12131,121.31,242.9598022609792,0.05024684882345036,2.7305954095320244,0.49427621414271655,
f648709e39,180,1734,12138,121.38,242.94805763676897,0.11817698651804974,2.7397338846021904,0.5731113428562988,
f648709e39,180,1735,12145,121.45,242.94093635077826,0.06516608147809232,3.0072673215021624,0.39307004901225967,
f648709e39,180,1736,12152,121.52,242.9198635916036,0.12022723898386604,2.8045688949610565,0.3012596363706787,
f648709e39,180,1737,12159,121.59,242.91190224147383,0.07836220192471262,3.1931904353085923,0.6697439976989525,
f648709e39,180,1738,12166,121.66,242.88657193756487,0.026068848814932308,2.991663763494977,0.1421989093663829,
f648709e39,180,1739,12173,121.73,242.88394103050553,0.08730892393659437,2.928736010634543,0.8244732341112487,
f648709e39,180,1740,12180,121.8,242.84780425278663,0.06703653050225065,2.912626385753973,0.6833314054517303,
f648709e39,180,1741,12187,121.87,242.8277343773346,0.06871017645020477,2.834804527675128,0.6821577047362662,
f648709e39,180,1742,12194,121.94,242.80745954466153,0.07427764878267575,3.009552896268864,0.7311503402536011,
f648709e39,180,1743,12201,122.01,242.78743813475273,0.13178556662734142,3.0009055250702046,0.24351126346600724,
f648709e39,180,1744,12208,122.08,242.77362109527868,0.06978916489002823,2.840621118176524,0.2962293566076938,
f648709e39,180,1745,12215,122.15,242.74992653775763,0.028472518871064726,2.8001146506838146,0.2654641246534938,
f648709e39,180,1746,12222,122.22,242.74717527673926,0.17087145917342733,2.7893376938509484,0.7914049464922392,
f648709e39,180,1747,12229,122.29,242.73198413805068,0.08510166737428092,3.2697223532801973,0.06426533799101813,
f648709e39,180,1748,12236,122.36,242.6954963391052,0.12696741284993326,2.7726028048917026,0.6364997767129731,
f648709e39,180,1749,12243,122.43,242.6856338862589,0.07542491329942258,3.004941688569759,0.5448370224570795,
f648709e39,180,1750,12250,122.5,242.65859231048614,0.062126345727637124,2.748477296643396,0.26494435329613736,
f648709e39,180,1751,12257,122.57,242.658438670039,0.08627931869593827,2.7983863987700732,0.7834303263268694,
f648709e39,180,1752,12264,122.64,242.6254083988526,0.055991560523941546,2.8011076460707156,0.552531903465464,
f648709e39,180,1753,12271,122.71,242.60944621469392,0.21425807657447696,2.703932575702534,1.0730815430457759,
f648709e39,180,1754,12278,122.78,242.57765432302747,0.10659595636686735,3.39748030191478,0.5370648803988834,
f648709e39,180,1755,12285,122.85,242.53047205824828,0.07426995623637694,2.895787458570853,0.6652432839095409,
f648709e39,180,1756,12292,122.92,242.5065071509367,0.2572653958288937,2.945073367014055,1.2938597958545095,
f648709e39,180,1757,12299,122.99,242.46015525145714,0.13336681091416586,3.2667519758542904,0.8049198477239534,
f648709e39,180,1758,12306,123.06,242.39057615630276,0.08264740284903442,2.9370956105211965,0.3636202958194619,
f648709e39,180,1759,12313,123.13,242.3708190852711,0.053382290726741284,2.757122372532457,0.3556554108953097,
f648709e39,180,1760,12320,123.2,242.35838312964026,0.050595473046727284,2.7033059147315424,0.28707128040146906,
f648709e39,180,1761,12327,123.27,242.34664224918015,0.0343561941030826,2.726619840181515,0.29206286397512676,
f648709e39,180,1762,12334,123.34,242.34173728292785,0.04429424069213104,2.663729686656672,0.29724070780382605,
f648709e39,180,1763,12341,123.41,242.3320151819488,0.10881826145066122,2.7237104615707097,0.4928136967651983,
f648709e39,180,1764,12348,123.48,242.32633599841378,0.059193558976234385,2.9445075917957975,0.37955090077515596,
f648709e39,180,1765,12355,123.55,242.30848952707913,0.05845732844842986,2.790269441377962,0.5898084576451585,
f648709e39,180,1766,12362,123.62,242.2939069020925,0.054603718548149924,2.77139161696513,0.5260477471524743,
f648709e39,180,1767,12369,123.69,242.2827445552066,0.03217296843184852,2.7383491180092077,0.2156483860367398,
f648709e39,180,1768,12376,123.76,242.27830773604776,0.05148254643556633,2.727288336277601,0.5076451327568648,
f648709e39,180,1769,12383,123.83,242.26711651063732,0.0655127386263789,2.7674823107853164,0.6107617568824696,
f648709e39,180,1770,12390,123.9,242.24769879983253,0.10753546984440267,2.8132824182700853,0.23276249493385578,
f648709e39,180,1771,12397,123.97,242.2451466766829,0.07130783760235933,2.9764075998141335,0.44224621730725355,
f648709e39,180,1772,12404,124.04,242.22351950513868,0.0542543724668587,2.8629231634190204,0.41781344416562566,
f648709e39,180,1773,12411,124.11,242.20885725008142,0.06528608035724016,2.703373769536225,0.3109964114887851,
f648709e39,180,1774,12418,124.18,242.20782176178088,0.1034719942604898,2.8989723225304824,0.4476156426369075,
f648709e39,180,1775,12425,124.25,242.20380502130513,0.13183868007167523,2.688318529405165,0.437224702456821,
f648709e39,180,1776,12432,124.32,242.1931452665819,0.07313171863860046,2.962935115622011,0.45707833578368273,
f648709e39,180,1777,12439,124.39,242.16912628274852,0.11993395409413149,2.6353104888280035,0.5967091739014022,
f648709e39,180,1778,12446,124.46,242.16582099530154,0.07892430414314003,3.0627276115612116,0.5481479044668301,
f648709e39,180,1779,12453,124.53,242.13622591267165,0.05081162379259064,2.7576314884622257,0.46066734470013654,
f648709e39,180,1780,12460,124.6,242.12634850925477,0.05389161177426698,2.6725609109510238,0.48272063213132277,
f648709e39,180,1781,12467,124.67,242.11427842876142,0.03725326245858613,2.5634070365331927,0.3052479824488665,
f648709e39,180,1782,12474,124.74,242.1077899446453,0.05555541801981606,2.4827826603053467,0.2321488299226797,
f648709e39,180,1783,12481,124.81,242.1072708432768,0.04630504912414062,2.539057555899734,0.38875641655727416,
f648709e39,180,1784,12488,124.88,242.0971885162414,0.056936784810097556,2.4283682034792733,0.5013937682198654,
f648709e39,180,1785,12495,124.95,242.08164368758472,0.05161447635665992,2.410495165964057,0.46170544504539357,
f648709e39,180,1786,12502,125.02,242.07203017049164,0.04060988575328305,2.414305178935767,0.18197225047467686,
f648709e39,180,1787,12509,125.09,242.06672502118786,0.03291178126232068,2.3388188073091776,0.20683989482279383,
f648709e39,180,1788,12516,125.16,242.0619512032079,0.019218900554593278,2.377706225173047,0.16956408667696216,
f648709e39,180,1789,12523,125.23,242.0603174502175,0.07512878992201528,2.3721994047748494,0.695685851254837,
f648709e39,180,1790,12530,125.3,242.03236888011352,0.06123114470845172,2.368078698748721,0.4364163131750877,
f648709e39,180,1791,12537,125.37,242.01332678893633,0.10347395321194548,2.3412702526078815,0.2584755923094413,
f648709e39,180,1792,12544,125.44,242.0109809121357,0.1118712132355733,2.6231437959588053,0.2854293850495181,
f648709e39,180,1793,12551,125.51,242.01009970757374,0.07565109658916448,2.4500938942920154,0.5256424492034544,
f648709e39,180,1794,12558,125.58,241.98246968538731,0.04706891296808471,2.37162263652896,0.4042217258482394,
f648709e39,180,1795,12565,125.65,241.97385532596672,0.03491774283453619,2.4004552139673274,0.32647448850706473,
f648709e39,180,1796,12572,125.72,241.9690753451465,0.03667602712081002,2.4564466031353898,0.3182893720404317,
f648709e39,180,1797,12579,125.79,241.96304770627563,0.04376458776060174,2.3943916676688772,0.4330456768060494,
f648709e39,180,1798,12586,125.86,241.95447678754934,0.02491825889396924,2.3696842245432657,0.23627283466469173,
f648709e39,180,1799,12593,125.93,241.95154655698067,0.05522628569609603,2.365379582604351,0.1493155448672736,
f648709e39,180,1800,12600,126.0,241.9397496499107,0.1194929714682538,2.393300553749707,0.5767000536575144,
f648709e39,180,1801,12607,126.07,241.93554731334305,0.06707661072107676,2.5393123492502463,0.13824210931049025,
f648709e39,180,1802,12614,126.14,241.91562299291928,0.08285137839656509,2.3982756765971014,0.33545239599382765,
f648709e39,180,1803,12621,126.21,241.91269784915133,0.04676656320311127,2.473692849220673,0.36463540450560855,
f648709e39,180,1804,12628,126.28,241.90165123136777,0.05414109595250979,2.3807655413139366,0.2208689928959028,
f648709e39,180,1805,12635,126.35,241.8976170084294,0.04615205500311636,2.3448979961123113,0.3935397481411378,
f648709e39,180,1806,12642,126.42,241.88771315609338,0.06795946673079596,2.3652007325037103,0.2709941750173135,
f648709e39,180,1807,12649,126.49,241.88573339974727,0.057141619380998036,2.3973267759556167,0.3931149172934162,
f648709e39,180,1808,12656,126.56,241.8703521346147,0.14019669798403592,2.388741172436824,0.7048345786096786,
f648709e39,180,1809,12663,126.63,241.85690702715715,0.0859165981164421,2.8086932753351017,0.4992785597069604,
f648709e39,180,1810,12670,126.7,241.8210712209793,0.07402457583935589,2.369525356185406,0.23047369303920634,
f648709e39,180,1811,12677,126.77,241.81935589418737,0.04758503780610535,2.4968084692125285,0.3008878066491661,
f648709e39,180,1812,12684,126.84,241.80984754844118,0.05411908434907054,2.3953128195433986,0.42310798481742057,
f648709e39,180,1813,12691,126.91,241.79902009028564,0.044026331898155927,2.4009833308729904,0.33974129213220633,
f648709e39,180,1814,12698,126.98,241.79118555026253,0.06580403346494296,2.3627307747313755,0.2899257134029111,
f648709e39,180,1815,12705,127.05,241.78693132838845,0.031099582501181576,2.4304357362088234,0.1816292031467987,
f648709e39,180,1816,12712,127.12,241.78244264782222,0.039674132517913824,2.3516541832894515,0.14645515809309795,
f648709e39,180,1817,12719,127.19,241.78200245754817,0.073552295980669,2.348099564744874,0.2901220808688733,
f648709e39,180,1818,12726,127.26,241.78171421824848,0.05212939859628685,2.356470682101447,0.45713962658163326,
f648709e39,180,1819,12733,127.33,241.77091950820488,0.05303315593783074,2.3273023655933036,0.5060009251060967,
f648709e39,180,1820,12740,127.4,241.75781348759864,0.03592560772653371,2.3604811821485687,0.17291500902462223,
f648709e39,180,1821,12747,127.47,241.75148529982695,0.03440861933722018,2.3478814803953307,0.33516511684884726,
f648709e39,180,1822,12754,127.54,241.74564146712206,0.046988482525874724,2.3620138953521077,0.4711091680950601,
f648709e39,180,1823,12761,127.61,241.73635827629312,0.03952976930254824,2.471560141205931,0.18661030943612936,
f648709e39,180,1824,12768,127.68,241.73010614257646,0.03808520004196356,2.456525799830223,0.2843736220496682,
f648709e39,180,1825,12775,127.75,241.72290477874805,0.029751132070952098,2.507623627217137,0.2495806671564532,
f648709e39,180,1826,12782,127.82,241.72071076426866,0.10252425253448386,2.508114659476259,0.9990805020110095,
f648709e39,180,1827,12789,127.89,241.6679134816794,0.05511383377758881,2.4057927580994436,0.463830656945146,
f648709e39,180,1828,12796,127.96,241.65334725256727,0.03689654263458378,2.34739596899549,0.3569132605583398,
f648709e39,180,1829,12803,128.03,241.6488238071967,0.07053585546547879,2.3882392227684726,0.6628304145212208,
f648709e39,180,1830,12810,128.1,241.63027307152237,0.07217397894109476,2.406175036332378,0.16476089697625726,
f648709e39,180,1831,12817,128.17,241.60420449364787,0.031797495835830254,2.4375391813467124,0.2531513967358067,
f648709e39,180,1832,12824,128.24,241.5990822209972,0.033508330858842666,2.4819286841910917,0.2541685478523392,
f648709e39,180,1833,12831,128.31,241.59486233459714,0.09871793196660848,2.4796862596455904,0.4826420947797224,
f648709e39,180,1834,12838,128.38,241.59165438804112,0.086879428465862,2.531138816093194,0.41183382006212366,
f648709e39,180,1835,12845,128.45,241.55301200333028,0.051499144100908084,2.4429766444130583,0.36782948676069804,
f648709e39,180,1836,12852,128.52,241.5430888376203,0.06473816178940706,2.5253819497000363,0.583277581708564,
f648709e39,180,1837,12859,128.59,241.52467304746244,0.06532275542961855,2.4549468885606207,0.6539392709457122,
f648709e39,180,1838,12866,128.66,241.50400541101538,0.04937564684730487,2.443030663320598,0.49335217558454314,
f648709e39,180,1839,12873,128.73,241.49419630629205,0.040193766731997725,2.3661800847644434,0.3662118541383448,
f648709e39,180,1840,12880,128.8,241.4861916602242,0.09359890360684522,2.37555042071779,0.35169284787569877,
f648709e39,180,1841,12887,128.87,241.48443377466657,0.05885628909247713,2.508654821103305,0.39452788595854177,
f648709e39,180,1842,12894,128.94,241.47051355024146,0.06111142716672265,2.3648875517276413,0.5094250745660684,
f648709e39,180,1843,12901,129.01,241.45217707832222,0.049949756759333205,2.291934284003822,0.46401639565748914,
f648709e39,180,1844,12908,129.08,241.44173508699973,0.06204381923618637,2.336102321588343,0.6013096468047616,
f648709e39,180,1845,12915,129.15,241.42774403949878,0.0344815385817259,2.345659447424008,0.28392695327628986,
f648709e39,180,1846,12922,129.22,241.4223712150506,0.12495896945203055,2.3339713038040473,0.5375328303210029,
f648709e39,180,1847,12929,129.29,241.41404106456906,0.06997890411342929,2.605583896144366,0.17229162715251403,
f648709e39,180,1848,12936,129.36,241.3905222671405,0.050484270025336474,2.2395645564076108,0.34628955622394714,
f648709e39,180,1849,12943,129.43,241.37992443981074,0.026524757366955126,2.282914834932528,0.19461672788140116,
f648709e39,180,1850,12950,129.5,241.3767518318089,0.03993358605285829,2.258200337950171,0.38792492397082196,
f648709e39,180,1851,12957,129.57,241.37042150720043,0.06715762083872943,2.279168916459532,0.4657868430035325,
f648709e39,180,1852,12964,129.64,241.34938650407875,0.03648033976347238,2.18515828377953,0.30644718116189223,
f648709e39,180,1853,12971,129.71,241.34373426803919,0.02462875705600957,2.152784994374013,0.0601464428507515,
f648709e39,180,1854,12978,129.78,241.34100804815316,0.05489451848379694,2.145188484361542,0.26979842944880655,
f648709e39,180,1855,12985,129.85,241.34072567685996,0.04770043773552566,2.260230560128451,0.3948559245018729,
f648709e39,180,1856,12992,129.92,241.33121292122544,0.03452068592021176,2.220550307508394,0.3360392916790483,
f648709e39,180,1857,12999,129.99,241.32648472520592,0.02423417389090697,2.1627581482558638,0.2157799920115027,
f648709e39,180,1858,13006,130.06,241.32450159330511,0.06012133076564914,2.1642299064246484,0.22057905488706397,
f648709e39,180,1859,13013,130.13,241.32254822242797,0.06761674236320082,2.3281656976616087,0.5729555319775747,
f648709e39,180,1860,13020,130.2,241.30527560126492,0.0615484482792474,2.1999270787103904,0.48018926388430744,
f648709e39,180,1861,13027,130.27,241.2868067202149,0.07741036411883442,2.1770497247390685,0.3184080710928535,
f648709e39,180,1862,13034,130.34,241.28220183678818,0.05199557533560062,2.2841120512717215,0.4002423600949897,
f648709e39,180,1863,13041,130.41,241.2700521409196,0.04169649307065308,2.3668216825850075,0.34920191076523327,
f648709e39,180,1864,13048,130.48,241.2642279021097,0.06355852418147576,2.3573895653020767,0.5650030396561871,
f648709e39,180,1865,13055,130.55,241.2491569739653,0.07181430978690194,2.295246501872703,0.4826244702889439,
f648709e39,180,1866,13062,130.62,241.23121805976652,0.06653864933875817,2.2663524786924216,0.3394963570066413,
f648709e39,180,1867,13069,130.69,241.21228537480513,0.03531592254710808,2.1124255756002706,0.24966335859032351,
f648709e39,180,1868,13076,130.76,241.20692706474526,0.05693224773070287,2.1848943891722423,0.4898274818628132,
f648709e39,180,1869,13083,130.83,241.1931286251219,0.10634518564116091,2.2916234819494115,0.40168865456863895,
f648709e39,180,1870,13090,130.9,241.18674509443755,0.14323370966618812,2.402536048797243,0.5901991977327404,
f648709e39,180,1871,13097,130.97,241.17324297775832,0.06972077283496578,2.5884371321737,0.45438202683214635,
f648709e39,180,1872,13104,131.04,241.15205451008057,0.05817439587694014,2.331090996511882,0.5220114982321651,
f648709e39,180,1873,13111,131.11,241.13630679257045,0.07443509245212981,2.2207121367562914,0.2723221950342909,
f648709e39,180,1874,13118,131.18,241.1317727259926,0.07864079868212644,2.3645608694509246,0.3061029281065347,
f648709e39,180,1875,13125,131.25,241.12741026437686,0.07160015506443818,2.2863716045549953,0.6111658392976989,
f648709e39,180,1876,13132,131.32,241.1024048124482,0.028296763457826016,2.2004136358886917,0.2467092892110662,
f648709e39,180,1877,13139,131.39,241.09867588473062,0.030536502562982175,2.1984920729478854,0.1449647517194845,
f648709e39,180,1878,13146,131.46,241.09779127110687,0.02668841449444993,2.1758971837027348,0.2509885912252022,
f648709e39,180,1879,13153,131.53,241.09428558872887,0.043471541053643634,2.2109026893398154,0.2105476130800743,
f648709e39,180,1880,13160,131.6,241.0937225701776,0.039839144992195485,2.255132811326699,0.36596118701050406,
f648709e39,180,1881,13167,131.67,241.08683692396878,0.012836478736588303,2.2112255945949646,0.11834017205829882,
f648709e39,180,1882,13174,131.74,241.0862693560486,0.01787151274123033,2.2181559396950816,0.14271011038698928,
f648709e39,180,1883,13181,131.81,241.08482426029633,0.09277181078242148,2.247312225547836,0.9215157682089757,
f648709e39,180,1884,13188,131.88,241.05376197653376,0.06741796548603426,2.1793630685486467,0.39090762723599887,
f648709e39,180,1885,13195,131.95,241.0403163747204,0.06136679115695918,2.086297786097206,0.4246650732223069,
f648709e39,180,1886,13202,132.02,241.02155639092598,0.04647200746699096,2.0433254380519776,0.34236634631250923,
f648709e39,180,1887,13209,132.09,241.01148617531607,0.03656352420805683,2.0373370998754297,0.3031197031477213,
f648709e39,180,1888,13216,132.16,241.00600628248566,0.041569809886849864,2.0280717636990158,0.32301646765764885,
f648709e39,180,1889,13223,132.23,240.99809624511113,0.03380871720392148,2.039874620108495,0.26583141905970337,
f648709e39,180,1890,13230,132.3,240.9936096711841,0.04298519200364706,2.1420718849465414,0.41034894180750103,
f648709e39,180,1891,13237,132.37,240.98505552591692,0.05632636098106794,2.05131146427056,0.3599008857621552,
f648709e39,180,1892,13244,132.44,240.96906394318444,0.056179560307415694,2.173065923258346,0.5083768351208683,
f648709e39,180,1893,13251,132.51,240.9570953915378,0.041587134027655445,2.057116064370051,0.374966910438256,
f648709e39,180,1894,13258,132.58,240.94970193680652,0.03723402643965552,2.0584297907091207,0.30972981204994776,
f648709e39,180,1895,13265,132.65,240.94495788539132,0.024004781298932756,2.0079370975080804,0.16403948179713526,
f648709e39,180,1896,13272,132.72,240.94239018443548,0.02933532255849042,2.017471309077522,0.2899329406562755,
f648709e39,180,1897,13279,132.79,240.93832232886334,0.03633982379100011,2.080280786716166,0.22768973218629424,
f648709e39,180,1898,13286,132.86,240.93158113247887,0.059514100627964424,2.049846098710617,0.2577243312447721,
f648709e39,180,1899,13293,132.93,240.92989279382388,0.03548554118872929,2.0437272532552235,0.22122817714099033,
f648709e39,180,1900,13300,133.0,240.92360799016038,0.01574298791909753,1.975292630564623,0.12069983152092524,
f648709e39,180,1901,13307,133.07,240.92282652780995,0.03764747296928791,1.9684895150800008,0.355833589001809,
f648709e39,180,1902,13314,133.14,240.91613040038823,0.07504489800728457,1.9670048007571646,0.37697166562366186,
f648709e39,180,1903,13321,133.21,240.9129194476298,0.05451666872650194,1.9878711157307467,0.4632565379107441,
f648709e39,180,1904,13328,133.28,240.89828352609598,0.03345325665063875,1.9468219388514685,0.3145019046685312,
f648709e39,180,1905,13335,133.35,240.89311619228292,0.027907387781101856,1.914147916513796,0.26282230639574644,
f648709e39,180,1906,13342,133.42,240.8899440781104,0.03187472159594941,1.982444919457261,0.1502800868254616,
f648709e39,180,1907,13349,133.49,240.8894449058663,0.08309945550419008,1.9759865630162827,0.38549786650684903,
f648709e39,180,1908,13356,133.56,240.88336864293953,0.07911937260822043,2.113721738971055,0.2529320877454,
f648709e39,180,1909,13363,133.63,240.88161356227332,0.06696170412158226,2.1333735162989593,0.5560655155105791,
f648709e39,180,1910,13370,133.7,240.86035467424853,0.053563216827027964,2.046502045779131,0.2606186651100882,
f648709e39,180,1911,13377,133.77,240.85925229974015,0.07262361347509669,2.1364529033423816,0.3188475268011284,
f648709e39,180,1912,13384,133.84,240.85887048022016,0.037729354180137516,2.058753508408917,0.05823524609391097,
f648709e39,180,1913,13391,133.91,240.85180111364875,0.04895576294414421,2.0298663504808334,0.3199372613033419,
f648709e39,180,1914,13398,133.98,240.8436967810126,0.026569964734599334,1.9988430960151895,0.1711734318325857,
f648709e39,180,1915,13405,134.05,240.84023112955256,0.033994423515781205,1.9901358567529672,0.2632614639558375,
f648709e39,180,1916,13412,134.12,240.834393377551,0.02518014914544367,2.0002646406682993,0.22687216123744616,
f648709e39,180,1917,13419,134.19,240.83246996297933,0.024831010123581194,2.0631192544460872,0.22647564536146844,
f648709e39,180,1918,13426,134.26,240.83002109435847,0.056159857928692006,2.0455667570203,0.4808291213441875,
f648709e39,180,1919,13433,134.33,240.8169100652406,0.06946467999752627,1.9046339611067684,0.6532493518546597,
f648709e39,180,1920,13440,134.4,240.79345036716515,0.041055319246573845,2.040554129558874,0.3913823851905026,
f648709e39,180,1921,13447,134.47,240.7852581870866,0.04787219802918642,2.1118891657529537,0.19089312059303962,
f648709e39,180,1922,13454,134.54,240.77573986558124,0.05168050037451238,2.1338626970005663,0.500091619996304,
f648709e39,180,1923,13461,134.61,240.76306783742828,0.04579360132640398,2.2268736604361403,0.4424983977307625,
f648709e39,180,1924,13468,134.68,240.75333338377584,0.05850880707763199,2.1499430207369348,0.5650107075338714,
f648709e39,180,1925,13475,134.75,240.7381882038548,0.055973122082981636,2.117742289665596,0.5189036458021911,
f648709e39,180,1926,13482,134.82,240.72559523299836,0.032433660248582644,1.8938414649580517,0.23604598148383843,
f648709e39,180,1927,13489,134.89,240.72103706729345,0.035468358445281206,1.8764631187392309,0.3455936830253351,
f648709e39,180,1928,13496,134.96,240.71509057907573,0.04620365190502398,1.8454550849172078,0.2231975371253648,
f648709e39,180,1929,13503,135.03,240.7145307207011,0.03226174895122552,1.925973426432818,0.2339045081922067,
f648709e39,180,1930,13510,135.1,240.7098184451286,0.032413165379793205,1.8490476040818695,0.24959373103229016,
f648709e39,180,1931,13517,135.17,240.70472014683892,0.09301105941835233,1.9159346326487157,0.43783566377571326,
f648709e39,180,1932,13524,135.24,240.7004208877443,0.11881565466190809,2.1674060593893487,0.4790500692090657,
f648709e39,180,1933,13531,135.31,240.69605932423246,0.0847393931609307,2.108705389251649,0.5150460850137234,
f648709e39,180,1934,13538,135.38,240.66707620959082,0.04100463286747439,1.973915237842222,0.35705988673442784,
f648709e39,180,1935,13545,135.45,240.6603915205596,0.09883091579210124,1.9270698244813822,0.4693758371152943,
f648709e39,180,1936,13552,135.52,240.65927812542935,0.11175607405596771,1.946434360395312,0.391436539328793,
f648709e39,180,1937,13559,135.59,240.65229298696528,0.11342183953140755,1.983498809389161,0.38224683644729146,
f648709e39,180,1938,13566,135.66,240.65124006856408,0.06906051687079902,2.116897387931268,0.450744655274648,
f648709e39,180,1939,13573,135.73,240.62809862792744,0.020413867137546306,1.928191276283969,0.17908314304734205,
f648709e39,180,1940,13580,135.8,240.62621469091766,0.013187484713631088,1.8814230930213298,0.08633751160491661,
f648709e39,180,1941,13587,135.87,240.62547782217996,0.05801724427586015,1.883153209667871,0.588881574330675,
f648709e39,180,1942,13594,135.94,240.6117820420915,0.02114987325981953,1.8117758991638773,0.15444969480597642,
f648709e39,180,1943,13601,136.01,240.610335859501,0.053989809324386406,1.8311607417293427,0.19709748937425225,
f648709e39,180,1944,13608,136.08,240.60826560676185,0.039170162428140885,1.8152758735384518,0.3516897795661354,
f648709e39,180,1945,13615,136.15,240.60077218527812,0.08163390607157095,1.837155211768104,0.39988278211998696,
f648709e39,180,1946,13622,136.22,240.59942644399652,0.06287434125802764,2.120111216325099,0.5306199815235596,
f648709e39,180,1947,13629,136.29,240.58230833904986,0.05115590544928272,2.0049333925950434,0.25412807211354815,
f648709e39,180,1948,13636,136.36,240.58102789019446,0.028354047927196917,2.0231321473749353,0.12647877199019866,
f648709e39,180,1949,13643,136.43,240.5780542020486,0.01693178577043755,2.0166534217408216,0.10497075673575589,
f648709e39,180,1950,13650,136.5,240.57678804519273,0.06215088916345746,2.0046068692453116,0.6115914712396612,
f648709e39,180,1951,13657,136.57,240.56047982118235,0.038767973620822196,2.022907803776549,0.3588158520463795,
f648709e39,180,1952,13664,136.64,240.55515791105674,0.03892504938704096,1.8940512132084033,0.2608541480260565,
f648709e39,180,1953,13671,136.71,240.54808339349995,0.13225371674681413,1.8977394828763436,0.452514740327061,
f648709e39,180,1954,13678,136.78,240.53431788883216,0.07983065077779404,2.222960625193466,0.6152138906260944,
f648709e39,180,1955,13685,136.85,240.50833539210765,0.04351990726617289,2.1089166296965516,0.2734399472602821,
f648709e39,180,1956,13692,136.92,240.49917206704626,0.05061627384635257,2.103418741533401,0.22861841290530424,
f648709e39,180,1957,13699,136.99,240.49870059497997,0.08555454318745913,2.1627387567925878,0.2706301774355322,
f648709e39,180,1958,13706,137.06,240.49662756297914,0.05808167743013443,2.2200844669451585,0.3508032229535358,
f648709e39,180,1959,13713,137.13,240.48354851176487,0.032039562388485876,2.1858389444911417,0.10755794364382146,
f648709e39,180,1960,13720,137.2,240.47973180548885,0.029700254805309707,2.167666426147998,0.258591997980914,
f648709e39,180,1961,13727,137.27,240.47561764487995,0.05502034655525072,2.1232170843440903,0.5478926184060753,
f648709e39,180,1962,13734,137.34,240.46093856085022,0.0467963346677596,2.1544248559363854,0.17448107753639172,
f648709e39,180,1963,13741,137.41,240.46017961538632,0.06388519137522558,2.1642973491446345,0.46278971102329175,
f648709e39,180,1964,13748,137.48,240.4420804147999,0.05139802846443294,2.314688640083626,0.19470800564140636,
f648709e39,180,1965,13755,137.55,240.44133726349347,0.08978601106828737,2.2102364552527924,0.32363804733264334,
f648709e39,180,1966,13762,137.62,240.43057541640616,0.06730832451661305,2.3557236277454283,0.16774168108258802,
f648709e39,180,1967,13769,137.69,240.42715985409157,0.05329277385169124,2.1601282182310704,0.3992007743183441,
f648709e39,180,1968,13776,137.76,240.41388610229,0.04458394648932838,2.0839318255501924,0.4299268004544191,
f648709e39,180,1969,13783,137.83,240.4044576244515,0.05416429460728936,2.0633696113524778,0.5411968199166752,
f648709e39,180,1970,13790,137.9,240.39321145475768,0.044559687951653534,1.9708571597118252,0.1296540592589162,
f648709e39,180,1971,13797,137.97,240.38435049526345,0.04030721797307241,2.0372750276069427,0.3809579549275247,
f648709e39,180,1972,13804,138.04,240.37711199096745,0.03656024402530586,2.0063657517098172,0.21555264346555214,
f648709e39,180,1973,13811,138.11,240.3710981810633,0.05063249092084306,1.9865605901922763,0.4880793417416418,
f648709e39,180,1974,13818,138.18,240.35951294312318,0.03827938786137934,1.911599240635552,0.13974131065019973,
f648709e39,180,1975,13825,138.25,240.35830307043517,0.030376862728607713,1.892915145928563,0.05318526810410568,
f648709e39,180,1976,13832,138.32,240.35708367236373,0.08478835329460263,1.8921968697605718,0.43227135352011614,
f648709e39,180,1977,13839,138.39,240.35494446884977,0.05263685590726194,2.1753945931490493,0.23335205959755825,
f648709e39,180,1978,13846,138.46,240.3409854747383,0.048675791051143266,1.9758889238101236,0.21975987098169703,
f648709e39,180,1979,13853,138.53,240.3406778105318,0.03781341773012356,2.0703187547190023,0.28688905686952965,
f648709e39,180,1980,13860,138.6,240.33385396686424,0.07641350373106338,1.9837340248209518,0.3868315943672946,
f648709e39,180,1981,13867,138.67,240.3306240923556,0.09144394349887006,2.0385495063857917,0.26225829589163313,
f648709e39,180,1982,13874,138.74,240.32953165788334,0.058883533385100315,1.8840893485099257,0.28868615800033354,
f648709e39,180,1983,13881,138.81,240.3184177410931,0.04325938112003203,1.965742159481027,0.34847933377976475,
f648709e39,180,1984,13888,138.88,240.3097108476391,0.03137076600163173,1.8891212799311925,0.12511214625730468,
f648709e39,180,1985,13895,138.95,240.30520638400824,0.08902043177748131,1.9118663985511821,0.4468774665152634,
f648709e39,180,1986,13902,139.02,240.30015231772913,0.03857628711953583,1.9829331661887195,0.18139459700490942,
f648709e39,180,1987,13909,139.09,240.2925437332059,0.053513776918254534,1.8511941125625608,0.5190281127218379,
f648709e39,180,1988,13916,139.16,240.2790843302706,0.01994002140381177,1.896876381148713,0.16618282601749343,
f648709e39,180,1989,13923,139.23,240.277482206676,0.0417554576717658,1.857345405979462,0.188286616288966,
f648709e39,180,1990,13930,139.3,240.26950777781283,0.02251264833690614,1.828423143861094,0.20993115522618638,
f648709e39,180,1991,13937,139.37,240.26741164102413,0.09243525173084792,1.852290011864846,0.44927553185302743,
f648709e39,180,1992,13944,139.44,240.26544218747472,0.05552432790628456,1.9329142120575884,0.2647115964807562,
f648709e39,180,1993,13951,139.51,240.25315250861365,0.047784038506178475,1.7416020383698028,0.44768198729173375,
f648709e39,180,1994,13958,139.58,240.24527498625946,0.038195979058414764,1.912877431938033,0.24241579805280503,
f648709e39,180,1995,13965,139.65,240.23842007422755,0.039759737801953604,1.853498470847167,0.3075743366004553,
f648709e39,180,1996,13972,139.72,240.23121323195522,0.10043136230712756,1.9411957862207165,0.48834438074462566,
f648709e39,180,1997,13979,139.79,240.22561311551902,0.07241672782350216,2.166973181830812,0.6233874143390937,
f648709e39,180,1998,13986,139.86,240.19966571445022,0.041943915770350004,2.04262952484571,0.04214417420824056,
f648709e39,180,1999,13993,139.93,240.198365782119,0.08403091201498734,2.0858674930931382,0.3104243776681741,
f648709e39,180,2000,14000,140.0,240.1951174367586,0.07648306176944701,2.061979963779912,0.72104437912815,
f648709e39,180,2001,14007,140.07,240.17398404542018,0.03097433249778262,2.032752237735595,0.19845101716725502,
f648709e39,180,2002,14014,140.14,240.1704519161416,0.04242276333571406,1.9580094635615057,0.41880655338677575,
f648709e39,180,2003,14021,140.21,240.16297231241623,0.04860997428944686,1.9589256761239253,0.47156711228471104,
f648709e39,180,2004,14028,140.28,240.15215943861529,0.03370774271222426,1.8630419273364125,0.3102575608048772,
f648709e39,180,2005,14035,140.35,240.14776313418247,0.03826255211948259,1.8340609404571742,0.3708211287625612,
f648709e39,180,2006,14042,140.42,240.1405766168663,0.05146080419487081,1.7801812435570814,0.5092184358824108,
f648709e39,180,2007,14049,140.49,240.12886058202983,0.04849968205727245,1.7133199417117642,0.4746314898690076,
f648709e39,180,2008,14056,140.56,240.1182350111661,0.015188915116174526,1.689039647800743,0.08873155307594573,
f648709e39,180,2009,14063,140.63,240.11733251666362,0.01782467526779162,1.6803951382117508,0.17157699695318487,
f648709e39,180,2010,14070,140.7,240.11603563849638,0.02746179788160539,1.675961521736826,0.2401137925472883,
f648709e39,180,2011,14077,140.77,240.11253853669928,0.032801528709970336,1.6252174776481554,0.31531101514620746,
f648709e39,180,2012,14084,140.84,240.10740914634817,0.05035670245206875,1.6282803474502212,0.20863139535289632,
f648709e39,180,2013,14091,140.91,240.10695325970005,0.035757048596337056,1.7818286754450834,0.26339310060099114,
f648709e39,180,2014,14098,140.98,240.10280477653106,0.027486529577054233,1.7025643079536519,0.21649624902203846,
f648709e39,180,2015,14105,141.05,240.09923739029304,0.03566731481724315,1.7437701885694412,0.2844862211399583,
f648709e39,180,2016,14112,141.12,240.0943236571417,0.023814302539222273,1.759344599119487,0.20335924218412382,
f648709e39,180,2017,14119,141.19,240.09224469152443,0.03648403587465987,1.8024182860946232,0.3207582432243355,
f648709e39,180,2018,14126,141.26,240.0855500484909,0.027625426537026102,1.769070263407437,0.27139549624595016,
f648709e39,180,2019,14133,141.33,240.08172748681295,0.02138550282325902,1.7583443614998877,0.21758389932807623,
f648709e39,180,2020,14140,141.4,240.07945465443427,0.03227659845166998,1.7382786265797596,0.3193637255322189,
f648709e39,180,2021,14147,141.47,240.07510075448866,0.05911249346648425,1.7626342231272354,0.276684309039167,
f648709e39,180,2022,14154,141.54,240.07340658944378,0.03391103647063921,1.762106286422568,0.18883006603645533,
f648709e39,180,2023,14161,141.61,240.06933117268537,0.05918083980655923,1.7429679415063342,0.23838007386181195,
f648709e39,180,2024,14168,141.68,240.06845847723437,0.04053950156224004,1.866171415228298,0.20600477168652626,
f648709e39,180,2025,14175,141.75,240.06037668312368,0.012007573792714055,1.8013537793556362,0.09015174926786289,
f648709e39,180,2026,14182,141.82,240.05978164602752,0.024932067817791587,1.809522833959239,0.24313585253660444,
f648709e39,180,2027,14189,141.89,240.05669276655394,0.07101816911443568,1.809955343832362,0.2183583609645529,
f648709e39,180,2028,14196,141.96,240.05466584157747,0.04019267680958877,1.8451505123301002,0.28455980583066753,
f648709e39,180,2029,14203,142.03,240.04639862286842,0.06091942935046,1.7887084871516574,0.29794762193072183,
f648709e39,180,2030,14210,142.1,240.04440025066518,0.02961500660532474,1.9408461813220683,0.12851603545075582,
f648709e39,180,2031,14217,142.17,240.0399437400027,0.038853715047120714,1.8602500974143086,0.366324199368681,
f648709e39,180,2032,14224,142.24,240.03269836519777,0.043890422621244235,1.9587545827248622,0.4402265759916772,
f648709e39,180,2033,14231,142.31,240.02648939114474,0.06452254823765032,1.8020067683100014,0.19309316160116607,
f648709e39,180,2034,14238,142.38,240.02313462893403,0.03048557737067449,1.9098928098792178,0.15857724860515768,
f648709e39,180,2035,14245,142.45,240.01955628938924,0.029353086044825373,1.821153831928351,0.22379985160274454,
f648709e39,180,2036,14252,142.52,240.01557223842994,0.08175171655064054,1.7996737872510211,0.35911163930550516,
f648709e39,180,2037,14259,142.59,240.01300364756742,0.06122959707057166,2.0081857229117026,0.4894717050781618,
f648709e39,180,2038,14266,142.66,239.99754252802333,0.031176364157921372,1.8311479657612149,0.11820159046714117,
f648709e39,180,2039,14273,142.73,239.99284105536873,0.04434158717197665,1.8690110518108158,0.24512165153228674,
f648709e39,180,2040,14280,142.8,239.98449519031257,0.05339512901893319,1.9433686494161373,0.4995334384779732,
f648709e39,180,2041,14287,142.87,239.9711426311958,0.10392136599466271,1.8475637154912183,0.49772231520451304,
f648709e39,180,2042,14294,142.94,239.97085220677468,0.06854203729051332,1.9460961848466303,0.40198984189165854,
f648709e39,180,2043,14301,143.01,239.95181879159222,0.03899539566248994,1.7469781640760356,0.35157286335955557,
f648709e39,180,2044,14308,143.08,239.9444972827059,0.041211197953257,1.7033189080671882,0.21920375477264592,
f648709e39,180,2045,14315,143.15,239.93774806242183,0.0905533456598446,1.662854345767488,0.39771634251987964,
f648709e39,180,2046,14322,143.22,239.93190360372017,0.049964846214045275,1.7790094043560856,0.33127536354104653,
f648709e39,180,2047,14329,143.29,239.9193100315288,0.025876289166744833,1.6925653695276146,0.22433448866075523,
f648709e39,180,2048,14336,143.36,239.91617588978676,0.0857578826567973,1.7204260571843417,0.402957644895402,
f648709e39,180,2049,14343,143.43,239.91323907851293,0.056391603628928984,1.602133990349412,0.16308836249727016,
f648709e39,180,2050,14350,143.5,239.89815484376476,0.052878513800419406,1.610345416152885,0.45594671142556903,
f648709e39,180,2051,14357,143.57,239.88537728610342,0.05087924866171175,1.5634407705762983,0.298989370114858,
f648709e39,180,2052,14364,143.64,239.87474177073997,0.03189304530283997,1.6517834370049687,0.2622908372183905,
f648709e39,180,2053,14371,143.71,239.87019292532707,0.03551883185783587,1.6401670112832902,0.3094713996147357,
f648709e39,180,2054,14378,143.78,239.86454029395696,0.04187808845884617,1.696889018711014,0.3106154183290197,
f648709e39,180,2055,14385,143.85,239.85774918947746,0.06540894080404656,1.7073196179700745,0.24808497020924627,
f648709e39,180,2056,14392,143.92,239.8562610409308,0.04017614951906251,1.7463320254279573,0.2602264887501347,
f648709e39,180,2057,14399,143.99,239.84882344193113,0.028952820251012756,1.6626486290454532,0.25091818794724574,
f648709e39,180,2058,14406,144.06,239.84459704240152,0.0819115997507034,1.5829114371455513,0.39444060188627067,
f648709e39,180,2059,14413,144.13,239.84375937608868,0.042450415584686395,1.9300651626086212,0.23640465458568277,
f648709e39,180,2060,14420,144.2,239.83470307817623,0.038730783888976904,1.670006590944271,0.3723982190937488,
f648709e39,180,2061,14427,144.27,239.8277088797973,0.01942923085352015,1.6626127723028348,0.1770867558476845,
f648709e39,180,2062,14434,144.34,239.8261122604374,0.022754919411068962,1.6550217268663259,0.22338151961035413,
f648709e39,180,2063,14441,144.41,239.82346941636544,0.036446472372260424,1.6730683375321385,0.3462161094086647,
f648709e39,180,2064,14448,144.48,239.81850250100476,0.036352278899018625,1.6854905822465616,0.2628586625808105,
f648709e39,180,2065,14455,144.55,239.81215643989947,0.07348987379249208,1.6558589148747913,0.34686148772132486,
f648709e39,180,2066,14462,144.62,239.81098116216376,0.08160845104013885,1.8074550992959575,0.22237842407385938,
f648709e39,180,2067,14469,144.69,239.80880494518559,0.05058444573916631,1.687269461482386,0.278947331063847,
f648709e39,180,2068,14476,144.76,239.79679946526105,0.02230579817221841,1.685350890053363,0.14318385243181064,
f648709e39,180,2069,14483,144.83,239.79430201261144,0.019584580105147836,1.657093328058183,0.18310122964730802,
f648709e39,180,2070,14490,144.9,239.7923826397353,0.032615308658077345,1.6508057279545378,0.2881978904468529,
f648709e39,180,2071,14497,144.97,239.78712475372356,0.10965272158705494,1.6993994266672554,0.5505055642158163,
f648709e39,180,2072,14504,145.04,239.7787702731255,0.10437356314299133,2.0233812830022693,0.36068911803825976,
f648709e39,180,2073,14511,145.11,239.7735865117802,0.1511683055365311,1.8015944291481714,0.5606140465038262,
f648709e39,180,2074,14518,145.18,239.7732973721588,0.08468093580857956,2.1953975617164603,0.4391067218031549,
f648709e39,180,2075,14525,145.25,239.73888121817996,0.07715691956914336,1.7103195278363428,0.28323720445591166,
f648709e39,180,2076,14532,145.32,239.73193659138565,0.058521726114591395,1.865247054529976,0.07465749825930709,
f648709e39,180,2077,14539,145.39,239.73056244058162,0.07967893485931644,1.7436287062193683,0.2874401592856979,
f648709e39,180,2078,14546,145.46,239.72408023244935,0.07799427229359852,1.9071795482235177,0.29601536180296906,
f648709e39,180,2079,14553,145.53,239.7219300184284,0.04619247089314638,1.8621711319955638,0.3626184993961576,
f648709e39,180,2080,14560,145.6,239.71125452691373,0.040414681004144366,1.7973275474289991,0.39963774460743684,
f648709e39,180,2081,14567,145.67,239.70297451322267,0.06497639844240993,1.7714451179973976,0.24149637133262353,
f648709e39,180,2082,14574,145.74,239.70063799118287,0.06372728338822375,1.791586447975334,0.5906498928208773,
f648709e39,180,2083,14581,145.81,239.68046675647344,0.04273704318620654,1.7838254227408898,0.13854133561816623,
f648709e39,180,2084,14588,145.88,239.68019026465464,0.028889520775917235,1.8684015786282469,0.10459911726059148,
f648709e39,180,2085,14595,145.95,239.6759678699181,0.03371139515150386,1.8142424150409449,0.18001896110832985,
f648709e39,180,2086,14602,146.02,239.67202156386395,0.020105120084889332,1.7918334311022235,0.1770095321626586,
f648709e39,180,2087,14609,146.09,239.67031132911887,0.08930358688600519,1.7485786788390847,0.41031233076035156,
f648709e39,180,2088,14616,146.16,239.66447272572475,0.05535339362627282,1.9771339343415255,0.3781293233956165,
f648709e39,180,2089,14623,146.23,239.64901423543063,0.05390888915751678,1.8294117636374818,0.12678578969392737,
f648709e39,180,2090,14630,146.3,239.63478883266598,0.012539664699106653,1.7336489123774756,0.07680682645906241,
f648709e39,180,2091,14637,146.37,239.63409186986473,0.03103000229707676,1.7185563407975724,0.3052748954640178,
f648709e39,180,2092,14644,146.44,239.6300621198741,0.029487428322123074,1.6902767198298527,0.2351517136699249,
f648709e39,180,2093,14651,146.51,239.6267562561789,0.024489020919009084,1.6718617235697808,0.22074053420816733,
f648709e39,180,2094,14658,146.58,239.62405229383788,0.023816487850029412,1.6734875090340395,0.22481869075700436,
f648709e39,180,2095,14665,146.65,239.62138498649085,0.04075809017179197,1.696429817288195,0.19876306522385775,
f648709e39,180,2096,14672,146.72,239.62127380900756,0.03375481269886741,1.7315530917386752,0.255088539962602,
f648709e39,180,2097,14679,146.79,239.61678170799232,0.06295925102709235,1.6791721135363058,0.21867624419904702,
f648709e39,180,2098,14686,146.86,239.61599866022829,0.04196300366085776,1.762855606979715,0.12176428497310324,
f648709e39,180,2099,14693,146.93,239.60794402574393,0.030657807584159914,1.6284354411352733,0.3031254028670592,
f648709e39,180,2100,14700,147.0,239.60350745970442,0.049542528946298285,1.6584267374361568,0.2497269043907255,
f648709e39,180,2101,14707,147.07,239.60164618092625,0.03468088092420328,1.671889325445017,0.2715452729993712,
f648709e39,180,2102,14714,147.14,239.5968125404575,0.10802480621029627,1.6497099873878769,0.42315762368532167,
f648709e39,180,2103,14721,147.21,239.58981647600655,0.04765501571812074,1.8501048772130415,0.14315971233506022,
f648709e39,180,2104,14728,147.28,239.57968154795392,0.027236734367916755,1.654459063437453,0.2649776439035968,
f648709e39,180,2105,14735,147.35,239.57619033530878,0.008750794636493787,1.6386802479571574,0.07415298276697307,
f648709e39,180,2106,14742,147.42,239.5758429035853,0.06505996248003737,1.6243467702500847,0.330055289421114,
f648709e39,180,2107,14749,147.49,239.5732113461949,0.05015702723895395,1.8029522281074915,0.38442747434669744,
f648709e39,180,2108,14756,147.56,239.56063450420365,0.034230192862512075,1.6719362775066409,0.2291364046444873,
f648709e39,180,2109,14763,147.63,239.55466578797166,0.030434153664033556,1.6850998007298261,0.15807560419974484,
f648709e39,180,2110,14770,147.7,239.55012709015355,0.08024231780188294,1.684555909122585,0.38281681773342746,
f648709e39,180,2111,14777,147.77,239.54964886467067,0.06918586136835625,1.8208099465075407,0.6303944950833797,
f648709e39,180,2112,14784,147.84,239.52543470483573,0.07451251969214626,1.765116238989826,0.7554630507977856,
f648709e39,180,2113,14791,147.91,239.50306574514008,0.033800388450842864,1.8491297853809545,0.19327158761449673,
f648709e39,180,2114,14798,147.98,239.50018981715854,0.05950330902368846,1.8011014299001755,0.5894812288328014,
f648709e39,180,2115,14805,148.05,239.48800442878556,0.027939711244731043,1.8588238806806316,0.19538572966545906,
f648709e39,180,2116,14812,148.12,239.48555833738453,0.03475763403579574,1.8159255842494126,0.3241376466936211,
f648709e39,180,2117,14819,148.19,239.48036646239657,0.03524155617620537,1.8694990630023471,0.20423512949520223,
f648709e39,180,2118,14826,148.26,239.47437925718552,0.07524261184783429,1.863566160027598,0.3243430604117388,
f648709e39,180,2119,14833,148.33,239.47345122411946,0.08974663229993653,1.907738356872702,0.15203535722483208,
f648709e39,180,2120,14840,148.4,239.47232523840725,0.055946501893844196,1.8973181007692734,0.19818370500181826,
f648709e39,180,2121,14847,148.47,239.45795815771154,0.034791105275940426,1.7907190226946614,0.3218517150063998,
f648709e39,180,2122,14854,148.54,239.4525324102636,0.09346549479134794,1.8098998131670703,0.43454243929411657,
f648709e39,180,2123,14861,148.61,239.45024502578795,0.12688736539618412,1.92801777049431,0.3710805552858909,
f648709e39,180,2124,14868,148.68,239.4336828825876,0.08530901566174168,1.8568545185522711,0.0684046892632632,
f648709e39,180,2125,14875,148.75,239.4313491550683,0.1337185972528608,1.88994237275591,0.42589802075466626,
f648709e39,180,2126,14882,148.82,239.42392598354593,0.0654503721266215,1.7925209979841528,0.3320828936124706,
f648709e39,180,2127,14889,148.89,239.4029225329455,0.03281456982163912,1.7050171201469086,0.24738378687982718,
f648709e39,180,2128,14896,148.96,239.39853494749568,0.11911087452190625,1.7222168221480296,0.5667100918602075,
f648709e39,180,2129,14903,149.03,239.39774994622647,0.06255619319901533,2.082660722032421,0.3029298280694661,
f648709e39,180,2130,14910,149.1,239.37921041688668,0.05465782755165986,1.7039512540860966,0.247239203592065,
f648709e39,180,2131,14917,149.17,239.37821786625855,0.026903391515654844,1.824885488877943,0.13744402964513314,
f648709e39,180,2132,14924,149.24,239.3749558596747,0.034354638696882815,1.7063128248574368,0.16358654935156078,
f648709e39,180,2133,14931,149.31,239.37410228072727,0.02987297912721649,1.7563776054622546,0.27347339598474113,
f648709e39,180,2134,14938,149.38,239.37075357426858,0.09275595221697802,1.6663730082665278,0.2780460824543525,
f648709e39,180,2135,14945,149.45,239.37020424418722,0.05875399816437981,2.097955607291677,0.2889271851284208,
f648709e39,180,2136,14952,149.52,239.3572403671645,0.083418726436214,1.7871964987557603,0.40229084148318806,
f648709e39,180,2137,14959,149.59,239.3518680000601,0.05511648556353412,2.0206995887676027,0.3456572244403586,
f648709e39,180,2138,14966,149.66,239.3386163652868,0.0396297913893863,1.8965988316282767,0.3934113800955448,
f648709e39,180,2139,14973,149.73,239.33073638409064,0.029679798492155348,1.8167045203131427,0.2120820388538846,
f648709e39,180,2140,14980,149.8,239.32651924577664,0.06515712964445632,1.8163125868606662,0.29561392336882186,
f648709e39,180,2141,14987,149.87,239.3253553740519,0.06609883141886651,1.9508827659944412,0.5866075309087267,
f648709e39,180,2142,14994,149.94,239.3049823869354,0.08949942792131786,1.6997806093749583,0.2518816005619445,
f648709e39,180,2143,15001,150.01,239.30314410566373,0.05517509107165562,1.9117284871425981,0.10806010160300587,
f648709e39,180,2144,15008,150.08,239.2907525089154,0.06114803146616352,1.7835099156303076,0.407953968115603,
f648709e39,180,2145,15015,150.15,239.272389627323,0.030282124344132372,1.6996459114204923,0.2671016657246067,
f648709e39,180,2146,15022,150.22,239.26803064725723,0.09847698287446839,1.6720838715704502,0.46393192866503563,
f648709e39,180,2147,15029,150.29,239.26683326840742,0.0693536848739237,2.0728613074081306,0.44425905140925886,
f648709e39,180,2148,15036,150.36,239.2510881184567,0.04437915128268867,1.8284144149659651,0.31847450877260564,
f648709e39,180,2149,15043,150.43,239.2445584013006,0.039266304756322035,1.8353215775642278,0.2077218421338995,
f648709e39,180,2150,15050,150.5,239.23939430934783,0.03686196772604483,1.8531978500799378,0.3108929263543262,
f648709e39,180,2151,15057,150.57,239.23446578713967,0.028692563949625955,1.886574391145538,0.246586676607666,
f648709e39,180,2152,15064,150.64,239.230654449987,0.050305581402108196,1.8248875156980409,0.19276136366008118,
f648709e39,180,2153,15071,150.71,239.22854152263872,0.028735014031424647,1.8811199009820363,0.21628762124996398,
f648709e39,180,2154,15078,150.78,239.22461322962468,0.0192142388926762,1.8635987449482114,0.18771898395656147,
f648709e39,180,2155,15085,150.85,239.22293092998717,0.10221179448238923,1.8455504638265692,0.5138488306907603,
f648709e39,180,2156,15092,150.92,239.21289966250944,0.07527986567670883,1.9680223450852634,0.26858978668817457,
f648709e39,180,2157,15099,150.99,239.20946580567036,0.05200194728951471,1.8214565653790618,0.43799615132796604,
f648709e39,180,2158,15106,151.06,239.19787624663275,0.031014133336516366,1.8001060706246401,0.19698162065508837,
f648709e39,180,2159,15113,151.13,239.19470741748134,0.03994791936029233,1.7823089798199376,0.34161846195614365,
f648709e39,180,2160,15120,151.2,239.18668280515914,0.11032823309696525,1.7555824770191621,0.477196807844352,
f648709e39,180,2161,15127,151.27,239.17869790705183,0.09328406484707175,2.160808970151956,0.18944285899658425,
f648709e39,180,2162,15134,151.34,239.17514200851102,0.053116542011300956,1.769035660973706,0.3322079958844159,
f648709e39,180,2163,15141,151.41,239.16177740596157,0.025259302381043222,1.8093741307829652,0.24522541443166793,
f648709e39,180,2164,15148,151.48,239.15882147032727,0.12105869833025834,1.8578185789567045,0.553188653542296,
f648709e39,180,2165,15155,151.55,239.15613299077836,0.06250690824171545,2.0282802859285596,0.27440450968170776,
f648709e39,180,2166,15162,151.62,239.13913510898232,0.027837504399766153,1.880109841469289,0.24795555438006742,
f648709e39,180,2167,15169,151.69,239.1356643400002,0.05943216714784631,1.790144347374557,0.2786768420885276,
f648709e39,180,2168,15176,151.76,239.13232657456066,0.07477910928248019,1.8612669504229873,0.24108229624663016,
f648709e39,180,2169,15183,151.83,239.1270982960271,0.037692138877644436,1.892817701998032,0.29323332582490563,
f648709e39,180,2170,15190,151.9,239.11994436268435,0.053671167250191866,1.8781410010717279,0.4992236860601536,
f648709e39,180,2171,15197,151.97,239.10581318352348,0.04380094111797648,1.7790836856893195,0.4292509588689489,
f648709e39,180,2172,15204,152.04,239.09624879828755,0.11704796396766723,1.7050732081608735,0.5151128169618645,
f648709e39,180,2173,15211,152.11,239.0837528098863,0.07473447592898488,2.034837567464141,0.5774414268033503,
f648709e39,180,2174,15218,152.18,239.06443217158642,0.030707432852047824,1.7808181217739032,0.2645883218435749,
f648709e39,180,2175,15225,152.25,239.0601706785778,0.026037305380365763,1.7153671373846007,0.21660360823826225,
f648709e39,180,2176,15232,152.32,239.05719406353165,0.08331187445647312,1.7063247507970658,0.38816088148074396,
f648709e39,180,2177,15239,152.39,239.05364455859424,0.048444316683054475,1.9408978222457878,0.37322838261164154,
f648709e39,180,2178,15246,152.46,239.0444683085667,0.027955953664787866,1.787234574825247,0.24026648368138226,
f648709e39,180,2179,15253,152.53,239.04107090639175,0.016944833856716347,1.7800247646905838,0.048758335010296625,
f648709e39,180,2180,15260,152.6,239.03962225406048,0.03147161759938275,1.7986526014847282,0.25761816338898286,
f648709e39,180,2181,15267,152.67,239.03505567210863,0.029027794766690634,1.759846972180796,0.13748082971749973,
f648709e39,180,2182,15274,152.74,239.03477486022967,0.04624588799285876,1.768517902827522,0.1778922998839317,
f648709e39,180,2183,15281,152.81,239.03384934930818,0.12002898602119297,1.7771447250490964,0.5340708837747576,
f648709e39,180,2184,15288,152.88,239.02850979044266,0.06731034283914042,1.9481961919252635,0.5344688319002007,
f648709e39,180,2185,15295,152.95,239.005431601779,0.08748878610121903,1.7623160529091568,0.40520302318904233,
f648709e39,180,2186,15302,153.02,239.00536458798274,0.07211685155378982,1.9072203398051557,0.5570956225493663,
f648709e39,180,2187,15309,153.09,238.9847323197809,0.02645289646087594,1.7247774740328667,0.22168599361359023,
f648709e39,180,2188,15316,153.16,238.981277598754,0.04666656719034904,1.7062691392827973,0.4170228045943579,
f648709e39,180,2189,15323,153.23,238.9702915849863,0.06043434559253383,1.6623482418674536,0.19704637426556024,
f648709e39,180,2190,15330,153.3,238.96855085630307,0.06644937816333191,1.7868278044255692,0.47994767670338906,
f648709e39,180,2191,15337,153.37,238.95057669166857,0.03397900345879122,1.7190842482882331,0.2786715054537182,
f648709e39,180,2192,15344,153.44,238.94757633372595,0.04382963827695713,1.6800289396104304,0.2005855359839037,
f648709e39,180,2193,15351,153.51,238.94093111509264,0.042060953287181395,1.7082934253790953,0.31880229573485014,
f648709e39,180,2194,15358,153.58,238.93598567446895,0.03334716531423412,1.6706471954977467,0.2022933657868794,
f648709e39,180,2195,15365,153.65,238.9315542239864,0.017680746054655264,1.6536862489510211,0.12484219710615989,
f648709e39,180,2196,15372,153.72,238.9305151563635,0.06297029446988497,1.6634218673081123,0.28891634384399467,
f648709e39,180,2197,15379,153.79,238.9301617983324,0.08606325055636779,1.8079520708992394,0.26770611547865875,
f648709e39,180,2198,15386,153.86,238.92704399527213,0.09533648959109398,1.780665320648836,0.17793050611734354,
f648709e39,180,2199,15393,153.93,238.92445908693708,0.05600935418025898,1.9224620117724036,0.3322533984060813,
f648709e39,180,2200,15400,154.0,238.9120080861333,0.03059114652440793,1.7416769637366531,0.2028059631281548,
f648709e39,180,2201,15407,154.07,238.90765408384382,0.038938118882569844,1.712563201570527,0.3839185330948038,
f648709e39,180,2202,15414,154.14,238.90041069544702,0.08603430127240269,1.72213243901473,0.4364807022217159,
f648709e39,180,2203,15421,154.21,238.89608719049238,0.042416205834989444,1.8497948936264115,0.1461329828678825,
f648709e39,180,2204,15428,154.28,238.8874118025688,0.01715557535486361,1.7392247948847872,0.08866729355102572,
f648709e39,180,2205,15435,154.35,238.8861604654729,0.0544408722093563,1.7258576729571389,0.2553679701225741,
f648709e39,180,2206,15442,154.42,238.88457172627778,0.05700818124572373,1.7501800754252588,0.19973088396387553,
f648709e39,180,2207,15449,154.49,238.8842151285052,0.09459455147187198,1.7160572544461419,0.38176106927468284,
f648709e39,180,2208,15456,154.56,238.87836116566478,0.09802177387902748,1.8129964562108434,0.35815802257042917,
f648709e39,180,2209,15463,154.63,238.8754234661939,0.055524958216583785,1.9055045905411643,0.3590652399686395,
f648709e39,180,2210,15470,154.7,238.86248861643762,0.06604780585642817,1.7228446162827655,0.19242932595567358,
f648709e39,180,2211,15477,154.77,238.8620651241345,0.04031880609881961,1.7937324184466117,0.12647149586010417,
f648709e39,180,2212,15484,154.84,238.8546995719767,0.11173366680331365,1.6855055887136805,0.4893677863401238,
f648709e39,180,2213,15491,154.91,238.83385419129647,0.10439242847245114,1.7344824051252525,0.39434669111943244,
f648709e39,180,2214,15498,154.98,238.82782510186854,0.07350029807306087,2.055938953880134,0.6457536279311282,
f648709e39,180,2215,15505,155.05,238.80465870552672,0.03193502765485235,1.7593652284674555,0.2526114091491972,
f648709e39,180,2216,15512,155.12,238.80067521184048,0.08482332671050141,1.8139952862845454,0.4154405295727862,
f648709e39,180,2217,15519,155.19,238.7993260323326,0.05581267593992625,1.8268426060900946,0.31467910443265545,
f648709e39,180,2218,15526,155.26,238.78828929049072,0.032491888315981265,1.8381066970964601,0.21370751165202517,
f648709e39,180,2219,15533,155.33,238.78414527248924,0.014970733956467,1.7545714740494112,0.07189048440590391,
f648709e39,180,2220,15540,155.4,238.78329803854967,0.027869153943347113,1.7910321766638402,0.2813478763281429,
f648709e39,180,2221,15547,155.47,238.78013213333315,0.11101458776606897,1.7124987508503393,0.5253366985263556,
f648709e39,180,2222,15554,155.54,238.77408128546585,0.05354242117507259,2.0318829346754352,0.24733556068006943,
f648709e39,180,2223,15561,155.61,238.76054061499408,0.022654831011316316,1.7177237590086485,0.21092624540202964,
f648709e39,180,2224,15568,155.68,238.7581116888462,0.07340102658810244,1.6905735213687318,0.3332434740527561,
f648709e39,180,2225,15575,155.75,238.7577473836205,0.07820563023087992,1.7953849724926185,0.17561561727496766,
f648709e39,180,2226,15582,155.82,238.75730568172386,0.044727065029469965,1.6980702214745924,0.10025896358325989,
f648709e39,180,2227,15589,155.89,238.74815544027078,0.01157855365209274,1.621911164728375,0.09410028236882982,
f648709e39,180,2228,15596,155.96,238.74765151974177,0.06807287338130895,1.6503874697726753,0.3104312329815817,
f648709e39,180,2229,15603,156.03,238.74672090649813,0.046278571268816605,1.7134516350599265,0.2938740094144374,
f648709e39,180,2230,15610,156.1,238.7361792581856,0.06482278000798315,1.6608586114290056,0.6302973416780879,
f648709e39,180,2231,15617,156.17,238.71557233784904,0.0950598375950986,1.5532159302579744,0.43694884085358726,
f648709e39,180,2232,15624,156.24,238.71370898209486,0.07204628453303362,1.8473203010478847,0.5667690775215646,
f648709e39,180,2233,15631,156.31,238.69256034384904,0.03332501248549999,1.7070028861907032,0.2078417035038679,
f648709e39,180,2234,15638,156.38,238.68807717646126,0.05566793160612242,1.6615217288465816,0.24596965047256275,
f648709e39,180,2235,15645,156.45,238.68792857394112,0.044851694992948714,1.7940782768528156,0.3474402143454651,
f648709e39,180,2236,15652,156.52,238.6787429957486,0.08407102561160583,1.7340439771267722,0.26300528352443214,
f648709e39,180,2237,15659,156.59,238.67532271574527,0.04192507420070445,1.7670727192178688,0.24381398101216153,
f648709e39,180,2238,15666,156.66,238.66635728423432,0.04802898903820563,1.6446388839292834,0.16839317904569173,
f648709e39,180,2239,15673,156.73,238.66598565786708,0.074073079749187,1.7612166383677812,0.26266632228579095,
f648709e39,180,2240,15680,156.8,238.66527060355958,0.06077611719733947,1.8613955678589946,0.46902050055148053,
f648709e39,180,2241,15687,156.87,238.64837963237727,0.0291500261792205,1.717415552921947,0.29352019549649633,
f648709e39,180,2242,15694,156.94,238.64411532695195,0.03838451336756194,1.6946488242230051,0.13532190776026093,
f648709e39,180,2243,15701,157.01,238.64377798975664,0.07073303935226155,1.7083108203346995,0.31627823585226916,
f648709e39,180,2244,15708,157.08,238.6411609017217,0.05362786930268424,1.7585703017720373,0.3918830447265185,
f648709e39,180,2245,15715,157.15,238.62806337197944,0.04323918528409998,1.7286062265512971,0.17856323804947305,
f648709e39,180,2246,15722,157.22,238.62787833558858,0.03271636914339462,1.7422251060146332,0.21648913317261886,
f648709e39,180,2247,15729,157.29,238.6229727669831,0.048835590607490945,1.7224484654418706,0.23380950317512939,
f648709e39,180,2248,15736,157.36,238.62130179885787,0.024840812489006076,1.794693311268665,0.1733113496484922,
f648709e39,180,2249,15743,157.43,238.6184395711874,0.036083509630576646,1.7496854453899684,0.34559376236741224,
f648709e39,180,2250,15750,157.5,238.61194927917853,0.027526690637905808,1.7562316747269138,0.27376183398207127,
f648709e39,180,2251,15757,157.57,238.60947206322697,0.03279823898756054,1.8094536108501158,0.29857325062261136,
f648709e39,180,2252,15764,157.64,238.60439373490266,0.048322443099401924,1.7667321417651483,0.24726445783845571,
f648709e39,180,2253,15771,157.71,238.60409887763737,0.03920635177128898,1.8416900665543368,0.23425856636823933,
f648709e39,180,2254,15778,157.78,238.59760471732923,0.024351462287520532,1.776619256895139,0.23217818051654418,
f648709e39,180,2255,15785,157.85,238.59475354028746,0.05753969483517058,1.831953858673782,0.5686377341694592,
f648709e39,180,2256,15792,157.92,238.58003257856103,0.03905461198220176,1.8510240023660796,0.35052000544384276,
f648709e39,180,2257,15799,157.99,238.57330179846574,0.017236518112943206,1.800645827147819,0.1472689163521715,
f648709e39,180,2258,15806,158.06,238.57226186073095,0.08857321896105558,1.8369955817109445,0.3173301557654683,
f648709e39,180,2259,15813,158.13,238.5707518785981,0.09330359889410018,2.093401287840019,0.1154511914195971,
f648709e39,180,2260,15820,158.2,238.5634321527783,0.04192015210553099,1.8557797555590922,0.27611771439850114,
f648709e39,180,2261,15827,158.27,238.55591357560783,0.04379829933180182,1.9050367412113696,0.3179318102159516,
f648709e39,180,2262,15834,158.34,238.5484493452635,0.030625972624254993,1.8991503820522222,0.2282290911723209,
f648709e39,180,2263,15841,158.41,238.5445584888006,0.04341454847373118,1.9234260528905716,0.38080450393890974,
f648709e39,180,2264,15848,158.48,238.53692459617469,0.052091343034982474,1.9439193720677526,0.4900672201474477,
f648709e39,180,2265,15855,158.55,238.5255949059195,0.020738015853219282,1.9416098492486304,0.12211886133783192,
f648709e39,180,2266,15862,158.62,238.52428747739535,0.11812475693285908,1.9301330200844593,0.5048411200435704,
f648709e39,180,2267,15869,158.69,238.51504907313276,0.05514741264085809,2.2819301793972175,0.19872404297000182,
f648709e39,180,2268,15876,158.76,238.5028227665367,0.046010768491647196,2.1154524706397178,0.3670270275373845,
f648709e39,180,2269,15883,158.83,238.49590368681527,0.051379143670736926,1.9538552119753698,0.5074224493023046,
f648709e39,180,2270,15890,158.9,238.482593857485,0.08979479582711343,1.9395675425680012,0.4467768801562674,
f648709e39,180,2271,15897,158.97,238.47911178412642,0.04939366722881943,1.9918548804431668,0.2185059238649127,
f648709e39,180,2272,15904,159.04,238.4676020706551,0.06949501337179012,1.901625102676375,0.267053721262158,
f648709e39,180,2273,15911,159.11,238.46471279205502,0.03913751051621912,1.8572567756966567,0.19982142001820768,
f648709e39,180,2274,15918,159.18,238.4572716930013,0.06078744892695312,1.8319041029752674,0.2613822874548344,
f648709e39,180,2275,15925,159.25,238.4560822722271,0.07228498723572546,1.9716665011226153,0.1300485903882424,
f648709e39,180,2276,15932,159.32,238.4553274079677,0.0472907742202754,1.8675607698835062,0.2730110871633865,
f648709e39,180,2277,15939,159.39,238.4439512110414,0.04114164597064848,1.8800282891184141,0.4029966642516377,
f648709e39,180,2278,15946,159.46,238.43736623516284,0.02370389625804431,1.8994490769371903,0.21486859143202525,
f648709e39,180,2279,15953,159.53,238.43521091597822,0.043303085799723216,1.9101154398603666,0.3996402569706822,
f648709e39,180,2280,15960,159.6,238.42728447315915,0.01800641704114065,1.9146637968274793,0.13912846056470637,
f648709e39,180,2281,15967,159.67,238.42576410540602,0.056314773640181955,1.9103596682212272,0.22860047708241749,
f648709e39,180,2282,15974,159.74,238.42278126821307,0.0383280468949393,2.0513288316014986,0.18131472409173108,
f648709e39,180,2283,15981,159.81,238.41712539425012,0.030647957554481617,1.9588245445844625,0.28749673015714133,
f648709e39,180,2284,15988,159.88,238.41515379017417,0.03977173179100528,1.9927086242036391,0.3729514412950597,
f648709e39,180,2285,15995,159.95,238.40741925016823,0.04428619646533823,2.0487499772268993,0.12161459163553166,
f648709e39,180,2286,16002,160.02,238.40726083031086,0.06342661940383806,2.1250384814753565,0.4047256619832059,
f648709e39,180,2287,16009,160.09,238.38963663678993,0.028407324130327757,2.1210655037363875,0.251037613986779,
f648709e39,180,2288,16016,160.16,238.38615582648913,0.09418062598649195,2.1385407835606567,0.38262637922560827,
f648709e39,180,2289,16023,160.23,238.3826868716449,0.05993824592913241,2.5011502544790023,0.4165796354614455,
f648709e39,180,2290,16030,160.3,238.36572208474985,0.05045463720217919,2.2243659884384304,0.24835949350856096,
f648709e39,180,2291,16037,160.37,238.35275575554917,0.04126257262899925,2.293979754396457,0.40135555889701796,
f648709e39,180,2292,16044,160.44,238.34690035786517,0.04781453011807947,2.3571891027244254,0.44549317911839675,
f648709e39,180,2293,16051,160.51,238.33571676809578,0.04970595526707606,2.367360176477483,0.2978618432995255,
f648709e39,180,2294,16058,160.58,238.32802912001213,0.056552929551969985,2.3689614955506517,0.5120245628046373,
f648709e39,180,2295,16065,160.65,238.31756364217466,0.05854206571561064,2.3049522396724695,0.43857721067593625,
f648709e39,180,2296,16072,160.72,238.30292419585948,0.06214660126373308,2.329707107962177,0.6223986650027866,
f648709e39,180,2297,16079,160.79,238.28906178890625,0.052894082435493456,2.3503900064386154,0.2930802683597646,
f648709e39,180,2298,16086,160.86,238.27847668167465,0.03305121605076892,2.2660666402893703,0.13393730289010453,
f648709e39,180,2299,16093,160.93,238.2744765012597,0.0942365505149832,2.314784163438642,0.44325051376137553,
f648709e39,180,2300,16100,161.0,238.27151671884693,0.07030845207274809,2.43547640556839,0.4726651685640437,
f648709e39,180,2301,16107,161.07,238.2563408306714,0.045866202537172315,2.31342211118621,0.29461945743081236,
f648709e39,180,2302,16114,161.14,238.2465392224739,0.06874185038647082,2.217429573161087,0.44634403352634355,
f648709e39,180,2303,16121,161.21,238.2235184511517,0.043870338018566137,2.340640613976487,0.38576639608205504,
f648709e39,180,2304,16128,161.28,238.21392959602474,0.05842830021963839,2.3305633261035292,0.2592212681313991,
f648709e39,180,2305,16135,161.35,238.19713166488677,0.03533122062578747,2.3324529926934927,0.27213324050052434,
f648709e39,180,2306,16142,161.42,238.19112146929123,0.07256582331629961,2.2430852148053186,0.2850150968109564,
f648709e39,180,2307,16149,161.49,238.18878850419478,0.042593684324618096,2.422415367390038,0.27563037935721174,
f648709e39,180,2308,16156,161.56,238.17965822397062,0.06488224645438154,2.2868319089466578,0.6378785440582802,
f648709e39,180,2309,16163,161.63,238.15905618207333,0.11894898445575583,2.39943092194735,0.5582378588396383,
f648709e39,180,2310,16170,161.7,238.15149998510992,0.061339255739175966,2.583718030724536,0.49277198563231084,
f648709e39,180,2311,16177,161.77,238.1323535693202,0.08373304647320645,2.5247388269666082,0.3882663936243577,
f648709e39,180,2312,16184,161.84,238.12648699686346,0.057270165682874144,2.48224760170478,0.488651989955408,
f648709e39,180,2313,16191,161.91,238.1139384383107,0.05160834710766867,2.536502191388118,0.2749313929470513,
f648709e39,180,2314,16198,161.98,238.10334960506546,0.11242372252334333,2.4654727177502047,0.4758122257107203,
f648709e39,180,2315,16205,162.05,238.10149779953196,0.06377237818615215,2.642045496120989,0.3890614037720369,
f648709e39,180,2316,16212,162.12,238.0831002797446,0.05080760981563187,2.4464935427594456,0.1992327846660781,
f648709e39,180,2317,16219,162.19,238.08307340150557,0.06548802950458744,2.4318728277857145,0.41674084044744325,
f648709e39,180,2318,16226,162.26,238.0659729836479,0.04541988310527426,2.5565463158354738,0.4335215078997375,
f648709e39,180,2319,16233,162.33,238.05741302737292,0.11041553083341726,2.479675712911734,0.42308367700877236,
f648709e39,180,2320,16240,162.4,238.04638313998498,0.0961279626336864,2.7314272131391917,0.379701497966887,
f648709e39,180,2321,16247,162.47,238.0030222053798,0.05630666783912257,2.5515446311724115,0.1556100518514272,
f648709e39,180,2322,16254,162.54,237.98977601082723,0.04454389049653655,2.52997381081411,0.3742510253078321,
f648709e39,180,2323,16261,162.61,237.98094049466627,0.09389888273949794,2.545836939313863,0.46278207490979106,
f648709e39,180,2324,16268,162.68,237.97144315375658,0.05420360813700137,2.7494715015385287,0.3580366456775822,
f648709e39,180,2325,16275,162.75,237.95790506100337,0.07490094579808358,2.623581938709575,0.3430784013473957,
f648709e39,180,2326,16282,162.82,237.95730854497992,0.07838422444805575,2.702027278613103,0.7024894553927001,
f648709e39,180,2327,16289,162.89,237.9265972676163,0.08032329598614016,2.6345951144779396,0.6452290234584844,
f648709e39,180,2328,16296,162.96,237.89872750313094,0.16709402903193746,2.6185399262439395,0.8337467317147904,
f648709e39,180,2329,16303,163.03,237.85732997409025,0.0636796070094278,3.112767134631047,0.32596603019843884,
f648709e39,180,2330,16310,163.1,237.84037914271954,0.04758803780853067,2.9532751895359937,0.42884473666005984,
f648709e39,180,2331,16317,163.17,237.82958828843445,0.025014053872367072,2.901855411457688,0.1699504810087337,
f648709e39,180,2332,16324,163.24,237.82675687379174,0.1173120087865157,2.8310754393345396,0.549398422107492,
f648709e39,180,2333,16331,163.31,237.82515821088708,0.07396648230057909,3.105819674848208,0.5105933947378863,
f648709e39,180,2334,16338,163.38,237.80138530161224,0.06812786848989003,3.004055933504228,0.5516334267670204,
f648709e39,180,2335,16345,163.45,237.7795209411272,0.029993422208980488,2.957246240817793,0.2764242442797337,
f648709e39,180,2336,16352,163.52,237.77544433287153,0.048726314305112046,2.9159674194082363,0.46667978680228633,
f648709e39,180,2337,16359,163.59,237.7635642661008,0.01903317741933062,2.8564018060614362,0.18118407670132003,
f648709e39,180,2338,16366,163.66,237.76171326661392,0.10083916260908628,2.8377373516726108,0.46793183672581923,
f648709e39,180,2339,16373,163.73,237.75124054990363,0.061600944769907774,2.8640173273352847,0.47482117442204613,
f648709e39,180,2340,16380,163.8,237.73433723565648,0.13250846572285374,2.7909983717666353,0.5885048717656755,
f648709e39,180,2341,16387,163.87,237.72266996139209,0.14179737465121428,2.9629697777284623,0.5719279634575896,
f648709e39,180,2342,16394,163.94,237.70096032725485,0.10000283901032282,2.9043287819383425,0.8673943646300981,
f648709e39,180,2343,16401,164.01,237.65015037495598,0.03421262296748372,3.0015985667846703,0.2191135946545604,
f648709e39,180,2344,16408,164.08,237.64447061114257,0.044222850203846926,3.017092276803551,0.38537619375036497,
f648709e39,180,2345,16415,164.15,237.63547067520122,0.029307765228260143,3.1378613903042436,0.2517990897106734,
f648709e39,180,2346,16422,164.22,237.63111623151195,0.07802235753890271,3.066893195288995,0.29607871259920326,
f648709e39,180,2347,16429,164.29,237.6298417776645,0.08043334340364161,3.1730852169015558,0.6144378867041694,
f648709e39,180,2348,16436,164.36,237.59713287698847,0.1612151333447531,3.089468928919837,0.7559195087606998,
f648709e39,180,2349,16443,164.43,237.5760588971207,0.1555650639650243,3.5106171240119752,0.2393718133094929,
f648709e39,180,2350,16450,164.5,237.56265228956283,0.12673810779630093,3.4043528072863762,0.09769205922766248,
f648709e39,180,2351,16457,164.57,237.55791208039577,0.07833712154930539,3.4471627823203725,0.5024325539199346,
f648709e39,180,2352,16464,164.64,237.53032089325535,0.16729055959065325,3.253126437288185,0.7759877729111286,
f648709e39,180,2353,16471,164.71,237.5255533474355,0.14071182617332637,4.015213826956256,1.0097758205762322,
f648709e39,180,2354,16478,164.78,237.4457926444443,0.09729645825437432,3.3215355225714642,0.91976325442004,
f648709e39,180,2355,16485,164.85,237.40847555847532,0.06069992247570032,3.477423093111711,0.5646551578414892,
f648709e39,180,2356,16492,164.92,237.39234758583908,0.1039984068833677,3.2570445612332772,0.4029473661482633,
f648709e39,180,2357,16499,164.99,237.38528006091786,0.10768561214039894,3.6075326928453455,1.0438592894272363,
f648709e39,180,2358,16506,165.06,237.32779956258338,0.13734212645623273,3.3251439311808726,0.670434228232185,
f648709e39,180,2359,16513,165.13,237.3127040773342,0.10770428781276217,3.5157921660828775,0.6092783197307932,
f648709e39,180,2360,16520,165.2,237.26512109038757,0.04621108264001319,3.5046941870375936,0.32774523473404216,
f648709e39,180,2361,16527,165.27,237.2561608821684,0.06331237426352185,3.3259488082558843,0.6282353361078149,
f648709e39,180,2362,16534,165.34,237.23909884471414,0.10678281227373923,3.4017736318263743,0.493291823726095,
f648709e39,180,2363,16541,165.41,237.23820488520533,0.13408011759939556,3.386254289722299,0.2427246653691483,
f648709e39,180,2364,16548,165.48,237.23604047517966,0.11444071991774087,3.4529379024355933,0.6033461962744365,
f648709e39,180,2365,16555,165.55,237.1732590414375,0.1753262340229974,3.4154401423507466,0.7179055725338465,
f648709e39,180,2366,16562,165.62,237.13988025642072,0.22778062464721333,3.843105490325663,0.9028520216396435,
f648709e39,180,2367,16569,165.69,237.12679444502538,0.2914836528828922,3.8832239709319865,0.9988573170701387,
f648709e39,180,2368,16576,165.76,237.07796843769322,0.2456102152817107,4.0065474234657295,0.4555110418037119,
f648709e39,180,2369,16583,165.83,237.06789232935367,0.13495647751248602,4.062027691838938,0.48811829699851167,
f648709e39,180,2370,16590,165.9,236.98349015979176,0.07471721905181161,3.534283518444065,0.5266096846344329,
f648709e39,180,2371,16597,165.97,236.9584462542499,0.1072098324658153,3.794174113084875,0.5142404738592954,
f648709e39,180,2372,16604,166.04,236.95441214195668,0.09228281995352358,3.6715283336724696,0.6183155815139906,
f648709e39,180,2373,16611,166.11,236.9151064017253,0.038489372025776715,3.7916513082599446,0.3530770662934053,
f648709e39,180,2374,16618,166.18,236.90870910100386,0.07353160734315277,3.6927188171810066,0.37116353309223543,
f648709e39,180,2375,16625,166.25,236.9054714372421,0.09461538293052738,3.802162051298182,0.8939316307822287,
f648709e39,180,2376,16632,166.32,236.86274793778313,0.04134684831582198,3.4077032276799555,0.3181118081344046,
f648709e39,180,2377,16639,166.39,236.85416488753967,0.11072345758325125,3.4717962176154478,0.47393744205700605,
f648709e39,180,2378,16646,166.46,236.845357294868,0.05990050861164793,3.5734339260543164,0.3714445429228869,
f648709e39,180,2379,16653,166.53,236.82712081042627,0.04582138256944029,3.432715260357278,0.17400003360107863,
f648709e39,180,2380,16660,166.6,236.81683712014828,0.20305913896022182,3.4431434384005075,0.8541446482923284,
f648709e39,180,2381,16667,166.67,236.78544358197405,0.21743832885548608,3.940203346958922,0.8732652860305768,
f648709e39,180,2382,16674,166.74,236.7741184713635,0.12416945875373782,3.496853181355458,0.8890884364247776,
f648709e39,180,2383,16681,166.81,236.7081065191142,0.0392255037566245,3.3022403241320877,0.2668949538958477,
f648709e39,180,2384,16688,166.88,236.70125632666299,0.19437940419246522,3.2517258364290687,0.7961721434327628,
f648709e39,180,2385,16695,166.95,236.6943090703076,0.1264632353219399,3.97538627302164,0.7951690479974354,
f648709e39,180,2386,16702,167.02,236.61783802106748,0.05542893877114349,3.36135823010096,0.5317181958024623,
f648709e39,180,2387,16709,167.09,236.60666083016682,0.17609058479766362,3.3569850522011486,0.677769371136932,
f648709e39,180,2388,16716,167.16,236.57418806556126,0.11978140646165736,3.319656637227263,0.31066949460408433,
f648709e39,180,2389,16723,167.23,236.56061357532195,0.07003077774162124,3.3355564824825485,0.5435700767849594,
f648709e39,180,2390,16730,167.3,236.53712439327995,0.06592410353797733,3.0561267124971185,0.6151189704468316,
f648709e39,180,2391,16737,167.37,236.51542453965536,0.045529807133101244,3.070208276662529,0.201610430969859,
f648709e39,180,2392,16744,167.44,236.5143058949281,0.11009918714030563,3.150392878684313,1.062937409619901,
f648709e39,180,2393,16751,167.51,236.45666305245234,0.03481111717905688,3.4130953159399997,0.3047453714235771,
f648709e39,180,2394,16758,167.58,236.45136690150267,0.09522481701552458,3.3233943253096725,0.2670224224210941,
f648709e39,180,2395,16765,167.65,236.41605616748402,0.10179232812482197,3.3063799877679543,0.5672351471330528,
f648709e39,180,2396,16772,167.72,236.37033416877318,0.042823120533454724,3.199690846757056,0.34329667004598374,
f648709e39,180,2397,16779,167.79,236.36137429841352,0.06326116439045285,3.174493861969524,0.5933238115010129,
f648709e39,180,2398,16786,167.86,236.342372750905,0.10498374381108531,3.2078440898787766,0.358475002205318,
f648709e39,180,2399,16793,167.93,236.3337809011434,0.08619072153082658,3.1106252317894976,0.6180928439963459,
f648709e39,180,2400,16800,168.0,236.29723460951445,0.13650452957465645,3.2493737168504335,0.5841765545970149,
f648709e39,180,2401,16807,168.07,236.28404248471108,0.10513231377999728,3.2873104859864277,0.9024179029057099,
f648709e39,180,2402,16814,168.14,236.24746189113017,0.0677473176310848,3.2364453680911134,0.27121967026051513,
f648709e39,180,2403,16821,168.21,236.22690390711523,0.04837706092970507,3.145152422474934,0.4813924832282715,
f648709e39,180,2404,16828,168.28,236.21932265507212,0.15054519832254848,3.1846983312155186,0.6950580812958694,
f648709e39,180,2405,16835,168.35,236.1924203835243,0.1597345770859148,3.4008090406551585,0.6560138660130336,
f648709e39,180,2406,16842,168.42,236.18777118013764,0.09386226912322647,3.297210561531656,0.520938474757476,
f648709e39,180,2407,16849,168.49,236.14790553807964,0.04408821367901213,2.9815107370910185,0.39141110668833684,
f648709e39,180,2408,16856,168.56,236.13807108804966,0.13685148638623928,2.9634990079236396,0.6145295828482554,
f648709e39,180,2409,16863,168.63,236.13643366963856,0.09228268373847266,3.283679312187172,0.5477811057010296,
f648709e39,180,2410,16870,168.7,236.0990930109574,0.18772986078569392,3.0202989100187208,0.8452620628544386,
f648709e39,180,2411,16877,168.77,236.0964496030951,0.10425098289100322,3.4285472540513005,0.34430258529509505,
f648709e39,180,2412,16884,168.84,236.047790680836,0.10686871207160083,2.9421756122545926,0.47194487113177164,
f648709e39,180,2413,16891,168.91,236.0474442724372,0.08506165161269821,2.9484909154730947,0.5327704483849568,
f648709e39,180,2414,16898,168.98,236.0159835121585,0.03769117614769974,2.915278720728695,0.25373612031001735,
f648709e39,180,2415,16905,169.05,236.0087377535075,0.08077606326575398,2.921211968929014,0.7426762092875875,
f648709e39,180,2416,16912,169.12,235.98295468738212,0.04768707499427373,2.963610832422201,0.33943727035274995,
f648709e39,180,2417,16919,169.19,235.9722770611669,0.042798506076576814,2.9088634725174347,0.3896034266435003,
f648709e39,180,2418,16926,169.26,235.966183843681,0.09067482565446432,3.0025392598446428,0.6798196940155723,
f648709e39,180,2419,16933,169.33,235.93547845792318,0.08094011309485624,2.877676676818044,0.2967740483789486,
f648709e39,180,2420,16940,169.4,235.90249408080692,0.11223538222639763,2.7682262231621975,0.4652743702472697,
f648709e39,180,2421,16947,169.47,235.89197502820585,0.1512267524268455,2.9159237847163033,0.6882233780114843,
f648709e39,180,2422,16954,169.54,235.88199648185076,0.0831534330367336,3.052301077682535,0.5237733885425158,
f648709e39,180,2423,16961,169.61,235.85103545955383,0.12817219804786517,2.866233839813122,0.5748083431268911,
f648709e39,180,2424,16968,169.68,235.84031234256943,0.07700027703942809,2.9620405927010993,0.3164823822899821,
f648709e39,180,2425,16975,169.75,235.81949686320922,0.07298554040783928,2.884271996613903,0.6771565478867868,
f648709e39,180,2426,16982,169.82,235.79605272696472,0.22428633852746,2.697090308908081,1.0465082437464353,
f648709e39,180,2427,16989,169.89,235.79242764844744,0.12502287947365062,3.298707029333453,0.22463056203645568,
f648709e39,180,2428,16996,169.96,235.72396231288027,0.03989607108801443,2.670343372802368,0.265527677793178,
f648709e39,180,2429,17003,170.03,235.7162364800889,0.06491247103943769,2.5889136353254076,0.3081167107042475,
f648709e39,180,2430,17010,170.1,235.7150370494132,0.07760806000420095,2.598953778487998,0.6596909979467699,
f648709e39,180,2431,17017,170.17,235.69745386734314,0.07760951788512482,2.806233055700275,0.661524456529333,
f648709e39,180,2432,17024,170.24,235.67134843132115,0.040524453723096696,2.4098063846603437,0.17213890910860913,
f648709e39,180,2433,17031,170.31,235.66320118443878,0.0383216238281654,2.520909514229672,0.25901478785084403,
f648709e39,180,2434,17038,170.38,235.65626724412886,0.1175118464736484,2.486965476083798,0.5117406244533319,
f648709e39,180,2435,17045,170.45,235.64411082006657,0.11234898096016874,2.65624762938621,0.43564316216458676,
f648709e39,180,2436,17052,170.52,235.64001382400386,0.1126807658773417,2.540369888404436,0.29291291633077393,
f648709e39,180,2437,17059,170.59,235.63036368024973,0.12214386731111446,2.5212505933424953,0.38771264514858356,
f648709e39,180,2438,17066,170.66,235.61250112395177,0.07423787943025549,2.5071443801756637,0.04493858232941733,
f648709e39,180,2439,17073,170.73,235.6110245616805,0.11246861098932887,2.434316711317998,0.3605318395349397,
f648709e39,180,2440,17080,170.8,235.60791708320795,0.06204449478953773,2.672615167783803,0.30898579570110535,
f648709e39,180,2441,17087,170.87,235.58960446666458,0.07826808614065955,2.353205053689124,0.3560009326267833,
f648709e39,180,2442,17094,170.94,235.58924865447264,0.06303086563294677,2.5782844957400037,0.30845673968885595,
f648709e39,180,2443,17101,171.01,235.571717452868,0.02657232671082213,2.4781161637491977,0.2173822776856769,
f648709e39,180,2444,17108,171.08,235.5686126005536,0.07219219855120951,2.5165138623864953,0.7292163256297068,
f648709e39,180,2445,17115,171.15,235.5443300564446,0.10389494673705092,2.672223548833336,0.5159965085570593,
f648709e39,180,2446,17122,171.22,235.54004346967548,0.135162733221457,2.7649273694297167,0.4233422079258359,
f648709e39,180,2447,17129,171.29,235.53300140907157,0.09658609553935146,3.0275656061662404,0.5844878345057841,
f648709e39,180,2448,17136,171.36,235.4898949854276,0.04369301271760118,2.549577876217401,0.4258183082933496,
f648709e39,180,2449,17143,171.43,235.48172370784565,0.06653399354105284,2.5308175027334885,0.2779621098085352,
f648709e39,180,2450,17150,171.5,235.4794251566085,0.07247239054149755,2.561763997895267,0.17180291586749327,
f648709e39,180,2451,17157,171.57,235.47773903306543,0.06495854182259557,2.563235174383936,0.42026744410717237,
f648709e39,180,2452,17164,171.64,235.46013426481693,0.06886964907624606,2.50085683048481,0.5461847816231133,
f648709e39,180,2453,17171,171.71,235.44260742823593,0.06857648742567621,2.4669692609664797,0.5839395130355387,
f648709e39,180,2454,17178,171.78,235.42168882605665,0.12266192177843895,2.528681276558415,0.5306062562074252,
f648709e39,180,2455,17185,171.85,235.4118207540063,0.11031669864352331,2.4537211195282063,0.22190506727925569,
f648709e39,180,2456,17192,171.92,235.40165742761874,0.11482177885741075,2.434151082394849,0.3130480578036178,
f648709e39,180,2457,17199,171.99,235.40124699181965,0.061818216652468276,2.4695566783114207,0.3392316410138535,
f648709e39,180,2458,17206,172.06,235.38446474488975,0.0963366533027685,2.3325090214017896,0.34434560277449766,
f648709e39,180,2459,17213,172.13,235.38048124564375,0.0709206388163516,2.3059641250768217,0.6200664229031426,
f648709e39,180,2460,17220,172.2,235.35610524783877,0.1006324990006841,2.1423453996072257,0.421049682194585,
f648709e39,180,2461,17227,172.27,235.3469812788021,0.07727756511527514,2.4488292590700405,0.656555167992329,
f648709e39,180,2462,17234,172.34,235.3225410282005,0.12074733799349756,2.2248907669065394,0.46665748310771,
f648709e39,180,2463,17241,172.41,235.31939121204627,0.1534635968358541,2.664868374393286,0.5182421356319119,
f648709e39,180,2464,17248,172.48,235.31813044874616,0.0954903150956485,2.2925984840365503,0.4161698945709616,
f648709e39,180,2465,17255,172.55,235.28180220685869,0.04875252839857208,2.268563498300338,0.2821558732989092,
f648709e39,180,2466,17262,172.62,235.27232211111877,0.08483147180841161,2.1461580030157745,0.3870377720779315,
f648709e39,180,2467,17269,172.69,235.26706403512839,0.07420459745685937,2.353646430588296,0.6412606325125728,
f648709e39,180,2468,17276,172.76,235.25305633843524,0.07874831882685226,2.237093474621603,0.6581766123496892,
f648709e39,180,2469,17283,172.83,235.22610462223574,0.05032499024234529,2.1437202013190992,0.36054524561302803,
f648709e39,180,2470,17290,172.9,235.21819399855227,0.02763282421764002,2.1701840082522836,0.16279475870354204,
f648709e39,180,2471,17297,172.97,235.2154354422718,0.04092101581246968,2.103630815996735,0.3248591811122954,
f648709e39,180,2472,17304,173.04,235.20763881393057,0.021263578389585,2.1196923805813555,0.2052086044173342,
f648709e39,180,2473,17311,173.11,235.2059483821007,0.12756980688136307,2.1269001991665784,0.6414623153382101,
f648709e39,180,2474,17318,173.18,235.2031254748329,0.06211662245794675,2.4724056131496983,0.15618085558848585,
f648709e39,180,2475,17325,173.25,235.18553642581278,0.03290150571201911,2.1891001635374274,0.08629701399850018,
f648709e39,180,2476,17332,173.32,235.1805690609822,0.04673398299389778,2.1591600585890136,0.19976530430043024,
f648709e39,180,2477,17339,173.39,235.17711218301977,0.12205604116445426,2.174820066287928,0.5670105664184693,
f648709e39,180,2478,17346,173.46,235.16909305334838,0.06827367816395521,2.327317848021194,0.46573988819978285,
f648709e39,180,2479,17353,173.53,235.14776464980434,0.09556117948413063,2.224388149566926,0.4468444844154213,
f648709e39,180,2480,17360,173.6,235.14618575523366,0.06331138092980748,2.3128546530903384,0.3602350708446889,
f648709e39,180,2481,17367,173.67,235.1270029532094,0.09444133202134207,2.164379089576946,0.2727351299207038,
f648709e39,180,2482,17374,173.74,235.12640315179027,0.06378256173932124,2.4647705709676906,0.23453398141716597,
f648709e39,180,2483,17381,173.81,235.10742991453495,0.01062440972931559,2.2569477630071946,0.048678599363286015,
f648709e39,180,2484,17388,173.88,235.10696220675106,0.0458935159725577,2.2613615765872104,0.45041466903472854,
f648709e39,180,2485,17395,173.95,235.09713072435392,0.07730410855874875,2.268721729623634,0.38750909106576403,
f648709e39,180,2486,17402,174.02,235.0921770320431,0.07099279361769632,2.2480520029835853,0.4669121190530261,
f648709e39,180,2487,17409,174.09,235.06902861100215,0.09042816273989206,2.2225199511086235,0.35123602889472116,
f648709e39,180,2488,17416,174.16,235.06882588009967,0.060605441781302595,2.3420638613685716,0.42767994590602376,
f648709e39,180,2489,17423,174.23,235.0573003839275,0.07011799825767075,2.160970184505186,0.2622673401761889,
f648709e39,180,2490,17430,174.3,235.03259428333726,0.03709557598979579,2.136589516874277,0.2435223841381158,
f648709e39,180,2491,17437,174.37,235.0256957062801,0.07488417415254335,2.089382921898879,0.32095101620222044,
f648709e39,180,2492,17444,174.44,235.02246643618656,0.08224478879320035,2.17434649406369,0.25074369656271295,
f648709e39,180,2493,17451,174.51,235.0217001259417,0.11440071489772005,2.185817083361302,0.3184175481207768,
f648709e39,180,2494,17458,174.58,235.0186726921584,0.17198781705167346,2.1958128833144,0.6032730763938057,
f648709e39,180,2495,17465,174.65,235.01685570894043,0.08821188121611898,2.3820012250718774,0.22166454871221325,
f648709e39,180,2496,17472,174.72,234.977284701246,0.03985419321283981,1.9575648497669136,0.398680074099878,
f648709e39,180,2497,17479,174.79,234.9701382002927,0.10197053853882465,1.9304037599248831,0.4325224856663205,
f648709e39,180,2498,17486,174.86,234.96599534789308,0.06748676788918523,2.0577234878607595,0.497952332618986,
f648709e39,180,2499,17493,174.93,234.94594909223267,0.020231768543292006,1.9679334371102384,0.02874351134316971,
f648709e39,180,2500,17500,175.0,234.94418436775905,0.03560626557915875,1.9763768699387891,0.32252476258917423,
f648709e39,180,2501,17507,175.07,234.93896861467755,0.09048139451059811,1.9392593675860084,0.21274186592743977,
f648709e39,180,2502,17514,175.14,234.93754854559936,0.1059353829430796,2.14975538113067,0.19893586477985045,
f648709e39,180,2503,17521,175.21,234.93612668655283,0.13909528733710633,1.950221231866206,0.38686740368173034,
f648709e39,180,2504,17528,175.28,234.92147181654428,0.0780447420125584,2.157444125719539,0.5670443529333349,
f648709e39,180,2505,17535,175.35,234.8995463978252,0.04044747187177752,1.9335022644087876,0.2546001682323064,
f648709e39,180,2506,17542,175.42,234.89119083727192,0.02849024203398983,1.8710949006273636,0.274813488934122,
f648709e39,180,2507,17549,175.49,234.88765929009588,0.032416371836264876,1.8557787446753669,0.3276507164141144,
f648709e39,180,2508,17556,175.56,234.883374345044,0.10857334259101764,1.8774251032259912,0.44406618780845786,
f648709e39,180,2509,17563,175.63,234.87410567543358,0.06127881869048644,2.0133993417068474,0.41943874329847314,
f648709e39,180,2510,17570,175.7,234.85736887627814,0.04937509230802111,1.9593982112681558,0.46358820744726176,
f648709e39,180,2511,17577,175.77,234.84793794986314,0.09388586660943544,2.042691192977374,0.3123583596764716,
f648709e39,180,2512,17584,175.84,234.84072361821725,0.1399320566087914,2.0341651191268,0.6013265121252184,
f648709e39,180,2513,17591,175.91,234.8382852140576,0.1682223904732631,2.203353981883279,0.5346327333312285,
f648709e39,180,2514,17598,175.98,234.8325617457258,0.1679412025733746,2.0501233599451076,0.2818631079226939,
f648709e39,180,2515,17605,176.05,234.83009741794444,0.09962601208776732,2.234967573241127,0.6299610256544157,
f648709e39,180,2516,17612,176.12,234.7837349615706,0.10647408422645727,1.804283502135341,0.5001208562623923,
f648709e39,180,2517,17619,176.19,234.77259460820216,0.10566049462713045,1.9580714867554763,0.3960551263848706,
f648709e39,180,2518,17626,176.26,234.76993207222114,0.06762296398210325,2.0610640512613414,0.42641763561881596,
f648709e39,180,2519,17633,176.33,234.75177182115746,0.028305247522429838,1.7662313010401869,0.20169237738782794,
f648709e39,180,2520,17640,176.4,234.74835625993157,0.040316195876643125,1.7856252063526719,0.3152664673634188,
f648709e39,180,2521,17647,176.47,234.74161624690726,0.043257811593849144,1.7955247812958284,0.26260254776670594,
f648709e39,180,2522,17654,176.54,234.73426295103891,0.024731749987963975,1.7751374073553083,0.20070678569713477,
f648709e39,180,2523,17661,176.61,234.73260058978204,0.06439177736910935,1.7634774255938586,0.2606757759983659,
f648709e39,180,2524,17668,176.68,234.73092481746136,0.03553172803792749,1.823463385585,0.12753306070492756,
f648709e39,180,2525,17675,176.75,234.7251242495921,0.061493404110209586,1.7259699435291975,0.2928556513312527,
f648709e39,180,2526,17682,176.82,234.72323472266604,0.04903953374844794,1.6736579594969605,0.3746699083915155,
f648709e39,180,2527,17689,176.89,234.7116745778326,0.03914698760233871,1.647794166578921,0.3670473744310347,
f648709e39,180,2528,17696,176.96,234.7043283210395,0.0289124280209431,1.6246926109796929,0.26800191777305044,
f648709e39,180,2529,17703,177.03,234.7002891979784,0.031829667205074345,1.6128013029920438,0.3212232012182935,
f648709e39,180,2530,17710,177.1,234.69521618656725,0.07198055227836321,1.5840841139461728,0.3642888123530927,
f648709e39,180,2531,17717,177.17,234.689087193733,0.03874049738751517,1.7107530957308958,0.3068738544289087,
f648709e39,180,2532,17724,177.24,234.6824119324505,0.0701037417615146,1.6783748694203084,0.33081616417611,
f648709e39,180,2533,17731,177.31,234.6805693564052,0.03670288069972907,1.8598933091701444,0.23597363509145225,
f648709e39,180,2534,17738,177.38,234.67476608801857,0.03519329146522553,1.7111953268899762,0.35023638303031907,
f648709e39,180,2535,17745,177.45,234.66904756098052,0.024224506110941343,1.7330893912564627,0.23070825114961238,
f648709e39,180,2536,17752,177.52,234.66678368793464,0.04760602327195022,1.700738920316384,0.3099522362699194,
f648709e39,180,2537,17759,177.59,234.65547614472794,0.015463992196657497,1.6136993532905368,0.13437247487231954,
f648709e39,180,2538,17766,177.66,234.6545163539837,0.03400581412722669,1.6035871299818336,0.3335219364766123,
f648709e39,180,2539,17773,177.73,234.64904144987253,0.015017518685723964,1.623983897441919,0.11073757594504614,
f648709e39,180,2540,17780,177.8,234.64792813097807,0.07239968008654493,1.6240412796794599,0.35213064882066925,
f648709e39,180,2541,17787,177.87,234.64709641491416,0.04181534622891064,1.990338378136321,0.09631997459810666,
f648709e39,180,2542,17794,177.94,234.6381791918457,0.03410847363672437,1.720072996840082,0.3409348160284064,
f648709e39,180,2543,17801,178.01,234.63248645203873,0.042486543199107114,1.6933534320125572,0.21637579023561435,
f648709e39,180,2544,17808,178.08,234.63205540091298,0.09798572351442378,1.7493760174209598,0.3129258831300777,
f648709e39,180,2545,17815,178.15,234.6283815008908,0.0491857809375007,1.770391141315961,0.23702506260998896,
f648709e39,180,2546,17822,178.22,234.6164162576159,0.05372807537925584,1.6348671314013803,0.4360680118673629,
f648709e39,180,2547,17829,178.29,234.60241410830264,0.06939196934049338,1.613361238022509,0.33593189054375044,
f648709e39,180,2548,17836,178.36,234.59726368161853,0.07814616732342726,1.6860162692787168,0.3000637856507113,
f648709e39,180,2549,17843,178.43,234.5950978187359,0.12099658565863325,1.71623398558158,0.5465905601219209,
f648709e39,180,2550,17850,178.5,234.5923200239437,0.06831004579662732,1.9310591728516013,0.30532992417066457,
f648709e39,180,2551,17857,178.57,234.56952856567247,0.05378270714304882,1.6209353573129088,0.15630975628054616,
f648709e39,180,2552,17864,178.64,234.56894436187707,0.075832505835944,1.665328920456479,0.3229350444820785,
f648709e39,180,2553,17871,178.71,234.56770182520071,0.05228211790764901,1.685576593845097,0.31795946017847027,
f648709e39,180,2554,17878,178.78,234.55411248846286,0.02076777159074671,1.622846251680502,0.17316046341023647,
f648709e39,180,2555,17885,178.85,234.55235213242239,0.05139691671976734,1.6193725918502104,0.24376337904303602,
f648709e39,180,2556,17892,178.92,234.5490454237887,0.02981145927258246,1.7032620382938353,0.1376186759212863,
f648709e39,180,2557,17899,178.99,234.5447395043348,0.02710557215860763,1.6998995181598546,0.25160361952589555,
f648709e39,180,2558,17906,179.06,234.54125812942095,0.08225569504848002,1.7117346374628999,0.38949013535041777,
f648709e39,180,2559,17913,179.13,234.54091006870726,0.10909026688350637,1.6710408035091933,0.40315974392350873,
f648709e39,180,2560,17920,179.2,234.538435019218,0.11612705900115826,1.7120827332767716,0.34753925442329814,
f648709e39,180,2561,17927,179.27,234.52997289480254,0.10079658485547555,1.6696760610422663,0.21833762498219633,
f648709e39,180,2562,17934,179.34,234.52433330761906,0.1017032827815146,1.6112448569158573,0.36126003001062607,
f648709e39,180,2563,17941,179.41,234.5223222584808,0.048305560961189126,1.6095125073438405,0.1909401731905141,
f648709e39,180,2564,17948,179.48,234.51038278461232,0.04412490002182772,1.447790650442131,0.4241562642370879,
f648709e39,180,2565,17955,179.55,234.5006130527257,0.019774441850377248,1.4360469638031412,0.15488564767133295,
f648709e39,180,2566,17962,179.62,234.49877094737613,0.02589880049045588,1.4458522709562225,0.2237435326598642,
f648709e39,180,2567,17969,179.69,234.49533886750964,0.0662416390381075,1.434215850823577,0.3286064287608464,
f648709e39,180,2568,17976,179.76,234.49486145600574,0.05041413742726273,1.6333859049929758,0.227707798827638,
f648709e39,180,2569,17983,179.83,234.4869636733721,0.033584499882786015,1.5119421351565263,0.07928347716023136,
f648709e39,180,2570,17990,179.9,234.48337728231053,0.025061054314277863,1.4554167656002366,0.1420248216600532,
f648709e39,180,2571,17997,179.97,234.48161157899824,,1.4706105118802586,0.27164012486301814,
63c5e90d8e,180,0,0,0.0,2727010.761415566,493.31358281983665,10212.732359910277,1672.629723103204,"ProjectedCommonDirectionsConfig(subspace_frac_grads=0.02, subspace_frac_updates=0.02, subspace_frac_random=0.01, direction_str=sd, random_proj=True, random_proj_dim_frac=0.03, ensemble=haar, inner_use_full_grad=True, orth_P_k=True, beta=0.001, tau=0.5, c_const=inf, N_try=200, alpha_max=100, p_const=1)"
63c5e90d8e,180,1,7,0.07,2239180.630828899,318.3282959124257,8321.946165723215,861.5027285823419,
63c5e90d8e,180,2,14,0.14,2062899.7692186122,403.89074955110704,8155.9376999245005,1509.0112642186477,
63c5e90d8e,180,3,21,0.21,1800389.8971971287,418.1357565113765,6918.855453016008,1881.593681076855,
63c5e90d8e,180,4,28,0.28,1566568.2702595857,320.7942803759648,6186.733969625285,921.9314235111543,
63c5e90d8e,180,5,35,0.35,1354926.1161706427,225.621052185228,5564.5954939956,167.336684552442,
63c5e90d8e,180,6,42,0.42,1257888.0117339678,262.90504481381015,5102.080959755006,1225.219646806421,
63c5e90d8e,180,7,49,0.49,1147191.3923096578,163.3587646456383,4491.976349859858,601.3434678835645,
63c5e90d8e,180,8,56,0.56,1086681.4109630452,131.0018144767387,4346.58609464909,616.5429053451185,
63c5e90d8e,180,9,63,0.63,1042589.3764409175,254.0263817855482,4209.089077593111,454.1375685859052,
63c5e90d8e,180,10,70,0.7,1040505.9945305353,148.15007249502366,4163.07633557195,464.4155426709518,
63c5e90d8e,180,11,77,0.77,990536.2365998145,65.41875321546429,4012.84304706158,271.22304817957064,
63c5e90d8e,180,12,84,0.84,981393.9490924564,102.98809121102163,3932.2867239417346,357.22195206290024,
63c5e90d8e,180,13,91,0.91,964327.4142828931,113.68708513607785,3873.5020954833885,355.5150716896161,
63c5e90d8e,180,14,98,0.98,943938.8984822967,109.19778851407952,3730.711759871757,287.95243167173936,
63c5e90d8e,180,15,105,1.05,919579.8457161384,144.38630780033196,3614.4774562955618,663.1230066878268,
63c5e90d8e,180,16,112,1.12,868816.2204690815,155.29608483694312,3488.2294375983556,779.6683014375933,
63c5e90d8e,180,17,119,1.19,835473.9332737793,181.77347327183494,3399.8661449664623,698.3812063969312,
63c5e90d8e,180,18,126,1.26,776590.5450449571,291.5621573154281,3190.718028333223,533.0683702000389,
63c5e90d8e,180,19,133,1.33,763163.1563995772,212.02183966067508,3215.818896278628,817.0191702860596,
63c5e90d8e,180,20,140,1.4,651900.8824016554,156.3422788423368,2851.5009462329367,682.8881100267708,
63c5e90d8e,180,21,147,1.47,613311.9928751868,141.67403884082145,2877.3494866765577,638.3641464085309,
63c5e90d8e,180,22,154,1.54,578720.4202097311,205.2209852403367,2764.295200561212,469.3704752326635,
63c5e90d8e,180,23,161,1.61,543536.66134197,161.49184435902532,2614.8620848101486,499.12380540030864,
63c5e90d8e,180,24,168,1.68,514046.4241639685,150.35332696985415,2537.1579586838084,431.5292578670347,
63c5e90d8e,180,25,175,1.75,477749.3199227962,97.35857445493966,2381.3802904095774,340.07743439943766,
63c5e90d8e,180,26,182,1.82,467766.1959161157,123.91195104726147,2304.130928433384,536.6620191161684,
63c5e90d8e,180,27,189,1.89,438872.2166251979,54.07250576107076,2175.7570225758136,155.54771875426476,
63c5e90d8e,180,28,196,1.96,432339.3596380724,59.77089755007498,2105.584145097032,196.78547011340564,
63c5e90d8e,180,29,203,2.03,425992.17794784356,95.80415029779388,2145.8414479047965,428.50682661978976,
63c5e90d8e,180,30,210,2.1,407734.71233959205,71.41297999762583,2136.4855608579305,315.6456125234166,
63c5e90d8e,180,31,217,2.17,400737.2423816362,160.9202426992339,2155.3895593041134,433.45768338651504,
63c5e90d8e,180,32,224,2.24,364806.0318560948,133.80944211479272,2009.6888536964104,492.76215842904753,
63c5e90d8e,180,33,231,2.31,330984.98161486915,109.83721182435792,1901.057595524303,435.82731931313515,
63c5e90d8e,180,34,238,2.38,307198.9788053519,74.53069898441213,1775.2806110236897,284.73058630769583,
63c5e90d8e,180,35,245,2.45,297765.02565526817,71.41751624204494,1810.4281528421252,130.11023923266777,
63c5e90d8e,180,36,252,2.52,290413.6965328189,108.75645639599456,1788.7766163525769,366.86502906547184,
63c5e90d8e,180,37,259,2.59,261941.8085102089,55.98977089187432,1651.978212130023,141.9580782829875,
63c5e90d8e,180,38,266,2.66,255725.92576907092,156.62599560501778,1672.905449372931,335.66807015368073,
63c5e90d8e,180,39,273,2.73,253699.38647778687,89.16826607379025,1757.2026190554366,303.04393598303665,
63c5e90d8e,180,40,280,2.8,234710.7435808822,60.76933491992017,1647.520082607612,170.65412358793395,
63c5e90d8e,180,41,287,2.87,227020.67348307758,43.438406110420104,1609.987337001798,49.68728424137033,
63c5e90d8e,180,42,294,2.94,223254.48894857193,63.42103001935915,1571.324181912716,304.3081343711666,
63c5e90d8e,180,43,301,3.01,216309.38295172452,81.49555603146767,1536.012124656249,255.73850438376144,
63c5e90d8e,180,44,308,3.08,201878.40752851643,80.1441234091906,1448.555542779099,382.8629427278508,
63c5e90d8e,180,45,315,3.15,191982.66332486013,62.44856135699059,1460.3770043101688,288.56653630794074,
63c5e90d8e,180,46,322,3.22,183878.71963633545,50.54291393888144,1379.5363409754393,196.54321896653965,
63c5e90d8e,180,47,329,3.29,177682.43396678346,40.55560526769304,1378.1035646543212,154.3442511905332,
63c5e90d8e,180,48,336,3.36,174123.11118167167,78.3041101593522,1360.7614532404552,305.24129580445384,
63c5e90d8e,180,49,343,3.43,164146.65011510852,54.231492374511674,1350.050732268861,210.91757660096064,
63c5e90d8e,180,50,350,3.5,158389.68494753016,45.37086127116727,1294.3713861280235,212.92928485697453,
63c5e90d8e,180,51,357,3.57,153759.09210179036,35.39131652601664,1267.9493568609143,138.5848196419573,
63c5e90d8e,180,52,364,3.64,151732.83564869294,32.41578910770356,1231.9512072671682,101.15480824264253,
63c5e90d8e,180,53,371,3.71,149165.29009538036,28.669424938603644,1207.7139767450153,108.06852666444345,
63c5e90d8e,180,54,378,3.78,147722.189331047,52.690911807663724,1224.9709282925874,239.8285200578488,
63c5e90d8e,180,55,385,3.85,142582.01523605862,37.27684827067956,1229.4674451362719,131.45856371884037,
63c5e90d8e,180,56,392,3.92,140015.81480918443,44.998795095856536,1172.167407542035,224.64758897721126,
63c5e90d8e,180,57,399,3.99,135980.22055302668,66.4473065075653,1191.0357826947672,182.9785036959018,
63c5e90d8e,180,58,406,4.06,127136.59333275846,57.35505673974693,1140.2153940766666,215.732707826305,
63c5e90d8e,180,59,413,4.13,122572.5668507719,36.442948322838724,1158.1491651967272,96.57909715351356,
63c5e90d8e,180,60,420,4.2,120523.61561562537,47.61569216089824,1112.1146900528836,217.70458303073028,
63c5e90d8e,180,61,427,4.27,115467.92056988442,16.929413846185362,1124.6094482417468,59.36623855844756,
63c5e90d8e,180,62,434,4.34,114931.56203976957,17.791680083547103,1136.676945445235,55.69710960004736,
63c5e90d8e,180,63,441,4.41,114429.54304244785,59.402666644992664,1115.701611383104,241.79334804057265,
63c5e90d8e,180,64,448,4.48,106478.68262650234,57.08542580588666,1045.474754974999,211.29712328320804,
63c5e90d8e,180,65,455,4.55,98172.92676962414,43.226384048135024,972.3196604355784,206.17644513244787,
63c5e90d8e,180,66,462,4.62,93965.09365602072,18.930392695830015,912.4174542582225,77.90519665021117,
63c5e90d8e,180,67,469,4.69,93174.57184494856,17.033622921681246,876.7508478209992,84.3651021470757,
63c5e90d8e,180,68,476,4.76,92458.42087497568,30.859561301377685,883.6870717878478,120.89722892164126,
63c5e90d8e,180,69,483,4.83,90172.74095061765,25.55470915309886,883.1052378107702,95.14899467462001,
63c5e90d8e,180,70,490,4.9,89417.07078660023,20.854560703474892,887.9744278942172,84.16435565713628,
63c5e90d8e,180,71,497,4.97,88799.4081056723,67.72243665429343,877.8868766664309,323.8240527077718,
63c5e90d8e,180,72,504,5.04,78317.59609807466,35.37810763700976,800.1226007148399,100.34037827662372,
63c5e90d8e,180,73,511,5.11,76217.19268538963,45.166687485290694,796.9115268884608,199.52149269789885,
63c5e90d8e,180,74,518,5.18,72812.48072263136,24.753066434506685,761.2662493566675,64.97518542618627,
63c5e90d8e,180,75,525,5.25,72155.52702160247,20.932281439676707,762.3478635230354,80.36438146808786,
63c5e90d8e,180,76,532,5.32,71310.39157905919,30.234452687125035,743.7103746668165,146.07517202810175,
63c5e90d8e,180,77,539,5.39,69543.1776929199,30.658729498482288,750.4425890165069,151.22244022865212,
63c5e90d8e,180,78,546,5.46,67226.11574970702,32.36261428606119,725.2608538123901,164.69177719732377,
63c5e90d8e,180,79,553,5.53,65646.03807696678,22.433839400988756,725.6519303053725,91.07261459476652,
63c5e90d8e,180,80,560,5.6,64528.721531342264,36.56880168597004,722.9900335958287,161.0194213297947,
63c5e90d8e,180,81,567,5.67,63724.20202855527,31.675931242912462,697.7064871523506,66.42118644930495,
63c5e90d8e,180,82,574,5.74,62907.79586049019,34.017675411777404,698.8844057239727,104.0408996168324,
63c5e90d8e,180,83,581,5.81,61496.101986339665,47.714309140976006,679.591009352263,202.36304968267848,
63c5e90d8e,180,84,588,5.88,58535.80025527638,35.764220617159545,681.7082319242372,145.27189979071292,
63c5e90d8e,180,85,595,5.95,56106.309419162586,23.492525202463014,636.9187083808811,57.81353893069017,
63c5e90d8e,180,86,602,6.02,54950.88330288203,11.902260615001254,656.8115281399985,32.98169153765381,
63c5e90d8e,180,87,609,6.09,54640.183801383326,11.086783697993779,650.1177707903106,49.38712949428933,
63c5e90d8e,180,88,616,6.16,54507.53133016806,24.804581022146042,640.4732475073374,102.85395691592346,
63c5e90d8e,180,89,623,6.23,53246.47737708879,26.23385515235272,641.4521918285291,103.12845676249648,
63c5e90d8e,180,90,630,6.3,51843.921702553154,14.772123872288573,623.6048297093453,36.616082742872635,
63c5e90d8e,180,91,637,6.37,51826.491933452184,28.36562372500049,618.7237471459044,131.89807006038342,
63c5e90d8e,180,92,644,6.44,50480.5895256092,33.25238823224253,664.3967026694465,117.17751921468854,
63c5e90d8e,180,93,651,6.51,47942.50352839082,41.37606893008879,598.4145377946278,176.92211382533196,
63c5e90d8e,180,94,658,6.58,45583.371784359224,38.044136239596206,638.852250901703,139.84160494909753,
63c5e90d8e,180,95,665,6.65,43785.48714383396,32.18102073570252,572.3787433300372,130.78362196276916,
63c5e90d8e,180,96,672,6.72,42142.00374233095,31.066293043105404,573.1555369081931,129.36434991166524,
63c5e90d8e,180,97,679,6.79,40813.436597889755,19.120855828769816,525.0580838167633,44.76916965430206,
63c5e90d8e,180,98,686,6.86,40397.02242720264,27.434103195738032,537.9617081966746,123.8039470906343,
63c5e90d8e,180,99,693,6.93,39970.05096801752,25.73157755734664,549.0367197082438,38.93055006646283,
63c5e90d8e,180,100,700,7.0,39812.5393461131,30.176548925314584,535.0613279874119,106.48105165943265,
63c5e90d8e,180,101,707,7.07,38888.27078865054,29.08747354029573,536.7304737671847,109.19931578055075,
63c5e90d8e,180,102,714,7.14,38589.515773724714,27.89319987575241,522.6731794167686,54.03386345620257,
63c5e90d8e,180,103,721,7.21,38089.52384366461,35.60820934916593,541.929745990086,130.54770443403066,
63c5e90d8e,180,104,728,7.28,36956.084528186664,33.09436703890476,507.2046533348979,82.24047067792091,
63c5e90d8e,180,105,735,7.35,36349.83635993126,15.754167145227221,528.892641324256,52.216157113109304,
63c5e90d8e,180,106,742,7.42,35213.518059992864,14.0656857252682,489.69909773284536,67.04934504670615,
63c5e90d8e,180,107,749,7.49,34826.48824458815,8.61186019987423,483.2485248357297,21.06090853836255,
63c5e90d8e,180,108,756,7.56,34700.51772459218,18.222418961529407,477.89016063665457,38.388899547973146,
63c5e90d8e,180,109,763,7.63,34579.67956159206,25.164614818954565,484.85041101506744,110.08724200913828,
63c5e90d8e,180,110,770,7.7,33844.5472909132,22.026177502087908,488.9017999578964,31.68496602232171,
63c5e90d8e,180,111,777,7.77,33360.56715722503,27.578217580972456,462.57500859216833,130.9819017127044,
63c5e90d8e,180,112,784,7.84,31531.562375415782,14.490035779505783,438.6999854182357,69.00511714223173,
63c5e90d8e,180,113,791,7.91,31016.7886094401,16.4090428326803,440.9777060526301,51.725229592045956,
63c5e90d8e,180,114,798,7.98,30463.552301577005,8.464696128352594,404.9177649941029,37.462699330113054,
63c5e90d8e,180,115,805,8.05,30364.84108457393,30.27872325642115,418.30118003560267,147.7927705097348,
63c5e90d8e,180,116,812,8.12,29136.451007962783,19.460225189194315,441.0402193739057,32.137838800428,
63c5e90d8e,180,117,819,8.19,28837.05323710109,18.65981990341049,399.4975419974583,21.976142121742424,
63c5e90d8e,180,118,826,8.26,28445.429677244483,12.451942099034653,418.56196120081,27.117961729189386,
63c5e90d8e,180,119,833,8.33,28312.84705129218,16.131869861069088,397.80462426096267,73.76293620992877,
63c5e90d8e,180,120,840,8.4,27842.8321645053,13.123304472438086,405.4434301687982,24.355978249122767,
63c5e90d8e,180,121,847,8.47,27611.713071840473,19.129827893943823,400.94612343983306,45.65075042368258,
63c5e90d8e,180,122,854,8.54,27176.07064127244,17.020513245384763,410.2547233079016,74.09481566874425,
63c5e90d8e,180,123,861,8.61,26488.412012900826,7.799743927582384,394.28705117599117,16.96506242292478,
63c5e90d8e,180,124,868,8.68,26359.02930337105,32.92647366666249,400.6270131502757,81.98591672032964,
63c5e90d8e,180,125,875,8.75,26176.960316790304,24.6958464624865,421.2686017197707,95.71550154111227,
63c5e90d8e,180,126,882,8.82,25223.030798397518,13.741171353981477,386.0364429377604,30.679667010449187,
63c5e90d8e,180,127,889,8.89,24973.970174265945,7.804134243583728,391.1481250002671,28.14520327741212,
63c5e90d8e,180,128,896,8.96,24830.270125722902,9.666805980985677,390.07688903750704,46.99816525767749,
63c5e90d8e,180,129,903,9.03,24650.300177321555,6.002851760853474,369.55068324261924,15.573402193007375,
63c5e90d8e,180,130,910,9.1,24613.280628642973,15.70782853716002,368.1712903576191,75.01699410136725,
63c5e90d8e,180,131,917,9.17,24066.16972639298,13.353376796525396,373.0250596389653,65.750023211196,
63c5e90d8e,180,132,924,9.24,23759.505346381826,20.379889633527295,363.7417597637523,71.80298759104163,
63c5e90d8e,180,133,931,9.31,22574.743514233975,14.393666547986529,355.67048838128045,72.34337552445689,
63c5e90d8e,180,134,938,9.38,22163.225304809064,28.76239477967089,357.42349922161605,69.45050826048006,
63c5e90d8e,180,135,945,9.45,22040.0269587441,17.876887212674852,418.92327963884514,47.77602638881163,
63c5e90d8e,180,136,952,9.52,21439.504304870065,20.964725173892663,374.0658011705454,93.71247170627092,
63c5e90d8e,180,137,959,9.59,20665.82867852605,18.108787316361653,378.0677191250485,72.3694118506829,
63c5e90d8e,180,138,966,9.66,20029.876905432346,9.378464241371908,348.8100588773012,41.32769259234576,
63c5e90d8e,180,139,973,9.73,19872.214769080427,25.31358985325679,348.91750797566965,99.83642193164225,
63c5e90d8e,180,140,980,9.8,18808.416008005832,21.119774951207525,330.0166108718343,60.901320957610245,
63c5e90d8e,180,141,987,9.87,18206.172323793475,10.118039621716681,301.1541686946553,20.76446191822571,
63c5e90d8e,180,142,994,9.94,17985.78552337081,15.523382489851034,298.31544320345495,75.44230801953506,
63c5e90d8e,180,143,1001,10.01,17485.44187933842,7.1084985532795715,296.6348294002034,24.165100430072876,
63c5e90d8e,180,144,1008,10.08,17482.066482696646,13.421235042757887,290.41732698284164,57.6159714953232,
63c5e90d8e,180,145,1015,10.15,17093.775998766017,9.484395897749883,288.85262347403074,36.932116791704566,
63c5e90d8e,180,146,1022,10.22,16954.489758771622,12.257900179696069,278.8246768487872,60.27768337257519,
63c5e90d8e,180,147,1029,10.29,16617.399512198735,10.313711290618949,279.15076595555854,44.20131583611855,
63c5e90d8e,180,148,1036,10.36,16464.855035536664,10.428933802842167,269.6218387400472,31.46101087152466,
63c5e90d8e,180,149,1043,10.43,16430.96082071849,14.07530706996695,281.9148633092739,43.214684450541895,
63c5e90d8e,180,150,1050,10.5,16230.823064757418,5.61930997703674,271.07605824890896,26.255337553893114,
63c5e90d8e,180,151,1057,10.57,16082.03878992827,16.883760442696374,272.0388154792619,30.277320258087332,
63c5e90d8e,180,152,1064,10.64,16009.86802442148,12.445593396358717,273.7569623959054,41.4819806375976,
63c5e90d8e,180,153,1071,10.71,15724.78269762286,7.195511663742994,259.64681124282265,32.24803281927471,
63c5e90d8e,180,154,1078,10.78,15621.65536787526,4.941939645891799,271.2643235016167,45.81498891714775,
63c5e90d8e,180,155,1085,10.85,15497.366358870457,9.673411340381302,270.6145362088929,46.212773958254516,
63c5e90d8e,180,156,1092,10.92,15304.631750786011,10.77781911808416,263.49317339322874,46.72108799323872,
63c5e90d8e,180,157,1099,10.99,15105.51313179563,12.726622187860205,275.9137767665247,45.573124032734164,
63c5e90d8e,180,158,1106,11.06,14796.084563429891,8.428723355848971,278.5145340860391,26.28817394107878,
63c5e90d8e,180,159,1113,11.13,14659.78787960652,8.2725542875359,277.38712659461214,23.443289633527318,
63c5e90d8e,180,160,1120,11.2,14532.38656820976,11.290444328499014,286.3552912257726,53.638484767170404,
63c5e90d8e,180,161,1127,11.27,14356.82496646759,9.968834322237273,272.61815207225516,42.15211084268767,
63c5e90d8e,180,162,1134,11.34,14067.677139391522,6.3617781023642985,267.9198401846806,30.43418866437629,
63c5e90d8e,180,163,1141,11.41,14038.664542005272,14.389322530088288,266.37768604713483,69.60063132104793,
63c5e90d8e,180,164,1148,11.48,13808.21335810442,11.48999397080536,283.7649887220044,30.281675885561643,
63c5e90d8e,180,165,1155,11.55,13616.652542030552,15.25961689798249,271.4717347516947,60.80114849778084,
63c5e90d8e,180,166,1162,11.62,13480.955931410308,9.78945355599901,251.7689164912104,34.52430336780488,
63c5e90d8e,180,167,1169,11.69,13239.162852472504,14.502939397757869,254.48278087684997,56.196042411355286,
63c5e90d8e,180,168,1176,11.76,12856.8774638346,7.546141427608904,237.9784256719966,33.90462108487858,
63c5e90d8e,180,169,1183,11.83,12725.076714971912,9.540028036929105,220.56676163916458,40.028638162870095,
63c5e90d8e,180,170,1190,11.9,12520.119917272526,4.46851867041125,228.26752229667332,22.294983395225582,
63c5e90d8e,180,171,1197,11.97,12482.394106752756,16.57711420340555,223.04275765111342,53.89989539187297,
63c5e90d8e,180,172,1204,12.04,11912.880675428354,8.186323546792131,219.5287929872709,24.75861978198675,
63c5e90d8e,180,173,1211,12.11,11798.196537127225,6.273796637942718,218.68062559613224,30.16615064610145,
63c5e90d8e,180,174,1218,12.18,11721.47499383829,9.78061888128905,218.5539349086355,47.63769531984612,
63c5e90d8e,180,175,1225,12.25,11577.878799813609,7.961124280900658,205.94220697790385,34.61261004375468,
63c5e90d8e,180,176,1232,12.32,11516.559126709859,7.668596264923153,208.8921192529416,23.303775485085286,
63c5e90d8e,180,177,1239,12.39,11391.95693585095,5.747626575292237,209.69642600620193,16.620095088573986,
63c5e90d8e,180,178,1246,12.46,11333.31970431394,7.3341970461353085,202.7566894663681,34.810032347500844,
63c5e90d8e,180,179,1253,12.53,11235.095125216818,9.72171631253339,210.80158952367012,46.00784005790779,
63c5e90d8e,180,180,1260,12.6,10975.443620097105,6.684693016277431,198.4370725948206,31.505221014708546,
63c5e90d8e,180,181,1267,12.67,10896.709252227169,14.120715551461162,198.2947932313461,46.28221324190616,
63c5e90d8e,180,182,1274,12.74,10628.641372682461,9.427677313379428,202.02052353178465,8.217498084923013,
63c5e90d8e,180,183,1281,12.81,10583.31580409507,11.240285510467213,195.12595711208175,40.30753871761363,
63c5e90d8e,180,184,1288,12.88,10398.68215317666,10.433008709515857,199.6059014780674,31.27588160286905,
63c5e90d8e,180,185,1295,12.95,10359.47273837179,11.12072040274783,209.01767789058638,29.07571038103042,
63c5e90d8e,180,186,1302,13.02,10283.310088688368,12.286719350590632,190.31160169188416,47.286298608287375,
63c5e90d8e,180,187,1309,13.09,10083.907930324602,11.312911712490395,191.99818761616976,31.032582570020388,
63c5e90d8e,180,188,1316,13.16,9807.555046653426,6.355428244966965,187.28778789334677,22.24956210525499,
63c5e90d8e,180,189,1323,13.23,9740.107018692031,7.807515813666249,176.98311921992362,25.30401094620053,
63c5e90d8e,180,190,1330,13.3,9654.44408330444,6.873409542082947,176.58601936068442,21.181930925231676,
63c5e90d8e,180,191,1337,13.37,9637.356484421733,8.360651685097231,178.39867615260437,21.59227219391488,
63c5e90d8e,180,192,1344,13.44,9585.675896068153,10.022166478846106,171.7090388189368,20.632971312155007,
63c5e90d8e,180,193,1351,13.51,9434.496224744786,7.55533605268916,181.73308794924668,21.17111119103986,
63c5e90d8e,180,194,1358,13.58,9379.87777279745,11.370543038064849,173.6501389942218,45.132450590688606,
63c5e90d8e,180,195,1365,13.65,9226.78894633237,12.894493189257497,181.02744268498458,55.4470329812813,
63c5e90d8e,180,196,1372,13.72,9036.073835037967,9.085369401514525,168.07847799935357,24.823099666707577,
63c5e90d8e,180,197,1379,13.79,8855.697791217619,7.9951664891589775,173.48862879319034,7.838783541850289,
63c5e90d8e,180,198,1386,13.86,8701.333340585788,8.003850943043382,163.12291823298105,31.484385784730794,
63c5e90d8e,180,199,1393,13.93,8655.895072675708,6.330461170759202,166.4029403490051,9.700033367684263,
63c5e90d8e,180,200,1400,14.0,8649.569138110186,10.228283216252569,166.5930001562858,41.00283358264614,
63c5e90d8e,180,201,1407,14.07,8543.886825483016,8.288553386805876,173.54600068700762,24.22065232378841,
63c5e90d8e,180,202,1414,14.14,8510.388533570653,10.530725936045933,160.43879149205569,39.44175664891928,
63c5e90d8e,180,203,1421,14.21,8407.248584267834,7.479635452629686,182.1373391926054,18.43335230903762,
63c5e90d8e,180,204,1428,14.28,8363.294929582487,8.144555320069108,157.55864643145352,25.313325332257087,
63c5e90d8e,180,205,1435,14.35,8314.202225147605,9.022136912521821,165.1145068946004,34.24991868413965,
63c5e90d8e,180,206,1442,14.42,8160.728124158961,7.359697361513561,157.36644246069588,35.31245767868649,
63c5e90d8e,180,207,1449,14.49,8107.451212065397,6.650006412719624,156.9464554503736,16.880368410954464,
63c5e90d8e,180,208,1456,14.56,8051.4007744293685,3.394558920704328,160.35429005091984,22.63305216004153,
63c5e90d8e,180,209,1463,14.63,8004.883987842034,5.011284881132116,158.4448084705684,23.731275318087576,
63c5e90d8e,180,210,1470,14.7,7968.901143459246,2.419805483309644,155.89978481527163,14.00618175482753,
63c5e90d8e,180,211,1477,14.77,7940.995476063981,1.5038754668578553,155.65068505120124,4.622843640496086,
63c5e90d8e,180,212,1484,14.84,7940.601458148088,2.2395699599920413,154.84958233067192,21.35470691177552,
63c5e90d8e,180,213,1491,14.91,7915.627254014753,3.9391651279946176,156.08390561953973,18.65514163515569,
63c5e90d8e,180,214,1498,14.98,7900.482226298596,2.229157513559555,154.51536429373064,16.97348515698807,
63c5e90d8e,180,215,1505,15.05,7876.652825450178,6.596456197466253,153.59187719870945,23.365029793872097,
63c5e90d8e,180,216,1512,15.12,7845.605693978485,6.55133594186067,152.59368212910698,27.739677938719698,
63c5e90d8e,180,217,1519,15.19,7763.282266320919,3.598509447254081,146.9412215446272,13.192383313265381,
63c5e90d8e,180,218,1526,15.26,7748.21282701086,4.711831194733269,149.50374888215427,20.049325687722533,
63c5e90d8e,180,219,1533,15.33,7724.231739313132,5.792497190795372,147.39967130773843,24.39646901663676,
63c5e90d8e,180,220,1540,15.4,7682.6338183986645,8.717722865698283,140.98478672536936,42.98067667889745,
63c5e90d8e,180,221,1547,15.47,7576.988199956246,5.196752291443349,139.0561683127777,22.673089008075976,
63c5e90d8e,180,222,1554,15.54,7569.153846599574,8.462402401201937,138.22763860887147,25.967096925543327,
63c5e90d8e,180,223,1561,15.61,7541.045119275324,4.191296589066031,146.02902125971218,23.541479001581962,
63c5e90d8e,180,224,1568,15.68,7463.762299801543,7.256407524507618,137.25828226513303,29.050328585709757,
63c5e90d8e,180,225,1575,15.75,7463.08410330776,8.622855592439976,139.0019693750216,29.161490874082116,
63c5e90d8e,180,226,1582,15.82,7452.419986941773,4.841455389149198,146.43852832372636,31.643654635955734,
63c5e90d8e,180,227,1589,15.89,7338.762802729895,1.555595975622531,136.98706359564176,12.820283241669317,
63c5e90d8e,180,228,1596,15.96,7328.520896705405,7.142178652481463,133.96503851053356,35.2211561875192,
63c5e90d8e,180,229,1603,16.03,7255.217024705178,7.09287530233334,141.15066479022258,21.591827343273206,
63c5e90d8e,180,230,1610,16.1,7249.232068899597,4.026626903590077,142.37294188234964,5.343020742545122,
63c5e90d8e,180,231,1617,16.17,7192.4682348746355,4.80023283081678,128.3482604450925,20.1346886520629,
63c5e90d8e,180,232,1624,16.24,7182.461481694764,3.5352738051876527,152.14240043115643,21.69041344383659,
63c5e90d8e,180,233,1631,16.31,7138.976123952613,4.039229702915502,132.18107850248595,37.0687427971876,
63c5e90d8e,180,234,1638,16.38,7066.07860694356,9.613169702140812,139.946110213778,47.445416552082854,
63c5e90d8e,180,235,1645,16.45,6916.123682631844,4.797695416325398,134.22947271665265,22.61791069860453,
63c5e90d8e,180,236,1652,16.52,6797.935072747828,1.3324122119754556,139.66150572000694,12.43989244371227,
63c5e90d8e,180,237,1659,16.59,6790.472161535458,1.5298319096533615,140.15157374757172,14.676147438387527,
63c5e90d8e,180,238,1666,16.66,6779.371553811091,7.911787111923669,138.82164660196588,36.74864974392459,
63c5e90d8e,180,239,1673,16.73,6770.273024052692,5.177944954610352,158.3425428918127,33.403642530677914,
63c5e90d8e,180,240,1680,16.8,6670.79619378261,3.372356364975721,131.75287606871595,27.27647640098893,
63c5e90d8e,180,241,1687,16.87,6616.126872816905,5.276650347852844,124.99432933696873,19.888210179679422,
63c5e90d8e,180,242,1694,16.94,6583.658011185095,7.4753166215087905,126.12746284599898,35.230152553022045,
63c5e90d8e,180,243,1701,17.01,6582.002009478649,5.385500690916147,138.44833524662909,35.09990218880422,
63c5e90d8e,180,244,1708,17.08,6456.471444564843,1.8283062992085648,118.91714951829555,13.149890817620852,
63c5e90d8e,180,245,1715,17.15,6441.480551780291,2.423302193742145,116.02875409592572,11.299530680516579,
63c5e90d8e,180,246,1722,17.22,6435.097453927038,1.6644005888242632,119.39341006999577,13.832071273458599,
63c5e90d8e,180,247,1729,17.29,6419.693797682233,4.828849827248648,117.64910912840983,22.759057010865902,
63c5e90d8e,180,248,1736,17.36,6407.510384820294,7.285390237305488,123.71679211941719,24.83010816272912,
63c5e90d8e,180,249,1743,17.43,6372.926917337463,5.295530464943427,127.0474594596737,8.430553158623892,
63c5e90d8e,180,250,1750,17.5,6326.788041143897,7.247122171918008,127.40518750035713,35.98393627220063,
63c5e90d8e,180,251,1757,17.57,6283.493756568317,7.820175757092426,123.09962093178201,27.562898301691604,
63c5e90d8e,180,252,1764,17.64,6192.050071092445,9.539720439125556,133.92495353551212,35.23039555416829,
63c5e90d8e,180,253,1771,17.71,6168.8264475759315,10.552099212182364,148.05927371514116,30.709311562777053,
63c5e90d8e,180,254,1778,17.78,6148.71454127326,9.81475273065268,138.7301292185124,23.835813874317758,
63c5e90d8e,180,255,1785,17.85,6053.704026485754,5.254271754352188,148.3661042117194,20.10566166273791,
63c5e90d8e,180,256,1792,17.92,5965.901432601478,3.7320382108300354,131.13518899607072,29.581508170746194,
63c5e90d8e,180,257,1799,17.99,5905.576704354018,3.9084709391568357,123.8750229833516,17.124812857177197,
63c5e90d8e,180,258,1806,18.06,5896.447137899059,4.50926724504513,118.54963717178609,17.803930418576414,
63c5e90d8e,180,259,1813,18.13,5875.275771856418,4.703675836602461,122.185045543182,15.634315181541263,
63c5e90d8e,180,260,1820,18.2,5860.092994491353,5.639418957421749,117.33194635215884,11.930756619580805,
63c5e90d8e,180,261,1827,18.27,5836.215981368371,8.82409506721709,120.49781363732974,19.732461821133302,
63c5e90d8e,180,262,1834,18.34,5715.500611874443,4.7465877289016785,112.38937019191508,15.12595483834262,
63c5e90d8e,180,263,1841,18.41,5693.597981157714,6.562706868212836,124.11708093247425,26.531634809312486,
63c5e90d8e,180,264,1848,18.48,5625.167361884607,5.301837017321043,123.21710463584499,19.642441641058003,
63c5e90d8e,180,265,1855,18.55,5563.707514245746,5.502507998669051,115.7785089220462,26.043795291709312,
63c5e90d8e,180,266,1862,18.62,5526.911584594003,6.775643884647878,125.43339941481831,24.939538727198894,
63c5e90d8e,180,267,1869,18.69,5469.799479521177,6.006970958455084,114.08697989863816,19.771888080758906,
63c5e90d8e,180,268,1876,18.76,5417.389636335785,5.052209977291703,125.70327761658473,13.11116241218784,
63c5e90d8e,180,269,1883,18.83,5401.889854400235,5.0652763785962005,118.52239671918333,13.683183277995688,
63c5e90d8e,180,270,1890,18.9,5391.493042240623,2.9494068240526308,116.05292446319554,22.968170549982148,
63c5e90d8e,180,271,1897,18.97,5345.0087497901195,4.452320268058345,109.4663479857848,22.055980661610374,
63c5e90d8e,180,272,1904,19.04,5317.4903390324525,6.534729678861439,111.99423855620562,26.820222714508812,
63c5e90d8e,180,273,1911,19.11,5291.820835460553,3.181795494087249,118.33974087986628,11.557604312917427,
63c5e90d8e,180,274,1918,19.18,5241.893149340938,4.763768674733866,106.91978483214609,21.31041464780501,
63c5e90d8e,180,275,1925,19.25,5194.3252487374575,2.9845030595617836,111.1384149467758,25.24462743966584,
63c5e90d8e,180,276,1932,19.32,5158.50516722725,5.56302375179735,106.55841466648404,21.58992337237992,
63c5e90d8e,180,277,1939,19.39,5127.363363917436,6.692936170066535,113.4693062307264,18.839611809322175,
63c5e90d8e,180,278,1946,19.46,5124.289701177413,4.359151377477114,116.90576769991746,22.789831294504324,
63c5e90d8e,180,279,1953,19.53,5053.197918400294,1.4373333079674746,106.65766441850015,6.068746703316123,
63c5e90d8e,180,280,1960,19.6,5042.162645591172,3.5073657715445306,103.14991249019528,17.469406381573375,
63c5e90d8e,180,281,1967,19.67,5019.528945321186,4.376271104426104,113.40597676828533,16.684374678083834,
63c5e90d8e,180,282,1974,19.74,5009.855203584031,2.8163438266281196,113.0881774857329,15.725630506248773,
63c5e90d8e,180,283,1981,19.81,4975.2350666806005,5.239797593509536,105.37005438098731,26.42432885632662,
63c5e90d8e,180,284,1988,19.88,4936.238266916348,6.062080685952494,111.36117619442952,15.343311961206485,
63c5e90d8e,180,285,1995,19.95,4931.054277076098,6.4929139880645925,114.52879069974725,18.247284019775154,
63c5e90d8e,180,286,2002,20.02,4903.9729297510685,6.378655607937504,105.80885179102475,17.038082162889065,
63c5e90d8e,180,287,2009,20.09,4902.550134693413,4.088034431236902,113.37225003202302,14.350551475449775,
63c5e90d8e,180,288,2016,20.16,4813.387339690158,4.5060364101128405,99.41512272227277,17.797426740914243,
63c5e90d8e,180,289,2023,20.23,4803.05010117896,2.9074408895412773,115.78127872978209,21.27813419422248,
63c5e90d8e,180,290,2030,20.3,4771.778896110941,4.676626278806446,99.63269814290939,17.271091765828302,
63c5e90d8e,180,291,2037,20.37,4737.447374007762,2.363178596218779,109.20041068367857,19.238860412972965,
63c5e90d8e,180,292,2044,20.44,4718.321479129791,1.864021367512828,100.0947420448367,15.55696612327876,
63c5e90d8e,180,293,2051,20.51,4699.8561071973045,2.920626911394834,102.11512703568346,11.129788313509026,
63c5e90d8e,180,294,2058,20.58,4692.7161119327775,2.330360068091441,102.55312443532307,5.081267193556731,
63c5e90d8e,180,295,2065,20.65,4690.783497779711,2.282909469708339,100.19473242798965,18.623897136926878,
63c5e90d8e,180,296,2072,20.72,4664.1799957247695,3.8986361924871726,98.37685422010075,15.58182257476018,
63c5e90d8e,180,297,2079,20.79,4639.072678450568,1.6743135527368695,100.07099843478356,10.580528406598583,
63c5e90d8e,180,298,2086,20.86,4626.66887582718,1.495204435052287,96.62523856647266,4.8823958210798235,
63c5e90d8e,180,299,2093,20.93,4616.252113657007,2.220484296803204,92.80413577361503,10.407582256098898,
63c5e90d8e,180,300,2100,21.0,4611.943836867399,2.6975586734203887,90.77734083026769,11.230073882428686,
63c5e90d8e,180,301,2107,21.07,4610.0813942699915,5.151368500581767,97.84658203517876,23.857366134721715,
63c5e90d8e,180,302,2114,21.14,4602.928493972067,3.013753384644987,104.43587748477005,16.719718219325916,
63c5e90d8e,180,303,2121,21.21,4562.273931291125,2.112191002848445,92.50242457003942,15.274171152290453,
63c5e90d8e,180,304,2128,21.28,4540.302857309887,2.205033048117536,91.8061716429471,21.698866307434752,
63c5e90d8e,180,305,2135,21.35,4519.5668005346115,0.9360102014404788,99.06101901071027,7.160661873857673,
63c5e90d8e,180,306,2142,21.42,4515.662837921052,2.9106900350091323,98.08544275432021,11.306805386447412,
63c5e90d8e,180,307,2149,21.49,4506.984870364925,4.104404950392863,100.18891169826712,15.065346291700234,
63c5e90d8e,180,308,2156,21.56,4480.1585852559165,3.501449992770948,107.45520344943839,12.308749642031545,
63c5e90d8e,180,309,2163,21.63,4471.860179165054,3.82380201483103,109.03355786977511,9.683914409098264,
63c5e90d8e,180,310,2170,21.7,4460.284331963908,2.8464786193644307,103.6916450015884,8.34125145830449,
63c5e90d8e,180,311,2177,21.77,4450.910911938236,2.336662827934664,103.89193086505077,17.455902563723402,
63c5e90d8e,180,312,2184,21.84,4422.503938867939,2.1052944792476147,97.81662002516437,10.072117632528633,
63c5e90d8e,180,313,2191,21.91,4418.666230501794,1.7140266449927264,97.68077064054235,15.431195928502143,
63c5e90d8e,180,314,2198,21.98,4409.47417373881,5.382069921353071,94.6261754048291,11.896896041489564,
63c5e90d8e,180,315,2205,22.05,4407.142366767393,3.2183325968612073,113.85181547065321,16.002419679970007,
63c5e90d8e,180,316,2212,22.12,4368.8975910102645,4.18589586987913,98.67026277583119,12.410937973722557,
63c5e90d8e,180,317,2219,22.19,4365.2130708670165,2.7711071660475333,101.31717169131045,17.903974348867678,
63c5e90d8e,180,318,2226,22.26,4330.840945338676,4.532628840415811,92.60846724846147,22.30238198540914,
63c5e90d8e,180,319,2233,22.33,4304.4702248117865,3.5682688701360212,96.07747025145774,14.984167577947517,
63c5e90d8e,180,320,2240,22.4,4301.111310203789,4.794483214274237,89.01387076469317,8.732718884299334,
63c5e90d8e,180,321,2247,22.47,4281.026287284818,2.8108283587215097,104.19747785037066,15.161555767556585,
63c5e90d8e,180,322,2254,22.54,4256.99264938994,2.4162442921391576,89.1159267843755,21.99573016215412,
63c5e90d8e,180,323,2261,22.61,4226.998080797568,0.6349979303060513,94.84473289917862,2.629028917955213,
63c5e90d8e,180,324,2268,22.68,4225.377702987594,2.9181557359903447,93.43352254320396,13.84596206531958,
63c5e90d8e,180,325,2275,22.75,4221.638414981751,2.530937774004656,99.7049354257374,12.992796630456565,
63c5e90d8e,180,326,2282,22.82,4193.243830979574,2.918908840855421,90.96544458808896,12.73623253780742,
63c5e90d8e,180,327,2289,22.89,4190.357186811062,2.3113552034429223,95.81429231000821,15.164980094154293,
63c5e90d8e,180,328,2296,22.96,4164.160337057653,2.0142878297378193,89.68175305145645,15.280112024780443,
63c5e90d8e,180,329,2303,23.03,4145.70153851626,1.1504416344970771,91.56332534894197,9.507895107168753,
63c5e90d8e,180,330,2310,23.1,4139.337642575428,3.3280596953766253,90.00437518218718,13.358661557169036,
63c5e90d8e,180,331,2317,23.17,4126.423855738251,4.170118817721209,93.76093329084951,15.42158525297026,
63c5e90d8e,180,332,2324,23.24,4115.224025825159,1.873753837249984,105.72909606082574,13.167715068374543,
63c5e90d8e,180,333,2331,23.31,4097.204157190686,0.7556939096604676,96.2945789775795,5.068124379495205,
63c5e90d8e,180,334,2338,23.38,4094.2958630885046,1.4112344367516199,93.95079540798737,6.851824823895151,
63c5e90d8e,180,335,2345,23.45,4093.388752424074,2.267728070924869,96.65852171536412,9.792294723737859,
63c5e90d8e,180,336,2352,23.52,4090.5083910697454,2.3729148315859847,93.94986620091971,8.228258173265145,
63c5e90d8e,180,337,2359,23.59,4085.792199314293,3.8115161633080334,91.13039866673915,3.2794721290755553,
63c5e90d8e,180,338,2366,23.66,4065.91794873762,2.8416001132842745,91.43459616867725,8.676234396398792,
63c5e90d8e,180,339,2373,23.73,4065.4455748156593,2.307192578551574,90.5200338947468,17.613324213326255,
63c5e90d8e,180,340,2380,23.8,4039.8322990456727,2.3352722208623686,92.46262303925609,9.191383111479942,
63c5e90d8e,180,341,2387,23.87,4038.6327413624667,2.415681406722472,90.19767992696653,17.792700754903453,
63c5e90d8e,180,342,2394,23.94,4015.277411589619,2.2070561854992,90.58526373162871,21.73329237149206,
63c5e90d8e,180,343,2401,24.01,3999.656480900859,1.9215761140449452,88.12524025901627,14.99428826956088,
63c5e90d8e,180,344,2408,24.08,3981.2970318428847,0.7751171634563137,89.93692005425909,6.700706631940002,
63c5e90d8e,180,345,2415,24.15,3978.453949054852,1.2943392006895609,87.61206140553442,12.875288047594825,
63c5e90d8e,180,346,2422,24.22,3970.251593165656,2.6138818476404473,87.1049750188687,12.220280675731251,
63c5e90d8e,180,347,2429,24.29,3967.292584857406,4.222295219591751,89.38262874163897,17.409821891741533,
63c5e90d8e,180,348,2436,24.36,3959.397687900256,4.483118997563574,95.93861991108676,13.110902448402873,
63c5e90d8e,180,349,2443,24.43,3953.1637005579973,2.705496872577847,85.69859845265402,16.27519827998293,
63c5e90d8e,180,350,2450,24.5,3924.6923955108923,2.198128949527928,85.21404442761902,7.38468162609293,
63c5e90d8e,180,351,2457,24.57,3922.3672034187466,1.1149106566606712,87.63389349366525,4.183640007531441,
63c5e90d8e,180,352,2464,24.64,3916.7868033364384,0.9203920228870205,84.63049810387199,9.043390876906964,
63c5e90d8e,180,353,2471,24.71,3912.906378202192,2.3095794066221607,82.8819140152151,5.878038768908035,
63c5e90d8e,180,354,2478,24.78,3908.861365659197,2.0874423074023736,88.88761383887164,6.282907894077485,
63c5e90d8e,180,355,2485,24.85,3902.417309182311,3.878645738513611,82.51891377599003,18.645194903542663,
63c5e90d8e,180,356,2492,24.92,3889.0450071858622,4.224558505635037,89.58377440353652,13.605323933979166,
63c5e90d8e,180,357,2499,24.99,3885.60025820766,2.5534363403702893,92.03150261295929,11.009762867876546,
63c5e90d8e,180,358,2506,25.06,3854.1276321172495,4.32227943260579,83.25207467379906,10.770315323810607,
63c5e90d8e,180,359,2513,25.13,3849.481516389498,2.6444144357934762,103.36635904518154,16.52650608699419,
63c5e90d8e,180,360,2520,25.2,3819.801515922438,3.106969300056462,87.21828744650914,13.100057000759904,
63c5e90d8e,180,361,2527,25.27,3815.99355649518,2.074934691114828,91.64034662915007,12.168620302508279,
63c5e90d8e,180,362,2534,25.34,3795.8518127858397,3.37736561390206,85.42835193328253,12.44949158290771,
63c5e90d8e,180,363,2541,25.41,3782.0402275796855,2.6468636419415965,93.23816003118557,17.447662300119166,
63c5e90d8e,180,364,2548,25.48,3750.525124078282,2.093194018553925,82.75472176011684,8.74009819393876,
63c5e90d8e,180,365,2555,25.55,3747.5616790140402,2.3930238722660624,82.3096642240089,5.921111631393272,
63c5e90d8e,180,366,2562,25.62,3743.164287598017,5.845303282409926,82.53971553872559,28.504481089816935,
63c5e90d8e,180,367,2569,25.69,3705.3614309093896,3.0996152406839697,85.20320692103945,0.7949427000014236,
63c5e90d8e,180,368,2576,25.76,3693.282477415271,1.9630764419710152,77.23778789726188,12.816465997570528,
63c5e90d8e,180,369,2583,25.83,3675.8491443224857,3.6894237556416787,76.88024307036571,16.807360110858113,
63c5e90d8e,180,370,2590,25.9,3649.0318610352824,1.893001033558838,86.02172718407631,3.6002484285169474,
63c5e90d8e,180,371,2597,25.97,3646.8295050371776,1.7541111487220564,86.12079517125568,7.537786544414971,
63c5e90d8e,180,372,2604,26.04,3631.954046707741,1.6212697203705735,82.89299027583816,6.756709237503738,
63c5e90d8e,180,373,2611,26.11,3628.385295081851,2.0973750223424967,85.1154772393209,18.59004250537329,
63c5e90d8e,180,374,2618,26.18,3606.412232785519,1.6885943117785305,81.49194964881943,16.537240377404615,
63c5e90d8e,180,375,2625,26.25,3592.454079458294,4.304195104753837,81.57308596971862,20.528704978617213,
63c5e90d8e,180,376,2632,26.32,3578.3277440480297,2.9329693331518167,92.27408896427235,10.264656746611971,
63c5e90d8e,180,377,2639,26.39,3555.725969027696,1.9605156999361724,82.13032224628307,9.271785506362479,
63c5e90d8e,180,378,2646,26.46,3547.1265940272424,2.500195176322945,90.08371393591356,17.761110841128996,
63c5e90d8e,180,379,2653,26.53,3527.2463688405146,1.7514093949508278,81.86269993026589,9.392683799583484,
63c5e90d8e,180,380,2660,26.6,3516.906304649188,1.1192438906786786,80.6874993330884,5.747323335162026,
63c5e90d8e,180,381,2667,26.67,3510.5483884805117,1.0360574085262606,77.52528802062186,9.8472507871578,
63c5e90d8e,180,382,2674,26.74,3505.7357694231837,1.2858467116528274,78.56567260503294,9.833184040982392,
63c5e90d8e,180,383,2681,26.81,3498.1795256537184,2.939993172461354,76.16511654936343,14.513550736852949,
63c5e90d8e,180,384,2688,26.88,3490.7621899599712,1.655699910603617,84.99988193442825,15.17541659418116,
63c5e90d8e,180,385,2695,26.95,3478.6246718614966,2.6965392617026307,80.45967467660185,25.63942872326756,
63c5e90d8e,180,386,2702,27.02,3447.394992611679,2.3112754307429113,76.45948816591141,8.777723768172944,
63c5e90d8e,180,387,2709,27.09,3445.294759845205,1.3232850278952333,76.711694775895,5.918786001998046,
63c5e90d8e,180,388,2716,27.16,3437.0060193792433,3.940298368144191,76.4669745201777,17.10041317719036,
63c5e90d8e,180,389,2723,27.23,3424.745877848281,2.4796787190690455,87.96127478562839,18.482901726667134,
63c5e90d8e,180,390,2730,27.3,3402.46719226726,3.8378265612187494,78.85395765462526,15.53351205523101,
63c5e90d8e,180,391,2737,27.37,3391.4885472496558,2.5498035195441315,77.44970109250126,18.92830080268135,
63c5e90d8e,180,392,2744,27.44,3358.0080895707715,3.3330544614493007,77.5027563331557,15.4611363905592,
63c5e90d8e,180,393,2751,27.51,3350.0594115733015,2.888119885869099,81.70379932008882,6.363690307422123,
63c5e90d8e,180,394,2758,27.58,3346.011038483959,5.238573722709182,81.22384572863092,19.49191030317972,
63c5e90d8e,180,395,2765,27.65,3340.4647076276424,2.919047877620023,84.91871543285872,14.272579088401887,
63c5e90d8e,180,396,2772,27.72,3302.9750666734317,2.635477211639295,78.41379464837307,9.53209937500109,
63c5e90d8e,180,397,2779,27.79,3298.6450452036443,2.2386566049736594,80.64272354740373,16.77050647240708,
63c5e90d8e,180,398,2786,27.86,3277.1835389122184,5.521978042500847,77.95461149849028,22.287838465519993,
63c5e90d8e,180,399,2793,27.93,3261.5941201842097,2.8248803677831553,88.79816031478474,12.877890909149022,
63c5e90d8e,180,400,2800,28.0,3218.4633265951593,1.6225999902227315,77.29235951033941,14.696585858378167,
63c5e90d8e,180,401,2807,28.07,3209.692452631135,1.2246720457095857,75.80413627428165,11.65324097249802,
63c5e90d8e,180,402,2814,28.14,3202.0970457212975,2.5208647659504355,73.55902268432857,11.947948048570018,
63c5e90d8e,180,403,2821,28.21,3199.012958863174,3.8443749304770116,78.08617666742711,16.45655794228045,
63c5e90d8e,180,404,2828,28.28,3194.6608306445964,2.836570905995396,84.6685510875242,11.455778946207676,
63c5e90d8e,180,405,2835,28.35,3166.087367464376,2.818669843210475,75.65304641879055,9.93987122531674,
63c5e90d8e,180,406,2842,28.42,3162.977394593818,1.7197735443487356,77.3599742323327,9.869006442638607,
63c5e90d8e,180,407,2849,28.49,3152.651882129581,1.460234043345947,75.62212922354216,11.288828481836989,
63c5e90d8e,180,408,2856,28.56,3143.2374426332112,2.6891633552900513,73.7107493068087,13.463035681411148,
63c5e90d8e,180,409,2863,28.63,3139.6356958955057,1.9477286734288903,72.76687208863518,15.595698887196844,
63c5e90d8e,180,410,2870,28.7,3121.4130641168294,2.2455696058525425,71.79607764361573,9.32161585140663,
63c5e90d8e,180,411,2877,28.77,3118.965914706348,1.5250938619357464,71.91701007424042,7.827611586758676,
63c5e90d8e,180,412,2884,28.84,3110.9777616843794,0.9755632333928911,72.8938656314826,8.016925984155217,
63c5e90d8e,180,413,2891,28.91,3106.910196321471,6.150602236508128,71.4119107813274,22.0266613485376,
63c5e90d8e,180,414,2898,28.98,3100.3377437230715,5.990477642035546,97.53440790678326,15.18338912715165,
63c5e90d8e,180,415,2905,29.05,3094.4946253529397,3.453236213896685,76.20432256029702,8.204066848760284,
63c5e90d8e,180,416,2912,29.12,3041.7783280072927,2.801653666870852,77.80678030228913,11.473206953261032,
63c5e90d8e,180,417,2919,29.19,3038.944767837313,1.8633143167716244,77.64767482644478,12.941445581945395,
63c5e90d8e,180,418,2926,29.26,3034.4258535203044,2.121115890863757,82.2921686032501,8.743113333251905,
63c5e90d8e,180,419,2933,29.33,3032.395961387374,2.522926408381143,80.27442204673928,12.276852325224256,
63c5e90d8e,180,420,2940,29.4,3025.862996655976,2.5414816044742556,82.51259649438153,9.275394562231998,
63c5e90d8e,180,421,2947,29.47,3023.775230259637,3.4187943378337424,78.81347300137921,24.060331421171316,
63c5e90d8e,180,422,2954,29.54,3015.0063735812537,3.358226976871085,90.52466536526534,8.498426065961626,
63c5e90d8e,180,423,2961,29.61,3014.839948469484,2.039987959981456,81.44546616754415,19.0261030643875,
63c5e90d8e,180,424,2968,29.68,2973.790301093751,0.9400259048692695,73.74879857356159,2.6571002162025854,
63c5e90d8e,180,425,2975,29.75,2970.3583341191425,0.4071401595066566,72.84770543702002,5.142717551194469,
63c5e90d8e,180,426,2982,29.82,2968.8702891283688,0.696173260626805,74.3676006698757,6.7331106204846325,
63c5e90d8e,180,427,2989,29.89,2967.0790235655313,0.5266486356106272,73.89936794093249,3.3509521053765647,
63c5e90d8e,180,428,2996,29.96,2966.554046942095,0.865326741853449,75.88713278367328,6.733600511461648,
63c5e90d8e,180,429,3003,30.03,2963.449600928421,0.6872125611406242,75.07008525127306,5.630093379559052,
63c5e90d8e,180,430,3010,30.1,2962.371842541723,1.0837320199491507,76.13759998573846,9.204304927724673,
63c5e90d8e,180,431,3017,30.17,2956.8911377617446,3.7411092364216034,74.94558598051358,13.212504075279732,
63c5e90d8e,180,432,3024,30.24,2948.794058068104,5.612068901434065,86.55909454905716,17.167348928344527,
63c5e90d8e,180,433,3031,30.31,2914.822606201408,6.360969419129414,87.1434452520945,25.767517694911696,
63c5e90d8e,180,434,3038,30.38,2898.0659494951315,5.2071874646251395,101.81616937179567,9.003297389245123,
63c5e90d8e,180,435,3045,30.45,2874.524811455079,4.66172026406322,79.63372771981797,13.800892988547906,
63c5e90d8e,180,436,3052,30.52,2849.8937756212913,4.594117717228358,86.16148445448559,19.658575701861206,
63c5e90d8e,180,437,3059,30.59,2843.6965773982656,4.924374014744155,83.40737358175225,15.508413218101333,
63c5e90d8e,180,438,3066,30.66,2840.5038833952394,3.4400163953132856,83.99187547084611,18.203275913597274,
63c5e90d8e,180,439,3073,30.73,2789.629983904671,2.4878617160830556,76.88439379658331,21.076072282245956,
63c5e90d8e,180,440,3080,30.8,2760.3057728987887,2.902044143036586,77.25837042997657,13.765556719324964,
63c5e90d8e,180,441,3087,30.87,2758.7825738827246,2.1098089387569887,83.42740655973222,5.448233368857548,
63c5e90d8e,180,442,3094,30.94,2738.1251145245533,0.9292994898854983,80.51522191350591,7.8077169834344335,
63c5e90d8e,180,443,3101,31.01,2733.718875990179,1.8578877802178784,80.16722829348926,18.80592367169827,
63c5e90d8e,180,444,3108,31.08,2716.5204438359024,1.7662647324767915,79.79802637563199,17.180639713586974,
63c5e90d8e,180,445,3115,31.15,2706.583616877425,1.4532148419076012,80.35957677474123,10.327998363974132,
63c5e90d8e,180,446,3122,31.22,2699.6778113454225,2.6403888984640753,76.2917517585468,26.50187900402346,
63c5e90d8e,180,447,3129,31.29,2677.8348023144326,1.910087004361126,77.45554426364207,16.17178926933091,
63c5e90d8e,180,448,3136,31.36,2662.3282030958926,1.501887849131692,70.92691759262628,9.266297947370763,
63c5e90d8e,180,449,3143,31.43,2652.769919093196,1.624606591045834,72.47359006948753,14.176612361285544,
63c5e90d8e,180,450,3150,31.5,2646.7298264952087,1.3470383793862117,72.70617379847425,10.056613470405306,
63c5e90d8e,180,451,3157,31.57,2642.007406271697,1.5982095363031388,71.12530812512681,6.83927449918523,
63c5e90d8e,180,452,3164,31.64,2634.7646614125915,1.5534288175794457,70.35367923373005,11.69077029388041,
63c5e90d8e,180,453,3171,31.71,2626.5802490367596,1.3401924937051162,68.96261955920494,11.201462008114884,
63c5e90d8e,180,454,3178,31.78,2619.7126366815955,4.165573935519884,67.5011003999676,10.72144037358964,
63c5e90d8e,180,455,3185,31.85,2619.1237576823146,2.517892997005914,76.80285762908831,9.927517269280077,
63c5e90d8e,180,456,3192,31.92,2593.6706632892774,1.544796447552646,69.60151468674088,14.450818518333971,
63c5e90d8e,180,457,3199,31.99,2586.2845979482604,1.0551558241023122,73.1687142627458,7.287774151490006,
63c5e90d8e,180,458,3206,32.06,2582.996432857735,1.4781060149744913,70.0532894437962,13.784405477348091,
63c5e90d8e,180,459,3213,32.13,2574.092604074966,1.4396615051900634,69.94343396851612,14.610527503014508,
63c5e90d8e,180,460,3220,32.2,2566.49895448658,2.8909452885530977,71.37453766858363,28.667707143732883,
63c5e90d8e,180,461,3227,32.27,2543.5342629768484,2.938144832794596,75.4805685834299,22.411925693289867,
63c5e90d8e,180,462,3234,32.34,2534.232966308903,3.423719736646089,74.22453852718006,15.126130052649772,
63c5e90d8e,180,463,3241,32.41,2527.219522438708,3.184821084285739,80.0842458902293,14.432187472810595,
63c5e90d8e,180,464,3248,32.48,2517.9531472095514,1.5933666204568377,75.65911047340494,13.009097832904772,
63c5e90d8e,180,465,3255,32.55,2493.500454794663,0.9199217692662637,67.87249038819105,8.811085930816107,
63c5e90d8e,180,466,3262,32.62,2489.6742622243028,4.140819552867194,67.1236585006529,20.094571644422498,
63c5e90d8e,180,467,3269,32.69,2488.409556566351,4.1045525179807,77.9981964380802,10.882404926390258,
63c5e90d8e,180,468,3276,32.76,2485.7091985185266,2.1412389870147637,71.44934541949337,6.5929989198639625,
63c5e90d8e,180,469,3283,32.83,2462.595758244865,1.3381051370364891,66.4907325459308,13.114658619189035,
63c5e90d8e,180,470,3290,32.9,2454.4992142947754,1.5281600915337339,66.91316385580683,14.536798736815278,
63c5e90d8e,180,471,3297,32.97,2443.658043043014,1.223935588211206,65.25568102937288,11.556214815457633,
63c5e90d8e,180,472,3304,33.04,2438.0431870957036,1.5388075379364798,66.58602324502257,11.970655958076549,
63c5e90d8e,180,473,3311,33.11,2428.7664483456024,2.5795999563758127,65.57401872763269,11.886891959105453,
63c5e90d8e,180,474,3318,33.18,2428.1645365160484,1.6467171758760653,72.303595504761,9.833343514447797,
63c5e90d8e,180,475,3325,33.25,2416.5371820458736,1.6019152539691839,63.425540953807,16.001428484807782,
63c5e90d8e,180,476,3332,33.32,2408.4047607971506,1.4525903429355587,63.252902870565144,7.367850158894965,
63c5e90d8e,180,477,3339,33.39,2399.123151335174,0.9801939220381402,61.047233927479176,6.8044735688797084,
63c5e90d8e,180,478,3346,33.46,2396.646879621673,1.088116457084488,62.363308833133395,8.389190883243323,
63c5e90d8e,180,479,3353,33.53,2393.6376711757093,2.4603472290016346,62.54399067572707,10.361030779642602,
63c5e90d8e,180,480,3360,33.6,2392.727929409109,1.649099232993649,65.31468941822504,5.147290268166813,
63c5e90d8e,180,481,3367,33.67,2385.7912238025765,1.878821630114136,65.18448924024091,15.289424413794212,
63c5e90d8e,180,482,3374,33.74,2374.5786929232218,1.1441393429197781,65.37052825716454,9.010343576647111,
63c5e90d8e,180,483,3381,33.81,2369.2944638417916,1.362088015325619,63.2414995202359,6.982713154860098,
63c5e90d8e,180,484,3388,33.88,2362.6210885447385,1.4707432628998995,65.01639509133801,13.763850238387313,
63c5e90d8e,180,485,3395,33.95,2353.219546368778,2.8079374591272104,64.60947978878171,10.214273138159825,
63c5e90d8e,180,486,3402,34.02,2346.669398474141,1.7281129598403877,69.32430015374166,10.992281275647379,
63c5e90d8e,180,487,3409,34.09,2336.6744840991946,0.7684979290770634,70.73248529442715,3.5857960128094404,
63c5e90d8e,180,488,3416,34.16,2334.1973723255396,1.3844487177722309,68.1828031962231,10.097948183843519,
63c5e90d8e,180,489,3423,34.23,2324.7793915393777,0.858925375564676,65.36907378207029,7.375995812333926,
63c5e90d8e,180,490,3430,34.3,2321.1066709398237,2.8177945062037106,64.9445476719005,13.377969835438847,
63c5e90d8e,180,491,3437,34.37,2311.8942893616972,1.823695964520832,64.73259955648871,16.7537806525532,
63c5e90d8e,180,492,3444,34.44,2298.1544888546073,1.3157973680921586,60.84488755599271,11.22778910126918,
63c5e90d8e,180,493,3451,34.51,2292.0136207979444,1.9312412387036086,63.15689169111523,18.50030366153035,
63c5e90d8e,180,494,3458,34.58,2286.009724027951,1.8111048973737356,66.05917049343432,10.560380778445237,
63c5e90d8e,180,495,3465,34.65,2278.6778298586264,1.8257533549895837,61.19991425898611,11.79878856984598,
63c5e90d8e,180,496,3472,34.72,2271.733899880091,1.3499163912469516,66.30533901925433,5.066024471359711,
63c5e90d8e,180,497,3479,34.79,2268.988571841335,1.3640206438120717,60.61747660155069,5.258354759986593,
63c5e90d8e,180,498,3486,34.86,2264.5041768309216,0.9343730483418491,63.5823134977352,3.087791296926868,
63c5e90d8e,180,499,3493,34.93,2262.652624606786,2.200755547849011,59.50653146625014,9.3011970565624,
63c5e90d8e,180,500,3500,35.0,2262.5749119012175,1.6871175527109266,68.57455320431988,9.76006180493109,
63c5e90d8e,180,501,3507,35.07,2251.465680811585,0.8324989117286861,60.161388483391086,5.966936194859688,
63c5e90d8e,180,502,3514,35.14,2248.015973591774,1.1801526136368798,59.01135695593963,9.71476750830478,
63c5e90d8e,180,503,3521,35.21,2242.9247984133476,0.9575722335168911,56.98559016358099,9.05272020642581,
63c5e90d8e,180,504,3528,35.28,2239.277261389928,0.8707449234142138,55.507715343893864,7.618845784163073,
63c5e90d8e,180,505,3535,35.35,2236.422083850632,1.0888589325165938,56.75809264402724,8.846667225720399,
63c5e90d8e,180,506,3542,35.42,2231.7070342785887,1.1288092777139913,53.3240004865153,10.397548601766987,
63c5e90d8e,180,507,3549,35.49,2225.967407948227,0.522037072670303,52.003798025428836,4.093635130988294,
63c5e90d8e,180,508,3556,35.56,2224.7186252612983,1.307340510959872,52.55797350007422,12.55904538446295,
63c5e90d8e,180,509,3563,35.63,2217.6418649985626,0.7046966669155463,51.273695985433605,6.333756203460344,
63c5e90d8e,180,510,3570,35.7,2216.363071339982,0.9936505864871391,49.45936724620108,7.08020004377258,
63c5e90d8e,180,511,3577,35.77,2213.571720701268,1.0480926449176424,52.7657704746704,7.795757293892057,
63c5e90d8e,180,512,3584,35.84,2208.5404162287073,1.0509304359355824,49.398891456272445,8.904883284767529,
63c5e90d8e,180,513,3591,35.91,2204.0046148147435,1.3682527276277705,51.22663506683547,5.582404858689841,
63c5e90d8e,180,514,3598,35.98,2203.637372815416,2.23951953374234,54.59541312995254,7.223725435009712,
63c5e90d8e,180,515,3605,36.05,2203.39707966683,1.2534711447555844,61.874870892906706,4.435152143435737,
63c5e90d8e,180,516,3612,36.12,2196.499523263041,1.297679588730398,54.52700339519838,11.948725075117995,
63c5e90d8e,180,517,3619,36.19,2189.442494688173,1.4814455732997789,56.51436789342591,11.888832453302674,
63c5e90d8e,180,518,3626,36.26,2178.991650821762,1.2969036181619005,58.251927362258336,12.616566287779312,
63c5e90d8e,180,519,3633,36.33,2173.6302704634463,0.9415872670219276,57.16696348145431,7.6077058018389385,
63c5e90d8e,180,520,3640,36.4,2171.3040432922244,0.8885297564045656,55.98047021258611,6.1668871370588505,
63c5e90d8e,180,521,3647,36.47,2168.412204523865,1.213927156183226,55.997506261063286,11.449411640554414,
63c5e90d8e,180,522,3654,36.54,2161.310020601055,0.940953081577231,54.177173726520465,9.47456625737248,
63c5e90d8e,180,523,3661,36.61,2157.9381353544877,0.8615830554274477,53.8277251042552,6.444426213681701,
63c5e90d8e,180,524,3668,36.68,2154.8301834492936,0.4293768953432667,53.89882190463479,3.8949056454252573,
63c5e90d8e,180,525,3675,36.75,2153.9739313349614,0.8897091652296001,54.11234715679578,6.422722464063017,
63c5e90d8e,180,526,3682,36.82,2151.3922512425193,1.678656168246009,56.85874022690864,8.898333681010103,
63c5e90d8e,180,527,3689,36.89,2142.1618969786114,1.0359351310391383,58.41792652952051,5.564990034498591,
63c5e90d8e,180,528,3696,36.96,2139.7516254525663,1.0663524644429636,58.13718558221046,8.165111329525265,
63c5e90d8e,180,529,3703,37.03,2137.395354660262,1.1671818861039283,57.167619535325855,10.040837358832446,
63c5e90d8e,180,530,3710,37.1,2131.7042298188962,2.1788621607749836,55.967137657528504,11.019759771316027,
63c5e90d8e,180,531,3717,37.17,2130.1431445008748,1.5082181405339576,60.46377227913999,10.244705990685368,
63c5e90d8e,180,532,3724,37.24,2120.3331374445283,1.0314624828570336,56.10435667157449,7.110790879629647,
63c5e90d8e,180,533,3731,37.31,2116.0064005920844,1.3290900547762672,57.26985191285404,9.789254889794758,
63c5e90d8e,180,534,3738,37.38,2109.1413303509553,1.3701865982418064,61.086504827563374,13.311363181935869,
63c5e90d8e,180,535,3745,37.45,2101.716684938157,2.7332502493644864,60.52147094735862,12.307711138825937,
63c5e90d8e,180,536,3752,37.52,2100.4895008024496,2.0858942867586947,65.71407849131946,15.312055718694443,
63c5e90d8e,180,537,3759,37.59,2085.705392303444,1.2490078832774143,61.10628474566533,7.117452780003082,
63c5e90d8e,180,538,3766,37.66,2081.0677109683443,2.6659431073681046,60.66150423728626,9.94134142971532,
63c5e90d8e,180,539,3773,37.73,2078.088483869299,1.5014458940886095,63.13909275957137,9.253975065819052,
63c5e90d8e,180,540,3780,37.8,2068.657540368967,0.950000591094986,60.93789754502987,7.338832244680849,
63c5e90d8e,180,541,3787,37.87,2064.196626728269,1.1965832489465253,60.06031399377775,12.040465421451167,
63c5e90d8e,180,542,3794,37.94,2057.4600730889297,0.7418987617045703,59.53919591025032,7.196822279234547,
63c5e90d8e,180,543,3801,38.01,2055.288092947822,0.7604140440797699,58.70152210051458,5.945073110094187,
63c5e90d8e,180,544,3808,38.08,2053.0354218117695,1.7573363138171996,57.017064446306044,15.017360180132199,
63c5e90d8e,180,545,3815,38.15,2037.9950196539824,0.8281954723716719,55.2214234126968,7.681254601135038,
63c5e90d8e,180,546,3822,38.22,2035.6501365300542,0.5497801938145265,55.06071694641348,3.7942597376851306,
63c5e90d8e,180,547,3829,38.29,2035.1717976345626,1.373865900802241,54.897243283086624,8.431336709122816,
63c5e90d8e,180,548,3836,38.36,2030.2512385283092,1.1780739946561813,57.208639555498614,8.736492713671495,
63c5e90d8e,180,549,3843,38.43,2027.596168898869,1.832837734726815,57.20269162502785,5.521924707934131,
63c5e90d8e,180,550,3850,38.5,2014.1194392559346,1.7397360879333488,54.608963260543916,15.69067970026899,
63c5e90d8e,180,551,3857,38.57,2006.9735006881601,1.8172826248890188,54.1612454726092,9.984042886670553,
63c5e90d8e,180,552,3864,38.64,1995.7115148015232,1.0012171754224295,51.702620983434265,8.193324391850513,
63c5e90d8e,180,553,3871,38.71,1993.1291064873406,1.6581313549417804,51.38191923433446,11.151590676902476,
63c5e90d8e,180,554,3878,38.78,1981.956457356506,1.4006657175313915,50.6972247327063,11.762716306128494,
63c5e90d8e,180,555,3885,38.85,1975.845261976993,0.8363240833921094,53.23214359953144,6.495328359272439,
63c5e90d8e,180,556,3892,38.92,1974.7599113035615,0.8849810107629684,50.82474190381473,6.013586044163486,
63c5e90d8e,180,557,3899,38.99,1972.7943263227037,1.049984322626649,49.832891360693274,9.853931112126094,
63c5e90d8e,180,558,3906,39.06,1969.96666662206,0.6834475074691293,49.225647249968894,2.961898338547498,
63c5e90d8e,180,559,3913,39.13,1968.5684292920257,0.8704724474124084,48.97748192269807,7.699685648341204,
63c5e90d8e,180,560,3920,39.2,1966.5861857347638,0.6735030630770098,49.55631254213576,1.7945172006026606,
63c5e90d8e,180,561,3927,39.27,1964.9783758086107,1.7338599811704625,48.65908551950808,15.40358428012776,
63c5e90d8e,180,562,3934,39.34,1952.1167237644747,0.3878339610261879,51.82483054632393,1.4490133971207217,
63c5e90d8e,180,563,3941,39.41,1951.606279616083,0.6072431175983435,49.723019330124124,2.439570698392998,
63c5e90d8e,180,564,3948,39.48,1951.5917077076142,1.1439601162872506,51.42989335683077,11.264667463153902,
63c5e90d8e,180,565,3955,39.55,1946.1455671670035,1.316308950116211,49.42683373179388,5.918846007469119,
63c5e90d8e,180,566,3962,39.62,1945.5750925920247,0.9800980770364938,48.592187283714175,6.604192931869929,
63c5e90d8e,180,567,3969,39.69,1940.7940843737777,1.1685682792696208,48.383040252239795,7.3215319918036945,
63c5e90d8e,180,568,3976,39.76,1934.3423918424623,1.2089871627187552,48.204633745380775,9.641650058228233,
63c5e90d8e,180,569,3983,39.83,1929.1578905808638,1.7438271923307773,51.099095345429426,6.952833757331103,
63c5e90d8e,180,570,3990,39.9,1928.8222625180902,1.1162556727602204,50.38033627751341,6.909953880927944,
63c5e90d8e,180,571,3997,39.97,1924.6317779711446,0.6517470612372305,52.59703426591641,4.805567895373222,
63c5e90d8e,180,572,4004,40.04,1923.6812512844665,0.8545696779471496,51.72002092602494,7.249277575987982,
63c5e90d8e,180,573,4011,40.11,1920.11667808674,0.8611257352505022,50.97816578825116,7.7840220911411,
63c5e90d8e,180,574,4018,40.18,1917.429629190741,1.0639842587989263,50.58122494352605,10.283929970418589,
63c5e90d8e,180,575,4025,40.25,1914.0355647758902,0.9980673845213092,50.550301568490795,8.712495726340672,
63c5e90d8e,180,576,4032,40.32,1910.523998471134,0.8982334597780692,49.47129938873206,6.8112278842745635,
63c5e90d8e,180,577,4039,40.39,1907.4042209986087,0.8636277331047827,49.70672691791014,4.07490841712369,
63c5e90d8e,180,578,4046,40.46,1904.6956884373674,0.5732646796474675,49.3589947976511,4.959984878710484,
63c5e90d8e,180,579,4053,40.53,1903.5228150744201,1.1963743623970795,49.096694471521225,9.466050894309236,
63c5e90d8e,180,580,4060,40.6,1896.4702330776463,3.1280702683053674,50.74262978422921,13.604334469651189,
63c5e90d8e,180,581,4067,40.67,1879.5020972720997,1.066846512224954,51.82434885573707,3.8809787302644394,
63c5e90d8e,180,582,4074,40.74,1875.2176357618443,1.177615164998917,52.99740896728173,10.55235193846172,
63c5e90d8e,180,583,4081,40.81,1869.1714492543936,0.8693128194550144,51.819586660767605,3.787561351272558,
63c5e90d8e,180,584,4088,40.88,1865.9731276233344,1.2168006695952907,52.675049977512074,12.05746250690774,
63c5e90d8e,180,585,4095,40.95,1860.3085333140411,1.213052277193337,49.08969017333987,8.821836066003478,
63c5e90d8e,180,586,4102,41.02,1855.421876484238,1.5446279028923826,50.90311382524898,14.274801645750598,
63c5e90d8e,180,587,4109,41.09,1845.153310471175,0.7269713302013393,49.548689271815604,4.7466735074523365,
63c5e90d8e,180,588,4116,41.16,1843.600239650095,1.2079159509361443,49.5179624002832,8.675699966612104,
63c5e90d8e,180,589,4123,41.23,1837.0231752189702,1.6785466469687258,48.35960637863466,8.349129292918148,
63c5e90d8e,180,590,4130,41.3,1836.615834010994,2.861976948960903,51.84904179191327,9.977783698231416,
63c5e90d8e,180,591,4137,41.37,1835.1968807426176,4.080414285814572,50.44681235721267,14.251898500190956,
63c5e90d8e,180,592,4144,41.44,1824.0336509681022,4.11983961169692,56.35959669606752,13.223666348960915,
63c5e90d8e,180,593,4151,41.51,1818.4682962293934,3.436234983693218,53.61352340387608,6.719571807630233,
63c5e90d8e,180,594,4158,41.58,1813.6318605015445,1.755107216373162,54.85900950441334,6.4767070962343745,
63c5e90d8e,180,595,4165,41.65,1799.905196345023,0.557330249028261,49.35893991189068,4.088792495779443,
63c5e90d8e,180,596,4172,41.72,1798.5888807067208,1.3921003158363843,48.83248779046863,13.72290322352696,
63c5e90d8e,180,597,4179,41.79,1790.333872188717,1.945261660925345,52.29612830630097,12.384760952770009,
63c5e90d8e,180,598,4186,41.86,1775.500343680927,1.3172684598103603,47.9293391874757,6.7405371501525355,
63c5e90d8e,180,599,4193,41.93,1767.7633460334898,0.7717276351574447,50.28930160723081,6.415274976830714,
63c5e90d8e,180,600,4200,42.0,1765.5786061310207,1.0626200833136714,48.63529113072448,9.085236623761567,
63c5e90d8e,180,601,4207,42.07,1760.4469278061038,0.6286314826239753,48.717743328808425,5.544157567069614,
63c5e90d8e,180,602,4214,42.14,1758.5176321340227,0.8415379908684886,49.514831582693155,8.32688816666705,
63c5e90d8e,180,603,4221,42.21,1755.9936558424351,1.2748074000073282,49.683422581326944,11.162029619977108,
63c5e90d8e,180,604,4228,42.28,1749.2621340989303,0.9472920065063813,50.82480080678206,8.920596570587994,
63c5e90d8e,180,605,4235,42.35,1745.2006526343903,1.140418863135296,52.48659297036849,5.382980208959517,
63c5e90d8e,180,606,4242,42.42,1739.242311953145,0.4674992590226419,51.09013518000674,1.373553066269155,
63c5e90d8e,180,607,4249,42.49,1739.2124633716817,1.176707985629477,51.47121161497862,10.848198278511171,
63c5e90d8e,180,608,4256,42.56,1732.489500628173,1.196262749565955,51.94971002261743,10.468090040948354,
63c5e90d8e,180,609,4263,42.63,1727.1186842266684,1.0740615075218136,50.506443802028265,7.839411804628182,
63c5e90d8e,180,610,4270,42.7,1722.4949032703,1.5028789534359033,50.10374393987379,15.240066245612502,
63c5e90d8e,180,611,4277,42.77,1717.5009642755472,1.566719704823477,55.60991163790339,10.961240523395546,
63c5e90d8e,180,612,4284,42.84,1707.9712656943425,1.3817888298537002,52.132355963312655,3.562045921739689,
63c5e90d8e,180,613,4291,42.91,1699.7966975639395,1.5670275320638665,53.22630925064616,15.39319343870111,
63c5e90d8e,180,614,4298,42.98,1695.3260670105878,1.4299733796775125,48.91876888298816,8.943181839176576,
63c5e90d8e,180,615,4305,43.05,1689.0776526827233,0.8581583722108413,50.55730819001482,1.4514828453434132,
63c5e90d8e,180,616,4312,43.12,1687.433186771849,1.1202917944726813,48.9195882440195,6.263868601559107,
63c5e90d8e,180,617,4319,43.19,1683.5079117732178,1.3026178765517307,49.74381370994914,11.200397878425134,
63c5e90d8e,180,618,4326,43.26,1678.2759565872443,0.8041678091780653,49.8513427219599,4.570624446024407,
63c5e90d8e,180,619,4333,43.33,1675.7638594166692,0.8301981138394489,48.991814349261595,4.353194237490318,
63c5e90d8e,180,620,4340,43.4,1673.3765758380875,2.1613560904125073,50.52343361783785,9.92983632750164,
63c5e90d8e,180,621,4347,43.47,1672.380417659792,1.6122220127315043,56.383091962235376,11.934350512774481,
63c5e90d8e,180,622,4354,43.54,1662.0966376246117,1.2451326584683127,51.71719259189494,12.3122511876456,
63c5e90d8e,180,623,4361,43.61,1657.1368674111072,1.1174067261137686,52.02626083530841,10.225182707570914,
63c5e90d8e,180,624,4368,43.68,1651.414072435122,0.8579979823506485,50.05800979620828,5.237608043052978,
63c5e90d8e,180,625,4375,43.75,1647.7820337340888,0.8027500370654184,50.016992570542406,6.0397055927746415,
63c5e90d8e,180,626,4382,43.82,1646.4002875321023,1.0375280216166818,50.68407949012954,8.89552788789149,
63c5e90d8e,180,627,4389,43.89,1642.9741174586513,1.0657635089445965,48.60653042316719,9.264345128152282,
63c5e90d8e,180,628,4396,43.96,1638.4273402833458,1.1546402206262212,48.0353782206639,8.242914218472073,
63c5e90d8e,180,629,4403,44.03,1632.949434042659,0.8682498994198118,48.09133942967293,8.014815548934171,
63c5e90d8e,180,630,4410,44.1,1629.1550065773058,1.997430550295736,45.54973472577461,9.686472085015806,
63c5e90d8e,180,631,4417,44.17,1628.7589561964494,1.1339109023901537,49.44795122677731,4.097965119168943,
63c5e90d8e,180,632,4424,44.24,1623.5534773373913,0.587908272421429,45.15539038001967,5.217316726093288,
63c5e90d8e,180,633,4431,44.31,1622.3133165288486,1.319835887521996,46.286542462358845,5.981019393502183,
63c5e90d8e,180,634,4438,44.38,1617.8520315839673,1.1621896782328582,44.33908779816435,4.917723920557049,
63c5e90d8e,180,635,4445,44.45,1615.8729451712918,1.6784788992715567,48.50191819476303,8.709208429770015,
63c5e90d8e,180,636,4452,44.52,1607.0481702770846,1.6787667694389081,46.00600437361959,12.583232246282035,
63c5e90d8e,180,637,4459,44.59,1600.338876981292,1.194707864787896,47.052727000064436,5.167300429825155,
63c5e90d8e,180,638,4466,44.66,1595.512588549174,1.2703522161464935,43.3076190395517,9.161030477061578,
63c5e90d8e,180,639,4473,44.73,1589.013562443529,0.8857800374608845,43.045132802760946,7.7301746392712145,
63c5e90d8e,180,640,4480,44.8,1586.716206822458,0.9368722581169102,42.980992706701926,7.141582391938579,
63c5e90d8e,180,641,4487,44.87,1582.9269671155737,1.0883705700700947,42.07007572909068,1.8625951843030382,
63c5e90d8e,180,642,4494,44.94,1578.1339253770927,0.8517870073282047,42.12894643092518,7.754702340010698,
63c5e90d8e,180,643,4501,45.01,1575.7880186364769,0.5174898498878535,40.87298819483043,3.67574462092303,
63c5e90d8e,180,644,4508,45.08,1574.4537091206416,0.9114960609690705,39.86552091845733,6.9470056252011085,
63c5e90d8e,180,645,4515,45.15,1570.3835386982007,0.7906281455768603,40.3259285169993,2.288606618212959,
63c5e90d8e,180,646,4522,45.22,1569.1584208243996,0.6675138591870966,42.2184175626171,4.224500292245028,
63c5e90d8e,180,647,4529,45.29,1567.4197687082199,0.5769665518545531,41.20811191387642,4.74049536956333,
63c5e90d8e,180,648,4536,45.36,1567.035193652069,0.5650407372937917,42.35160070592419,1.707880064507618,
63c5e90d8e,180,649,4543,45.43,1566.4975895744187,0.9261509680726718,41.29762094603368,7.511765525964865,
63c5e90d8e,180,650,4550,45.5,1562.6782739746538,0.4665400669931327,42.909677809804236,3.6458329237564544,
63c5e90d8e,180,651,4557,45.57,1561.8714648625898,0.8788017303073182,43.469501566807274,8.968677776678918,
63c5e90d8e,180,652,4564,45.64,1558.369754473578,0.6870517975207998,42.141594774831354,5.541758788439764,
63c5e90d8e,180,653,4571,45.71,1556.305408634699,0.639947463260884,42.29506156609682,3.783627718395586,
63c5e90d8e,180,654,4578,45.78,1554.8206072543237,0.8863414129778899,43.61710770665105,7.999845721361729,
63c5e90d8e,180,655,4585,45.85,1551.2789796888803,0.890813405741895,43.47590071732508,6.670199618391351,
63c5e90d8e,180,656,4592,45.92,1547.9405037142271,0.895446424267823,43.11037820017726,7.215131202411332,
63c5e90d8e,180,657,4599,45.99,1544.4580630517776,1.054406979707933,43.4550582618198,10.187889053636932,
63c5e90d8e,180,658,4606,46.06,1539.3620244729116,1.0509434880997304,43.827973965977144,9.35516201846495,
63c5e90d8e,180,659,4613,46.13,1533.802246307091,0.7030178347525693,42.909188982575515,4.605134198927368,
63c5e90d8e,180,660,4620,46.2,1531.9762131023483,0.8502022413903267,43.48166353592549,7.629332060139553,
63c5e90d8e,180,661,4627,46.27,1529.990691335866,0.6217278626140521,42.081615309122306,3.868955735242542,
63c5e90d8e,180,662,4634,46.34,1528.6590485097518,2.8917704884113395,43.007368337285875,6.380145099888032,
63c5e90d8e,180,663,4641,46.41,1528.3182382098287,1.6231946865476188,51.88682320344925,6.114895496751713,
63c5e90d8e,180,664,4648,46.48,1517.5470056813645,0.9276556287613994,45.85925710340461,5.9552770525120335,
63c5e90d8e,180,665,4655,46.55,1514.593676855459,2.432846355129287,45.18740010899436,9.0411653519973,
63c5e90d8e,180,666,4662,46.62,1513.8820294217787,1.7069690435324827,54.45190145727897,6.193712188020637,
63c5e90d8e,180,667,4669,46.69,1503.1891586154297,1.1018287042852586,48.89819291148463,9.51339549298727,
63c5e90d8e,180,668,4676,46.76,1497.952328323322,1.3614797090952797,46.0579938760191,13.763740441457696,
63c5e90d8e,180,669,4683,46.83,1491.324153406645,1.2208755569630017,44.80826018811752,8.70759204810735,
63c5e90d8e,180,670,4690,46.9,1485.5933805662014,2.0124205812775546,43.2744708168375,8.397464233526964,
63c5e90d8e,180,671,4697,46.97,1484.4711617509156,1.6742897507223682,47.333886645063316,10.485969448686543,
63c5e90d8e,180,672,4704,47.04,1474.9447540785159,0.9346329621471908,44.63343916289686,7.080448842881694,
63c5e90d8e,180,673,4711,47.11,1472.172543145829,0.8078238864078915,43.626345029959616,5.439715432697602,
63c5e90d8e,180,674,4718,47.18,1469.9508635575057,2.5564504521893987,43.87405111352499,11.680531201460507,
63c5e90d8e,180,675,4725,47.25,1464.1526035958802,1.6561067053137044,48.825978220667245,14.187592085601164,
63c5e90d8e,180,676,4732,47.32,1460.2619000507589,1.4848621838837348,47.22148975852603,8.590923691664834,
63c5e90d8e,180,677,4739,47.39,1455.4585330970954,1.0020586663771995,43.810625485988744,2.7271601505765797,
63c5e90d8e,180,678,4746,47.46,1453.776404974093,1.1054985891500295,44.732401410745794,7.479544797124373,
63c5e90d8e,180,679,4753,47.53,1448.8852602458276,0.988867938379326,44.20716857336551,7.057192489955114,
63c5e90d8e,180,680,4760,47.6,1445.2821357800897,0.6228561971388707,47.24297823843859,3.5774696914429063,
63c5e90d8e,180,681,4767,47.67,1443.5441485117515,0.8040042856429754,45.18861284206362,7.64749254858891,
63c5e90d8e,180,682,4774,47.74,1440.3075065361286,1.5176893074691156,46.49330502527921,4.867812174868377,
63c5e90d8e,180,683,4781,47.81,1439.0889476641557,1.6942417957472844,47.67628852056778,3.281058800113295,
63c5e90d8e,180,684,4788,47.88,1438.2853836550837,1.1410063582185974,47.147518216186725,9.245382053049967,
63c5e90d8e,180,685,4795,47.95,1432.3723705216858,0.9373764639952523,45.533110426960675,9.343864632023578,
63c5e90d8e,180,686,4802,48.02,1428.0840285092233,1.1223585833096885,44.88875115881083,8.340068068106545,
63c5e90d8e,180,687,4809,48.09,1423.7621493379977,0.6501584175071583,44.431779028345325,6.009534053192922,
63c5e90d8e,180,688,4816,48.16,1422.0379564278153,0.6429367073806521,43.186991146838274,2.689500132653868,
63c5e90d8e,180,689,4823,48.23,1421.8053866569246,1.86884538690646,43.67561957327084,13.315206193896543,
63c5e90d8e,180,690,4830,48.3,1406.017245987448,0.9625433821806817,43.03965905139365,8.289249950018464,
63c5e90d8e,180,691,4837,48.37,1402.307121177559,0.9298496456045819,45.44301883429171,9.15449245082709,
63c5e90d8e,180,692,4844,48.44,1398.7101600074884,1.1243628013274989,43.88927056656347,4.4110097308253176,
63c5e90d8e,180,693,4851,48.51,1392.4835764469046,1.0007756813690525,40.632492007121456,8.841776047975484,
63c5e90d8e,180,694,4858,48.58,1387.5838267051968,0.6435213375526911,41.25500183474949,6.494837981258355,
63c5e90d8e,180,695,4865,48.65,1385.8453722724728,1.4784077791018275,40.992128288812914,7.005607416078773,
63c5e90d8e,180,696,4872,48.72,1383.8016655664055,1.355070294937101,40.98415202818503,5.098573741003087,
63c5e90d8e,180,697,4879,48.79,1381.9931042233816,1.4493085413953732,39.74228870664449,6.228878665930059,
63c5e90d8e,180,698,4886,48.86,1381.362867988123,0.7246763811229701,43.259765285253785,4.2609014271525565,
63c5e90d8e,180,699,4893,48.93,1379.5027967235824,0.9189574769281789,40.12263400102707,6.878867677126512,
63c5e90d8e,180,700,4900,49.0,1376.0886482765904,0.8367916234018425,41.666273873527224,4.137710402070871,
63c5e90d8e,180,701,4907,49.07,1373.2205603715156,0.7304050480020645,41.47708951332607,4.6769682770046375,
63c5e90d8e,180,702,4914,49.14,1371.079279382,0.44729589253648755,43.83605436367732,3.499369544231559,
63c5e90d8e,180,703,4921,49.21,1370.1083913997531,1.7724182938519488,43.58993854244458,3.9870020841256415,
63c5e90d8e,180,704,4928,49.28,1368.9741449155026,1.4241351204522832,45.91075754503575,11.500468266140949,
63c5e90d8e,180,705,4935,49.35,1359.8115467943169,0.36436617411069144,42.06387146602125,3.358875930669659,
63c5e90d8e,180,706,4942,49.42,1359.3028781457133,0.5560217986112449,42.244939896612266,5.386486433594697,
63c5e90d8e,180,707,4949,49.49,1357.9652187540194,2.7470694106111284,44.242084925042825,13.682126542783148,
63c5e90d8e,180,708,4956,49.56,1352.675805438798,1.7934984213900638,46.164253723058586,13.967725994837949,
63c5e90d8e,180,709,4963,49.63,1338.6592759175592,0.7923811878809501,42.4369472319967,3.3418653752300798,
63c5e90d8e,180,710,4970,49.7,1336.8127659655672,0.7731213188826431,41.2017465795651,3.7115581006177685,
63c5e90d8e,180,711,4977,49.77,1334.3953734385016,0.5284581178317599,40.342799927953884,4.341121848132252,
63c5e90d8e,180,712,4984,49.84,1333.2985905854162,0.7218385492472184,41.422497638477815,5.523636191349761,
63c5e90d8e,180,713,4991,49.91,1331.7917890126096,1.1607281084071062,41.41784414517646,7.142448921253944,
63c5e90d8e,180,714,4998,49.98,1325.5874478182416,2.0568909107026334,40.64374666392885,10.066102630719856,
63c5e90d8e,180,715,5005,50.05,1321.5931389349369,1.1446855505473792,45.79830086678425,9.080324022352162,
63c5e90d8e,180,716,5012,50.12,1315.088825943721,0.680913329413169,41.723284623037124,6.5820584938708775,
63c5e90d8e,180,717,5019,50.19,1313.6425344046309,1.085528021972606,43.55876992492883,3.770795413827283,
63c5e90d8e,180,718,5026,50.26,1313.6125696014983,1.6874470435961442,43.86111712139321,13.174969012074884,
63c5e90d8e,180,719,5033,50.33,1301.1507856081184,1.230362539339952,41.651436194313376,11.016856609547323,
63c5e90d8e,180,720,5040,50.4,1295.0622753087307,0.7865030953583165,41.32351078721244,6.616478197833829,
63c5e90d8e,180,721,5047,50.47,1292.8319079423159,1.3037541708683018,41.68406410319948,12.684307184323215,
63c5e90d8e,180,722,5054,50.54,1286.4124202905662,1.3025885854965455,41.174971212931204,5.639485964793893,
63c5e90d8e,180,723,5061,50.61,1286.2120370755467,0.8200667946443835,40.78816119584064,4.197351114825631,
63c5e90d8e,180,724,5068,50.68,1283.023492080082,0.8998614047162289,39.80580811792658,4.443419565788262,
63c5e90d8e,180,725,5075,50.75,1281.6936902579712,0.3851466925519279,40.76527930089252,3.2269280644824065,
63c5e90d8e,180,726,5082,50.82,1280.9974129780603,0.6946332323388116,40.99870250915109,6.6953225285713325,
63c5e90d8e,180,727,5089,50.89,1279.5215717196666,0.9458464526893936,43.12139130834118,2.7649630542870005,
63c5e90d8e,180,728,5096,50.96,1279.2452059436787,0.7255930741591502,41.570584456565584,5.299619914783989,
63c5e90d8e,180,729,5103,51.03,1276.569604727972,0.8194655199348162,42.681627110418354,7.24383208010309,
63c5e90d8e,180,730,5110,51.1,1274.542062557325,1.0091932510633015,42.64027100683378,9.203214199601785,
63c5e90d8e,180,731,5117,51.17,1270.1992379858684,0.6863403926670879,41.95661368456996,5.62071095248068,
63c5e90d8e,180,732,5124,51.24,1268.4712253062773,1.0916016082112678,40.74710022380289,10.522871644390165,
63c5e90d8e,180,733,5131,51.31,1264.292803042485,0.8215221024535725,38.66660412049234,5.972017118232795,
63c5e90d8e,180,734,5138,51.38,1261.25504229434,0.578009214472343,39.70159533131034,4.072263427809499,
63c5e90d8e,180,735,5145,51.45,1259.8693537431702,1.2699827981141498,39.9348785776951,10.856894822967087,
63c5e90d8e,180,736,5152,51.52,1252.6859714245772,0.46096477388236656,35.96030409146439,3.773730370999737,
63c5e90d8e,180,737,5159,51.59,1251.915371865435,0.8668240173862966,35.96234953810071,8.163897985859505,
63c5e90d8e,180,738,5166,51.66,1248.627304340589,0.6011078027502126,37.50999494358621,4.98634995251236,
63c5e90d8e,180,739,5173,51.73,1246.916871931436,0.8838615312891231,36.68000522823413,8.253466200686256,
63c5e90d8e,180,740,5180,51.8,1243.2092186533448,0.6921595582512504,36.00900332999217,6.2007134736163465,
63c5e90d8e,180,741,5187,51.87,1242.086858839043,0.697523328359173,37.353139314493035,6.312436432920416,
63c5e90d8e,180,742,5194,51.94,1240.0168969186425,1.498747976365402,36.37826780961001,7.284728280887235,
63c5e90d8e,180,743,5201,52.01,1239.630134874642,0.994612233501425,37.98392580732534,5.3889372792061,
63c5e90d8e,180,744,5208,52.08,1235.1479776090052,0.6003776271572357,35.50825327141657,5.2484458340008535,
63c5e90d8e,180,745,5215,52.15,1233.369214832996,0.5811260845634634,37.00803986589017,1.4977151331928154,
63c5e90d8e,180,746,5222,52.22,1232.2002123911138,0.7423249535533105,37.839456719926844,7.070413090998092,
63c5e90d8e,180,747,5229,52.29,1230.038694985522,0.8829293107176097,36.227905177330555,5.937224926194046,
63c5e90d8e,180,748,5236,52.36,1227.7156917516415,1.0009767528146025,37.361875943582525,8.329642741718509,
63c5e90d8e,180,749,5243,52.43,1224.5019552833232,1.061263606860834,34.94690691534241,8.32524299272702,
63c5e90d8e,180,750,5250,52.5,1220.376294663432,0.5550318796723879,37.36328908411905,4.500092928669008,
63c5e90d8e,180,751,5257,52.57,1219.1903117094785,1.1059934798889288,35.987383518547574,3.305824975055939,
63c5e90d8e,180,752,5264,52.64,1219.1126976631476,0.8508176603518715,41.29430800424139,3.762941351656405,
63c5e90d8e,180,753,5271,52.71,1216.1349837406553,0.7374263437737858,36.46122417175241,5.311828880638216,
63c5e90d8e,180,754,5278,52.78,1214.5004256143147,1.287019445242031,35.96783901350354,5.589724534722405,
63c5e90d8e,180,755,5285,52.85,1213.7570262842871,0.8114060362852219,37.8169866805823,5.676676202585989,
63c5e90d8e,180,756,5292,52.92,1211.2259618045734,0.6000635308624558,35.782643524719376,5.5806094865263365,
63c5e90d8e,180,757,5299,52.99,1209.477117799122,0.3044613388222306,35.057464782247706,2.780398422329996,
63c5e90d8e,180,758,5306,53.06,1209.087180790162,0.656392412439723,34.84593905014288,4.438992066011491,
63c5e90d8e,180,759,5313,53.13,1207.022062320683,0.4375611037804799,35.38144792595946,2.647720907902734,
63c5e90d8e,180,760,5320,53.2,1206.1377308415363,0.8364266200859495,35.48616224692928,7.802079473634736,
63c5e90d8e,180,761,5327,53.27,1202.8000178542165,1.0379561201679515,34.93610410507897,9.405907624305952,
63c5e90d8e,180,762,5334,53.34,1198.9920778696555,0.7887093475221882,37.28117464497289,6.9786496170498795,
63c5e90d8e,180,763,5341,53.41,1196.9951750342937,0.6939156572451336,33.756816951084375,6.690341519001459,
63c5e90d8e,180,764,5348,53.48,1195.29094500065,0.6150205581981708,34.10448655283043,5.587729535340105,
63c5e90d8e,180,765,5355,53.55,1194.2809917622114,0.9567434898143832,34.842784938395475,9.216176836690384,
63c5e90d8e,180,766,5362,53.62,1190.5302740763052,1.351798692984255,31.631925040684038,6.43951173464662,
63c5e90d8e,180,767,5369,53.69,1189.724445599051,1.2117788347420106,33.82311534536236,11.07744895736659,
63c5e90d8e,180,768,5376,53.76,1183.5711267850309,0.7979205273249388,32.89917909116324,7.118029962444664,
63c5e90d8e,180,769,5383,53.83,1181.0500545610562,0.7793992551207783,33.86636105258548,7.079588697360555,
63c5e90d8e,180,770,5390,53.9,1179.1800788308383,0.5804001658587963,33.8434064494702,4.768851524824464,
63c5e90d8e,180,771,5397,53.97,1177.7308834866824,0.6737490817455132,33.43948341284695,4.699851096540994,
63c5e90d8e,180,772,5404,54.04,1176.0929358832527,0.5915914800933899,35.70195283919072,5.600571477709154,
63c5e90d8e,180,773,5411,54.11,1175.135932802745,0.6861435111922326,35.16408101163803,5.673271429242009,
63c5e90d8e,180,774,5418,54.18,1173.6419857592227,0.9894634721442226,35.99759673007672,8.864592727773573,
63c5e90d8e,180,775,5425,54.25,1170.6157467700968,0.45367179100966765,34.248355635544,1.8833167250394878,
63c5e90d8e,180,776,5432,54.32,1170.0963028972326,0.8640694687406881,33.82024923583719,4.145889545359312,
63c5e90d8e,180,777,5439,54.39,1167.5733653222262,0.47624094632801683,34.974173000662304,1.8289368956090117,
63c5e90d8e,180,778,5446,54.46,1166.7656126259064,0.5201559360526598,33.740157059070974,4.154184924213431,
63c5e90d8e,180,779,5453,54.53,1165.9483075787307,0.8174213554754183,33.81299764099972,8.040856265982175,
63c5e90d8e,180,780,5460,54.6,1162.56354112415,0.46137060525373785,33.30603265034515,4.249761545139101,
63c5e90d8e,180,781,5467,54.67,1161.9350475378164,0.7550895520519834,34.49622915867991,6.098153889517688,
63c5e90d8e,180,782,5474,54.74,1159.7564270458329,0.9366194653034355,34.68592128095799,8.061357397945509,
63c5e90d8e,180,783,5481,54.81,1157.7535884579636,0.7406845542570561,36.11243163260737,4.2690285342211025,
63c5e90d8e,180,784,5488,54.88,1155.9755401713053,0.9855892823621712,33.96854022412439,5.204971354962436,
63c5e90d8e,180,785,5495,54.95,1151.4057510741293,1.0960127707696083,33.43328472000453,5.503832491586768,
63c5e90d8e,180,786,5502,55.02,1151.0122539338818,0.866678993541084,36.374317016544936,7.695842846726952,
63c5e90d8e,180,787,5509,55.09,1147.860039864941,0.5331723924116205,35.549860876379526,4.7227130244457864,
63c5e90d8e,180,788,5516,55.16,1146.9787304869303,0.8042803927019454,35.531813937767296,4.084917198813236,
63c5e90d8e,180,789,5523,55.23,1144.7668313661848,1.189277009878841,34.72263836403157,10.609603100422124,
63c5e90d8e,180,790,5530,55.3,1140.9534712096327,0.6805352588101549,35.696596001046515,2.5486425568347992,
63c5e90d8e,180,791,5537,55.37,1139.494083774832,0.6078726134992858,34.43648534815641,4.762693510304279,
63c5e90d8e,180,792,5544,55.44,1137.8644020644917,0.6329019175253635,35.379019141539416,4.773828419574738,
63c5e90d8e,180,793,5551,55.51,1136.0437461163915,0.39365392592189163,36.07999243952987,3.7031987898040746,
63c5e90d8e,180,794,5558,55.58,1135.2573485645673,0.7610931917984527,35.94907323142863,7.6047076709702015,
63c5e90d8e,180,795,5565,55.65,1133.2340627018689,0.9418119824092083,35.49116546489632,8.905642434859624,
63c5e90d8e,180,796,5572,55.72,1129.75421060858,0.6480332662888807,33.95521369275598,3.627737766587718,
63c5e90d8e,180,797,5579,55.79,1127.762440415611,0.6682504920025948,33.292600889158145,6.116509855465633,
63c5e90d8e,180,798,5586,55.86,1126.2385132600439,0.9481692028729152,33.22937929516685,8.72626913224935,
63c5e90d8e,180,799,5593,55.93,1123.076655579095,0.5555774479274356,32.52983213774038,4.0979161712292,
63c5e90d8e,180,800,5600,56.0,1122.6011621225273,0.550781912180066,33.35671601553267,3.2162011140922617,
63c5e90d8e,180,801,5607,56.07,1121.8021965157645,0.6861974021357116,33.35125707742527,5.071383829307962,
63c5e90d8e,180,802,5614,56.14,1120.3910069950514,0.5841019887942219,34.60218574050749,1.3343012420115554,
63c5e90d8e,180,803,5621,56.21,1119.318257375892,0.45813117502675643,34.49501608302519,3.752758285707612,
63c5e90d8e,180,804,5628,56.28,1118.6780437755674,0.7567826377056637,34.76473697925795,7.130939130278033,
63c5e90d8e,180,805,5635,56.35,1116.9031165827666,0.8048433152470251,35.50256745207035,6.731114982421991,
63c5e90d8e,180,806,5642,56.42,1114.7915331522568,0.7185649045365492,33.93589710642258,5.179550977872066,
63c5e90d8e,180,807,5649,56.49,1112.8075109884128,0.47903085224118924,33.677198579123896,1.0557125770485034,
63c5e90d8e,180,808,5656,56.56,1111.832870855227,1.0124387240642174,33.14020787594066,6.697554529710057,
63c5e90d8e,180,809,5663,56.63,1106.8740292859957,0.38507734860087467,32.69357234005847,3.8791920620248836,
63c5e90d8e,180,810,5670,56.7,1106.1888568134013,0.6763321619828034,32.685880596127944,6.60598246242268,
63c5e90d8e,180,811,5677,56.77,1104.3664320830248,0.4443926136038535,33.909510051492255,3.9143974934709655,
63c5e90d8e,180,812,5684,56.84,1103.4509719603227,0.6045923416796452,34.19688230644928,5.913044510237389,
63c5e90d8e,180,813,5691,56.91,1101.8682622096012,0.5265389902491935,34.63789397431304,4.369703749771385,
63c5e90d8e,180,814,5698,56.98,1101.3728125390935,0.5675301294221472,36.71250959073577,4.18969768649211,
63c5e90d8e,180,815,5705,57.05,1099.9593166595316,1.0263532495199492,35.78852720970337,9.325346285193886,
63c5e90d8e,180,816,5712,57.12,1097.1225331616015,1.0686707265562876,38.38489600949306,8.920934149890504,
63c5e90d8e,180,817,5719,57.19,1094.4964724175938,1.4811519329842653,34.52018631838669,5.611078671167856,
63c5e90d8e,180,818,5726,57.26,1084.3841324800383,0.774782825468515,36.525240256842785,6.484010072380677,
63c5e90d8e,180,819,5733,57.33,1081.8208597646476,0.7823610231161087,35.73860328663838,3.1022952907182972,
63c5e90d8e,180,820,5740,57.4,1081.803565254619,0.750802119019341,37.87574528236824,5.644930491719995,
63c5e90d8e,180,821,5747,57.47,1078.9726573178064,0.6102342868954173,37.31223545080065,5.3444137151570335,
63c5e90d8e,180,822,5754,57.54,1077.2083843710352,0.8286276490173567,37.74002132687683,8.269389469641887,
63c5e90d8e,180,823,5761,57.61,1074.8988984946373,1.0149035843039016,37.13095830772493,9.75512694970191,
63c5e90d8e,180,824,5768,57.68,1071.1503989441137,0.613413194222738,37.49454510638466,4.594567446253932,
63c5e90d8e,180,825,5775,57.75,1070.414918992101,1.0271441435877557,37.27024824182383,4.761135099275146,
63c5e90d8e,180,826,5782,57.82,1067.609898031781,0.9608133893518777,37.83390137127807,7.53340138808572,
63c5e90d8e,180,827,5789,57.89,1064.6961525220427,0.7348062777083805,35.656396835840845,6.648508238603762,
63c5e90d8e,180,828,5796,57.96,1063.0862128052966,0.8612904209229807,36.95130560425837,4.710586974700145,
63c5e90d8e,180,829,5803,58.03,1059.8636521456217,0.6451790506997683,35.85065468155254,2.740820203645643,
63c5e90d8e,180,830,5810,58.1,1058.3788497954304,0.7245674544875955,36.92923317626012,5.759383046854477,
63c5e90d8e,180,831,5817,58.17,1056.029928101024,2.3285214095905626,34.40413218235012,10.746213294705447,
63c5e90d8e,180,832,5824,58.24,1055.169697170607,1.3972908955362413,45.64679398666781,4.792593440678515,
63c5e90d8e,180,833,5831,58.31,1046.8617139724229,1.269459090412927,37.81130149168552,6.341233873263689,
63c5e90d8e,180,834,5838,58.38,1042.0393306204162,1.0011104665108341,39.13745826718738,6.326499638182982,
63c5e90d8e,180,835,5845,58.45,1037.5218320160918,0.5831357702406953,34.57933561626292,3.991323224955541,
63c5e90d8e,180,836,5852,58.52,1036.2311849324058,0.9046812889409783,35.86464683732209,8.479681419903793,
63c5e90d8e,180,837,5859,58.59,1033.9263501007033,0.7920146832550035,35.59916871441529,5.896448393912815,
63c5e90d8e,180,838,5866,58.66,1032.1191968771527,0.6929057425110662,34.05940256735862,5.091614551230747,
63c5e90d8e,180,839,5873,58.73,1030.2526251917147,0.857873452977516,34.84817324913079,7.271006744029247,
63c5e90d8e,180,840,5880,58.8,1027.8919929854726,0.6956986082316619,36.8581057942928,5.982346520857065,
63c5e90d8e,180,841,5887,58.87,1026.0705896624381,1.0659796832904123,35.57101344941385,9.797303647417026,
63c5e90d8e,180,842,5894,58.94,1021.2278896969303,1.2342292065165685,34.93477862831754,4.8081613517480015,
63c5e90d8e,180,843,5901,59.01,1021.0340352891244,0.7247774481456984,35.76408479452368,4.4308838640284405,
63c5e90d8e,180,844,5908,59.08,1018.5785473509005,0.8820948041392965,33.171620654287544,8.604746390418766,
63c5e90d8e,180,845,5915,59.15,1015.0082974202121,0.7288374364655953,35.43728175259056,5.547882295443904,
63c5e90d8e,180,846,5922,59.22,1012.8848279199692,0.5860435415328279,34.77464547275444,5.759315404941969,
63c5e90d8e,180,847,5929,59.29,1011.7695323258948,0.5722745406518831,34.42394935670598,1.5211804403396516,
63c5e90d8e,180,848,5936,59.36,1010.2947964138363,0.9743583703928028,34.36801502553155,9.690564634533553,
63c5e90d8e,180,849,5943,59.43,1006.0165306191249,0.42349264397056446,34.67412467560468,3.592038342314968,
63c5e90d8e,180,850,5950,59.5,1005.3288349263846,0.7446829219401737,33.53769426359311,1.1652430053485139,
63c5e90d8e,180,851,5957,59.57,1002.7637464856996,0.4645365358291263,34.00688847100051,1.8837827495134567,
63c5e90d8e,180,852,5964,59.64,1002.6362455641428,0.9682493303717393,33.91212081142248,3.0362684053908753,
63c5e90d8e,180,853,5971,59.71,999.1855847136268,0.6847483463763633,35.90724701071888,4.267593340518125,
63c5e90d8e,180,854,5978,59.78,997.6083379581698,0.8404043526264555,33.28533223417821,7.739092933571511,
63c5e90d8e,180,855,5985,59.85,994.0767894419798,0.4228951854282088,33.061314526792344,3.4709509533606058,
63c5e90d8e,180,856,5992,59.92,993.2871437216179,0.534822687617103,31.7195691707963,4.912662646259239,
63c5e90d8e,180,857,5999,59.99,992.0445068705986,0.6229448315841776,31.427890623549803,3.6706317685038568,
63c5e90d8e,180,858,6006,60.06,990.1596484418898,0.47634747591646937,33.053345732553794,4.2723399791688275,
63c5e90d8e,180,859,6013,60.13,989.4321690539797,0.5416428001164295,32.46972946452199,1.7207197764733864,
63c5e90d8e,180,860,6020,60.2,989.4159552982065,0.9706331468059183,33.674018646308376,9.04623747750239,
63c5e90d8e,180,861,6027,60.27,985.2758890803486,0.4088287053714666,33.23098025855306,3.2158012415783093,
63c5e90d8e,180,862,6034,60.34,984.784717912207,0.3445410118694829,31.804674723764354,2.013223450575617,
63c5e90d8e,180,863,6041,60.41,984.2558989700283,0.3965200874543797,32.7625648311544,3.933288043518159,
63c5e90d8e,180,864,6048,60.48,983.6949977290298,0.8798993200948323,31.9876790575629,8.776917396260131,
63c5e90d8e,180,865,6055,60.55,980.8160399293247,0.7788876968833229,33.81128406237066,5.902012372625177,
63c5e90d8e,180,866,6062,60.62,977.9822189302811,0.4394371784346355,32.23813212573535,3.8285682421577154,
63c5e90d8e,180,867,6069,60.69,977.174418517676,0.5724400953262859,33.27002114721269,5.382548862733011,
63c5e90d8e,180,868,6076,60.76,976.266478505643,0.8380813226766509,32.364767205861675,8.043799564021597,
63c5e90d8e,180,869,6083,60.83,972.855100611043,0.5089067552875525,30.346026716655608,5.028789995507221,
63c5e90d8e,180,870,6090,60.9,971.8320687387726,0.3132830430077993,31.429554229810424,3.051257481321201,
63c5e90d8e,180,871,6097,60.97,971.6070904872352,0.5198425551204024,30.714043168032937,3.8289697643638876,
63c5e90d8e,180,872,6104,61.04,970.6600557863543,1.3480080278245867,31.43500128204346,6.300905123632888,
63c5e90d8e,180,873,6111,61.11,970.4207445092883,0.8363838846719651,37.570695503669896,3.610136821733767,
63c5e90d8e,180,874,6118,61.18,968.0485420781282,0.36546237296570494,33.81637457788917,0.9751922106863884,
63c5e90d8e,180,875,6125,61.25,967.526148097634,0.7692543903015637,33.30918367778631,3.7325789421422906,
63c5e90d8e,180,876,6132,61.32,967.4036071851182,0.8691174336856853,33.9942150655219,7.280489947767515,
63c5e90d8e,180,877,6139,61.39,964.9181739834931,0.5858507858489823,32.3745237179874,5.137291669709715,
63c5e90d8e,180,878,6146,61.46,963.6320028693696,0.7305067153213165,31.323251358493632,4.130953612369801,
63c5e90d8e,180,879,6153,61.53,960.9159719408359,0.6678907957798145,32.10372373367267,5.533108267509585,
63c5e90d8e,180,880,6160,61.6,959.4159129745262,0.376975453434009,32.80476208967612,2.4242384403801283,
63c5e90d8e,180,881,6167,61.67,958.8040698543103,0.5426820237563705,32.24755207715183,3.372663708337927,
63c5e90d8e,180,882,6174,61.74,957.7042917948197,0.9937830608049486,31.614289358197126,9.411824653196136,
63c5e90d8e,180,883,6181,61.81,953.3013325110412,0.5844652391785321,32.16994989014802,2.1958595597073725,
63c5e90d8e,180,884,6188,61.88,952.0921792300205,0.4344810261497403,29.357622360410485,3.4443524371699654,
63c5e90d8e,180,885,6195,61.95,951.3918798851255,1.8010082492305222,29.460439390142454,8.886658643382102,
63c5e90d8e,180,886,6202,62.02,951.2080318860251,0.963928666263908,34.50615060235328,2.1368878757868917,
63c5e90d8e,180,887,6209,62.09,947.0808201464262,0.8917355684731623,30.217056896075032,3.804244050083667,
63c5e90d8e,180,888,6216,62.16,946.8842020152675,0.6014450121626839,30.711303875208937,4.45592426573208,
63c5e90d8e,180,889,6223,62.23,945.2204837437614,1.0925989235585283,29.410740964583624,6.7552031594026065,
63c5e90d8e,180,890,6230,62.3,939.8967481288273,1.1174273340489447,32.58329629172017,3.9976118905996216,
63c5e90d8e,180,891,6237,62.37,939.6337686864193,1.1449941937270158,29.56799481171906,9.424079898371982,
63c5e90d8e,180,892,6244,62.44,934.0021819194886,1.4141097488150713,32.50508150209733,3.1697226796103086,
63c5e90d8e,180,893,6251,62.51,933.2472027911549,0.9189865208450165,34.26283547561227,7.701499119863733,
63c5e90d8e,180,894,6258,62.58,930.0614603668033,1.9028778978310075,32.46437983438123,7.977668639562512,
63c5e90d8e,180,895,6265,62.65,927.0022715552287,1.0183423394842228,31.338504527881437,8.741065663690136,
63c5e90d8e,180,896,6272,62.72,922.7763089840581,0.6206656057097044,30.208010845124676,5.487852304674144,
63c5e90d8e,180,897,6279,62.79,921.3848341333062,0.28826843145437964,29.402247393681805,1.7452862130046911,
63c5e90d8e,180,898,6286,62.86,921.0737828901187,0.6004306428607912,29.350123011171934,4.629701709105753,
63c5e90d8e,180,899,6293,62.93,919.6616091938623,0.5500365410134823,30.007065395008887,5.164089002972918,
63c5e90d8e,180,900,6300,63.0,918.363744071285,0.886513975096868,29.69300693959514,8.94628552235157,
63c5e90d8e,180,901,6307,63.07,915.3613110276148,1.5012242082983176,30.383292736849143,6.775394108106751,
63c5e90d8e,180,902,6314,63.14,914.9082809637184,0.8258778552458794,31.719263910149433,4.217771796720225,
63c5e90d8e,180,903,6321,63.21,911.6250804577733,0.639073466661545,28.72591175780937,5.745443462927344,
63c5e90d8e,180,904,6328,63.28,909.5663929330935,0.23336011533334067,27.883878988790343,0.3608439910523786,
63c5e90d8e,180,905,6335,63.35,909.3466233888375,0.8009259570383841,27.915183903808582,7.852899881553046,
63c5e90d8e,180,906,6342,63.42,906.4174101965842,0.26065103550665825,27.54043790830743,2.242599964473126,
63c5e90d8e,180,907,6349,63.49,906.0782396363678,0.9506704226351093,27.468005293018944,8.156795470904463,
63c5e90d8e,180,908,6356,63.56,902.112511274228,0.5469650071944062,29.066968294831575,5.536317023024851,
63c5e90d8e,180,909,6363,63.63,901.152808269514,0.9264292751430507,27.75993860854594,6.296781667868561,
63c5e90d8e,180,910,6370,63.7,896.9550335969269,0.4685922572827931,29.51283073717011,3.1917642848901977,
63c5e90d8e,180,911,6377,63.77,896.1743029759286,0.441126753649469,29.387925691497852,3.4915655906430696,
63c5e90d8e,180,912,6384,63.84,895.4888249113354,0.45894903691833816,29.022389338448946,4.417349051171369,
63c5e90d8e,180,913,6391,63.91,894.5478885012996,0.5259021488763768,29.13345341357705,5.263614723984697,
63c5e90d8e,180,914,6398,63.98,893.2495466540712,1.0620543252476486,29.547710801897566,4.879755347758447,
63c5e90d8e,180,915,6405,64.05,893.0853960972541,0.8969349477498137,30.88593324459012,5.7681922666526,
63c5e90d8e,180,916,6412,64.12,891.0000629226248,0.5588043475553774,31.77411318134401,3.1705179456346455,
63c5e90d8e,180,917,6419,64.19,890.2852370864991,0.7118616461472388,30.24905906962372,6.128155435143912,
63c5e90d8e,180,918,6426,64.26,888.0422723542531,0.4316783930587395,30.536844626327756,4.182181123111626,
63c5e90d8e,180,919,6433,64.33,887.3660805750374,0.9658807703173512,30.26469692374011,8.162723388244963,
63c5e90d8e,180,920,6440,64.4,883.160102851999,0.6763808655667827,30.446256768283135,5.276485245509811,
63c5e90d8e,180,921,6447,64.47,882.2614773186125,0.6656601737884318,30.62164930017321,5.340649039700132,
63c5e90d8e,180,922,6454,64.54,880.9214397204873,0.6907750060133796,30.429236015945907,1.7585112576015016,
63c5e90d8e,180,923,6461,64.61,879.6864782662292,0.6735538874068835,30.923800386404523,5.378450466970591,
63c5e90d8e,180,924,6468,64.68,877.8726527617871,0.5945898465572673,31.611145371043484,3.9122399508438743,
63c5e90d8e,180,925,6475,64.75,876.4356580290932,0.3060117674073649,30.739708517315,1.4679222920944262,
63c5e90d8e,180,926,6482,64.82,876.0460206590958,0.8875462742225065,31.735213035334926,8.64991439629105,
63c5e90d8e,180,927,6489,64.89,872.911764732449,1.1706697078635253,30.80446326097226,5.312184026224691,
63c5e90d8e,180,928,6496,64.96,872.183785665886,1.0323490225275218,30.787576638863424,2.3644809338971196,
63c5e90d8e,180,929,6503,65.03,867.5601187296367,1.2908066818344812,29.816163688629878,6.434554141700991,
63c5e90d8e,180,930,6510,65.1,866.6060894600656,1.0756442120906717,31.428369590192364,9.460608482047292,
63c5e90d8e,180,931,6517,65.17,862.0964123038729,0.9040979225862261,32.20764529167592,3.6141373709890154,
63c5e90d8e,180,932,6524,65.24,862.0697321696613,1.4681905089211995,29.79026947132502,5.416547094703274,
63c5e90d8e,180,933,6531,65.31,861.7734618284472,1.138626686135178,35.659173164092984,7.786456700572507,
63c5e90d8e,180,934,6538,65.38,856.9253746634964,0.7817049559000533,32.164697040928154,7.222366579928896,
63c5e90d8e,180,935,6545,65.45,854.4978875186181,0.6991529346543035,33.98711971208883,6.59299305645027,
63c5e90d8e,180,936,6552,65.52,852.6064153674738,0.5257576353753958,32.560826742454516,3.2344200584080083,
63c5e90d8e,180,937,6559,65.59,851.9500323036975,0.7140128927286538,33.11870139511152,3.1687188531812667,
63c5e90d8e,180,938,6566,65.66,850.5474382707121,0.8165863576004737,30.70479960163477,5.821416040095791,
63c5e90d8e,180,939,6573,65.73,847.9871649609037,0.551029925202299,31.60157858079696,2.9841108616433827,
63c5e90d8e,180,940,6580,65.8,846.8804101208772,0.6924236277143941,30.86153139041276,3.6642570807347354,
63c5e90d8e,180,941,6587,65.87,844.731844465696,0.39140184773094644,30.564274706184094,3.2693983013149763,
63c5e90d8e,180,942,6594,65.94,844.252792763411,0.7914908410192513,30.39025507567176,7.724117952522542,
63c5e90d8e,180,943,6601,66.01,841.9896725315455,0.47750315348568606,32.23579570367932,3.4671877310083277,
63c5e90d8e,180,944,6608,66.08,841.3391493221523,0.9238976925355381,30.40375154379563,6.659241233404929,
63c5e90d8e,180,945,6615,66.15,837.3809982122934,1.4101262093105984,30.251051219122328,6.287405212769984,
63c5e90d8e,180,946,6622,66.22,837.1273234405982,0.778005608354124,34.256487576750466,2.2138065717685236,
63c5e90d8e,180,947,6629,66.29,834.8721535122758,0.6463403092344087,31.231849240565598,5.796650804852176,
63c5e90d8e,180,948,6636,66.36,833.1437895757919,0.5607152206854659,30.50163339206315,3.0654868684085312,
63c5e90d8e,180,949,6643,66.43,831.716791371504,0.6247713563077932,30.429574405443365,5.128654688263849,
63c5e90d8e,180,950,6650,66.5,829.933074123953,2.0257369952005457,31.363336861265005,10.094332459117256,
63c5e90d8e,180,951,6657,66.57,828.498812604068,1.1762730248065092,36.234081320666526,6.324375088302054,
63c5e90d8e,180,952,6664,66.64,823.8321255977244,0.8671787365754711,32.34818981018318,7.477796411809347,
63c5e90d8e,180,953,6671,66.71,820.3129509279095,0.6636585208872514,32.05540753343551,6.014262672665871,
63c5e90d8e,180,954,6678,66.78,818.5187297623416,0.7532437921513159,31.97162222258288,7.13470446637202,
63c5e90d8e,180,955,6685,66.85,815.756132314418,0.7593229481024306,32.298897229711216,7.116868498770748,
63c5e90d8e,180,956,6692,66.92,812.8727323062004,1.145686149265127,31.317468805352966,5.283265211883177,
63c5e90d8e,180,957,6699,66.99,811.3344393168101,0.4364734091518539,32.96698430348754,2.445568134842826,
63c5e90d8e,180,958,6706,67.06,810.5414761785624,0.7574949208571701,32.20871013008791,6.684547851297711,
63c5e90d8e,180,959,6713,67.13,808.3113428512995,0.5116989181005015,31.570762666261885,4.232319307449114,
63c5e90d8e,180,960,6720,67.2,807.4329592914664,0.8252941657650802,31.882926942393294,7.2939075863652745,
63c5e90d8e,180,961,6727,67.27,804.1634874921306,0.6081193994177803,30.307786195413062,5.683282169144211,
63c5e90d8e,180,962,6734,67.34,802.3899793887707,1.3184660900780636,30.24701702150415,5.732603959312112,
63c5e90d8e,180,963,6741,67.41,802.0115389768697,0.8263087894237248,33.80150790159325,4.087642516459518,
63c5e90d8e,180,964,6748,67.48,799.9975014094731,0.9883509831445231,31.333935210959606,6.523546190225208,
63c5e90d8e,180,965,6755,67.55,796.9162028894634,0.6614014313745046,31.304245504532325,4.502401157588519,
63c5e90d8e,180,966,6762,67.62,795.2917515293932,0.7059942039841574,30.15853227700026,6.251262832574464,
63c5e90d8e,180,967,6769,67.69,793.3635933989291,0.3497428067729513,29.078033923555765,2.8208676721290105,
63c5e90d8e,180,968,6776,67.76,792.7857322788371,0.7556494867623074,29.025801149177827,6.096653289139937,
63c5e90d8e,180,969,6783,67.83,790.6470444142655,0.3674578017755886,29.784044430031347,2.3270504491415966,
63c5e90d8e,180,970,6790,67.9,790.1829932406422,0.22716813692172463,28.588891090539295,1.8356697644158209,
63c5e90d8e,180,971,6797,67.97,790.0079117356768,0.7441253178873378,28.78658676544428,6.910863213314381,
63c5e90d8e,180,972,6804,68.04,787.2239566739919,0.7603963189534547,28.723989878937125,7.25469523150759,
63c5e90d8e,180,973,6811,68.11,784.6881999918778,0.6506560423309518,27.08583010170988,3.8549805605275425,
63c5e90d8e,180,974,6818,68.18,783.9324728768863,0.7629053697660906,28.282446678930857,5.656129800774561,
63c5e90d8e,180,975,6825,68.25,782.4051576856986,0.8280748479055136,26.74286449625185,5.171700810160803,
63c5e90d8e,180,976,6832,68.32,779.5634292354538,1.7964387808768794,27.971486415578028,7.726248502614765,
63c5e90d8e,180,977,6839,68.39,778.9028802451467,1.3297598635241725,32.00444526601786,5.932299453938597,
63c5e90d8e,180,978,6846,68.46,776.8972998697062,1.170782883648682,31.046554033156337,5.007032185012721,
63c5e90d8e,180,979,6853,68.53,774.5753420427303,1.108584433153853,29.32892179826242,3.3052952934456084,
63c5e90d8e,180,980,6860,68.6,771.8262564135662,0.7321800287473809,29.42766014306469,1.5537373981956963,
63c5e90d8e,180,981,6867,68.67,771.248706593713,0.7307269529587682,28.43410877645787,3.8551337421997003,
63c5e90d8e,180,982,6874,68.74,770.2673731267473,0.3119355304900816,28.18621754055188,3.9186345436146643,
63c5e90d8e,180,983,6881,68.81,769.2639173533873,0.32511331044181613,27.12102974570677,2.9869651225425113,
63c5e90d8e,180,984,6888,68.88,768.7429411493334,0.5448338343146478,27.179724128003652,5.20793966753171,
63c5e90d8e,180,985,6895,68.95,767.9859988211017,0.580409500223244,26.970966171223846,4.639769062104389,
63c5e90d8e,180,986,6902,69.02,766.7689255642335,0.5720834500289075,27.222921763411893,4.31084287808833,
63c5e90d8e,180,987,6909,69.09,765.4497594436688,1.4246638857224354,27.996514007148175,5.208209061225785,
63c5e90d8e,180,988,6916,69.16,763.9019696108965,0.7513109363962965,29.63934172675556,4.9880497061749125,
63c5e90d8e,180,989,6923,69.23,761.8723933843333,0.32341321518730903,27.996039421756745,2.1366937922117524,
63c5e90d8e,180,990,6930,69.3,761.5754403848143,0.7471538374445277,27.511789347862745,2.9387288086842345,
63c5e90d8e,180,991,6937,69.37,761.2814240201094,1.1757550281201643,28.379233882235663,11.475739715656426,
63c5e90d8e,180,992,6944,69.44,756.810989329189,0.6706963657616927,28.840220845101477,2.961369208368259,
63c5e90d8e,180,993,6951,69.51,755.1850010706581,0.46845888792799806,28.267386555438204,4.139022358647377,
63c5e90d8e,180,994,6958,69.58,754.3263724845297,0.4323284220808773,29.227767712973705,4.172929959317249,
63c5e90d8e,180,995,6965,69.65,753.731307872197,1.450102098675752,29.697231923262766,6.345674454227285,
63c5e90d8e,180,996,6972,69.72,752.7965258359307,0.6828314881921365,30.51625641670035,2.4528292812233468,
63c5e90d8e,180,997,6979,69.79,750.9713801586681,0.3733882798514759,30.408231400834282,0.7940616829517021,
63c5e90d8e,180,998,6986,69.86,750.4085088825956,0.7279081062614478,30.027600511848856,6.846951480285316,
63c5e90d8e,180,999,6993,69.93,747.7799335519106,0.3675152812390518,28.255646279551417,3.6009898960078983,
63c5e90d8e,180,1000,7000,70.0,747.3124178532707,0.7330787332911242,28.664337518029576,7.192870262318056,
63c5e90d8e,180,1001,7007,70.07,745.1627950796587,0.38867273780859224,28.23855745689393,3.502168264763424,
63c5e90d8e,180,1002,7014,70.14,744.5924906817341,0.6711775890831814,27.577563323236756,2.602684801173218,
63c5e90d8e,180,1003,7021,70.21,744.4468552772718,0.6321964922761043,28.156360360480495,5.293012012337583,
63c5e90d8e,180,1004,7028,70.28,743.2605857264205,1.7256688833423135,28.1856060892422,7.309785060770855,
63c5e90d8e,180,1005,7035,70.35,742.8074049319213,1.0868781289364036,35.46089724527301,4.312991126803644,
63c5e90d8e,180,1006,7042,70.42,739.09780530432,0.5381609869520577,31.30252347430573,2.2009604565957948,
63c5e90d8e,180,1007,7049,70.49,738.32779364285,0.3015786417590835,31.338890205223805,1.8344333776000767,
63c5e90d8e,180,1008,7056,70.56,738.0704389577253,0.6161022048942872,31.253018557626895,3.022859227696038,
63c5e90d8e,180,1009,7063,70.63,736.1806705020933,0.8268782845009051,30.256708171511832,7.647394198472944,
63c5e90d8e,180,1010,7070,70.7,733.9127321412448,0.5087023739111874,26.1415249698842,4.464572679227172,
63c5e90d8e,180,1011,7077,70.77,732.8888867394776,0.6016454209802528,27.886167245217997,5.084673127508016,
63c5e90d8e,180,1012,7084,70.84,731.5364849793763,0.6463079137896286,27.44239785166163,5.570672103332062,
63c5e90d8e,180,1013,7091,70.91,729.8440399715424,0.7669817813368951,27.34885642062228,6.6519340453356515,
63c5e90d8e,180,1014,7098,70.98,727.1218389570101,0.5684124128030863,26.123159567998623,3.7979074165838624,
63c5e90d8e,180,1015,7105,71.05,726.3080925045657,0.7006708337876261,25.286712895838345,6.083867588095841,
63c5e90d8e,180,1016,7112,71.12,724.4647633839079,0.46946353416167286,25.857160092296233,2.5657931841902353,
63c5e90d8e,180,1017,7119,71.19,723.9501981376625,0.49839673459786515,24.742280126552203,4.509359998202721,
63c5e90d8e,180,1018,7126,71.26,722.8843680855209,0.3525424436348751,25.606402151102337,2.9856866861002893,
63c5e90d8e,180,1019,7133,71.33,722.3900729257208,0.37375360279201775,24.83055003170033,3.655106198850301,
63c5e90d8e,180,1020,7140,71.4,721.680309868693,0.549025309942218,25.06124859262193,5.266771113638411,
63c5e90d8e,180,1021,7147,71.47,720.5690760133743,0.6445561584100463,24.73911222414021,3.296229846099423,
63c5e90d8e,180,1022,7154,71.54,718.8833636528532,0.6489809959676137,24.800015874627285,5.960310648791089,
63c5e90d8e,180,1023,7161,71.61,717.661842963095,0.56804547095602,24.535401615568144,4.000150661312798,
63c5e90d8e,180,1024,7168,71.68,716.2161130417177,0.3057819013803797,24.035793960281808,2.602801589677317,
63c5e90d8e,180,1025,7175,71.75,715.7721450583496,0.7901213278824345,24.687957803334488,3.2568192701659298,
63c5e90d8e,180,1026,7182,71.82,715.6094540646368,0.5390845394690441,25.539238638081464,3.626811853640607,
63c5e90d8e,180,1027,7189,71.89,714.6275913265762,0.5829423437517267,25.32732283574242,5.144852309907511,
63c5e90d8e,180,1028,7196,71.96,713.0914332717394,1.3161263042324887,26.075899847524948,3.7303850468382636,
63c5e90d8e,180,1029,7203,72.03,712.8675057779366,0.7176413552468376,29.791461401689975,3.791314405419707,
63c5e90d8e,180,1030,7210,72.1,710.4720025988993,0.30245021705408714,26.99854216822877,2.860464302702571,
63c5e90d8e,180,1031,7217,72.17,710.0512227439414,0.3495619491968316,26.410920729587787,2.8362577502984805,
63c5e90d8e,180,1032,7224,72.24,709.5452706030097,0.8799467976495333,25.450620255886044,4.088024352131838,
63c5e90d8e,180,1033,7231,72.31,709.4218746766613,0.8022237013804728,29.602206994093237,5.174643546878772,
63c5e90d8e,180,1034,7238,72.38,706.1936686442656,1.180860696537784,27.583916253006294,1.1960616094739958,
63c5e90d8e,180,1035,7245,72.45,706.1228325016319,0.7212557603031439,28.654950168944723,3.912501614309291,
63c5e90d8e,180,1036,7252,72.52,703.7644840790505,0.5432713343367118,27.736422125337363,5.471789972236005,
63c5e90d8e,180,1037,7259,72.59,702.7558953719418,0.5089774556230882,26.80419116328525,5.06756081499026,
63c5e90d8e,180,1038,7266,72.66,701.5075670822552,0.5397485052165989,25.94357119844741,4.96955298563821,
63c5e90d8e,180,1039,7273,72.73,700.0411717759368,0.8322989840861721,25.126846972839484,3.934171568436134,
63c5e90d8e,180,1040,7280,72.8,699.9156748339792,0.451216196414283,26.43572550901144,1.1746141214392638,
63c5e90d8e,180,1041,7287,72.87,699.0692195000023,0.38500010636023424,24.999714713737582,2.856600289330152,
63c5e90d8e,180,1042,7294,72.94,698.4671878655724,0.4984909879372735,23.91169439141039,5.044509100818964,
63c5e90d8e,180,1043,7301,73.01,697.4792755173161,0.36446755975644574,24.376001676397692,2.8391916870996603,
63c5e90d8e,180,1044,7308,73.08,696.8953454466495,0.532630550509149,24.04676061313053,3.859383925461198,
63c5e90d8e,180,1045,7315,73.15,695.6678547530133,0.2684063959573301,24.381393888949244,1.858342324247628,
63c5e90d8e,180,1046,7322,73.22,695.3162684745768,0.29980195084867467,23.910249513701427,2.4898861300883373,
63c5e90d8e,180,1047,7329,73.29,695.1179356958423,0.6053120439311933,24.30273296382851,5.950008297101984,
63c5e90d8e,180,1048,7336,73.36,693.5527305729834,0.6349560855938988,24.01993542590454,5.912685092427088,
63c5e90d8e,180,1049,7343,73.43,691.9431216042162,1.371599457906008,23.034520622135805,3.367353486299915,
63c5e90d8e,180,1050,7350,73.5,691.2885513894834,0.6901078812953172,27.313197405321528,2.7282099117910352,
63c5e90d8e,180,1051,7357,73.57,689.1904498607205,0.36002833404567675,25.406411879697863,2.7046746123179948,
63c5e90d8e,180,1052,7364,73.64,688.834950222161,0.5786826411346977,24.01185540488341,5.436184896703998,
63c5e90d8e,180,1053,7371,73.71,687.4307013437814,0.8250840289264203,23.695953974024285,7.709809685669323,
63c5e90d8e,180,1054,7378,73.78,684.8401717435924,0.523024011870405,21.912569725518008,3.5307641017210005,
63c5e90d8e,180,1055,7385,73.85,683.5994267042203,0.5542379845088982,21.479836016090193,5.275134806053576,
63c5e90d8e,180,1056,7392,73.92,682.4770383110655,0.329803053941042,22.153131201041898,1.8373027322564734,
63c5e90d8e,180,1057,7399,73.99,682.0705837692847,0.4630958539565439,22.139102780418465,3.7082564153196715,
63c5e90d8e,180,1058,7406,74.06,681.6511172234932,0.6652199481127449,23.41896918427192,5.90843771802856,
63c5e90d8e,180,1059,7413,74.13,679.739069882443,0.6962449460520995,22.46292103489775,7.099982247720762,
63c5e90d8e,180,1060,7420,74.2,678.3078852292114,0.5740268646769777,23.67218684741007,4.851496539674501,
63c5e90d8e,180,1061,7427,74.27,677.3989200754298,0.6215147975421685,23.051962889179325,5.299220422261997,
63c5e90d8e,180,1062,7434,74.34,676.0291485039214,0.5789106938097763,23.15959667910454,3.7423465342465283,
63c5e90d8e,180,1063,7441,74.41,674.6953030968028,0.44692145264673205,23.020067497780285,3.6939277843804423,
63c5e90d8e,180,1064,7448,74.48,673.9990459851255,0.41209876021048253,23.62327727094028,3.187841051939238,
63c5e90d8e,180,1065,7455,74.55,673.2632464781778,0.21738839204208468,22.57138952405765,1.3386745053182962,
63c5e90d8e,180,1066,7462,74.62,673.1658610674657,0.17620261423109412,22.893677253129194,1.2444470096030718,
63c5e90d8e,180,1067,7469,74.69,673.0472075336949,0.6325823978009447,22.680208445456895,3.903995312577836,
63c5e90d8e,180,1068,7476,74.76,671.987554032565,0.5689531778394544,22.81968614737466,3.604548166994404,
63c5e90d8e,180,1069,7483,74.83,670.358011228831,0.4730967157797118,21.43350508002257,4.113837368675181,
63c5e90d8e,180,1070,7490,74.9,669.2441469256538,0.3097467106937362,22.168685938856544,2.5276471023966787,
63c5e90d8e,180,1071,7497,74.97,668.891608444714,0.54032104858689,22.17042222774881,4.524701602063575,
63c5e90d8e,180,1072,7504,75.04,667.9452395179464,0.4569231247716324,22.93355710731355,3.87225457871508,
63c5e90d8e,180,1073,7511,75.11,667.0317512175137,0.5321586020994257,22.09272323049316,4.905713093921687,
63c5e90d8e,180,1074,7518,75.18,665.8121323345586,0.49566565687090486,22.11407425643151,3.7933575024487385,
63c5e90d8e,180,1075,7525,75.25,664.6777314690595,0.3960027624448453,22.71660309762645,3.166496045210674,
63c5e90d8e,180,1076,7532,75.32,663.9872479374151,0.3242794493149684,22.377714995197493,3.0238285562730582,
63c5e90d8e,180,1077,7539,75.39,663.5632279457492,0.6991189376319443,22.74149884623628,6.962874295687024,
63c5e90d8e,180,1078,7546,75.46,661.9141771156378,0.6814064010664259,23.691845698815793,5.756779239597576,
63c5e90d8e,180,1079,7553,75.53,659.6028665060974,0.3894453704933843,22.251921241301947,3.5999575385354166,
63c5e90d8e,180,1080,7560,75.6,658.8185822517557,0.43253061132139137,21.678125990965775,3.236197009414174,
63c5e90d8e,180,1081,7567,75.67,657.9134689749137,1.3545998973201343,21.56560494986121,5.280769560002326,
63c5e90d8e,180,1082,7574,75.74,657.429308611185,0.8266181211467822,27.34777636143114,6.346966172405655,
63c5e90d8e,180,1083,7581,75.81,655.5675587968162,0.6812752393394724,24.117184901008102,5.409783679023327,
63c5e90d8e,180,1084,7588,75.88,654.6579980733528,0.6628851239271422,24.597726314983305,4.924843415555479,
63c5e90d8e,180,1085,7595,75.95,653.2321965854411,0.765918827019004,22.462892378343383,6.554339629563457,
63c5e90d8e,180,1086,7602,76.02,651.2279367218599,0.5179306476266824,23.582764333337355,2.687638922036853,
63c5e90d8e,180,1087,7609,76.09,650.4202185736233,0.36545157838964343,22.96631844897798,2.913943416350188,
63c5e90d8e,180,1088,7616,76.16,649.883685086486,0.37088442849645986,23.35669886470411,3.483301665841958,
63c5e90d8e,180,1089,7623,76.23,649.2460643618666,0.2048069969253989,22.34303927460099,1.7596857329328957,
63c5e90d8e,180,1090,7630,76.3,649.0453830441519,1.0840033378242886,22.680549004249098,3.9987165819920256,
63c5e90d8e,180,1091,7637,76.37,648.8600564796951,0.5950157079325056,23.856273593873738,1.8581061621091168,
63c5e90d8e,180,1092,7644,76.44,647.2607866396321,0.2466790890259746,21.81370970252134,2.379826761750319,
63c5e90d8e,180,1093,7651,76.51,647.0040609856925,0.3448492349052216,21.200142947293244,3.3048027167208986,
63c5e90d8e,180,1094,7658,76.58,646.4796894248476,0.4871110637365064,21.141331987470572,4.004907502305257,
63c5e90d8e,180,1095,7665,76.65,645.5235963689313,0.2810846698669264,20.72705031188071,2.5161913257209267,
63c5e90d8e,180,1096,7672,76.72,645.1856609749533,0.6172680984440116,21.3205830913483,6.2554083233708,
63c5e90d8e,180,1097,7679,76.79,643.2802739864858,0.4415900670567352,21.490707744929054,3.3426830211747984,
63c5e90d8e,180,1098,7686,76.86,642.5433214230458,0.28881313126654934,21.995883937637323,2.0401063956549867,
63c5e90d8e,180,1099,7693,76.93,642.1445658914562,0.4363816475368,21.92904122553501,4.32041830015226,
63c5e90d8e,180,1100,7700,77.0,641.4529620886085,1.3916484366433046,22.06593745066799,6.7860747050262304,
63c5e90d8e,180,1101,7707,77.07,640.2443302680682,0.59569195856804,27.74565341850177,3.6127590058018786,
63c5e90d8e,180,1102,7714,77.14,638.6074572612893,0.43719092811621224,24.63163149883618,2.204659471327676,
63c5e90d8e,180,1103,7721,77.21,637.9924464331466,0.4083307638519832,22.9825400254804,1.176695653564764,
63c5e90d8e,180,1104,7728,77.28,637.38055916145,0.3273569649180489,22.381725534238047,3.0187958657108336,
63c5e90d8e,180,1105,7735,77.35,637.058010221978,0.39279049058971865,23.094076500843435,3.2690277795454756,
63c5e90d8e,180,1106,7742,77.42,636.6297465495251,0.6720404120264779,22.7708437790368,6.102473815868864,
63c5e90d8e,180,1107,7749,77.49,635.1919997344288,0.43856695808045815,23.656162117894795,1.479956176788385,
63c5e90d8e,180,1108,7756,77.56,634.5002275922762,0.224335605112844,22.799860773795434,1.4431134736302034,
63c5e90d8e,180,1109,7763,77.63,634.3765865650005,0.36504446390597867,23.301762269993368,3.2288350029694852,
63c5e90d8e,180,1110,7770,77.7,633.7262912164261,0.7622160760492074,22.57908125819917,1.7814930822705357,
63c5e90d8e,180,1111,7777,77.77,633.5251728865319,0.4914015556896848,25.361616862678023,2.960161860900989,
63c5e90d8e,180,1112,7784,77.84,632.5363219941557,0.5538510590059983,23.390511214089642,2.932337415444543,
63c5e90d8e,180,1113,7791,77.91,631.2621042876862,0.6025007787053083,23.802262252863745,5.937650012376993,
63c5e90d8e,180,1114,7798,77.98,629.9048857828716,0.9905116080581433,23.064070672733635,3.3830060138040943,
63c5e90d8e,180,1115,7805,78.05,629.0134982224425,1.0900569842737833,24.32265313557696,3.9302736543999455,
63c5e90d8e,180,1116,7812,78.12,627.4631580916999,1.2674084157510372,23.995872084787123,6.092738879349378,
63c5e90d8e,180,1117,7819,78.19,626.332004705633,0.552513864602994,29.045179559569853,3.555323313381353,
63c5e90d8e,180,1118,7826,78.26,624.8692689979808,0.31217044953788053,24.9009991040882,2.820022849965388,
63c5e90d8e,180,1119,7833,78.33,624.4536970245584,0.5515093842063381,25.501145308295996,4.8993551292116555,
63c5e90d8e,180,1120,7840,78.4,623.0696936541248,0.4421468317890893,27.11014157453311,4.19718177978951,
63c5e90d8e,180,1121,7847,78.47,622.1127619336926,0.39950297247145306,26.355959668199112,3.980881251578156,
63c5e90d8e,180,1122,7854,78.54,621.4771143234321,0.6968213790336223,26.400433948869537,7.006859360193149,
63c5e90d8e,180,1123,7861,78.61,619.5613494536706,0.5583531667599091,28.51870209497017,3.4827274550642677,
63c5e90d8e,180,1124,7868,78.68,618.3004974435919,0.3948980145644582,26.451617352712237,2.7286072510747443,
63c5e90d8e,180,1125,7875,78.75,617.5667492637691,0.5289688770896191,26.747861328016057,4.002547522508792,
63c5e90d8e,180,1126,7882,78.82,616.4029701512266,0.3435880833003435,28.220731429324676,3.0200241953776907,
63c5e90d8e,180,1127,7889,78.89,615.8755797792269,0.7190310945158539,27.168755667746108,5.003164103111849,
63c5e90d8e,180,1128,7896,78.96,613.6044915006001,0.5797192038743605,28.175089761671853,2.3407575752193654,
63c5e90d8e,180,1129,7903,79.03,612.064024278235,0.5034614495314592,27.441899705977804,3.4930463977456725,
63c5e90d8e,180,1130,7910,79.1,610.8623998044451,0.550557641325909,29.692685239226495,4.755466715957,
63c5e90d8e,180,1131,7917,79.17,609.4717377562093,1.1521343489236522,28.810157544427394,5.669409369843368,
63c5e90d8e,180,1132,7924,79.24,609.3562567400653,0.6730009866582928,29.968978836068242,4.911596068901727,
63c5e90d8e,180,1133,7931,79.31,607.829517438056,0.7156117636620194,29.426438757004696,4.508235192203713,
63c5e90d8e,180,1134,7938,79.38,606.2901493549737,0.3966165666053225,28.13206025665919,1.4435341594303197,
63c5e90d8e,180,1135,7945,79.45,606.0539226262836,0.42226153198507727,28.224418271149407,2.9795579637189222,
63c5e90d8e,180,1136,7952,79.52,605.7251495562818,0.5780600960203016,27.771608807506887,4.1688342011888535,
63c5e90d8e,180,1137,7959,79.59,604.7477973087515,0.5690114656153162,26.33142996324149,4.632457928934362,
63c5e90d8e,180,1138,7966,79.66,604.1179058131369,0.5744453628500644,26.21220176822943,4.342158535462717,
63c5e90d8e,180,1139,7973,79.73,603.3152448080036,0.5288526893179311,25.77909121259426,4.8116228477535845,
63c5e90d8e,180,1140,7980,79.8,602.3784869497066,0.3144989007323776,25.741901619753243,1.2947552798695843,
63c5e90d8e,180,1141,7987,79.87,602.2134789905468,0.5297937279361282,25.546631271071632,3.4662961465861266,
63c5e90d8e,180,1142,7994,79.94,600.8912410768386,0.6708579759924833,24.87948537623256,6.554748039645008,
63c5e90d8e,180,1143,8001,80.01,599.3079337876104,0.5783169728963813,25.17648353331986,5.303620933334233,
63c5e90d8e,180,1144,8008,80.08,597.8985620994669,0.3170559198299469,25.42726017825639,2.740193272869058,
63c5e90d8e,180,1145,8015,80.15,597.3969239107207,0.415610440110974,24.830924530533572,4.206913970359015,
63c5e90d8e,180,1146,8022,80.22,596.770505964452,0.5687698119270083,25.727930180117607,4.63137418843565,
63c5e90d8e,180,1147,8029,80.29,596.0059242280647,0.5024329780732877,24.629887987341487,2.8114382964935105,
63c5e90d8e,180,1148,8036,80.36,595.6008525438716,0.5779616312158226,25.734987236518506,4.0428211578329,
63c5e90d8e,180,1149,8043,80.43,594.7747828036752,0.4613619415010782,24.37351483861524,1.4845077434918696,
63c5e90d8e,180,1150,8050,80.5,594.1976049644245,0.5246782242143128,25.248413092731855,4.612526416639191,
63c5e90d8e,180,1151,8057,80.57,592.9884907827774,0.3166686682344709,24.391731454421862,2.7284030566105884,
63c5e90d8e,180,1152,8064,80.64,592.486545322257,0.12077736833903233,24.445970576622017,1.1616458206009024,
63c5e90d8e,180,1153,8071,80.71,592.4278380650034,0.3601831125715255,24.368320321062306,3.2370017610611916,
63c5e90d8e,180,1154,8078,80.78,591.8484237707196,0.9417219745074026,24.449308906580207,4.274470176451707,
63c5e90d8e,180,1155,8085,80.85,591.2455547103995,0.45776242979906817,27.78781238194843,2.7108230471123016,
63c5e90d8e,180,1156,8092,80.92,590.3711811143536,0.8309867253658724,26.77159620150471,5.827697340633326,
63c5e90d8e,180,1157,8099,80.99,587.552868320943,0.5601364491206005,25.486217653079883,4.14253360191804,
63c5e90d8e,180,1158,8106,81.06,586.7992037488317,0.3951473610011424,26.52436463737471,2.408560525462677,
63c5e90d8e,180,1159,8113,81.13,586.4160252511881,0.5147977802901529,24.948401817117468,3.308338171649157,
63c5e90d8e,180,1160,8120,81.2,585.2694377596637,0.3841142047415093,25.610692042341913,2.4977969207279127,
63c5e90d8e,180,1161,8127,81.27,584.6338081004243,0.7667007650436857,26.36120948385078,7.3346086100374865,
63c5e90d8e,180,1162,8134,81.34,581.9246535923412,0.3822390143021641,26.84410820868389,2.14181476275055,
63c5e90d8e,180,1163,8141,81.41,581.4414908133564,0.498666226652044,26.33544083734057,4.762599712477975,
63c5e90d8e,180,1164,8148,81.48,580.2395058727988,0.2389633390696577,26.926210911707592,0.6808826858964285,
63c5e90d8e,180,1165,8155,81.55,580.0250730970221,0.4457594055351446,27.342700259630373,4.525820609878515,
63c5e90d8e,180,1166,8162,81.62,579.0497324611674,0.8374730176848433,25.974620541590184,4.062980774754388,
63c5e90d8e,180,1167,8169,81.69,578.3586845705187,0.8796193782670091,26.125344464326574,8.70358631988094,
63c5e90d8e,180,1168,8176,81.76,575.2294666768734,0.6905100523535947,25.505633288565296,5.833973833655001,
63c5e90d8e,180,1169,8183,81.83,573.832598260327,0.5700917568440165,25.210494556060812,4.8150409788121165,
63c5e90d8e,180,1170,8190,81.9,573.0147693256805,0.9337931713711811,24.99141273523203,7.465555181148891,
63c5e90d8e,180,1171,8197,81.97,571.6957602728335,0.8051436061097517,27.914411720523496,1.5988780697426996,
63c5e90d8e,180,1172,8204,82.04,570.3142894005481,0.6157737199073653,23.059189326593337,3.110822948190063,
63c5e90d8e,180,1173,8211,82.11,568.8947041312764,0.42271652838958884,23.827837872562547,2.8545207175206424,
63c5e90d8e,180,1174,8218,82.18,568.253264408901,0.43568493497612404,23.018336316097948,1.7773746086019844,
63c5e90d8e,180,1175,8225,82.25,567.3927258838518,0.33509733194979363,22.62222383743032,2.704632422546072,
63c5e90d8e,180,1176,8232,82.32,566.9079566205519,0.2708767138519811,22.534683244459945,2.5999580161889297,
63c5e90d8e,180,1177,8239,82.39,566.7135992207222,0.2805471259027329,22.85515381432793,2.4836443079281274,
63c5e90d8e,180,1178,8246,82.46,566.3888338045815,0.5429675264594884,22.457277564992225,5.390442466263626,
63c5e90d8e,180,1179,8253,82.53,565.1856642462626,0.4294751242568657,21.102947432624866,3.080327141243083,
63c5e90d8e,180,1180,8260,82.6,564.2454380118501,0.47784906239280345,21.091141262819818,4.492942191517691,
63c5e90d8e,180,1181,8267,82.67,563.3851786864938,0.5937010415640461,21.2852812492541,5.230427913710773,
63c5e90d8e,180,1182,8274,82.74,562.348562222042,0.35000284681678834,21.67253116329324,0.6183751808681373,
63c5e90d8e,180,1183,8281,82.81,562.05397900284,0.3718999699137915,21.161082263773885,2.7807909644503286,
63c5e90d8e,180,1184,8288,82.88,561.8586705064882,0.634776693249793,21.64829951766289,5.309064256148186,
63c5e90d8e,180,1185,8295,82.95,560.7098204050329,0.4890770301232888,21.802124318364122,3.827835206222401,
63c5e90d8e,180,1186,8302,83.02,560.0520291625978,0.45182584216099514,21.419817107644597,3.6030446047807714,
63c5e90d8e,180,1187,8309,83.09,559.520508589253,0.43232697982385127,20.08457070844554,3.6894501335901366,
63c5e90d8e,180,1188,8316,83.16,558.7303868634278,0.425974096451618,20.599807962820385,4.295083723196747,
63c5e90d8e,180,1189,8323,83.23,557.9081480435746,0.22414317031424183,20.4588793680298,2.034580091148263,
63c5e90d8e,180,1190,8330,83.3,557.7614970767902,0.13510340964118747,20.10549503324774,0.7528951963322095,
63c5e90d8e,180,1191,8337,83.37,557.6882906138882,0.46178057991595034,20.478913537034224,2.7325384657640837,
63c5e90d8e,180,1192,8344,83.44,556.9841003028977,0.4687738867242064,20.178384617359562,4.036130313221623,
63c5e90d8e,180,1193,8351,83.51,556.3925543041805,0.6973397608726362,20.51529924155857,5.266901809357579,
63c5e90d8e,180,1194,8358,83.58,554.8816709020922,0.3716312567733055,21.433085495645496,1.9462028569533216,
63c5e90d8e,180,1195,8365,83.65,554.4193960644817,0.282124016605844,20.10964475018476,1.0749509460856337,
63c5e90d8e,180,1196,8372,83.72,554.1095814098699,0.47865206975692753,20.29472800337518,4.612408839147687,
63c5e90d8e,180,1197,8379,83.79,553.2050879478763,0.21196980041582889,20.094113054729586,1.192502529380713,
63c5e90d8e,180,1198,8386,83.86,553.0642911640973,0.31330760959588244,19.311849999180204,2.790761254269075,
63c5e90d8e,180,1199,8393,83.93,552.7500662223011,0.3643143068056923,20.32344610988687,3.4582165118594075,
63c5e90d8e,180,1200,8400,84.0,552.4106332670204,0.36793083088628753,19.123520170377187,2.8024274915898695,
63c5e90d8e,180,1201,8407,84.07,551.9296955451913,0.25165470318568284,20.2675663693115,2.0181463059578117,
63c5e90d8e,180,1202,8414,84.14,551.7693688908772,0.38192251852911907,19.23228784864762,3.5647463531953405,
63c5e90d8e,180,1203,8421,84.21,551.0395553769426,0.6375083237613576,19.896508984494417,5.401786485465937,
63c5e90d8e,180,1204,8428,84.28,549.291486220215,0.3225129465859703,20.306639901984937,2.6543513948180117,
63c5e90d8e,180,1205,8435,84.35,548.7945585451423,0.6267482071144606,20.662023661948535,6.25653261423527,
63c5e90d8e,180,1206,8442,84.42,546.9617495987328,0.5888446662664862,21.758719478504457,5.610444217509156,
63c5e90d8e,180,1207,8449,84.49,545.7721420240897,0.2930189506773539,20.210003063383493,1.8296246508689495,
63c5e90d8e,180,1208,8456,84.56,545.5316106676696,0.24101399621046052,21.021753667104957,1.8097663749266757,
63c5e90d8e,180,1209,8463,84.63,545.3951021080031,0.5481281188255145,20.41538300747461,5.020395459534756,
63c5e90d8e,180,1210,8470,84.7,544.4997606797612,0.3794523242660052,21.120421855912216,2.242478270694992,
63c5e90d8e,180,1211,8477,84.77,543.8690200270246,0.3230132009208388,20.144896454436676,2.991929525807185,
63c5e90d8e,180,1212,8484,84.84,543.3813852078091,0.44107074243399497,20.885552176944667,4.421291226121623,
63c5e90d8e,180,1213,8491,84.91,542.5214841921043,0.27904023412155504,20.565684691708977,2.352538352577398,
63c5e90d8e,180,1214,8498,84.98,542.194026071057,0.3629650738493712,20.421367961773825,2.7529517221050317,
63c5e90d8e,180,1215,8505,85.05,541.5724808053948,0.32439566026880345,20.860026160351577,3.1564548663624863,
63c5e90d8e,180,1216,8512,85.12,541.1350238406451,0.5671052329655196,20.580661300718308,4.115702959210314,
63c5e90d8e,180,1217,8519,85.19,539.4990478787224,0.3455256620292789,20.9480075567555,3.233051628663079,
63c5e90d8e,180,1218,8526,85.26,538.8931973210466,0.28690619930406347,21.292556884241783,2.290398081615344,
63c5e90d8e,180,1219,8533,85.33,538.5406678916498,0.3907317081283968,21.170455903117148,2.954725161672117,
63c5e90d8e,180,1220,8540,85.4,537.8681552095743,0.45258741406151654,21.51818435131491,4.489313309640917,
63c5e90d8e,180,1221,8547,85.47,537.1201477704245,0.281704268469313,21.656261201976655,2.613078737560093,
63c5e90d8e,180,1222,8554,85.54,536.724021718458,0.271511850481018,21.30637905484412,2.5850892905534324,
63c5e90d8e,180,1223,8561,85.61,536.4291251493031,0.6792304560069272,21.59566840639843,4.267000972382378,
63c5e90d8e,180,1224,8568,85.68,534.8988754273223,0.44688182689538314,21.508986919619176,2.5960416988410735,
63c5e90d8e,180,1225,8575,85.75,534.6025222662055,0.5822902018166431,22.00769896184359,5.063544886924101,
63c5e90d8e,180,1226,8582,85.82,533.4513425100778,0.49980826713475307,20.766680318615762,4.223849839919826,
63c5e90d8e,180,1227,8589,85.89,532.55371128299,0.43571938533936955,21.45989313609472,3.841907305956128,
63c5e90d8e,180,1228,8596,85.96,532.1859213628119,0.6413365666982397,21.614494974469096,5.5222172517276285,
63c5e90d8e,180,1229,8603,86.03,530.8431086852435,0.4299511494740365,20.8474415828514,3.5164648424349343,
63c5e90d8e,180,1230,8610,86.1,530.2218140191037,0.39981921823883915,20.89836144441517,3.461024142511658,
63c5e90d8e,180,1231,8617,86.17,529.6828966842216,1.3905899770112402,20.13594624693809,7.038077388823135,
63c5e90d8e,180,1232,8624,86.24,529.5334965712034,1.4220389072393587,26.757870824669823,1.628801352841519,
63c5e90d8e,180,1233,8631,86.31,528.9368628772817,0.7797099736506907,20.72654148593112,2.633416904033182,
63c5e90d8e,180,1234,8638,86.38,526.2777699397252,0.33666376883131355,20.92205578044699,2.4444255419135197,
63c5e90d8e,180,1235,8645,86.45,525.9090146012602,0.43597594677594315,20.57066775893596,4.132864440784836,
63c5e90d8e,180,1236,8652,86.52,525.0412087381527,0.3256676003618454,20.84094671159194,3.036419393631125,
63c5e90d8e,180,1237,8659,86.59,524.5066411480024,0.23720170991012995,21.173399160104616,2.3918908112053106,
63c5e90d8e,180,1238,8666,86.66,524.266088620606,0.19850650979221007,20.996175703937073,1.5985186670596598,
63c5e90d8e,180,1239,8673,86.73,524.1061751334656,0.21589327044512688,21.823677591412853,1.9175803120035642,
63c5e90d8e,180,1240,8680,86.8,523.9108994288794,0.42655767885073526,21.863866758295945,3.635026876595817,
63c5e90d8e,180,1241,8687,86.87,523.2372330543494,0.7057261701140062,21.56272255134198,2.801625130022781,
63c5e90d8e,180,1242,8694,86.94,523.1869230750804,0.6886679741524763,22.137002554829362,1.8641960199521348,
63c5e90d8e,180,1243,8701,87.01,521.4473448130691,0.37143348917445274,21.188071934677666,3.4482081523064316,
63c5e90d8e,180,1244,8708,87.08,521.0539031118719,0.3527155042475777,20.844464247301033,2.639924046069606,
63c5e90d8e,180,1245,8715,87.15,520.5095510757116,0.506345586628373,21.645318057252585,3.8860201531118523,
63c5e90d8e,180,1246,8722,87.22,519.4145488797354,0.9557038872570037,21.908263774462995,2.8855106488115614,
63c5e90d8e,180,1247,8729,87.29,519.3988208948289,0.6367549645168217,23.755534826853516,4.262039724986359,
63c5e90d8e,180,1248,8736,87.36,517.8411749786051,0.45003442666269944,21.64677355358133,3.4041073188731494,
63c5e90d8e,180,1249,8743,87.43,517.1559930277767,0.929014516598036,19.953458667766448,4.010767877445608,
63c5e90d8e,180,1250,8750,87.5,517.0232392619918,0.7210173971163791,23.389184673887065,5.2161215412530355,
63c5e90d8e,180,1251,8757,87.57,515.0293687252449,0.4487876771874665,22.223629945625248,4.175657734821591,
63c5e90d8e,180,1252,8764,87.64,514.39777720548,0.5892746036749813,21.99869197947948,3.951249819562743,
63c5e90d8e,180,1253,8771,87.71,512.8863804786864,0.5513406323274375,22.592533101200296,5.371534645538822,
63c5e90d8e,180,1254,8778,87.78,511.5720611005025,0.5662906828382741,21.658611253959055,4.059555293909529,
63c5e90d8e,180,1255,8785,87.85,510.5579438964173,0.45392578432458014,21.805817352916907,2.4394856661219304,
63c5e90d8e,180,1256,8792,87.92,509.6201732462106,0.5199976649537339,21.423594610963185,4.719204194369913,
63c5e90d8e,180,1257,8799,87.99,508.242583840965,0.3732952497372114,20.08683136889796,2.9586471486903294,
63c5e90d8e,180,1258,8806,88.06,507.80396630661335,0.6960376817182828,20.345371463872212,6.99172873200992,
63c5e90d8e,180,1259,8813,88.13,507.4627494227891,0.7249448633890823,21.589794733733083,1.3132296372615968,
63c5e90d8e,180,1260,8820,88.2,506.86028652683865,0.7439820919549609,21.38462633090154,3.5665262960626594,
63c5e90d8e,180,1261,8827,88.27,505.9625133492691,0.589679080802834,21.429275923015485,0.5857620824046119,
63c5e90d8e,180,1262,8834,88.34,505.7220011316617,0.6810998047518746,20.552956553415154,2.753764931475553,
63c5e90d8e,180,1263,8841,88.41,504.9131498150895,0.7067465040965107,21.512486833426284,5.382395889579576,
63c5e90d8e,180,1264,8848,88.48,503.3757121826753,0.6416674708839476,20.447272466388995,4.210045464357661,
63c5e90d8e,180,1265,8855,88.55,501.9948360997547,0.5127072152499976,20.380476516137758,3.34610538147515,
63c5e90d8e,180,1266,8862,88.62,500.8877893204095,0.358019933441911,19.94027222284984,3.4857241181486587,
63c5e90d8e,180,1267,8869,88.69,500.47612449347474,0.38491009686538763,20.96371947090762,2.926962647885744,
63c5e90d8e,180,1268,8876,88.76,499.99679406923144,0.4587404760781942,20.14595735677972,3.860154235187487,
63c5e90d8e,180,1269,8883,88.83,499.0853728923036,0.4915780964444172,20.128839949353644,3.1441063326383496,
63c5e90d8e,180,1270,8890,88.9,498.1817666279523,0.55308700821942,19.767642411699025,4.294672919962806,
63c5e90d8e,180,1271,8897,88.97,497.12564673968205,0.5723553145463864,20.573539373688295,3.256131352548872,
63c5e90d8e,180,1272,8904,89.04,496.13485314791575,0.2764272806808432,19.96634155019572,1.0085506355661364,
63c5e90d8e,180,1273,8911,89.11,495.90017134782033,0.2586433001430246,19.477884334061972,2.0931156667899713,
63c5e90d8e,180,1274,8918,89.18,495.66060917248154,0.5109715836458262,19.867366704556087,5.186092337179955,
63c5e90d8e,180,1275,8925,89.25,494.4993422586941,0.37269787291623074,20.50411787566737,3.7040752744908807,
63c5e90d8e,180,1276,8932,89.32,493.836668593761,0.3677295287693983,20.81739562190451,1.7055354272690506,
63c5e90d8e,180,1277,8939,89.39,493.8346187760772,0.6484747497605953,21.00583379277116,2.500349698935249,
63c5e90d8e,180,1278,8946,89.46,492.46183480542294,0.5317715367754714,21.197312408325196,4.481830201096888,
63c5e90d8e,180,1279,8953,89.53,491.4386570288531,1.262327131616456,21.488808752326197,5.35901225594138,
63c5e90d8e,180,1280,8960,89.6,490.6271169843091,0.739157909290553,21.269463275659653,5.389013243640815,
63c5e90d8e,180,1281,8967,89.67,488.6357891597825,0.5772973191848746,21.39649296174279,2.8089396152458748,
63c5e90d8e,180,1282,8974,89.74,487.32399752088463,0.302822504384026,20.219792269519196,2.1289671560982293,
63c5e90d8e,180,1283,8981,89.81,486.91817007432024,0.589325607951571,19.99454697103075,5.69889693124199,
63c5e90d8e,180,1284,8988,89.88,485.69233528876833,0.6549470688463136,20.56391595118277,2.6278193312236513,
63c5e90d8e,180,1285,8995,89.95,485.6881850331533,0.41874716942451606,20.16933147364216,2.524486688270474,
63c5e90d8e,180,1286,9002,90.02,484.9503650391379,0.4870121726755874,20.881739330269916,4.604960719292045,
63c5e90d8e,180,1287,9009,90.09,484.0369588634028,0.4306009463208146,20.72503259666845,3.6128534284405998,
63c5e90d8e,180,1288,9016,90.16,483.43859709831304,0.31080884185249114,21.829349809074028,2.116430786095646,
63c5e90d8e,180,1289,9023,90.23,483.05479023990995,0.7063531748520254,20.507437532183122,3.1855381940495584,
63c5e90d8e,180,1290,9030,90.3,482.99166741002864,0.6263843729318995,21.81348400125849,5.107591765530191,
63c5e90d8e,180,1291,9037,90.37,482.07226514117883,0.46661632971012135,20.92116247207818,2.534263305933366,
63c5e90d8e,180,1292,9044,90.44,481.68369919483297,0.3322917202245081,20.438829935196804,1.2413753758701,
63c5e90d8e,180,1293,9051,90.51,481.5392144948955,0.46944321296190705,20.678751770458163,3.6042732025267785,
63c5e90d8e,180,1294,9058,90.58,480.85981246303953,0.3286752933954682,20.826119183018537,1.401626916353374,
63c5e90d8e,180,1295,9065,90.65,480.7004733790276,0.32989756190618075,21.05681597134753,2.308165230972016,
63c5e90d8e,180,1296,9072,90.72,480.25458657215006,0.5371380398529156,20.259600253955504,4.005174756052694,
63c5e90d8e,180,1297,9079,90.79,478.8987781467915,0.4637059931817726,19.58110923462315,4.4412091322855165,
63c5e90d8e,180,1298,9086,90.86,477.99940587557523,0.3564836477932576,21.124324478775662,3.1385085304761957,
63c5e90d8e,180,1299,9093,90.93,477.8576627466017,0.3891435419404105,21.443106039782325,2.840047629459536,
63c5e90d8e,180,1300,9100,91.0,477.5523565358706,0.5278024183230259,21.292820115765185,2.4582967242433824,
63c5e90d8e,180,1301,9107,91.07,476.7490533593874,0.3420341832618333,20.660649226813657,2.4320590770778545,
63c5e90d8e,180,1302,9114,91.14,476.3528102008933,0.4293170164762653,20.653431539449254,3.8968165755067448,
63c5e90d8e,180,1303,9121,91.21,475.45262589303417,0.2657181657085128,21.337156528949023,2.410471121753552,
63c5e90d8e,180,1304,9128,91.28,475.2348791571917,0.2747571768082869,21.15779317423666,2.577164663171983,
63c5e90d8e,180,1305,9135,91.35,474.8765855732708,0.31451580176967014,21.29575619588459,1.8473062086165102,
63c5e90d8e,180,1306,9142,91.42,474.4280266312131,0.3644487379701106,21.455566413062694,2.9152408156289304,
63c5e90d8e,180,1307,9149,91.49,473.9685120583746,0.4185386040107365,20.09625688599687,3.7009323706789172,
63c5e90d8e,180,1308,9156,91.56,473.13670418376233,0.2643568470177277,20.038994551584977,2.3748200962529875,
63c5e90d8e,180,1309,9163,91.63,472.8001674540433,0.14916106034073698,20.587005259046865,1.3289156101978739,
63c5e90d8e,180,1310,9170,91.7,472.70160686366194,0.4136409221406424,20.459084623264353,4.078275577878153,
63c5e90d8e,180,1311,9177,91.77,471.8931006174463,0.3934951356369469,20.43870707391769,2.0063215964049514,
63c5e90d8e,180,1312,9184,91.84,471.1152157583619,0.5080309049052109,21.009701976604788,5.097056633552783,
63c5e90d8e,180,1313,9191,91.91,470.49926074283076,0.44593601580473974,21.740217000936603,2.409976149571468,
63c5e90d8e,180,1314,9198,91.98,469.59560842760095,0.400034106171651,20.317449972909913,3.550282108546174,
63c5e90d8e,180,1315,9205,92.05,469.01516434214545,0.5388572062226743,20.94584761217901,5.159523257384653,
63c5e90d8e,180,1316,9212,92.12,468.0008910295778,0.8618205286265037,20.153211037940874,3.21671869980723,
63c5e90d8e,180,1317,9219,92.19,467.86141574443434,0.5693890879976928,23.330791489343568,3.9530258173649093,
63c5e90d8e,180,1318,9226,92.26,466.89044670380116,0.7142018244840254,21.97492189435154,5.736401747650123,
63c5e90d8e,180,1319,9233,92.33,465.2682332925519,0.6079868187675194,22.321364686866925,3.5628142386691937,
63c5e90d8e,180,1320,9240,92.4,463.6275844928466,0.5131886973444695,21.01162725150782,4.335382801444898,
63c5e90d8e,180,1321,9247,92.47,462.7951492592409,0.42493043953355547,19.847015293969857,3.425313978438133,
63c5e90d8e,180,1322,9254,92.54,462.10680875154975,0.3943343022840275,19.95761605415338,2.3456739572525027,
63c5e90d8e,180,1323,9261,92.61,461.40133397014256,0.5654538548240643,19.505068440744502,1.9371423805745236,
63c5e90d8e,180,1324,9268,92.68,461.1587196155605,0.48604114854718056,19.380119158517402,3.3363266167866175,
63c5e90d8e,180,1325,9275,92.75,460.3940536843238,0.6107246814080572,19.89235885602637,5.525506336320445,
63c5e90d8e,180,1326,9282,92.82,459.08272566449807,0.4144156059658319,19.887405751813656,2.8238426160212238,
63c5e90d8e,180,1327,9289,92.89,458.54803285300954,0.4535665444856687,19.650748590157317,4.286419691657622,
63c5e90d8e,180,1328,9296,92.96,457.72036419370124,0.6452228239583305,18.929366205925668,2.319886580170739,
63c5e90d8e,180,1329,9303,93.03,457.65927063968144,0.46322506841309036,20.994937435944834,1.3672406506877701,
63c5e90d8e,180,1330,9310,93.1,456.8826849843987,0.30470136190992536,20.233177172192196,0.9566179357257061,
63c5e90d8e,180,1331,9317,93.17,456.6398400932619,0.36474990303658555,19.3102036316695,3.0491375348245846,
63c5e90d8e,180,1332,9324,93.24,456.0398661462004,0.17342887709486998,19.294269676886167,0.811106492689458,
63c5e90d8e,180,1333,9331,93.31,455.9036300697285,0.478721014923543,19.419494806503376,3.377404196965885,
63c5e90d8e,180,1334,9338,93.38,455.02047128164975,0.31758762927456285,19.36214825317514,2.4712079877949003,
63c5e90d8e,180,1335,9345,93.45,454.6826713595351,0.39208460567564274,19.947165384191468,2.5160815806934336,
63c5e90d8e,180,1336,9352,93.52,454.05334390633584,0.6163459530821284,19.937534674605512,6.2804748372113,
63c5e90d8e,180,1337,9359,93.59,452.34786300720714,0.5217872751289048,21.477592578202742,5.252634028722177,
63c5e90d8e,180,1338,9366,93.66,451.17382464273095,0.4088332633254968,20.495260544188845,3.658101973776101,
63c5e90d8e,180,1339,9373,93.73,450.3879166215438,0.4261816847183508,20.762224819831957,1.9180248105111002,
63c5e90d8e,180,1340,9380,93.8,449.5740643855962,0.25521051205434,20.893721176197396,2.535512177674363,
63c5e90d8e,180,1341,9387,93.87,449.36963134376424,0.28362199144585953,21.726255459562555,2.5678154652240885,
63c5e90d8e,180,1342,9394,93.94,449.1368322889197,0.4811851451368839,21.297937362213567,4.4631444714140445,
63c5e90d8e,180,1343,9401,94.01,448.33638314387446,0.4481138823668455,22.642912317144354,3.358983009648102,
63c5e90d8e,180,1344,9408,94.08,447.4929833854814,0.26029831158641764,21.94884706094106,1.9123060377013386,
63c5e90d8e,180,1345,9415,94.15,447.17779537506146,0.6385885579122895,22.12255673274212,6.306063289175438,
63c5e90d8e,180,1346,9422,94.22,445.56150304539585,0.6535167380525151,21.539303806713235,4.152998826810175,
63c5e90d8e,180,1347,9429,94.29,443.6806932595747,0.3398145133559965,20.612660394718375,2.8367451356827753,
63c5e90d8e,180,1348,9436,94.36,443.349404343615,0.27065435621320305,20.35299923041796,0.8248900799297235,
63c5e90d8e,180,1349,9443,94.43,443.1367148297479,0.25681036154017584,20.163753466996848,2.2610362774357498,
63c5e90d8e,180,1350,9450,94.5,442.86051750693576,0.43196460712506585,20.240882916857196,4.248544537223174,
63c5e90d8e,180,1351,9457,94.57,442.16171595256907,0.591751508410606,20.394062231860136,3.736587708346203,
63c5e90d8e,180,1352,9464,94.64,440.64550652906877,0.44050730590836235,20.330514039315045,3.312384318258181,
63c5e90d8e,180,1353,9471,94.71,439.86313946065815,0.35428380565314505,20.36742468433634,3.034585772789287,
63c5e90d8e,180,1354,9478,94.78,439.3728443072189,0.9965356802905134,20.96975051355814,3.8578664457118834,
63c5e90d8e,180,1355,9485,94.85,439.30023834226677,0.6586083884785665,22.61200503631612,1.6455078599860642,
63c5e90d8e,180,1356,9492,94.92,437.62909222711846,0.7756491733344666,22.073732569971366,7.75589457213849,
63c5e90d8e,180,1357,9499,94.99,435.8352019464552,0.44126193646528244,22.521500592960283,2.8283695578161967,
63c5e90d8e,180,1358,9506,95.06,435.2877155126648,0.5207105039289067,21.280108162270782,3.363532833916785,
63c5e90d8e,180,1359,9513,95.13,434.24407447249564,0.5896300528082583,22.465697996509714,5.632130371421658,
63c5e90d8e,180,1360,9520,95.2,433.003278147476,0.5121671159169809,21.590519915645846,1.6726762907567438,
63c5e90d8e,180,1361,9527,95.27,431.86236858328334,0.2536878111371789,20.604214524514624,2.517275319557586,
63c5e90d8e,180,1362,9534,95.34,431.62467482230335,0.40488799904495376,20.04663940993978,2.125790424739449,
63c5e90d8e,180,1363,9541,95.41,430.78126031311683,0.25265492787208804,19.40934192887396,2.070975732958526,
63c5e90d8e,180,1364,9548,95.48,430.528808162935,0.492222801261045,19.438655034421082,4.618647517134125,
63c5e90d8e,180,1365,9555,95.55,429.53572065457735,0.357794456818511,20.62218473651014,3.163148542896939,
63c5e90d8e,180,1366,9562,95.62,428.98623557021784,0.6148705242081889,20.126799625322356,2.795884477940776,
63c5e90d8e,180,1367,9569,95.69,427.7519356011177,0.4553438815223255,20.30887576319211,3.180817782562455,
63c5e90d8e,180,1368,9576,95.76,427.15025333897705,0.41238057580592064,19.139970743728867,3.317120424275778,
63c5e90d8e,180,1369,9583,95.83,426.4741542533243,0.26763214146732844,19.015993580382933,1.93693569891331,
63c5e90d8e,180,1370,9590,95.9,426.2153836354224,0.6289453209677391,18.511375138238705,5.445586261813665,
63c5e90d8e,180,1371,9597,95.97,424.4618903651136,0.3314025643066287,19.616867473243516,1.9072906854798817,
63c5e90d8e,180,1372,9604,96.04,424.0288123607891,0.8564897385776825,19.231644529134407,4.065718640651904,
63c5e90d8e,180,1373,9611,96.11,423.5115793324568,1.2625218645876075,21.56443526273404,5.352432286587987,
63c5e90d8e,180,1374,9618,96.18,423.3299623186295,0.6304019307096007,21.466130058119973,1.4967271382972924,
63c5e90d8e,180,1375,9625,96.25,421.49406429160223,0.2421521719443284,20.187293691430938,1.6503976468247226,
63c5e90d8e,180,1376,9632,96.32,421.2207653259193,0.24984514801134022,19.506510239008342,2.110903872832288,
63c5e90d8e,180,1377,9639,96.39,420.97690664779816,0.22356161021063434,19.834947761296377,1.4141648895325778,
63c5e90d8e,180,1378,9646,96.46,420.84033063800405,0.4374898472162224,19.73182379253564,1.797737080315944,
63c5e90d8e,180,1379,9653,96.53,420.09810694917985,0.6634374892162793,20.124835348730507,6.591416703085793,
63c5e90d8e,180,1380,9660,96.6,418.32903535973804,0.618266347176784,20.4478947616295,5.21553490208894,
63c5e90d8e,180,1381,9667,96.67,417.17664381629305,0.5827597109606004,19.741145106162197,5.050003263072565,
63c5e90d8e,180,1382,9674,96.74,415.56232945179954,0.3092671757047438,19.91145967910536,1.5471769003027849,
63c5e90d8e,180,1383,9681,96.81,415.2636132319952,0.42859915117242287,20.545612187120927,2.920363670386024,
63c5e90d8e,180,1384,9688,96.88,414.48993694158213,0.449071724400698,19.777320571868646,4.2522008805830565,
63c5e90d8e,180,1385,9695,96.95,414.10859389069606,0.49315280065447814,21.235480740263558,2.998180588104493,
63c5e90d8e,180,1386,9702,97.02,413.01166862399094,0.2747971737031256,20.018247496106113,1.2569719599486475,
63c5e90d8e,180,1387,9709,97.09,412.86775150148014,0.4095323689996302,21.283960921186807,3.1664899355182095,
63c5e90d8e,180,1388,9716,97.16,412.0402986475163,0.298568708678112,19.77949614155645,2.4454221594627508,
63c5e90d8e,180,1389,9723,97.23,411.64950415781703,0.3072389864521966,20.610754834866466,2.868060096595315,
63c5e90d8e,180,1390,9730,97.3,411.5146515742806,1.043191308647461,19.425165049826767,3.6057729659576205,
63c5e90d8e,180,1391,9737,97.37,410.71170456895703,0.5350827882053177,22.44922285646608,3.8800652075233675,
63c5e90d8e,180,1392,9744,97.44,409.5199809712793,0.3349339135201326,19.567303513409946,3.129014216616537,
63c5e90d8e,180,1393,9751,97.51,409.30840729277895,0.443136440477391,19.629072757472976,2.8691040279579356,
63c5e90d8e,180,1394,9758,97.58,408.9618916163318,0.5533964572281275,19.499726709085696,4.245571474835815,
63c5e90d8e,180,1395,9765,97.65,408.43830352917666,0.6358014672090265,19.930289283201773,2.9909398492985066,
63c5e90d8e,180,1396,9772,97.72,407.83677128464154,0.6881393005218898,20.40378300010522,4.435365232413142,
63c5e90d8e,180,1397,9779,97.79,406.95889378280447,0.5632413896071232,20.59186080083408,1.8794971958958357,
63c5e90d8e,180,1398,9786,97.86,406.8504326950345,0.6000923804437744,20.970927618699662,2.635839944428631,
63c5e90d8e,180,1399,9793,97.93,406.294606896273,0.2535684790273974,19.948184711523712,1.8732793158329264,
63c5e90d8e,180,1400,9800,98.0,405.6438704901488,0.2029337238876901,18.952032158583094,1.5917992373457956,
63c5e90d8e,180,1401,9807,98.07,405.45569093777533,0.4600446092162636,19.29605425393493,4.062253991968722,
63c5e90d8e,180,1402,9814,98.14,404.45886071628075,0.4426898408047749,19.666131673687335,4.4120929615162385,
63c5e90d8e,180,1403,9821,98.21,403.74078968519404,0.32867574583090514,19.719729875619368,3.0567626654429474,
63c5e90d8e,180,1404,9828,98.28,403.35587234289346,0.5437054159088508,19.29016848817289,4.355657845614497,
63c5e90d8e,180,1405,9835,98.35,402.1856707197587,0.2915886602561786,19.083976359548654,2.4449992915541414,
63c5e90d8e,180,1406,9842,98.42,401.81506455940576,0.2835937814838594,18.303845541190153,2.7477433757842262,
63c5e90d8e,180,1407,9849,98.49,401.44175534972396,0.25577521258381675,18.545347500629763,2.44693513694042,
63c5e90d8e,180,1408,9856,98.56,401.20628035979183,0.21218044183259333,18.77675798805424,1.9914315357883283,
63c5e90d8e,180,1409,9863,98.63,401.0597335754309,0.22794960385784205,18.527368099631996,1.724271287973243,
63c5e90d8e,180,1410,9870,98.7,400.8117061936798,0.13960561871371172,18.472605198203237,1.1738994546891812,
63c5e90d8e,180,1411,9877,98.77,400.75278030222194,0.4272655572150149,18.839455417997694,3.66264036137368,
63c5e90d8e,180,1412,9884,98.84,400.13823701852687,0.4994490727505361,19.22425336085817,4.699420396811787,
63c5e90d8e,180,1413,9891,98.91,399.48697992219195,0.3055074581708222,18.89486844203462,1.6095056625208823,
63c5e90d8e,180,1414,9898,98.98,399.4396887433217,0.5306512469635373,19.334449471542634,4.3982473675011065,
63c5e90d8e,180,1415,9905,99.05,398.32602720480713,0.19707203417822658,18.43053319342564,1.2252637264454855,
63c5e90d8e,180,1416,9912,99.12,398.2802996263552,0.6782701385013253,18.652065919452255,6.73703433119694,
63c5e90d8e,180,1417,9919,99.19,396.4901613407703,0.35583020791394554,17.92054774497627,2.663883825588745,
63c5e90d8e,180,1418,9926,99.26,396.0727157146136,0.24196928383834346,18.1714797105846,1.8816923070382785,
63c5e90d8e,180,1419,9933,99.33,395.88354909727076,0.44831034415102383,17.472643917772164,4.324425867727664,
63c5e90d8e,180,1420,9940,99.4,395.1871702626979,0.34371337268240915,17.9137103768153,2.6988880207710597,
63c5e90d8e,180,1421,9947,99.47,395.12931141183645,0.4413836027283686,17.87936586727145,2.5213995216830773,
63c5e90d8e,180,1422,9954,99.54,394.74514304603264,0.6510114424988165,18.64819919035399,5.406668551699354,
63c5e90d8e,180,1423,9961,99.61,393.2644987137728,0.6206868337000867,18.933948513097196,4.325643900256545,
63c5e90d8e,180,1424,9968,99.68,391.8939764071949,0.542197943296239,17.979996741693906,4.701564720391467,
63c5e90d8e,180,1425,9975,99.75,390.86082069050246,0.41265048140954974,17.37365296910813,2.3807034470900623,
63c5e90d8e,180,1426,9982,99.82,390.1451476174613,0.6429633259271846,16.736735317607714,2.9225770483669664,
63c5e90d8e,180,1427,9989,99.89,390.00494573779736,0.5764330727999198,18.876622338350376,4.150569021383423,
63c5e90d8e,180,1428,9996,99.96,388.5106339240274,0.3239267803191719,16.422484716102357,2.7152669948964294,
63c5e90d8e,180,1429,10003,100.03,388.00601004782266,0.17370573645169984,16.339103386594154,1.5748647134076101,
63c5e90d8e,180,1430,10010,100.1,387.85411396742666,0.4571627052800778,16.080318731823738,2.084311616269415,
63c5e90d8e,180,1431,10017,100.17,387.8161119918249,1.0715389767824617,15.998662265200887,4.715515851701998,
63c5e90d8e,180,1432,10024,100.24,387.2187871058487,0.6090492780497765,17.592070444685053,3.063545115425324,
63c5e90d8e,180,1433,10031,100.31,385.5222138292547,0.30360211859804626,15.796052899454395,2.112636956454659,
63c5e90d8e,180,1434,10038,100.38,385.2276946110801,0.43546211513452143,14.962102953233904,2.9646829231565617,
63c5e90d8e,180,1435,10045,100.45,384.5148761561757,0.309034105759313,15.791554484231472,2.4514306778479407,
63c5e90d8e,180,1436,10052,100.52,384.15610410895806,0.2263548849450904,14.923740077811031,0.5637509694378525,
63c5e90d8e,180,1437,10059,100.59,383.91720524066346,0.2905955341004556,15.753908923082088,2.737420129460706,
63c5e90d8e,180,1438,10066,100.66,383.82693916153875,0.3438242974330885,16.39163216855454,1.9844969133712602,
63c5e90d8e,180,1439,10073,100.73,383.5767551203967,0.3944561535375247,16.186007538097307,2.5739941925180894,
63c5e90d8e,180,1440,10080,100.8,383.3262851178531,0.37729523055774855,16.116256737006484,1.207026256883192,
63c5e90d8e,180,1441,10087,100.87,383.109048570746,0.37055514688191254,16.223522596098437,2.158431183466411,
63c5e90d8e,180,1442,10094,100.94,382.9282737208023,0.3372322271575477,17.136229170833374,1.6167768385595933,
63c5e90d8e,180,1443,10101,101.01,382.7969563681945,0.5382937892701792,16.343516620020917,4.577678955685439,
63c5e90d8e,180,1444,10108,101.08,381.92823717585526,0.3319114609153368,16.7432847659301,1.1086043014547087,
63c5e90d8e,180,1445,10115,101.15,381.79421819432645,0.4093662136336495,16.336109775416357,3.42593740820321,
63c5e90d8e,180,1446,10122,101.22,381.0294793129546,0.4718276636867451,16.595389978586972,3.6269350797374367,
63c5e90d8e,180,1447,10129,101.29,380.0556501304116,0.23402154998648228,17.774676135524597,1.7851201131125733,
63c5e90d8e,180,1448,10136,101.36,379.88102036711587,0.2557810572111137,17.647725441925473,2.0363058590990435,
63c5e90d8e,180,1449,10143,101.43,379.6042852635265,0.22777104084906025,17.012332904325806,1.934328565506727,
63c5e90d8e,180,1450,10150,101.5,379.42493917972973,0.332975473453228,17.3785491862499,1.6909275423427494,
63c5e90d8e,180,1451,10157,101.57,378.9234606223928,0.30624373039550223,16.69956271413623,1.281376650887467,
63c5e90d8e,180,1452,10164,101.64,378.92008336689923,0.2756459791371597,17.26591779809461,1.8635452592022403,
63c5e90d8e,180,1453,10171,101.71,378.6312277612156,0.2876990799411708,16.78242443569374,2.407267926097475,
63c5e90d8e,180,1454,10178,101.78,378.3761963536234,0.39842422997555527,16.714334961026747,3.875021554808269,
63c5e90d8e,180,1455,10185,101.85,377.73365031985924,0.39149012938876093,16.190387362433622,3.082117209772066,
63c5e90d8e,180,1456,10192,101.92,377.30304856778355,0.47948288073795076,15.600803231550843,4.5237435344232795,
63c5e90d8e,180,1457,10199,101.99,376.50030939203253,0.38542139954660143,16.049565266770628,3.63135970129757,
63c5e90d8e,180,1458,10206,102.06,375.930125697023,0.21541934869318694,15.39715706249248,1.4182717696398166,
63c5e90d8e,180,1459,10213,102.13,375.7684365648012,0.3077276522448615,15.304901787901464,3.0168852829211774,
63c5e90d8e,180,1460,10220,102.2,375.5463240308508,0.3129919905469519,15.01350071508413,0.5221448962763272,
63c5e90d8e,180,1461,10227,102.27,375.35285651842975,0.2753051742223743,14.784345187549656,1.4247827038206455,
63c5e90d8e,180,1462,10234,102.34,375.1451651948799,0.3995827643744601,14.653924587835403,3.7926107626166825,
63c5e90d8e,180,1463,10241,102.41,374.4130802105723,0.4407576490286548,14.781298374595936,2.529515169412918,
63c5e90d8e,180,1464,10248,102.48,373.72126607168883,0.39933148219711156,15.922552508304106,3.777664535901202,
63c5e90d8e,180,1465,10255,102.55,373.04816693937545,0.17526992161653704,15.944186078563687,1.1755398232910594,
63c5e90d8e,180,1466,10262,102.62,372.9044200688266,0.18113150492617208,15.941647936322093,1.2975360362295478,
63c5e90d8e,180,1467,10269,102.69,372.8390853262143,0.3851260623580469,16.75947403129628,3.541146240082481,
63c5e90d8e,180,1468,10276,102.76,372.36964909082906,0.29781031509144834,15.958042808438423,1.9100337628171744,
63c5e90d8e,180,1469,10283,102.83,372.1418461594248,0.340914082819576,16.218471643798907,2.385173665090993,
63c5e90d8e,180,1470,10290,102.9,371.9524692597975,0.46257677146884235,16.038034899889652,3.6169279049209617,
63c5e90d8e,180,1471,10297,102.97,371.6734366648453,0.41746343160536514,15.795131760574252,2.070890140114017,
63c5e90d8e,180,1472,10304,103.04,371.52563044337177,0.4046002352127686,16.347002769662435,2.0590287659847597,
63c5e90d8e,180,1473,10311,103.11,371.2188723939706,0.36549323082159846,15.555844119127485,0.42351710939203907,
63c5e90d8e,180,1474,10318,103.18,370.93427962569183,0.41811489847433825,15.842920989693202,3.264462871790317,
63c5e90d8e,180,1475,10325,103.25,370.4638729773299,0.2538937991197936,15.178891702139586,1.5741578790511899,
63c5e90d8e,180,1476,10332,103.32,370.28900521821356,0.291474308389211,15.36238028963658,2.011379221501792,
63c5e90d8e,180,1477,10339,103.39,370.0877529538727,0.22986726797588575,15.02291766538374,1.3477615337709354,
63c5e90d8e,180,1478,10346,103.46,370.0588712894765,0.3963583941611726,15.233698338895774,2.9058398593224193,
63c5e90d8e,180,1479,10353,103.53,369.48532633618737,0.8569720827381805,15.444498504359657,3.75137983843949,
63c5e90d8e,180,1480,10360,103.6,369.2401080594313,0.45193241208324086,17.438995920094214,1.5906053903318753,
63c5e90d8e,180,1481,10367,103.67,368.5433882800468,0.4189388610983628,16.184826952244755,3.2622890303865604,
63c5e90d8e,180,1482,10374,103.74,368.2724504792986,0.4978155644559139,15.656373562063608,3.806740063234682,
63c5e90d8e,180,1483,10381,103.81,367.3340886430991,0.3114528627107628,15.063936258558112,2.2801350652058416,
63c5e90d8e,180,1484,10388,103.88,366.99593858551265,0.2470355964096833,15.189540748960972,0.6633596094125606,
63c5e90d8e,180,1485,10395,103.95,366.72641676166154,0.2949665083831452,15.333161274996975,2.9612308112639862,
63c5e90d8e,180,1486,10402,104.02,366.43487761351406,0.1927809451892987,15.046352400055282,1.0194438665454288,
63c5e90d8e,180,1487,10409,104.09,366.3396317500777,0.17814173786998821,14.907644088325172,1.4185947653344397,
63c5e90d8e,180,1488,10416,104.16,366.19781749904797,0.2643330907701948,15.049261159036968,1.4588329608226245,
63c5e90d8e,180,1489,10423,104.23,365.9030578344013,0.3340621597292901,14.490823484360877,3.0337308508683836,
63c5e90d8e,180,1490,10430,104.3,365.3377621628619,0.3562595392148651,14.343017675183287,3.480460496274409,
63c5e90d8e,180,1491,10437,104.37,364.87570619110284,0.4646401897963988,14.559526776047809,2.0815529084495545,
63c5e90d8e,180,1492,10444,104.44,364.09325214750294,0.31556423133069805,15.161567044657641,2.155027574323014,
63c5e90d8e,180,1493,10451,104.51,363.89999305950596,0.26473232079451836,14.82570402678716,1.5372211523228527,
63c5e90d8e,180,1494,10458,104.58,363.74391255304386,0.25829659671697314,14.490439834017016,1.73383764777529,
63c5e90d8e,180,1495,10465,104.65,363.4940159599533,0.2617529179616205,14.510436872370411,1.2204826995664806,
63c5e90d8e,180,1496,10472,104.72,363.30373614327,0.4006179492138931,14.514483846366122,1.9048166185690476,
63c5e90d8e,180,1497,10479,104.79,362.64366651881886,0.20410496782659138,13.900037054577558,1.4009868623439536,
63c5e90d8e,180,1498,10486,104.86,362.4530656252914,0.30183387551660595,14.005830992251452,2.4730025291418536,
63c5e90d8e,180,1499,10493,104.93,362.00248350379485,0.38734300916233116,14.083560068919363,3.039553935388228,
63c5e90d8e,180,1500,10500,105.0,361.3154843327406,0.20970212689233503,14.05991840019086,1.4859753717586346,
63c5e90d8e,180,1501,10507,105.07,361.1297294323658,0.26041107111541095,14.371585568377208,2.3518369744496033,
63c5e90d8e,180,1502,10514,105.14,361.00533457239374,0.31921315310416926,15.071521365474016,2.3639675577768826,
63c5e90d8e,180,1503,10521,105.21,360.683926708356,0.400592613407328,14.48736045599797,3.7227542956601956,
63c5e90d8e,180,1504,10528,105.28,359.8869277557227,0.2255745845119516,13.866039843665044,1.9286815556984136,
63c5e90d8e,180,1505,10535,105.35,359.6511113793584,0.24833151177565013,14.34828092973767,2.0905387740298647,
63c5e90d8e,180,1506,10542,105.42,359.40148363021177,0.3570435653968488,14.294375295507544,2.867449581177602,
63c5e90d8e,180,1507,10549,105.49,358.7753105957486,0.45631932537866354,14.270478076680481,0.9692529851079807,
63c5e90d8e,180,1508,10556,105.56,357.9053855937291,0.30227726954993545,14.63178026252374,2.8085581024882464,
63c5e90d8e,180,1509,10563,105.63,357.5725864600183,0.3905640455108838,14.681828588134254,3.029194898256378,
63c5e90d8e,180,1510,10570,105.7,356.85413988505115,0.1911553969461089,14.251033686311597,1.0763762571354665,
63c5e90d8e,180,1511,10577,105.77,356.754789473342,0.40700094445567486,14.549652680752263,3.548577485286773,
63c5e90d8e,180,1512,10584,105.84,356.08490685717294,0.340096702055642,15.449314588133232,3.3892405254236233,
63c5e90d8e,180,1513,10591,105.91,355.8291223013792,0.3513512263679249,16.002919146844242,2.1804661180256026,
63c5e90d8e,180,1514,10598,105.98,355.6480142900391,0.46397622432937086,15.056539220869581,3.1235738974703158,
63c5e90d8e,180,1515,10605,106.05,355.1249737608992,0.47476648903581226,15.711365622704834,3.188787323040236,
63c5e90d8e,180,1516,10612,106.12,354.54479187169403,0.3132880224788896,14.450580725607809,1.0878316002944222,
63c5e90d8e,180,1517,10619,106.19,354.3403998565773,0.28097018089576115,14.740767223230376,1.6155492812441172,
63c5e90d8e,180,1518,10626,106.26,354.0814303806504,0.33114217311747285,14.165147596924774,2.6910761679859174,
63c5e90d8e,180,1519,10633,106.33,353.7822723985169,0.45517979791591745,15.626410016328533,4.212944911048877,
63c5e90d8e,180,1520,10640,106.4,352.9488724849385,0.292373068050795,14.408004275799156,2.0533143178231414,
63c5e90d8e,180,1521,10647,106.47,352.63320823621655,0.4355471847954871,14.890512911360046,2.913465650903548,
63c5e90d8e,180,1522,10654,106.54,351.672245586986,0.13440376498861564,14.624802230413554,0.946011795241578,
63c5e90d8e,180,1523,10661,106.61,351.5827344138603,0.1917147029161612,14.941556204671931,1.7682879084048369,
63c5e90d8e,180,1524,10668,106.68,351.456480018222,0.5912624066083986,15.079619741709411,2.8335682830951825,
63c5e90d8e,180,1525,10675,106.75,351.37520432302364,0.33317328114509204,16.843438306821753,1.4843559087162521,
63c5e90d8e,180,1526,10682,106.82,350.8531775635092,0.387752979911074,15.542187068100233,2.9062579034053377,
63c5e90d8e,180,1527,10689,106.89,350.13868627898177,0.5512536756747725,15.98369952754561,2.7546758154463613,
63c5e90d8e,180,1528,10696,106.96,350.0260511652253,0.43373055487884743,17.193497456285826,2.7080797772877094,
63c5e90d8e,180,1529,10703,107.03,349.37204264494574,0.3422610969468059,16.209547659957696,3.0478509507981486,
63c5e90d8e,180,1530,10710,107.1,349.0466834384869,0.4371350218713033,15.719552348880454,2.810038036868166,
63c5e90d8e,180,1531,10717,107.17,348.2616384802098,0.30100481677227564,16.4271306190278,2.3526441329400427,
63c5e90d8e,180,1532,10724,107.24,348.0903031463996,0.3212413492782451,15.779430284725303,2.1842304528034777,
63c5e90d8e,180,1533,10731,107.31,347.8180810116193,0.4516020613772597,16.164288755467076,3.9772057069172453,
63c5e90d8e,180,1534,10738,107.38,347.3038848164393,0.48497581890392516,17.16655477456068,3.224253902991624,
63c5e90d8e,180,1535,10745,107.45,346.8850500406228,0.4540945198197812,17.236307374451165,2.9480610775430933,
63c5e90d8e,180,1536,10752,107.52,346.1702875799792,0.31256220307742255,16.018815247941863,2.2958961456464144,
63c5e90d8e,180,1537,10759,107.59,345.8806736567166,0.4465134932727916,16.32633350362742,4.234252082921635,
63c5e90d8e,180,1538,10766,107.66,344.9877665767722,0.180196145366897,15.851258387033713,1.5399913026687782,
63c5e90d8e,180,1539,10773,107.73,344.85565577503905,0.34986646629323803,16.2741268530289,3.109117610718192,
63c5e90d8e,180,1540,10780,107.8,344.49774952948786,0.2396587373522533,15.681708906143337,1.235491502094795,
63c5e90d8e,180,1541,10787,107.87,344.3137818863718,0.4364912460344202,15.468391924401503,4.150775564848447,
63c5e90d8e,180,1542,10794,107.94,343.7387216293744,0.350811281004594,15.194771604421724,2.114998101249728,
63c5e90d8e,180,1543,10801,108.01,343.2317420989128,0.38516557920604266,15.030293467037968,3.6237328580260297,
63c5e90d8e,180,1544,10808,108.08,342.9739386391045,0.29012877521044106,15.284072497959393,1.3796428009672794,
63c5e90d8e,180,1545,10815,108.15,342.9091710396965,0.4046843769893634,14.965697651905021,3.278414842349825,
63c5e90d8e,180,1546,10822,108.22,342.7193563590737,0.5950180404415828,15.69182568612361,3.5373367217538965,
63c5e90d8e,180,1547,10829,108.29,341.34727622376704,0.3804713915171862,15.668367439362333,2.350381292544847,
63c5e90d8e,180,1548,10836,108.36,340.928623772017,0.3338530901243044,16.88978806105614,2.6982288316093577,
63c5e90d8e,180,1549,10843,108.43,340.64653451822,0.3915985071352983,16.401215835696014,2.964949651419936,
63c5e90d8e,180,1550,10850,108.5,340.1226372539994,0.30695296691945584,15.891610852072017,1.840526053582349,
63c5e90d8e,180,1551,10857,108.57,339.83991715004265,0.27113157474121274,16.371549647691925,2.1351554051042703,
63c5e90d8e,180,1552,10864,108.64,339.4832296101327,0.3158588693149298,15.830121824231904,2.8826547637117197,
63c5e90d8e,180,1553,10871,108.71,339.05184267700105,0.3872978594166199,15.407084491906875,3.551017820952864,
63c5e90d8e,180,1554,10878,108.78,338.4308950806737,0.14198429672973972,15.667656628276506,0.7140445521502716,
63c5e90d8e,180,1555,10885,108.85,338.345742381057,0.6149096901395964,15.133845851099009,2.9428510973964803,
63c5e90d8e,180,1556,10892,108.92,338.1429613693913,0.3164293436486337,15.695134176389821,2.081212302348435,
63c5e90d8e,180,1557,10899,108.99,337.7431899689722,0.24150091353563574,14.681388972318214,1.8423200541578295,
63c5e90d8e,180,1558,10906,109.06,337.4466087161998,0.3685240298640056,14.581215165751868,2.715601941428492,
63c5e90d8e,180,1559,10913,109.13,336.89251005356306,0.3683628002000061,14.59497200077497,2.1858310040799216,
63c5e90d8e,180,1560,10920,109.2,336.4447226514292,0.4836955777707382,15.325363632929333,4.66316716042871,
63c5e90d8e,180,1561,10927,109.27,335.27492420888314,0.5552268244539822,15.448615351653167,5.495437704391294,
63c5e90d8e,180,1562,10934,109.34,333.94027716087436,0.4362811948954942,15.765836661417337,1.2363530426446125,
63c5e90d8e,180,1563,10941,109.41,333.2885045966987,0.26832803414267886,14.557010190105583,1.5830345404657573,
63c5e90d8e,180,1564,10948,109.48,333.0790371771784,0.3832681611488895,15.261755739589386,3.3702507858479356,
63c5e90d8e,180,1565,10955,109.55,332.7683251485531,0.3833015005721904,15.687376637558286,3.1123530855280683,
63c5e90d8e,180,1566,10962,109.62,332.2217654343158,0.3531817291436407,14.201547568762686,3.087656541803216,
63c5e90d8e,180,1567,10969,109.69,331.60352582636864,0.15700597531093413,14.31426114891584,1.5216971069311058,
63c5e90d8e,180,1568,10976,109.76,331.4839906727013,0.24548282993059214,14.121373065204152,2.4530249908254915,
63c5e90d8e,180,1569,10983,109.83,331.21580367286293,0.1694389277054242,14.35618495315115,1.7083155905442586,
63c5e90d8e,180,1570,10990,109.9,331.09086552970024,0.22305459973634656,14.19577379010408,1.4859359514104882,
63c5e90d8e,180,1571,10997,109.97,330.90805460949497,0.14523331241360357,14.588956106740342,1.1124013617454585,
63c5e90d8e,180,1572,11004,110.04,330.83207630472094,0.39127204530930987,14.363624106301948,3.8168015362761163,
63c5e90d8e,180,1573,11011,110.11,330.3731426056114,0.25177074186068166,14.072205342359174,1.1911236796303781,
63c5e90d8e,180,1574,11018,110.18,330.1398679685573,0.3400136876761097,13.566654449367899,3.2819684080636926,
63c5e90d8e,180,1575,11025,110.25,329.74498378759716,0.3038662781468701,13.383520920390671,2.6713839960372443,
63c5e90d8e,180,1576,11032,110.32,329.4859395803025,0.2489273982824991,13.336273348686046,1.4846198027601227,
63c5e90d8e,180,1577,11039,110.39,329.319335817258,0.3905078397510843,12.932117936865469,2.1189724033174753,
63c5e90d8e,180,1578,11046,110.46,328.5707529207251,0.32495269093137824,13.524085872204047,2.5618650879612996,
63c5e90d8e,180,1579,11053,110.53,328.08376659140504,0.1530208480509731,12.860824075545292,1.2624780334421029,
63c5e90d8e,180,1580,11060,110.6,327.9991827105328,0.2646716442209586,13.082042872633163,1.8971739214941499,
63c5e90d8e,180,1581,11067,110.67,327.7447742207227,0.3363641654238184,13.142532754317148,2.1078177134827834,
63c5e90d8e,180,1582,11074,110.74,327.2361056579737,0.28365957486210797,13.166234447670245,1.260583670764203,
63c5e90d8e,180,1583,11081,110.81,326.9026165022268,0.23114331017399103,13.793718804447385,1.829960334934389,
63c5e90d8e,180,1584,11088,110.88,326.6950103464478,0.22287562446533277,13.488296249037436,2.070545436934787,
63c5e90d8e,180,1585,11095,110.95,326.5705338326003,0.3212380800170349,13.904429416964762,1.5450704441684584,
63c5e90d8e,180,1586,11102,111.02,326.05434385843245,0.1926916031963722,13.45023616460512,1.9100941983435773,
63c5e90d8e,180,1587,11109,111.09,325.90439315728975,0.16683288166138094,13.191431289130554,1.5582403858329446,
63c5e90d8e,180,1588,11116,111.16,325.76707271039544,0.08444827075137964,13.543004981119594,0.8256672145670947,
63c5e90d8e,180,1589,11123,111.23,325.7341077402151,0.15993357711013736,13.534699717640722,1.5371817122472797,
63c5e90d8e,180,1590,11130,111.3,325.61022234587614,0.4378894773516807,13.504677567259323,3.480261491283195,
63c5e90d8e,180,1591,11137,111.37,325.00883417636044,0.3933261959786371,12.929650077811516,2.906775990250227,
63c5e90d8e,180,1592,11144,111.44,324.5032353873159,0.29691396976628603,12.701361786876976,1.6729067075680506,
63c5e90d8e,180,1593,11151,111.51,324.27938804218667,0.20501141718227714,12.449957711983714,0.8731720355636261,
63c5e90d8e,180,1594,11158,111.58,324.1396457078694,0.10266665589449284,12.475238259334958,0.5092993277138731,
63c5e90d8e,180,1595,11165,111.65,324.10616534061285,0.26174031265282816,12.379782673577433,2.0470959016655756,
63c5e90d8e,180,1596,11172,111.72,323.8318661753698,0.23981980398045397,12.77021951142759,2.341621398224696,
63c5e90d8e,180,1597,11179,111.79,323.6841580070687,0.5236404728567684,12.522591976419575,2.3513344601134203,
63c5e90d8e,180,1598,11186,111.86,323.64548738826466,0.37150112749266756,13.89409320344696,2.1054367630215074,
63c5e90d8e,180,1599,11193,111.93,323.2007919790533,0.24289221059715319,13.473877026951362,1.216820736234695,
63c5e90d8e,180,1600,11200,112.0,323.000767655206,0.31236441008772076,13.665501584798823,2.840047090854917,
63c5e90d8e,180,1601,11207,112.07,322.68914009239865,0.2809173847391278,14.349444386578858,1.669014345996756,
63c5e90d8e,180,1602,11214,112.14,322.58602687088114,0.3522688167861091,13.858583633212177,2.5735661226165765,
63c5e90d8e,180,1603,11221,112.21,322.31483086250387,0.352434517249807,14.62854691523951,3.121551097336978,
63c5e90d8e,180,1604,11228,112.28,322.02263808571837,0.4355562530580141,13.525266512650825,3.132805009366958,
63c5e90d8e,180,1605,11235,112.35,321.4937354054351,0.34336417961428023,14.21565633389803,1.6086721302886702,
63c5e90d8e,180,1606,11242,112.42,320.9935165237859,0.15813885235350333,12.861600022908407,1.1607316006477817,
63c5e90d8e,180,1607,11249,112.49,320.92026052627324,0.23851104496016462,13.214192148383091,2.233266153170506,
63c5e90d8e,180,1608,11256,112.56,320.6709987800072,0.5923269911000852,12.056275910609209,2.3564412889199637,
63c5e90d8e,180,1609,11263,112.63,320.27899858241193,0.29117457996168744,13.591466013463124,1.8621109154902964,
63c5e90d8e,180,1610,11270,112.7,319.88904912183693,0.358951173280871,13.015434454351018,3.1306845589107013,
63c5e90d8e,180,1611,11277,112.77,319.4711237140422,0.33714905256444955,13.24535373747543,2.092259616204935,
63c5e90d8e,180,1612,11284,112.84,319.00562172115565,0.20943613841048178,11.979560317227614,1.7549877435003016,
63c5e90d8e,180,1613,11291,112.91,318.835946721357,0.26988379905777926,12.51892506614368,2.0652333890374734,
63c5e90d8e,180,1614,11298,112.98,318.59659100099213,0.2693276185798123,12.589480502468483,2.3296151925800186,
63c5e90d8e,180,1615,11305,113.05,318.3199872113518,0.16926233364025012,12.325124458935745,0.7863108623681998,
63c5e90d8e,180,1616,11312,113.12,318.2364169672631,0.30930370297922677,12.885022988588938,2.8261304818675352,
63c5e90d8e,180,1617,11319,113.19,318.03096582788345,0.40074704940462463,12.102047037806631,2.7772592145581605,
63c5e90d8e,180,1618,11326,113.26,317.29019062354973,0.20999332644494856,12.544530210789162,1.5806806947678962,
63c5e90d8e,180,1619,11333,113.33,317.1204535459613,0.31908965354931335,12.30074317870191,2.260554829537007,
63c5e90d8e,180,1620,11340,113.4,316.7065626766361,0.25312020988350253,11.773071544339528,1.8878509661029064,
63c5e90d8e,180,1621,11347,113.47,316.4085330671117,0.15968289224171994,11.889282236968244,1.4102877207557842,
63c5e90d8e,180,1622,11354,113.54,316.31601247764024,0.203154137933235,12.46814453371665,1.7726451790354618,
63c5e90d8e,180,1623,11361,113.61,316.129015347623,0.13049737582457663,12.29257727947283,1.100126557557505,
63c5e90d8e,180,1624,11368,113.68,316.0532275398258,0.19520094042962757,12.241414847191646,0.8066184461216256,
63c5e90d8e,180,1625,11375,113.75,316.0285170209976,0.3347756511115236,12.513213877885002,1.9860069838207164,
63c5e90d8e,180,1626,11382,113.82,315.7010310853826,0.3472324223454798,11.634748087159556,2.813974304184573,
63c5e90d8e,180,1627,11389,113.89,315.22355244357163,0.22650952402258964,12.133894412806871,2.1329185349138546,
63c5e90d8e,180,1628,11396,113.96,315.09632779965966,0.3136624013572098,11.332451291179416,1.8889309727853034,
63c5e90d8e,180,1629,11403,114.03,314.7355202227894,0.21716637280989948,11.584730878130777,1.7837846612985575,
63c5e90d8e,180,1630,11410,114.1,314.689929810569,0.3436922759173943,11.692148367249894,2.4868886891803843,
63c5e90d8e,180,1631,11417,114.17,314.26173163790355,0.23177527062210948,11.303017387247097,1.6767115684079301,
63c5e90d8e,180,1632,11424,114.24,314.1187061002683,0.24327953343607725,11.333323988848063,2.029019763187498,
63c5e90d8e,180,1633,11431,114.31,313.9522687998717,0.22207068990145615,11.275825311240823,1.8371777304745132,
63c5e90d8e,180,1634,11438,114.38,313.7168604463114,0.11051289376527351,10.965433209896506,0.8029336846521888,
63c5e90d8e,180,1635,11445,114.45,313.67248917915697,0.1781826729508176,11.273332761699871,1.1594194161635756,
63c5e90d8e,180,1636,11452,114.52,313.5129780599957,0.2724237491918881,10.98101093872691,2.5263423685958077,
63c5e90d8e,180,1637,11459,114.59,313.1696524322627,0.2382351998715607,11.541720749164583,2.325580666722169,
63c5e90d8e,180,1638,11466,114.66,312.9164830737459,0.2699349102041965,11.700172488150132,2.6148270627057686,
63c5e90d8e,180,1639,11473,114.73,312.59968644799795,0.13192253710812232,11.161514982204858,1.192487233451225,
63c5e90d8e,180,1640,11480,114.8,312.55557515950477,0.29385265031040214,11.582184662947709,2.841187229164324,
63c5e90d8e,180,1641,11487,114.87,312.1609673790187,0.187422204051369,11.153558929586332,1.4624924262824883,
63c5e90d8e,180,1642,11494,114.94,312.0150859184592,0.1262420861630455,11.691120372243649,1.0420798526823962,
63c5e90d8e,180,1643,11501,115.01,311.9622811868753,0.2601680549712445,11.430093544824688,2.4418296139656457,
63c5e90d8e,180,1644,11508,115.08,311.83245183202007,0.3633410298328827,12.377256387754763,2.531642983538133,
63c5e90d8e,180,1645,11515,115.15,311.58203606541576,0.2958864913970525,11.667730208974655,1.5814907902199926,
63c5e90d8e,180,1646,11522,115.22,311.5638737211777,0.3524074968136622,12.943719799453005,2.2843424361835614,
63c5e90d8e,180,1647,11529,115.29,311.3921866123605,0.36517480434960814,11.614613498325149,1.05217169340384,
63c5e90d8e,180,1648,11536,115.36,311.1210491125633,0.35573222054927667,12.84203631178973,2.2446664740935542,
63c5e90d8e,180,1649,11543,115.43,310.96634869135096,0.4222623302026991,11.78133647839644,3.4024750410142164,
63c5e90d8e,180,1650,11550,115.5,310.4569079482768,0.25543099787094836,11.899575108545575,1.4824939125350782,
63c5e90d8e,180,1651,11557,115.57,310.33789487363947,0.22142142860013853,11.488802442790275,1.5302787925199743,
63c5e90d8e,180,1652,11564,115.64,310.19685481889627,0.1955756875017044,11.624157049572993,1.4730771157834015,
63c5e90d8e,180,1653,11571,115.71,310.05279300094634,0.24589675190680382,11.379189014523535,1.5525584055918293,
63c5e90d8e,180,1654,11578,115.78,309.84925627777153,0.23347963149969206,11.449879942680989,1.6827240546759714,
63c5e90d8e,180,1655,11585,115.85,309.706835187955,0.1875478327953375,10.949157530289794,1.4676025131301675,
63c5e90d8e,180,1656,11592,115.92,309.64813763393937,0.28265227163062506,10.980104336403581,2.396327084417831,
63c5e90d8e,180,1657,11599,115.99,309.5716570286849,0.3094006677682803,11.249023666177193,2.149107425675304,
63c5e90d8e,180,1658,11606,116.06,309.47048262030313,0.4152780097831506,11.311029081253519,1.6216340613459836,
63c5e90d8e,180,1659,11613,116.13,308.9316790032054,0.32571654879136075,11.692451717876356,1.9752584204999764,
63c5e90d8e,180,1660,11620,116.2,308.63309070184494,0.2541610852153521,12.11119319891627,1.8092373648523798,
63c5e90d8e,180,1661,11627,116.27,308.4902102622849,0.36544916110769454,12.129639262613722,2.887730877749383,
63c5e90d8e,180,1662,11634,116.34,308.1085070085433,0.4633392086140237,11.802294007561922,4.197886830277435,
63c5e90d8e,180,1663,11641,116.41,307.1564886181248,0.1958619874902504,11.412642117507565,1.7538827855000165,
63c5e90d8e,180,1664,11648,116.48,307.05515595723233,0.2086721703679941,11.20849806384212,1.6991102923625503,
63c5e90d8e,180,1665,11655,116.55,306.8663342733693,0.12386545701542656,10.938908333498048,1.1472502719958033,
63c5e90d8e,180,1666,11662,116.62,306.8012477440541,0.11673641002689772,11.073345051802017,1.1482722672491732,
63c5e90d8e,180,1667,11669,116.69,306.742588930767,0.25663140125326434,10.61297861144246,2.382397653926096,
63c5e90d8e,180,1668,11676,116.76,306.4779674132502,0.3321583396766688,10.98128721821766,1.5333720938677098,
63c5e90d8e,180,1669,11683,116.83,306.4172138562287,0.27868609647834774,11.311882923419414,2.319834632371094,
63c5e90d8e,180,1670,11690,116.9,306.157266901782,0.35244103857329606,11.348755919174181,3.192607193321243,
63c5e90d8e,180,1671,11697,116.97,305.76856254106343,0.1590074184667245,11.419216709222631,0.8530485704211554,
63c5e90d8e,180,1672,11704,117.04,305.6840433035101,0.14034705718737503,10.98067459773578,1.2612943599814157,
63c5e90d8e,180,1673,11711,117.11,305.6298796421215,0.22157843834629448,11.114860390333734,0.8757210030415585,
63c5e90d8e,180,1674,11718,117.18,305.5976235937662,0.2010919683342623,11.018167696319697,0.5397057373173767,
63c5e90d8e,180,1675,11725,117.25,305.4393311903467,0.2697724900530108,11.293999320828897,2.6366119703127766,
63c5e90d8e,180,1676,11732,117.32,305.21834527088095,0.36499362625720677,10.963316879908604,3.0245892039060647,
63c5e90d8e,180,1677,11739,117.39,304.9120784590884,0.454898419725689,11.853879059898748,2.0763052190388787,
63c5e90d8e,180,1678,11746,117.46,304.62594838525445,0.4858366249340336,12.591493629132994,2.652022476603549,
63c5e90d8e,180,1679,11753,117.53,304.1328393297622,0.5110602287449387,11.309108952212402,4.000974362773458,
63c5e90d8e,180,1680,11760,117.6,303.70982726577955,0.24410775767342296,12.394843148045425,2.0218726275120815,
63c5e90d8e,180,1681,11767,117.67,303.10264215665615,0.1742174839953311,10.138864975044157,0.22028681660469646,
63c5e90d8e,180,1682,11774,117.74,303.1021719610284,0.22676725932681396,10.529797769712927,1.3841334964920264,
63c5e90d8e,180,1683,11781,117.81,302.8827627149114,0.31518066385686483,9.802172287982755,1.537721692642012,
63c5e90d8e,180,1684,11788,117.88,302.4272343923714,0.22323460680636947,9.94994470432966,1.5823971608135383,
63c5e90d8e,180,1685,11795,117.95,302.2223722950107,0.22381535570885774,9.930675740319568,2.224819275754069,
63c5e90d8e,180,1686,11802,118.02,301.97173217749315,0.16403628528110648,9.275889793565511,1.504520028381596,
63c5e90d8e,180,1687,11809,118.09,301.8661820255295,0.27311418441619717,9.827494931543637,1.2466121332258129,
63c5e90d8e,180,1688,11816,118.16,301.8239301413196,0.20983583657107835,9.543768205619791,1.679098561899756,
63c5e90d8e,180,1689,11823,118.23,301.640018003017,0.22571194588755228,10.066476637674503,2.1968682257283967,
63c5e90d8e,180,1690,11830,118.3,301.4345723996956,0.10866381542315014,9.662706620047624,0.8314570592134041,
63c5e90d8e,180,1691,11837,118.37,301.3827695989652,0.20578182010188092,9.879595064623341,1.620185849840791,
63c5e90d8e,180,1692,11844,118.44,301.2103659070768,0.19169679896939354,9.84948104538757,1.8922729806758796,
63c5e90d8e,180,1693,11851,118.51,301.02310882997347,0.11055709452131565,9.562013556549157,0.9681099183778326,
63c5e90d8e,180,1694,11858,118.58,300.96618071984597,0.2166546572074967,9.721204003101057,1.1021948792858194,
63c5e90d8e,180,1695,11865,118.65,300.79212188612905,0.259257046851489,10.025791812103716,1.968506814743571,
63c5e90d8e,180,1696,11872,118.72,300.5200331742426,0.10629966888831849,10.191103505800257,0.07659910202134079,
63c5e90d8e,180,1697,11879,118.79,300.4822890256149,0.24919916230885242,10.099373534479568,2.460448095482779,
63c5e90d8e,180,1698,11886,118.86,300.27322311516957,0.1557801510484929,10.247468091627796,1.0038696732286447,
63c5e90d8e,180,1699,11893,118.93,300.1889256077109,0.16136081352641646,9.906621713247189,1.2973530933026434,
63c5e90d8e,180,1700,11900,119.0,300.06197365350164,0.25249039887090563,10.024672442874628,1.0224718577875347,
63c5e90d8e,180,1701,11907,119.07,300.0542650101028,0.22685581176718825,10.551220348419465,1.253593753136908,
63c5e90d8e,180,1702,11914,119.14,299.84414480246306,0.12152327443278237,10.080645891898508,0.932360775043665,
63c5e90d8e,180,1703,11921,119.21,299.7879499411316,0.1548250674552935,9.875181285769672,1.466435685898683,
63c5e90d8e,180,1704,11928,119.28,299.68999304289355,0.10567697316166304,10.06539457550626,0.9203341259615295,
63c5e90d8e,180,1705,11935,119.35,299.63948911688215,0.19141682120888542,9.968249383469558,1.8389799867799783,
63c5e90d8e,180,1706,11942,119.42,299.52436184218175,0.1307639163454131,9.727934541760014,1.1261633807206533,
63c5e90d8e,180,1707,11949,119.49,299.470877953833,0.12313738083792611,9.457076514119054,0.7612825870858921,
63c5e90d8e,180,1708,11956,119.56,299.43296703579585,0.29920389570212813,9.94563565312771,2.9671754147409986,
63c5e90d8e,180,1709,11963,119.63,299.18354840454657,0.23751505958925667,9.769451679796672,1.719930411805734,
63c5e90d8e,180,1710,11970,119.7,299.0293368701317,0.26646039785991255,9.744189185561693,2.578045584357518,
63c5e90d8e,180,1711,11977,119.77,298.69765980522055,0.14514169285233763,9.210428633121277,1.391732488870322,
63c5e90d8e,180,1712,11984,119.84,298.61770622475063,0.15887772217084928,9.230269480805786,1.5334283408566216,
63c5e90d8e,180,1713,11991,119.91,298.5075664923763,0.16763538499006403,9.5320683241513,1.6615360162154693,
63c5e90d8e,180,1714,11998,119.98,298.40068663084503,0.1933637122520146,9.59866145236489,1.815319724249816,
63c5e90d8e,180,1715,12005,120.05,298.24341494140407,0.2387751781589099,9.153339241785458,2.1114486762780604,
63c5e90d8e,180,1716,12012,120.12,297.98940189617673,0.12941127574040315,9.559078485878619,1.0420129572919172,
63c5e90d8e,180,1717,12019,120.19,297.947023181686,0.18805270351193953,9.239817460756543,1.5577500406987421,
63c5e90d8e,180,1718,12026,120.26,297.80272445216264,0.22761862577056585,9.332058823501868,1.5492395583846725,
63c5e90d8e,180,1719,12033,120.33,297.565719117441,0.2869188958844223,9.118999690232874,2.556904725943059,
63c5e90d8e,180,1720,12040,120.4,297.22326185806014,0.1087189542643695,9.115106617975089,0.9198592502353041,
63c5e90d8e,180,1721,12047,120.47,297.19170388562526,0.2557166042407799,9.031042323365295,2.0591218000229867,
63c5e90d8e,180,1722,12054,120.54,296.90360137286234,0.3496239576992063,9.378747167445528,1.3100730565899275,
63c5e90d8e,180,1723,12061,120.61,296.85448718463925,0.1794697100654985,10.141441438622117,1.0943340636686405,
63c5e90d8e,180,1724,12068,120.68,296.7177906625211,0.1558329911770742,9.586928724543306,1.371902155922046,
63c5e90d8e,180,1725,12075,120.75,296.6695922826237,0.279408367047573,9.565482448860456,2.1994690380327944,
63c5e90d8e,180,1726,12082,120.82,296.39950705899497,0.20966408137283638,9.187252016513371,1.7264566046640646,
63c5e90d8e,180,1727,12089,120.89,296.24783648196023,0.23621632223132843,9.024027501217082,2.1060855918886423,
63c5e90d8e,180,1728,12096,120.96,296.0403182269747,0.1659292629496178,9.239915513528892,0.6104238258705514,
63c5e90d8e,180,1729,12103,121.03,295.9941017843434,0.27132247305009505,9.281285404444011,2.4462162066114965,
63c5e90d8e,180,1730,12110,121.1,295.80197057795596,0.3238118114573602,9.803469849485246,2.767452963273019,
63c5e90d8e,180,1731,12117,121.17,295.43869120794074,0.23043815672285908,9.585548651021234,0.9547022405869241,
63c5e90d8e,180,1732,12124,121.24,295.2816715156029,0.22896446644943047,9.696884422774646,1.8052209178225234,
63c5e90d8e,180,1733,12131,121.31,295.10293125952165,0.1273074452111621,9.481665318915484,0.7349124585576995,
63c5e90d8e,180,1734,12138,121.38,295.0453761218972,0.1746042508562159,9.31748739099489,1.603624111890046,
63c5e90d8e,180,1735,12145,121.45,294.902980629474,0.10916870416947026,9.101569825628104,0.952187195052478,
63c5e90d8e,180,1736,12152,121.52,294.85344122343867,0.18554921106643105,9.08832349223864,1.824801404739724,
63c5e90d8e,180,1737,12159,121.59,294.72490076869303,0.1663610798007364,9.3695883416749,1.2868987715893405,
63c5e90d8e,180,1738,12166,121.66,294.60334569387356,0.16993227970394534,9.112245609937078,1.1179995825165752,
63c5e90d8e,180,1739,12173,121.73,294.4613928099462,0.24621587705766418,9.335867144841645,1.0589221429941231,
63c5e90d8e,180,1740,12180,121.8,294.4609083357704,0.23520921247284063,9.670671551049471,2.1614374026994736,
63c5e90d8e,180,1741,12187,121.87,294.20897741070877,0.09184019340762231,9.5001082143065,0.3439991289867629,
63c5e90d8e,180,1742,12194,121.94,294.17231300311414,0.2715293348609511,9.214249076242897,1.1780867413225884,
63c5e90d8e,180,1743,12201,122.01,293.9427015025033,0.16371199697683753,9.502783458275442,0.9090439892047836,
63c5e90d8e,180,1744,12208,122.08,293.86365273212465,0.2175248623028872,8.9971906330126,1.8811643781856733,
63c5e90d8e,180,1745,12215,122.15,293.76517376369674,0.21696947311813045,9.953987129310704,1.5744560708579838,
63c5e90d8e,180,1746,12222,122.22,293.66369085502924,0.25148957004391403,9.156855110548483,1.1874698811952253,
63c5e90d8e,180,1747,12229,122.29,293.46839881575005,0.29328037388968126,10.258083163983235,2.4140972945810297,
63c5e90d8e,180,1748,12236,122.36,293.19521340391753,0.2119749002807962,9.63268702740331,1.3657490144039162,
63c5e90d8e,180,1749,12243,122.43,293.0878842977393,0.20793733998697045,10.282316093474169,1.5314245688452524,
63c5e90d8e,180,1750,12250,122.5,292.9404886982837,0.2005112396152237,9.370205587572714,1.7530283298177756,
63c5e90d8e,180,1751,12257,122.57,292.7859581740481,0.14642048252391385,10.34871675296613,0.995595879541079,
63c5e90d8e,180,1752,12264,122.64,292.711106137022,0.44421766551129954,9.845829197921951,1.7590663708542549,
63c5e90d8e,180,1753,12271,122.71,292.68989083493517,0.27883796159969004,10.424357944368033,1.8418177724430633,
63c5e90d8e,180,1754,12278,122.78,292.3919933919341,0.1977011334703732,9.848706817994193,1.4095077748165465,
63c5e90d8e,180,1755,12285,122.85,292.25390301825524,0.18386267065253262,10.237037317142436,1.0818225577276803,
63c5e90d8e,180,1756,12292,122.92,292.1269408265687,0.11511049497756666,9.809488312444246,1.0196219367226247,
63c5e90d8e,180,1757,12299,122.99,292.07767107579633,0.2573276796964821,9.923168458260404,0.8858697908789801,
63c5e90d8e,180,1758,12306,123.06,292.03575367482523,0.27696021346957544,10.337257739943924,1.930632839742781,
63c5e90d8e,180,1759,12313,123.13,291.7650392982392,0.13086723576387305,10.353109785525653,0.7094560925662992,
63c5e90d8e,180,1760,12320,123.2,291.7201577932201,0.10749654847813936,10.236500319636464,0.7559204453359993,
63c5e90d8e,180,1761,12327,123.27,291.66824099936474,0.16941790066725834,10.393192281119342,1.657771572630472,
63c5e90d8e,180,1762,12334,123.34,291.5584505619261,0.2548634047687756,10.592258858744879,1.768959700810067,
63c5e90d8e,180,1763,12341,123.41,291.3333910267636,0.1916721081815265,9.827919404682993,1.0789672219671065,
63c5e90d8e,180,1764,12348,123.48,291.16242829166634,0.09276682348819107,9.831066691349678,0.40286603557636563,
63c5e90d8e,180,1765,12355,123.55,291.1361780799171,0.2191029976072764,9.791026392182856,1.6076227428695073,
63c5e90d8e,180,1766,12362,123.62,290.9475372386967,0.09465053541466645,9.668158852006284,0.607689964769118,
63c5e90d8e,180,1767,12369,123.69,290.93159992077403,0.17739331691200852,9.611255582713701,1.7369279899890853,
63c5e90d8e,180,1768,12376,123.76,290.80023584924635,0.19237122277542312,9.533791819035976,1.1984262913910537,
63c5e90d8e,180,1769,12383,123.83,290.66569051255414,0.5247495317829061,9.433340989920293,2.3501981924926256,
63c5e90d8e,180,1770,12390,123.9,290.6493618613506,0.3165393587663107,11.555237518117103,1.6822229281704117,
63c5e90d8e,180,1771,12397,123.97,290.2097611848508,0.184682916894451,10.186511833636647,1.7278997997978076,
63c5e90d8e,180,1772,12404,124.04,290.04704096931977,0.15873497712213339,10.001261751982614,1.139022866069527,
63c5e90d8e,180,1773,12411,124.11,289.9305929220507,0.11852893980107308,10.392859425256516,0.7807826628334402,
63c5e90d8e,180,1774,12418,124.18,289.869365790758,0.12952133492522236,10.730847820401502,1.2727453355251261,
63c5e90d8e,180,1775,12425,124.25,289.81450167741286,0.24331453132999434,11.236475778193945,2.463006996390053,
63c5e90d8e,180,1776,12432,124.32,289.6092836668523,0.27337143791961904,10.535840512201702,2.3997087296968025,
63c5e90d8e,180,1777,12439,124.39,289.3543142941078,0.1907347690187369,10.132659434697109,1.5360446877855511,
63c5e90d8e,180,1778,12446,124.46,289.2154482069343,0.12039667483676017,9.724209891832462,0.9605033190743587,
63c5e90d8e,180,1779,12453,124.53,289.1492535280441,0.2789990523878697,9.684438507463653,2.786035748275881,
63c5e90d8e,180,1780,12460,124.6,288.81866817511303,0.19478238511685464,9.74174918086796,1.8736632853599393,
63c5e90d8e,180,1781,12467,124.67,288.6901060064636,0.17611049505980836,8.86822844836031,1.5808248531488736,
63c5e90d8e,180,1782,12474,124.74,288.58871112093715,0.23729439275111908,9.493813247022574,2.300800372293493,
63c5e90d8e,180,1783,12481,124.81,288.3565861533845,0.24160833818953176,9.257221032456883,1.8611425335416458,
63c5e90d8e,180,1784,12488,124.88,288.1783287162442,0.14776910905787885,9.145410071172119,0.681967993867954,
63c5e90d8e,180,1785,12495,124.95,288.1009691756737,0.16251458203605998,8.930663506886395,1.4927930172593558,
63c5e90d8e,180,1786,12502,125.02,288.024116129904,0.29066323270227723,8.941756523990184,2.157846629745297,
63c5e90d8e,180,1787,12509,125.09,287.8397253168125,0.30749786222649506,8.752003880746907,2.204657355496952,
63c5e90d8e,180,1788,12516,125.16,287.7097486482485,0.14119758131814591,9.17930317731916,0.7196769776004507,
63c5e90d8e,180,1789,12523,125.23,287.52292337617536,0.131904272597069,8.520459964991725,1.2106628581680006,
63c5e90d8e,180,1790,12530,125.3,287.44540377428757,0.12699493351017122,8.488024926015793,0.4292859703471562,
63c5e90d8e,180,1791,12537,125.37,287.394274723517,0.12050644333843008,8.457227170545043,0.8428611740339357,
63c5e90d8e,180,1792,12544,125.44,287.33364345510506,0.13427543444878637,8.362797446869656,1.2614633275988596,
63c5e90d8e,180,1793,12551,125.51,287.24453573669564,0.19325848308516688,8.274302949718273,1.7417080847268303,
63c5e90d8e,180,1794,12558,125.58,287.1259312582782,0.19476431513685719,8.480540474046197,1.6911393261329346,
63c5e90d8e,180,1795,12565,125.65,286.9689433537444,0.1522394743374643,8.490319834313272,1.1559521395803902,
63c5e90d8e,180,1796,12572,125.72,286.86901075968615,0.16635246096689507,8.392854863069541,1.1477792799400597,
63c5e90d8e,180,1797,12579,125.79,286.74144872571753,0.1176511320449921,8.097871991779598,0.823482302491244,
63c5e90d8e,180,1798,12586,125.86,286.6879710558617,0.1613621806714532,8.34532361561651,1.2853530936241608,
63c5e90d8e,180,1799,12593,125.93,286.5724177129946,0.08344699824275295,8.140712903974416,0.7574543883548259,
63c5e90d8e,180,1800,12600,126.0,286.543645248017,0.1011923948415347,8.218207218492665,0.8928311528483872,
63c5e90d8e,180,1801,12607,126.07,286.4927033599774,0.21731702206679449,8.341889308022798,1.9252896767530208,
63c5e90d8e,180,1802,12614,126.14,286.342314815015,0.11068797766614974,8.434366940555696,0.5575329153779689,
63c5e90d8e,180,1803,12621,126.21,286.3061248174617,0.10512814456338589,8.153866382981407,0.8687844098808625,
63c5e90d8e,180,1804,12628,126.28,286.2619054628849,0.11905536996691467,8.331652090898563,0.9696543275335454,
63c5e90d8e,180,1805,12635,126.35,286.21031310008266,0.09189893069015292,8.070120035506152,0.8930102022542806,
63c5e90d8e,180,1806,12642,126.42,286.1774260113219,0.38348100220318954,8.302105327707533,1.2433327652920279,
63c5e90d8e,180,1807,12649,126.49,286.06365788670814,0.23157633071381536,9.31795712370915,1.680724775236571,
63c5e90d8e,180,1808,12656,126.56,285.8570488811568,0.18556602065344674,8.104152366946437,1.666743167608716,
63c5e90d8e,180,1809,12663,126.63,285.72749027794725,0.11264287670327461,8.231359446295198,1.067058244480599,
63c5e90d8e,180,1810,12670,126.7,285.69355767453254,0.16868393355686084,8.239050990448943,0.6885757800224247,
63c5e90d8e,180,1811,12677,126.77,285.5952042304364,0.14633111727710751,8.096270805788597,1.1467552962093093,
63c5e90d8e,180,1812,12684,126.84,285.5341457760268,0.24620195097872358,8.239840984272679,1.5105604458475554,
63c5e90d8e,180,1813,12691,126.91,285.2818859944,0.14571536762661022,8.293071748953576,1.2680276030780626,
63c5e90d8e,180,1814,12698,126.98,285.1824204370624,0.30597977733437703,8.3270039416806,0.8433071427296036,
63c5e90d8e,180,1815,12705,127.05,285.1787324688912,0.24594169013381048,8.803361546751889,1.5380833042837452,
63c5e90d8e,180,1816,12712,127.12,284.91658648675497,0.11748952945877539,8.69704670222679,1.1273103221311038,
63c5e90d8e,180,1817,12719,127.19,284.87186982606704,0.1994243431542639,8.145480671444652,1.3913560619596128,
63c5e90d8e,180,1818,12726,127.26,284.6682706691363,0.11415287184438253,8.526041463638153,0.3539145548405411,
63c5e90d8e,180,1819,12733,127.33,284.6058621518428,0.23283097727074997,8.759435791479893,2.353007310568652,
63c5e90d8e,180,1820,12740,127.4,284.3679380087594,0.06952520618345169,8.416341217092581,0.4578796693499631,
63c5e90d8e,180,1821,12747,127.47,284.34459047361304,0.11105797135305874,8.558175167528788,1.116081605284353,
63c5e90d8e,180,1822,12754,127.54,284.28710689737494,0.11708714515827714,8.534542777320928,0.996993862343141,
63c5e90d8e,180,1823,12761,127.61,284.22213784483455,0.18947033583905692,8.350181123624711,0.6872880897948209,
63c5e90d8e,180,1824,12768,127.68,284.06764781866025,0.18544359567616941,8.417794428242432,1.6110274575232044,
63c5e90d8e,180,1825,12775,127.75,283.91108205852726,0.15592356982631683,7.984605445664886,1.5396726330289268,
63c5e90d8e,180,1826,12782,127.82,283.8201678756547,0.1616007226642856,8.067509143873332,1.388315171190182,
63c5e90d8e,180,1827,12789,127.89,283.72572915330824,0.15410686644383526,8.18112664956398,1.0135024024003227,
63c5e90d8e,180,1828,12796,127.96,283.6258725249521,0.38312905808539066,8.297747133660824,1.4607322188683702,
63c5e90d8e,180,1829,12803,128.03,283.60289015095486,0.21377500248129297,8.787685676231623,0.5242784203730836,
63c5e90d8e,180,1830,12810,128.1,283.39805809021493,0.15149369889603442,8.407776785644693,1.3903535927782078,
63c5e90d8e,180,1831,12817,128.17,283.32537463168615,0.1735546699027827,8.265457648997014,1.517628787378269,
63c5e90d8e,180,1832,12824,128.24,283.2321624121958,0.2857617060575493,8.241614912928428,2.619217751217926,
63c5e90d8e,180,1833,12831,128.31,282.91707327766164,0.186639897318456,8.178579836386108,1.619081461298221,
63c5e90d8e,180,1834,12838,128.38,282.77064002861715,0.18773196142024642,8.218767987048896,1.7882990691679128,
63c5e90d8e,180,1835,12845,128.45,282.6626834554671,0.13252501340071485,8.010597396177134,0.6375725452988161,
63c5e90d8e,180,1836,12852,128.52,282.63368390126317,0.12316704927106571,8.154813571794442,0.6224018235560579,
63c5e90d8e,180,1837,12859,128.59,282.6216010092859,0.17211608513987378,7.932018526293328,1.054231433818623,
63c5e90d8e,180,1838,12866,128.66,282.56041255891955,0.14349441057109943,8.401069383903996,0.6521954226415065,
63c5e90d8e,180,1839,12873,128.73,282.52605510115427,0.1664675729850381,8.024004368125006,1.2085281197143534,
63c5e90d8e,180,1840,12880,128.8,282.4078611979657,0.2025814966897794,8.239744245974935,2.011501077443761,
63c5e90d8e,180,1841,12887,128.87,282.2407523813789,0.0915805649999132,8.049183675069955,0.5213624491794961,
63c5e90d8e,180,1842,12894,128.94,282.21302980497416,0.133923982969351,8.211740704960315,1.2891683462038113,
63c5e90d8e,180,1843,12901,129.01,282.13268887117766,0.17623040025087616,8.236176048751418,1.5986149699145114,
63c5e90d8e,180,1844,12908,129.08,281.98369711419616,0.1810461352297581,7.987673024413369,1.5481734668611604,
63c5e90d8e,180,1845,12915,129.15,281.85045330279144,0.10145404093141229,8.135458779322315,0.7034727864745435,
63c5e90d8e,180,1846,12922,129.22,281.8090410378197,0.17057831583975505,8.250252093227674,1.6973375881577957,
63c5e90d8e,180,1847,12929,129.29,281.6969445653899,0.12688455375426155,8.289767012204177,1.0826943992138858,
63c5e90d8e,180,1848,12936,129.36,281.63421486176094,0.14970676992303023,8.58854821714274,1.269732659537236,
63c5e90d8e,180,1849,12943,129.43,281.5294061618213,0.12461505308740158,8.626166582454799,1.2309442398476331,
63c5e90d8e,180,1850,12950,129.5,281.4618470123834,0.14516127739507734,8.576166741098506,1.4491847083431755,
63c5e90d8e,180,1851,12957,129.57,281.3686681807661,0.16647186566939673,8.34043054724073,0.8422904805984749,
63c5e90d8e,180,1852,12964,129.64,281.2393780287055,0.15053694361614126,8.18522362132096,1.4389923531505544,
63c5e90d8e,180,1853,12971,129.71,281.1650764405653,0.1555950490066825,8.615513652540953,1.2645582378447269,
63c5e90d8e,180,1854,12978,129.78,281.0948665356809,0.1978826062762845,8.013764287339667,1.4505457750042754,
63c5e90d8e,180,1855,12985,129.85,280.94736515939394,0.22213724043937458,8.089955432589198,1.0134959439324078,
63c5e90d8e,180,1856,12992,129.92,280.74639090770654,0.15346621368589458,7.603470191456896,1.458504211150287,
63c5e90d8e,180,1857,12999,129.99,280.6729463856907,0.10837794560070706,7.897049793301739,0.5780494680183013,
63c5e90d8e,180,1858,13006,130.06,280.6316605163222,0.40009620811848196,7.500846741257757,1.6357047830988014,
63c5e90d8e,180,1859,13013,130.13,280.61380067403434,0.2467105570277192,9.131089487674704,1.8053133869494085,
63c5e90d8e,180,1860,13020,130.2,280.3642931364204,0.19244602390034712,8.000609367455315,1.764341824294912,
63c5e90d8e,180,1861,13027,130.27,280.19042308632277,0.11201573339877013,7.89488174234994,0.9547348265006127,
63c5e90d8e,180,1862,13034,130.34,280.15292271461743,0.11614264794486247,7.802333531440223,0.8814748867893327,
63c5e90d8e,180,1863,13041,130.41,280.0961344158201,0.08823198899049747,7.830452115391226,0.8220032790611741,
63c5e90d8e,180,1864,13048,130.48,280.070809991388,0.2901205050229993,7.798346744962661,1.3831732958564171,
63c5e90d8e,180,1865,13055,130.55,280.0447486525648,0.19114686858418722,8.018819936246313,1.359288644189779,
63c5e90d8e,180,1866,13062,130.62,279.8897862962858,0.1310378707401772,7.741094942080168,1.1421480490300102,
63c5e90d8e,180,1867,13069,130.69,279.8423603489842,0.13079436565610933,7.857565783926085,0.7767363499134193,
63c5e90d8e,180,1868,13076,130.76,279.7680756136466,0.1438026642275503,7.560174772044632,1.183533137928189,
63c5e90d8e,180,1869,13083,130.83,279.6938224605734,0.14437054109659314,7.362222932083759,1.128935982079828,
63c5e90d8e,180,1870,13090,130.9,279.60634033416125,0.15468766858649707,7.369435647519641,1.013990369314861,
63c5e90d8e,180,1871,13097,130.97,279.509002502279,0.1639269454872422,7.597829059562884,1.2724896879760477,
63c5e90d8e,180,1872,13104,131.04,279.38091909236533,0.09636367310703228,7.327798188979131,0.5970312204450255,
63c5e90d8e,180,1873,13111,131.11,279.3410563047952,0.1213138616157336,7.434671384115991,1.186597950520099,
63c5e90d8e,180,1874,13118,131.18,279.2689952448315,0.21895660947419243,7.46026735639936,1.0809250279832827,
63c5e90d8e,180,1875,13125,131.25,279.2668287810085,0.18283666668214837,7.554162073850868,1.4261109003917158,
63c5e90d8e,180,1876,13132,131.32,279.1048855432987,0.17662502117864015,7.503158168233193,0.9871067698348415,
63c5e90d8e,180,1877,13139,131.39,278.96577582862267,0.17194288228815743,6.830634440254913,0.9695405003139335,
63c5e90d8e,180,1878,13146,131.46,278.8363776350512,0.1664771439847095,6.942758640277132,1.312270548605267,
63c5e90d8e,180,1879,13153,131.53,278.7002366930785,0.08069620712099738,7.108060188306016,0.6367902016045234,
63c5e90d8e,180,1880,13160,131.6,278.6787874414701,0.14632202316626322,7.127440699823939,0.8653114193187408,
63c5e90d8e,180,1881,13167,131.67,278.5797456844566,0.07298276644801299,7.300357468513804,0.7356579388966265,
63c5e90d8e,180,1882,13174,131.74,278.5562985061005,0.12133183640924156,7.171370013471095,1.1000188285760233,
63c5e90d8e,180,1883,13181,131.81,278.50657387493953,0.1177995712103313,6.937667647434767,0.9532232745061814,
63c5e90d8e,180,1884,13188,131.88,278.44758799971527,0.14106314684500085,6.934580337005107,0.9606773296849825,
63c5e90d8e,180,1885,13195,131.95,278.38002177558786,0.1628681537049247,6.875436235525282,1.3128369880340713,
63c5e90d8e,180,1886,13202,132.02,278.28506116032764,0.323338137551527,6.7676320659880345,1.3755426322446649,
63c5e90d8e,180,1887,13209,132.09,278.26207063285756,0.23384205184924145,7.585235244480238,0.7057209243762718,
63c5e90d8e,180,1888,13216,132.16,278.0686883425562,0.23809404401766343,7.375622788287894,2.212763152949247,
63c5e90d8e,180,1889,13223,132.23,277.801572139263,0.06281914668774798,7.161821828776617,0.25087001087715477,
63c5e90d8e,180,1890,13230,132.3,277.78738705015326,0.10725591337195187,7.204109810686803,0.9771571053166284,
63c5e90d8e,180,1891,13237,132.37,277.73624396104054,0.14198794627796968,6.95358672548595,1.3127334380797673,
63c5e90d8e,180,1892,13244,132.44,277.65865424658733,0.48760908066923836,7.141262167014743,2.101582746516955,
63c5e90d8e,180,1893,13251,132.51,277.6482743829876,0.29378141639719235,9.12116788802861,1.5507008306552486,
63c5e90d8e,180,1894,13258,132.58,277.2578244771451,0.14983217272666863,7.493262375296882,1.0748176561815632,
63c5e90d8e,180,1895,13265,132.65,277.17920198915425,0.3997706382127808,7.410960334673219,1.8751870789401621,
63c5e90d8e,180,1896,13272,132.72,277.1048258551019,0.20763499084472567,8.077697358909989,0.9653851299792238,
63c5e90d8e,180,1897,13279,132.79,276.91038851225244,0.1727999934300417,7.177758330925761,1.3607136259146304,
63c5e90d8e,180,1898,13286,132.86,276.79414502572615,0.09234324377549877,7.370579473626664,0.7850027249284318,
63c5e90d8e,180,1899,13293,132.93,276.7594761295755,0.14858105303943078,7.119473781045725,0.9878577124982953,
63c5e90d8e,180,1900,13300,133.0,276.6832201955906,0.19737156174933485,7.1239958706487965,1.8845606956781389,
63c5e90d8e,180,1901,13307,133.07,276.53699864597974,0.18164382229717613,7.0065869131832645,1.7508859061634627,
63c5e90d8e,180,1902,13314,133.14,276.38465831681924,0.1313049537665607,7.0695754868196286,1.1581853535005817,
63c5e90d8e,180,1903,13321,133.21,276.32137415547254,0.2142101032298352,6.835695869433072,2.0751601178817696,
63c5e90d8e,180,1904,13328,133.28,276.256769607262,0.18733806768869465,7.619876453100486,1.083319435892126,
63c5e90d8e,180,1905,13335,133.35,276.2209037084277,0.21497337185437027,6.860548394475038,1.3893215236906564,
63c5e90d8e,180,1906,13342,133.42,276.0978736691628,0.17910344541660772,7.34964338769963,1.1707720947985953,
63c5e90d8e,180,1907,13349,133.49,275.9930236595315,0.1286189023909848,6.584961246209782,0.9641433672485158,
63c5e90d8e,180,1908,13356,133.56,275.93720523204206,0.15472669979311707,6.509994056755229,1.221964818726503,
63c5e90d8e,180,1909,13363,133.63,275.8421320970497,0.16816621100235712,6.261310097954761,1.514447873191142,
63c5e90d8e,180,1910,13370,133.7,275.71636163482566,0.3835979983913146,6.453500695784067,1.9370683218015043,
63c5e90d8e,180,1911,13377,133.77,275.6843549245734,0.2290057145176051,7.652451205247568,1.234990036182797,
63c5e90d8e,180,1912,13384,133.84,275.51652815302145,0.19426888210856824,7.386046213441749,1.2991267828019188,
63c5e90d8e,180,1913,13391,133.91,275.390338675708,0.18950175417553444,6.845090744562035,0.9222335525904823,
63c5e90d8e,180,1914,13398,133.98,275.2510087415436,0.2074378490899277,7.120524038045083,0.6272452345447983,
63c5e90d8e,180,1915,13405,134.05,275.1303364237881,0.15200578454122027,6.934858597206618,0.9804324323382339,
63c5e90d8e,180,1916,13412,134.12,275.02916732423364,0.0733241542239028,6.758768476008682,0.4353786716409208,
63c5e90d8e,180,1917,13419,134.19,275.00693045470854,0.13133972014708636,6.883861245449768,0.7013509804320965,
63c5e90d8e,180,1918,13426,134.26,274.9319583147274,0.11201470607573963,6.871198162076227,0.6937770283138777,
63c5e90d8e,180,1919,13433,134.33,274.88932199708023,0.04834074878980278,7.115265025746688,0.2184874546127033,
63c5e90d8e,180,1920,13440,134.4,274.87985128296367,0.08586932354975084,7.053939479157929,0.8285112333064933,
63c5e90d8e,180,1921,13447,134.47,274.8437479905066,0.16535638080527001,7.159623754859932,1.1501251128672134,
63c5e90d8e,180,1922,13454,134.54,274.7549679843154,0.17615492780505665,6.790020396860556,1.1362248814222908,
63c5e90d8e,180,1923,13461,134.61,274.612236857136,0.1347947133838536,6.69758493093956,1.260650374120506,
63c5e90d8e,180,1924,13468,134.68,274.5205177817024,0.19106995254520032,6.807851287234138,1.1010678369885716,
63c5e90d8e,180,1925,13475,134.75,274.3589680443289,0.20533373457539436,7.044101764168893,2.080149628651243,
63c5e90d8e,180,1926,13482,134.82,274.14903231629364,0.42568740331891575,6.64702559088725,2.05226866068769,
63c5e90d8e,180,1927,13489,134.89,273.9438542851158,0.15351854494758446,6.96352762640004,0.7030951506844746,
63c5e90d8e,180,1928,13496,134.96,273.8270980739435,0.1188053865153925,6.6653559411757515,1.0221083467229006,
63c5e90d8e,180,1929,13503,135.03,273.7568476688542,0.12208971852466864,6.444180311221449,1.2297763597468685,
63c5e90d8e,180,1930,13510,135.1,273.70689678028936,0.12512880690200842,6.434227682330948,1.0433846522901669,
63c5e90d8e,180,1931,13517,135.17,273.6468068372718,0.06250432214183854,6.468250859987327,0.4344578041639182,
63c5e90d8e,180,1932,13524,135.24,273.6357781971723,0.11405892507824843,6.336038948747758,0.9576898315952991,
63c5e90d8e,180,1933,13531,135.31,273.5710355726594,0.22009676338203835,6.6232889969657665,1.9283351149744223,
63c5e90d8e,180,1934,13538,135.38,273.4055753770836,0.34137968832819376,6.390988227215299,1.3873725529928156,
63c5e90d8e,180,1935,13545,135.45,273.40361015122636,0.22248884835377647,7.057014837452962,1.114637181370466,
63c5e90d8e,180,1936,13552,135.52,273.19616271363594,0.13419908502700975,6.531897492612377,1.0777995590076792,
63c5e90d8e,180,1937,13559,135.59,273.13150985794374,0.18629898389619795,6.448141907502314,1.6131027814589278,
63c5e90d8e,180,1938,13566,135.66,272.98876778624685,0.12465822384700366,6.555923752237927,1.0468654926261403,
63c5e90d8e,180,1939,13573,135.73,272.9124090999521,0.14354126519299962,6.650335808657537,1.4016680955584158,
63c5e90d8e,180,1940,13580,135.8,272.8236362833649,0.20088619916420802,6.7829077859915285,1.8848881002231077,
63c5e90d8e,180,1941,13587,135.87,272.6727687109739,0.11670716651833449,6.9734872116288695,0.7795211056377402,
63c5e90d8e,180,1942,13594,135.94,272.6383906570563,0.09989130117524099,6.762875974950747,0.7258346472578826,
63c5e90d8e,180,1943,13601,136.01,272.6217037840917,0.12201435384315246,6.523329624693363,1.0025122952671075,
63c5e90d8e,180,1944,13608,136.08,272.5697136185888,0.17189590528300513,6.302177882526844,1.035281934440132,
63c5e90d8e,180,1945,13615,136.15,272.4235295548682,0.34556837240787325,6.2584153462607,1.4950425463797927,
63c5e90d8e,180,1946,13622,136.22,272.3793968316587,0.19810024242942914,7.422123921727285,0.938509092489839,
63c5e90d8e,180,1947,13629,136.29,272.231665609839,0.15300838087127358,6.870090354057399,0.9543935233015721,
63c5e90d8e,180,1948,13636,136.36,272.1492999289624,0.1319897171497506,6.525672061679008,1.1563645389197774,
63c5e90d8e,180,1949,13643,136.43,272.09002489748565,0.1419516702976484,6.385247952547083,1.4036571101106332,
63c5e90d8e,180,1950,13650,136.5,272.0059531352516,0.12678732405196827,6.278731281009217,1.069492022784159,
63c5e90d8e,180,1951,13657,136.57,271.93007230358523,0.2324923599259416,6.373218323406599,0.8693466442067465,
63c5e90d8e,180,1952,13664,136.64,271.8851615687041,0.10765196649568802,6.38833184298613,0.6612630940981254,
63c5e90d8e,180,1953,13671,136.71,271.8291865192432,0.1884237781698533,6.379782911032314,1.899182190263046,
63c5e90d8e,180,1954,13678,136.78,271.66516932807656,0.1286362109624617,6.272835687233795,1.2311770755163638,
63c5e90d8e,180,1955,13685,136.85,271.59694776833624,0.12589342796690317,6.262371613212619,0.8403442977525427,
63c5e90d8e,180,1956,13692,136.92,271.5531803044449,0.14568893896210447,6.5378961164653955,0.9402801652272423,
63c5e90d8e,180,1957,13699,136.99,271.48002074891605,0.10194517786583208,5.899432436855227,0.7703919560630872,
63c5e90d8e,180,1958,13706,137.06,271.44445465538496,0.13696008378742996,6.2061571386717995,1.2185322171803852,
63c5e90d8e,180,1959,13713,137.13,271.3669092143309,0.1315881544656303,5.912998017801576,1.1889594844291576,
63c5e90d8e,180,1960,13720,137.2,271.3107511976596,0.07853568047100713,6.4521006405244306,0.5907968543225836,
63c5e90d8e,180,1961,13727,137.27,271.28361225547235,0.08865984952451599,6.234169957108766,0.8484421545928157,
63c5e90d8e,180,1962,13734,137.34,271.26058908825485,0.07152713086293934,6.30971732264348,0.4973159404872908,
63c5e90d8e,180,1963,13741,137.41,271.23834136984686,0.09262291710879579,6.085542718462052,0.758329240070781,
63c5e90d8e,180,1964,13748,137.48,271.19945296264893,0.1359581862687086,6.219429223360124,1.2314423063780497,
63c5e90d8e,180,1965,13755,137.55,271.1426423460123,0.13923933643464007,6.511480237421499,1.1619442008002363,
63c5e90d8e,180,1966,13762,137.62,271.05773154976487,0.17913559106886792,6.086136385441019,1.6300787250764543,
63c5e90d8e,180,1967,13769,137.69,270.92015751145306,0.045633354210801794,5.5621997471015945,0.3177667144942792,
63c5e90d8e,180,1968,13776,137.76,270.91006324146684,0.129386322936916,5.478694014911334,1.0006324982685177,
63c5e90d8e,180,1969,13783,137.83,270.83651377717433,0.06128381436548626,5.629319246286867,0.2680500485454975,
63c5e90d8e,180,1970,13790,137.9,270.82293531965627,0.09686371317953307,5.612251529791863,0.7296099876012382,
63c5e90d8e,180,1971,13797,137.97,270.77719295529334,0.06509753301978886,5.649654368628392,0.6256187459400407,
63c5e90d8e,180,1972,13804,138.04,270.7658201558504,0.072946603122098,5.599091970303252,0.661978140898935,
63c5e90d8e,180,1973,13811,138.11,270.74207141258563,0.23287680265433874,5.723738982955197,2.3096408811691735,
63c5e90d8e,180,1974,13818,138.18,270.5590776676281,0.12049618362872874,6.322992393947763,0.5408073620562026,
63c5e90d8e,180,1975,13825,138.25,270.52588545861147,0.1133666289976289,5.996235019155455,0.5654528715204369,
63c5e90d8e,180,1976,13832,138.32,270.480422180637,0.11404728536964653,6.351761959734918,1.1041089563588848,
63c5e90d8e,180,1977,13839,138.39,270.42287190793405,0.28955459437432807,6.004562925732565,1.4369107169153341,
63c5e90d8e,180,1978,13846,138.46,270.3950610416823,0.13787767231131617,6.013785052358386,0.5125197230786246,
63c5e90d8e,180,1979,13853,138.53,270.30213184141064,0.21953229503988,5.7988256605858615,2.2168640411455423,
63c5e90d8e,180,1980,13860,138.6,270.1457556029294,0.12746943901338553,6.148757844262067,0.5376913533043065,
63c5e90d8e,180,1981,13867,138.67,270.0740438553514,0.13430684778246202,5.773861829395094,0.9144970246041029,
63c5e90d8e,180,1982,13874,138.74,269.99271176496,0.30990680972681617,5.933014365059726,1.3059025002409137,
63c5e90d8e,180,1983,13881,138.81,269.99190762143434,0.1749039659946054,6.320398580371617,0.7327622798093905,
63c5e90d8e,180,1984,13888,138.88,269.8553048895097,0.09472351092458464,5.594288311214022,0.8327381229235236,
63c5e90d8e,180,1985,13895,138.95,269.8241560957199,0.12081398680525933,5.675419917037542,0.8912766677847052,
63c5e90d8e,180,1986,13902,139.02,269.75312648362507,0.19656329328661323,5.9880358237666025,1.0044673635117207,
63c5e90d8e,180,1987,13909,139.09,269.727868084624,0.1355037400465325,6.066275925527204,0.5129596695156526,
63c5e90d8e,180,1988,13916,139.16,269.64408612386086,0.06957023840355367,6.160510809962444,0.5558655060378104,
63c5e90d8e,180,1989,13923,139.23,269.62459453085086,0.16872966835111328,6.141525952325846,1.5692682128148667,
63c5e90d8e,180,1990,13930,139.3,269.4872876460721,0.05573768749748729,6.044929252737655,0.5019630696201688,
63c5e90d8e,180,1991,13937,139.37,269.4741811843537,0.06665924297661666,5.902135772422123,0.49542306534210984,
63c5e90d8e,180,1992,13944,139.44,269.4523523321433,0.10710647152343747,5.852351928471572,0.7073129093273611,
63c5e90d8e,180,1993,13951,139.51,269.4051534972564,0.07510637398917502,5.9254467043783405,0.5532853609883854,
63c5e90d8e,180,1994,13958,139.58,269.3925074080958,0.13765015666811115,5.9658614789995505,1.3099105311854262,
63c5e90d8e,180,1995,13965,139.65,269.3167860331433,0.14957621571368201,5.997307695602526,1.4433555166891046,
63c5e90d8e,180,1996,13972,139.72,269.2295182833388,0.0993929310313165,6.104363725786723,0.8150943867535039,
63c5e90d8e,180,1997,13979,139.79,269.1874906527436,0.22508154571060002,5.848626855313993,1.0962471625280008,
63c5e90d8e,180,1998,13986,139.86,269.1563159895317,0.12482067485838183,6.245482482513321,0.32178216820929,
63c5e90d8e,180,1999,13993,139.93,269.1084470751246,0.113328137092186,5.914317967378707,0.9801015118988117,
63c5e90d8e,180,2000,14000,140.0,269.05192920824726,0.11850041841734993,5.9367535990322,0.9206005194461463,
63c5e90d8e,180,2001,14007,140.07,268.9993545559155,0.09316874850245223,5.856342338342948,0.8120102529959443,
63c5e90d8e,180,2002,14014,140.14,268.9579032727423,0.12083588491161064,5.957096600064382,1.2180742844742372,
63c5e90d8e,180,2003,14021,140.21,268.887836738042,0.12578082000851828,5.958325706328308,1.1437584265022596,
63c5e90d8e,180,2004,14028,140.28,268.81467638848176,0.12329167755303168,5.949773705227564,1.1978929555878914,
63c5e90d8e,180,2005,14035,140.35,268.74674480509077,0.17692443790896437,5.995664393111374,0.6915803078807449,
63c5e90d8e,180,2006,14042,140.42,268.74537416663617,0.12847843154624186,6.192942612625296,1.029411663266358,
63c5e90d8e,180,2007,14049,140.49,268.68486037287954,0.12067570918148271,5.842465604950887,0.6173728080055018,
63c5e90d8e,180,2008,14056,140.56,268.6418106313129,0.28448289267921,6.077535385797991,1.2311765723949957,
63c5e90d8e,180,2009,14063,140.63,268.596354207211,0.22890841293230532,6.352188931608965,1.81139785797589,
63c5e90d8e,180,2010,14070,140.7,268.42416753153924,0.12078640548942592,6.0938806110859405,0.5007037141151817,
63c5e90d8e,180,2011,14077,140.77,268.3874653960402,0.13362476444193816,5.663031213356067,0.9284385539456995,
63c5e90d8e,180,2012,14084,140.84,268.32949183855635,0.15278656100827562,6.204134135719829,1.414529549081708,
63c5e90d8e,180,2013,14091,140.91,268.22879343054495,0.09348809185243348,5.7413029739921075,0.4278821988190837,
63c5e90d8e,180,2014,14098,140.98,268.20826584431234,0.1189295267589407,5.872601134290847,0.9341713539800343,
63c5e90d8e,180,2015,14105,141.05,268.138204747767,0.11495006325479876,5.595141371367084,0.9115187999233553,
63c5e90d8e,180,2016,14112,141.12,268.0759415765694,0.08497071861974374,5.710993140861834,0.7727489287587822,
63c5e90d8e,180,2017,14119,141.19,268.04367148978776,0.08952790039325961,5.682290296389877,0.8837346063742922,
63c5e90d8e,180,2018,14126,141.26,268.0071130771263,0.047555397099572835,5.676381622528161,0.4074340648344642,
63c5e90d8e,180,2019,14133,141.33,268.0004358543936,0.1091051585758867,5.646437801332667,1.088670044674553,
63c5e90d8e,180,2020,14140,141.4,267.9514715234836,0.12157393664178659,5.680346233675738,1.163166555670093,
63c5e90d8e,180,2021,14147,141.47,267.9015643704567,0.0930090064709972,5.662964392823685,0.6657316809557317,
63c5e90d8e,180,2022,14154,141.54,267.86263845538986,0.0970502977438257,5.523389946362677,0.8237351137518506,
63c5e90d8e,180,2023,14161,141.61,267.8353911294355,0.14475343199052515,5.561056181901402,1.219018492480071,
63c5e90d8e,180,2024,14168,141.68,267.76325758837265,0.09692563170361333,5.42644494494633,0.3790807803346667,
63c5e90d8e,180,2025,14175,141.75,267.7253175324885,0.15477182022227365,5.287836842149717,0.6215030856395588,
63c5e90d8e,180,2026,14182,141.82,267.7171944892206,0.12671209682547752,5.612031902181475,1.068564429321054,
63c5e90d8e,180,2027,14189,141.89,267.66125852127664,0.21388132204842317,5.67831475028503,0.6537748827480676,
63c5e90d8e,180,2028,14196,141.96,267.65065136172717,0.19231749675981535,5.907089191477867,1.7503704549354906,
63c5e90d8e,180,2029,14203,142.03,267.51014038261667,0.08768334387376214,5.8298457223546,0.23741696308602045,
63c5e90d8e,180,2030,14210,142.1,267.48049412831347,0.10431495390102914,5.794835092477592,1.0076457535370953,
63c5e90d8e,180,2031,14217,142.17,267.43506627019093,0.24924173140229602,5.886906451808205,1.2137318538398774,
63c5e90d8e,180,2032,14224,142.24,267.41410154698787,0.13693038546597194,6.114115997208985,0.6138860946722696,
63c5e90d8e,180,2033,14231,142.31,267.3192397947161,0.11435752480612155,5.827809444690458,1.1270319934052189,
63c5e90d8e,180,2034,14238,142.38,267.27563900113347,0.07849481601258051,5.9158223446301035,0.5943273687936441,
63c5e90d8e,180,2035,14245,142.45,267.2487590700216,0.18354534335079356,5.837855598034987,1.1515980466270652,
63c5e90d8e,180,2036,14252,142.52,267.09267752931765,0.170459648862617,5.987812962245215,1.2829791436530407,
63c5e90d8e,180,2037,14259,142.59,266.9789099275439,0.09789074622976361,5.904111997263594,0.7399803686019882,
63c5e90d8e,180,2038,14266,142.66,266.9437804237446,0.076100081883444,5.897761619040694,0.6078753480812167,
63c5e90d8e,180,2039,14273,142.73,266.92384782123304,0.16805463095790535,5.839529499745877,1.6289486839057319,
63c5e90d8e,180,2040,14280,142.8,266.8031935487935,0.19769909695432772,6.357776111047248,2.002164573345539,
63c5e90d8e,180,2041,14287,142.87,266.64880418106105,0.11774270673055735,5.882739239810222,0.26908590488937445,
63c5e90d8e,180,2042,14294,142.94,266.5966592499123,0.07853806625584309,5.977308500005979,0.504564866475353,
63c5e90d8e,180,2043,14301,143.01,266.57271549510426,0.13516871675455788,6.2102026187152575,1.2777685622524595,
63c5e90d8e,180,2044,14308,143.08,266.5038121040808,0.2633734868945663,6.250376814635745,0.6150839667297123,
63c5e90d8e,180,2045,14315,143.15,266.4982376924287,0.15331263273247311,6.251816805494386,0.9562875356757797,
63c5e90d8e,180,2046,14322,143.22,266.3853089021855,0.18432087940557607,6.293254079708528,1.8304879705625121,
63c5e90d8e,180,2047,14329,143.29,266.2913373852178,0.15526468247793046,5.965069561255495,0.962756190386572,
63c5e90d8e,180,2048,14336,143.36,266.20136424947026,0.08359514238035258,5.793148614320292,0.4250177521612057,
63c5e90d8e,180,2049,14343,143.43,266.17783284152773,0.07505015949355268,5.7401005229871425,0.5614282249385711,
63c5e90d8e,180,2050,14350,143.5,266.1551674080756,0.183745106289675,5.91313933480704,1.2046082842067454,
63c5e90d8e,180,2051,14357,143.57,266.03803836392166,0.14717884149561966,6.312022393380739,1.0594839968544105,
63c5e90d8e,180,2052,14364,143.64,265.9551218460972,0.06573188787354589,6.318448770224321,0.477483816752941,
63c5e90d8e,180,2053,14371,143.71,265.9371402365734,0.13912992265561072,6.308582229934915,1.1310263022969507,
63c5e90d8e,180,2054,14378,143.78,265.84148770248,0.2155837216883388,6.37810937963949,0.7135523793788294,
63c5e90d8e,180,2055,14385,143.85,265.8215734997501,0.17017126279896408,6.177417384554064,1.4530967107067787,
63c5e90d8e,180,2056,14392,143.92,265.7264614721162,0.1444081982383854,6.1042708412536335,1.0041771072962171,
63c5e90d8e,180,2057,14399,143.99,265.686882061742,0.19422471571465624,5.8838544421229955,1.6403214402699247,
63c5e90d8e,180,2058,14406,144.06,265.5457886039332,0.15927583100159656,6.140697668980769,1.1825687527287356,
63c5e90d8e,180,2059,14413,144.13,265.473001811729,0.1296688721085029,6.0145499606734845,0.8349170610917871,
63c5e90d8e,180,2060,14420,144.2,265.45505196200924,0.15773849030001244,6.657782295954127,0.93117165200794,
63c5e90d8e,180,2061,14427,144.27,265.42041189262744,0.15346240722597781,6.035260334625547,0.6577961972475982,
63c5e90d8e,180,2062,14434,144.34,265.3864567646371,0.16925868835328173,6.633424023046513,0.8321221388222247,
63c5e90d8e,180,2063,14441,144.41,265.37077439876356,0.20405678636258923,6.327256703769502,1.263439855947035,
63c5e90d8e,180,2064,14448,144.48,265.2879599901966,0.20353223346886523,6.647535032109398,0.9832408759020902,
63c5e90d8e,180,2065,14455,144.55,265.2081721159944,0.15846035440537745,6.2475980058084195,0.8445564584554114,
63c5e90d8e,180,2066,14462,144.62,265.1749352806446,0.19248057245474098,6.286770126409551,1.322773243704667,
63c5e90d8e,180,2067,14469,144.69,265.0971378802501,0.16236546042871416,6.268430410655675,0.8329413238688481,
63c5e90d8e,180,2068,14476,144.76,265.0521123055503,0.14413887955575488,6.096022158508657,0.9524669710105345,
63c5e90d8e,180,2069,14483,144.83,265.03303942617157,0.1586703464332641,6.0920603755610125,0.28304617887319733,
63c5e90d8e,180,2070,14490,144.9,264.9815295013693,0.15463114931854444,5.849263652601277,1.0822642709326935,
63c5e90d8e,180,2071,14497,144.97,264.91734826536486,0.15627401566267993,5.670985984780654,0.8629903422911154,
63c5e90d8e,180,2072,14504,145.04,264.8919302041819,0.1756220050236275,5.863804592782804,0.9066951113061891,
63c5e90d8e,180,2073,14511,145.11,264.8292913471271,0.19400328735529462,6.029781373053956,1.4460318482949945,
63c5e90d8e,180,2074,14518,145.18,264.70336674298835,0.14287551563685527,6.077967315617667,0.7512692704316174,
63c5e90d8e,180,2075,14525,145.25,264.62476165303383,0.1237450922190511,6.043559390766697,1.0732886426198651,
63c5e90d8e,180,2076,14532,145.32,264.5556136585877,0.07641639303750034,5.8848737618808,0.3559193455270723,
63c5e90d8e,180,2077,14539,145.39,264.53227572109734,0.21355786885050151,5.9428225746161365,0.8821464708684419,
63c5e90d8e,180,2078,14546,145.46,264.5145492800291,0.2333381021462933,5.982600643549158,0.4535200850566156,
63c5e90d8e,180,2079,14553,145.53,264.5125391767598,0.14125986171012073,5.843187308073931,0.7071342086362535,
63c5e90d8e,180,2080,14560,145.6,264.4138648944146,0.11743342155959281,5.722582216673065,1.1263426706400552,
63c5e90d8e,180,2081,14567,145.67,264.3466613058004,0.06954439055906564,5.71351300999855,0.4695729645428386,
63c5e90d8e,180,2082,14574,145.74,264.32409251177864,0.16148971709671736,5.738652590975876,1.649510908218099,
63c5e90d8e,180,2083,14581,145.81,264.21524563332696,0.10258720375975666,6.274559255350131,0.6480941238891124,
63c5e90d8e,180,2084,14588,145.88,264.1741353448794,0.19819782348940643,6.15351816358475,0.9137201164426106,
63c5e90d8e,180,2085,14595,145.95,264.1457089899164,0.25906503887027543,6.279666677368882,1.0019977253069048,
63c5e90d8e,180,2086,14602,146.02,264.1387839292721,0.14907206265089482,6.422283579801925,0.6503283219959106,
63c5e90d8e,180,2087,14609,146.09,264.0558252739589,0.20386114258686128,6.037203654147773,0.7457516005668048,
63c5e90d8e,180,2088,14616,146.16,264.0256096403879,0.43141627579560626,6.1177415407685745,1.1123715496890612,
63c5e90d8e,180,2089,14623,146.23,263.8972757622542,0.4618762893164045,6.764315427512206,1.6532322882988544,
63c5e90d8e,180,2090,14630,146.3,263.8667463252627,0.26106135135671554,6.558493279763706,1.6180398063973624,
63c5e90d8e,180,2091,14637,146.37,263.5774178239567,0.12037212882658041,5.704660312124801,1.006916377393381,
63c5e90d8e,180,2092,14644,146.44,263.5048670867566,0.3125765092952637,5.407931248410165,1.574308837433345,
63c5e90d8e,180,2093,14651,146.51,263.4190857287505,0.13963137057074698,6.414557410145231,1.0077046146396846,
63c5e90d8e,180,2094,14658,146.58,263.3222072198004,0.07658636433738386,5.85677128095295,0.6924258643936658,
63c5e90d8e,180,2095,14665,146.65,263.2924790597133,0.14649927060826543,5.843986847680209,0.7187056565899743,
63c5e90d8e,180,2096,14672,146.72,263.2796671037735,0.12611526229066655,5.8092553115234145,1.049344750933098,
63c5e90d8e,180,2097,14679,146.79,263.20394877658043,0.28126739868960543,5.756549818774231,0.40075314579307464,
63c5e90d8e,180,2098,14686,146.86,263.1879660465476,0.21874086928011527,6.574462619812591,1.6780082902527274,
63c5e90d8e,180,2099,14693,146.93,263.01883591173333,0.07608184468841651,6.064616220125391,0.46692865115384313,
63c5e90d8e,180,2100,14700,147.0,262.9938176136774,0.12067889880869584,5.885767881685629,1.0557088421301033,
63c5e90d8e,180,2101,14707,147.07,262.92305457734307,0.12322716729135003,5.967356923855479,0.3265057614521512,
63c5e90d8e,180,2102,14714,147.14,262.9128280330744,0.12950196235138153,6.010245838141606,1.1558038818869492,
63c5e90d8e,180,2103,14721,147.21,262.84448550351567,0.05911493234131047,5.955115011062616,0.5030399966752169,
63c5e90d8e,180,2104,14728,147.28,262.82902897247556,0.133804520452126,5.9186628660490275,0.7154620283660923,
63c5e90d8e,180,2105,14735,147.35,262.76425627680885,0.13583012198401223,5.945974393409557,1.2062258002249782,
63c5e90d8e,180,2106,14742,147.42,262.6937445931194,0.08016303354276605,6.025557472356328,0.5719944774678829,
63c5e90d8e,180,2107,14749,147.49,262.6652062265397,0.1508154794567087,5.985622587229019,1.343783739003053,
63c5e90d8e,180,2108,14756,147.56,262.56393559454193,0.09087239087717697,5.832262683524491,0.8695727091929649,
63c5e90d8e,180,2109,14763,147.63,262.5242005422022,0.14237565358021403,5.661615978806356,0.648893431185018,
63c5e90d8e,180,2110,14770,147.7,262.4431858350997,0.12372349244848614,5.719886241379189,0.7911455468564444,
63c5e90d8e,180,2111,14777,147.77,262.4044196001325,0.09040173156345746,5.441306768228058,0.5660469373326257,
63c5e90d8e,180,2112,14784,147.84,262.38671422095257,0.14175562620230378,5.4692909062070125,1.2608367671890428,
63c5e90d8e,180,2113,14791,147.91,262.30958415683335,0.09693615288899343,5.23136388603975,0.10647885813065668,
63c5e90d8e,180,2114,14798,147.98,262.2866203233808,0.13021210428985747,5.421828243533332,0.8966170512784074,
63c5e90d8e,180,2115,14805,148.05,262.210982389463,0.09701818850318043,5.204644499452792,0.9679527827216439,
63c5e90d8e,180,2116,14812,148.12,262.1732058952835,0.10600840137586844,5.159224040699178,0.9340089856898145,
63c5e90d8e,180,2117,14819,148.19,262.12764260529065,0.23823804514411642,5.058132752345701,1.1164367264493587,
63c5e90d8e,180,2118,14826,148.26,262.1198496558833,0.19561417859078586,5.199457714412519,0.31174534956448763,
63c5e90d8e,180,2119,14833,148.33,261.94979775714586,0.15678945612974735,5.283449235297628,0.9831163570863112,
63c5e90d8e,180,2120,14840,148.4,261.8465175640654,0.21928434253045187,4.950878075377476,0.9727443540934875,
63c5e90d8e,180,2121,14847,148.47,261.8436269805677,0.29478505930841387,5.144528493103384,0.9607900677523236,
63c5e90d8e,180,2122,14854,148.54,261.83479040371293,0.15230103476081105,5.635979691705384,0.5896909922978928,
63c5e90d8e,180,2123,14861,148.61,261.7282636302286,0.11073992991604416,4.970107563899668,1.015742484364865,
63c5e90d8e,180,2124,14868,148.68,261.67804531716627,0.04957655834690888,4.8548354203472615,0.37354081942907824,
63c5e90d8e,180,2125,14875,148.75,261.66743007151416,0.10084262722861985,4.8151483441854515,1.0232300531372314,
63c5e90d8e,180,2126,14882,148.82,261.61928730134525,0.10523182983826006,4.872515890753965,0.7764465350857886,
63c5e90d8e,180,2127,14889,148.89,261.5678175075115,0.08819842264427628,4.799554512702207,0.48068703120645384,
63c5e90d8e,180,2128,14896,148.96,261.53252005314533,0.08708970357234663,4.9936303269574465,0.5317089844993876,
63c5e90d8e,180,2129,14903,149.03,261.49820811323264,0.09787465458288401,4.882379822827655,0.8191541644730012,
63c5e90d8e,180,2130,14910,149.1,261.45687254158196,0.06336319164436548,4.855734178439017,0.5960523297113558,
63c5e90d8e,180,2131,14917,149.17,261.4363227190341,0.1880633756884982,4.9074623400782675,0.8541747291570737,
63c5e90d8e,180,2132,14924,149.24,261.4252337677107,0.10759635280266884,5.017177308547659,0.5197070290424306,
63c5e90d8e,180,2133,14931,149.31,261.3734599701327,0.18320250859250015,4.806207915234898,0.3819867570591889,
63c5e90d8e,180,2134,14938,149.38,261.3645054551428,0.11927282052404437,5.417380643855975,0.7505985119123186,
63c5e90d8e,180,2135,14945,149.45,261.30920812124407,0.10559369468871828,4.950342216940776,1.0566757730614305,
63c5e90d8e,180,2136,14952,149.52,261.26064695413675,0.12254803343373437,5.002623820532645,1.1370520621242064,
63c5e90d8e,180,2137,14959,149.59,261.20543944516334,0.09386188802655583,5.230857071556437,0.8262970272580906,
63c5e90d8e,180,2138,14966,149.66,261.1793370243276,0.0879753398930518,5.100175097796445,0.14106565405278754,
63c5e90d8e,180,2139,14973,149.73,261.1502190597622,0.0893735703475734,5.101966944990544,0.8513671295434717,
63c5e90d8e,180,2140,14980,149.8,261.1202268525371,0.16903256638370012,5.185867395330702,1.1352270985540285,
63c5e90d8e,180,2141,14987,149.87,261.022845632259,0.12008541943682695,5.2875795543492945,1.1221885765412778,
63c5e90d8e,180,2142,14994,149.94,260.95191416326685,0.10461878772424651,5.2821594097634605,1.0451647038391163,
63c5e90d8e,180,2143,15001,150.01,260.9159411639436,0.06341552050124152,4.947255906446264,0.5088299430213462,
63c5e90d8e,180,2144,15008,150.08,260.9011415491806,0.06945922084791264,5.122100599410928,0.3393898188830437,
63c5e90d8e,180,2145,15015,150.15,260.87880260284305,0.06588232398773253,5.0253705839314655,0.5990979096620052,
63c5e90d8e,180,2146,15022,150.22,260.8600804036978,0.11633055673942051,5.096915080136238,1.1850611738555825,
63c5e90d8e,180,2147,15029,150.29,260.8027179565314,0.1954825698789033,5.115999489118674,1.630611049638954,
63c5e90d8e,180,2148,15036,150.36,260.6141155120562,0.08056614165213667,5.154858353625135,0.7937958783355216,
63c5e90d8e,180,2149,15043,150.43,260.581392040075,0.17873839450423834,5.242148361296906,1.7636132337191561,
63c5e90d8e,180,2150,15050,150.5,260.41764537118524,0.09337668071426611,5.484435991133956,0.834372919635242,
63c5e90d8e,180,2151,15057,150.57,260.3747653364511,0.2336804914166417,5.376482480221301,0.9671891020643444,
63c5e90d8e,180,2152,15064,150.64,260.3720846202532,0.13737908075165908,6.130637286877275,0.20627679428166895,
63c5e90d8e,180,2153,15071,150.71,260.2843395754485,0.11554260062241459,5.531672178525264,1.1319459317737062,
63c5e90d8e,180,2154,15078,150.78,260.2163330555253,0.08695408190624503,5.416794937713961,0.5350080044522789,
63c5e90d8e,180,2155,15085,150.85,260.18126497068914,0.09431540925792839,5.281906644387552,0.8620894367169395,
63c5e90d8e,180,2156,15092,150.92,260.13664645536875,0.07856624774717909,5.470597089642255,0.7620245795667444,
63c5e90d8e,180,2157,15099,150.99,260.1074849535596,0.0991958002229158,5.539464695069349,0.7297087086385771,
63c5e90d8e,180,2158,15106,151.06,260.0650929882808,0.15380687504653642,5.374295485822405,0.46973521965195203,
63c5e90d8e,180,2159,15113,151.13,260.0478230201558,0.15847679364941294,5.520274473284923,0.9605861172701593,
63c5e90d8e,180,2160,15120,151.2,259.93632969455336,0.1691603353512263,5.498408575531308,0.6239814703557248,
63c5e90d8e,180,2161,15127,151.27,259.91714222919416,0.12153227057749892,5.700047674945831,0.8010890602321659,
63c5e90d8e,180,2162,15134,151.34,259.8456063428033,0.12404905275357543,5.6040607986655,1.1615542606024922,
63c5e90d8e,180,2163,15141,151.41,259.7803421022259,0.09988418977023444,5.75719722676925,0.33517280491875984,
63c5e90d8e,180,2164,15148,151.48,259.73263401427363,0.12649069014467373,5.554235608493363,1.2441621814430894,
63c5e90d8e,180,2165,15155,151.55,259.6776506749499,0.1465331223859087,5.847299074944013,0.5753860704524504,
63c5e90d8e,180,2166,15162,151.62,259.5796323919419,0.25154160590865493,5.411388421588965,0.9864709866598409,
63c5e90d8e,180,2167,15169,151.69,259.55487490729917,0.2141843740154315,6.828009178683697,1.4887499356520861,
63c5e90d8e,180,2168,15176,151.76,259.37483461188657,0.16272613618498097,5.583255552388732,1.5270746496107497,
63c5e90d8e,180,2169,15183,151.83,259.2789772002455,0.17930547845000822,5.910681674813742,0.9015865502230374,
63c5e90d8e,180,2170,15190,151.9,259.1383539078657,0.2034138723205748,5.78309130728663,1.3113022234871987,
63c5e90d8e,180,2171,15197,151.97,258.96774528818537,0.17001603974493407,5.80568210170548,1.3713860906121613,
63c5e90d8e,180,2172,15204,152.04,258.8433426132659,0.1630403533209879,5.694921415438754,1.259393136650625,
63c5e90d8e,180,2173,15211,152.11,258.7147306328103,0.16611452724628198,5.424753833958957,0.6025457799149512,
63c5e90d8e,180,2174,15218,152.18,258.70503922860246,0.36012210627483626,5.687939596460441,1.4114762784168946,
63c5e90d8e,180,2175,15225,152.25,258.676566060236,0.3525533423188946,6.456029357463814,0.6300691857513903,
63c5e90d8e,180,2176,15232,152.32,258.6673469296662,0.3691046217557067,5.639467896523867,1.0535953697068354,
63c5e90d8e,180,2177,15239,152.39,258.64715390034985,0.18762732834649234,6.285507946996343,0.9433733720753467,
63c5e90d8e,180,2178,15246,152.46,258.466240777152,0.050467668252290356,5.3872145586323965,0.41856125573368785,
63c5e90d8e,180,2179,15253,152.53,258.4556416221015,0.10493439854135307,5.3567164695681875,1.0148640768808452,
63c5e90d8e,180,2180,15260,152.6,258.4145903868818,0.13400302182469662,5.530495821720996,0.8298610745462904,
63c5e90d8e,180,2181,15267,152.67,258.3331091677509,0.12359687017887148,5.31812242941892,1.1931675140684923,
63c5e90d8e,180,2182,15274,152.74,258.26660255975816,0.08915902376104025,5.3688701492997675,0.8971159401176473,
63c5e90d8e,180,2183,15281,152.81,258.2269396904134,0.14048746120781963,5.395552697571271,0.7003994716468718,
63c5e90d8e,180,2184,15288,152.88,258.13841031256976,0.13265732032971905,5.519010685369235,1.3148160052424018,
63c5e90d8e,180,2185,15295,152.95,258.0686211317036,0.08982553373338649,5.71735328195868,0.5023248279834115,
63c5e90d8e,180,2186,15302,153.02,258.0378389314326,0.10102640012172083,5.5636776511361425,0.7319318102202119,
63c5e90d8e,180,2187,15309,153.09,257.9862036207531,0.10863642363146023,5.867203964325045,0.38187891376470984,
63c5e90d8e,180,2188,15316,153.16,257.9750079724451,0.29993233190250035,6.038294469450502,1.3605216138523026,
63c5e90d8e,180,2189,15323,153.23,257.9197763503697,0.20740312548772263,6.399521052186259,1.1119822530207124,
63c5e90d8e,180,2190,15330,153.3,257.76935657412645,0.10319470392649409,6.274376929726323,0.7722726889626224,
63c5e90d8e,180,2191,15337,153.37,257.73203866402787,0.12684741226902282,5.969757498593773,1.1731320733810855,
63c5e90d8e,180,2192,15344,153.44,257.6606328416351,0.2150188581578357,6.209884725875962,2.0934166749863325,
63c5e90d8e,180,2193,15351,153.51,257.43881042585195,0.15290089273135277,5.722161414900042,1.4891960911399897,
63c5e90d8e,180,2194,15358,153.58,257.3324955163251,0.1689241695640921,5.91353572846255,1.5028352061128236,
63c5e90d8e,180,2195,15365,153.65,257.26119918586375,0.18527680024365167,5.947480002808075,1.5766418919611862,
63c5e90d8e,180,2196,15372,153.72,257.12558763500044,0.1322264127165621,5.656578672971504,0.7984565279111627,
63c5e90d8e,180,2197,15379,153.79,257.0610528845101,0.17920857486779276,5.731114668657707,0.9254501849897823,
63c5e90d8e,180,2198,15386,153.86,256.96803026314916,0.10057662773881976,5.33605535366442,0.590933844332024,
63c5e90d8e,180,2199,15393,153.93,256.92218201625894,0.3896814622136371,5.297651485813358,1.3641246944621932,
63c5e90d8e,180,2200,15400,154.0,256.8590137613656,0.20833646667842612,7.044163151764453,1.0994982845638301,
63c5e90d8e,180,2201,15407,154.07,256.64610414558126,0.11218848500189929,5.664535526849915,0.6729931284500379,
63c5e90d8e,180,2202,15414,154.14,256.58520932030444,0.13023202932863404,5.786226261591092,0.9122234726050392,
63c5e90d8e,180,2203,15421,154.21,256.51048749421426,0.12916510174270496,5.686144665130329,1.2816831853297748,
63c5e90d8e,180,2204,15428,154.28,256.42925089374245,0.10510862302333393,5.601920601612878,0.7098394746104753,
63c5e90d8e,180,2205,15435,154.35,256.3822345224947,0.1047054473731705,5.576760302435658,1.008206800674518,
63c5e90d8e,180,2206,15442,154.42,256.34017604752563,0.1073237516244884,5.696997483112786,1.0782773899359512,
63c5e90d8e,180,2207,15449,154.49,256.29526609616795,0.18817848645822585,5.715712942027174,1.8035642673290517,
63c5e90d8e,180,2208,15456,154.56,256.16807547390493,0.13664231877644967,5.469336179209057,0.7441354014387566,
63c5e90d8e,180,2209,15463,154.63,256.0856534070938,0.050447177016908124,5.363158649384208,0.3830019079662617,
63c5e90d8e,180,2210,15470,154.7,256.07839438534006,0.12251505688013987,5.496586562498921,0.7897986653159244,
63c5e90d8e,180,2211,15477,154.77,256.0160863408971,0.11702786319229894,5.561408965186633,1.1758650310393834,
63c5e90d8e,180,2212,15484,154.84,255.94832871604882,0.2350929975786118,5.533231053162909,1.1077315711376596,
63c5e90d8e,180,2213,15491,154.91,255.9071717094437,0.13485991969328862,6.131716626121661,0.9306654900685741,
63c5e90d8e,180,2214,15498,154.98,255.83966310729878,0.3029317976444477,5.761970850559362,1.1807339601591655,
63c5e90d8e,180,2215,15505,155.05,255.83650757340936,0.2052944191984214,6.515820214464157,1.3956269327588398,
63c5e90d8e,180,2216,15512,155.12,255.71512395096482,0.13476655216808936,5.713531038345554,0.7162037956922855,
63c5e90d8e,180,2217,15519,155.19,255.65757779478622,0.08454963202239615,5.578498322090814,0.40840516733415444,
63c5e90d8e,180,2218,15526,155.26,255.63385354906936,0.13287183745161213,5.47677753269423,0.9323544951959465,
63c5e90d8e,180,2219,15533,155.33,255.5643198944463,0.0939180764185836,5.433661646912623,0.7707672321795129,
63c5e90d8e,180,2220,15540,155.4,255.5206455756602,0.30831108988521855,5.2890980282679125,1.5479336040981415,
63c5e90d8e,180,2221,15547,155.47,255.5088816628605,0.20793418953854945,6.20910548027014,1.2421841761023416,
63c5e90d8e,180,2222,15554,155.54,255.35416864616658,0.0860992626533415,5.558721322208513,0.6050596973654787,
63c5e90d8e,180,2223,15561,155.61,255.32642367061095,0.14620405615855486,5.355404006226721,0.6322537943747601,
63c5e90d8e,180,2224,15568,155.68,255.32338688534244,0.10857495712529873,5.337192959866399,0.6117546953726195,
63c5e90d8e,180,2225,15575,155.75,255.2727298850878,0.13461420338700963,5.394622328832832,0.9906245374651929,
63c5e90d8e,180,2226,15582,155.82,255.2083325812452,0.13179055141689763,5.319301513003874,1.171865756394399,
63c5e90d8e,180,2227,15589,155.89,255.13875772850778,0.15472508215098293,5.105961564105432,1.31754881332355,
63c5e90d8e,180,2228,15596,155.96,255.03939572913708,0.10652076125252825,5.42538310182129,0.5096956593361278,
63c5e90d8e,180,2229,15603,156.03,255.0015563210163,0.11439138038117913,5.161950671548428,1.0406598658774018,
63c5e90d8e,180,2230,15610,156.1,254.96112636994712,0.09018224140623726,5.123258493134683,0.3581005073852935,
63c5e90d8e,180,2231,15617,156.17,254.93511594278192,0.10229703422911825,5.0091848678094255,0.893898423193712,
63c5e90d8e,180,2232,15624,156.24,254.88273797067941,0.12876315405007008,5.032953711252098,0.9175844933194084,
63c5e90d8e,180,2233,15631,156.31,254.80121943490917,0.08240445152865263,5.092849743791376,0.7158670383512568,
63c5e90d8e,180,2234,15638,156.38,254.78045186939053,0.04571681463231977,4.975528240258391,0.30920441072468974,
63c5e90d8e,180,2235,15645,156.45,254.77486157781829,0.08835501437901702,5.071906733918178,0.6579175932593834,
63c5e90d8e,180,2236,15652,156.52,254.7359034862618,0.09462378705613783,4.987807268031868,0.7648754406902014,
63c5e90d8e,180,2237,15659,156.59,254.70862010547964,0.06658014743849276,5.2032531383841,0.3318533615237622,
63c5e90d8e,180,2238,15666,156.66,254.70185763554204,0.06861831950940799,5.07460564052467,0.5369170746657809,
63c5e90d8e,180,2239,15673,156.73,254.684343530504,0.11827021638467435,5.0395937552901175,1.1576709863133907,
63c5e90d8e,180,2240,15680,156.8,254.63317288871428,0.09806230452513738,5.128047680136225,0.8436055482565803,
63c5e90d8e,180,2241,15687,156.87,254.60524644263165,0.12818167524853238,5.054191959020205,0.9547959429816717,
63c5e90d8e,180,2242,15694,156.94,254.54150201416337,0.13310454630385135,5.000406448020681,1.2151535287136983,
63c5e90d8e,180,2243,15701,157.01,254.47009726652456,0.05532840738371427,4.995969873571289,0.40184712047612636,
63c5e90d8e,180,2244,15708,157.08,254.4611024425365,0.04069142554087062,5.008377830831184,0.2342281070864066,
63c5e90d8e,180,2245,15715,157.15,254.45342637303165,0.07832130188327995,4.974826299947067,0.4188982676262904,
63c5e90d8e,180,2246,15722,157.22,254.42649718379823,0.10463803193675951,4.930765713869181,0.9359817609906053,
63c5e90d8e,180,2247,15729,157.29,254.38739266931404,0.0787866614143615,4.927051554679608,0.6097268772665921,
63c5e90d8e,180,2248,15736,157.36,254.3672293295639,0.1612482588691232,4.754740981251215,1.4430889545441474,
63c5e90d8e,180,2249,15743,157.43,254.24324376252483,0.16019588583591077,4.640307580849802,1.4700413077884933,
63c5e90d8e,180,2250,15750,157.5,254.12329340284907,0.07851430685059724,4.628945225845781,0.6639632666785558,
63c5e90d8e,180,2251,15757,157.57,254.1037402687775,0.06962354482726914,4.533992447315532,0.582665833334275,
63c5e90d8e,180,2252,15764,157.64,254.09350964135209,0.12191672141260103,4.650855064723184,1.0436865913413471,
63c5e90d8e,180,2253,15771,157.71,254.03904756326165,0.13029189961356205,4.492177176404815,1.082800309883297,
63c5e90d8e,180,2254,15778,157.78,253.96678866453695,0.10444664413357874,4.694227746137781,0.9618826538999081,
63c5e90d8e,180,2255,15785,157.85,253.9260812541078,0.04763162497930831,4.45571100273421,0.2548435684859339,
63c5e90d8e,180,2256,15792,157.92,253.91742024462943,0.10197833778406751,4.489117136604033,0.8281327930226224,
63c5e90d8e,180,2257,15799,157.99,253.86686124069678,0.10291931467883389,4.495305220623023,0.3516206879886585,
63c5e90d8e,180,2258,15806,158.06,253.8666664974349,0.17294214766572838,4.621406040148475,0.5600964949532691,
63c5e90d8e,180,2259,15813,158.13,253.86387348344678,0.1243697464082655,4.599657108068095,0.5352209667388367,
63c5e90d8e,180,2260,15820,158.2,253.78739030828476,0.11636989598015463,4.509671824334702,1.0223620547714645,
63c5e90d8e,180,2261,15827,158.27,253.73853637958064,0.12456311325939065,4.510264136064013,0.6810831175549253,
63c5e90d8e,180,2262,15834,158.34,253.7022704553375,0.09341001512689913,4.757397907570552,0.26107974217859303,
63c5e90d8e,180,2263,15841,158.41,253.68214503925807,0.13411634796774094,4.66562916916227,1.08272560023075,
63c5e90d8e,180,2264,15848,158.48,253.6357020010228,0.10306443975330523,4.9487397523122665,0.21693527545782265,
63c5e90d8e,180,2265,15855,158.55,253.59240878845137,0.15899838386038873,4.590834691916616,1.5850155486364066,
63c5e90d8e,180,2266,15862,158.62,253.48190266864444,0.18272946210800495,4.601078140558688,1.1331456931122943,
63c5e90d8e,180,2267,15869,158.69,253.3450619525078,0.11168257284644653,4.604754637369472,0.9316526395558169,
63c5e90d8e,180,2268,15876,158.76,253.298997879657,0.07540503063728526,4.680044103919262,0.7040677835195949,
63c5e90d8e,180,2269,15883,158.83,253.2753086780118,0.16108759326991118,4.43487309833753,1.5423781335293134,
63c5e90d8e,180,2270,15890,158.9,253.19676977724356,0.13633020775709237,4.49080634590586,0.6989557372804934,
63c5e90d8e,180,2271,15897,158.97,253.1621664784843,0.10269463026408296,4.415109857174884,0.330857919199133,
63c5e90d8e,180,2272,15904,159.04,253.13814566439476,0.11733822385980795,4.272505183128004,0.9916545652075688,
63c5e90d8e,180,2273,15911,159.11,253.0767949553242,0.11326612555017881,4.37188151992858,0.8997937576014893,
63c5e90d8e,180,2274,15918,159.18,253.02294081159334,0.11744225909615005,4.511875052353224,0.39897665535898974,
63c5e90d8e,180,2275,15925,159.25,252.96307645653332,0.07897734521220341,4.340777227330116,0.6597438973401974,
63c5e90d8e,180,2276,15932,159.32,252.9360524714644,0.1275989011933319,4.362930672297256,0.3213784931976268,
63c5e90d8e,180,2277,15939,159.39,252.93521783995405,0.15468413492114214,4.608996728640146,0.3530050277761587,
63c5e90d8e,180,2278,15946,159.46,252.92904053798276,0.19963855661192628,4.599448720614594,0.6963953596274202,
63c5e90d8e,180,2279,15953,159.53,252.92345143624124,0.1569472166583885,4.765170724268971,1.113380347917033,
63c5e90d8e,180,2280,15960,159.6,252.84129390698882,0.08557644171391343,4.469011661343518,0.6973445352335386,
63c5e90d8e,180,2281,15967,159.67,252.8153112491075,0.1399740461772874,4.3307059520563636,0.5884678934301233,
63c5e90d8e,180,2282,15974,159.74,252.80373465363903,0.07963415334697416,4.466227421825281,0.4891558287298027,
63c5e90d8e,180,2283,15981,159.81,252.77275171461724,0.06690012637887847,4.263632549102404,0.5037840468742842,
63c5e90d8e,180,2284,15988,159.88,252.75263282098487,0.10354943744249452,4.299625335150005,0.9954115815405423,
63c5e90d8e,180,2285,15995,159.95,252.70765435371004,0.0993140091231955,4.481644311754681,0.9597815421503795,
63c5e90d8e,180,2286,16002,160.02,252.6768984467417,0.12574905500539707,4.349419446284382,0.8576352432987265,
63c5e90d8e,180,2287,16009,160.09,252.61824697628796,0.2975463361586281,4.421333113243632,1.3083120375250177,
63c5e90d8e,180,2288,16016,160.16,252.5809770189782,0.16968312837078708,4.77558647546608,0.9846586846208959,
63c5e90d8e,180,2289,16023,160.23,252.45670073756068,0.09234892886007659,4.525451552267641,0.729135066803433,
63c5e90d8e,180,2290,16030,160.3,252.42803821866607,0.10985872433698649,4.395698622081323,0.9236906791140815,
63c5e90d8e,180,2291,16037,160.37,252.3909758340017,0.17635787043606635,4.335452225052991,0.4953607584935271,
63c5e90d8e,180,2292,16044,160.44,252.37952834394324,0.10892333443402571,4.352031187012019,0.6836084151518269,
63c5e90d8e,180,2293,16051,160.51,252.3411238284762,0.2873740129343899,4.264042991207003,1.0968259681142667,
63c5e90d8e,180,2294,16058,160.58,252.33349909494194,0.1874784387296333,4.741854109014915,0.730131326330672,
63c5e90d8e,180,2295,16065,160.65,252.18109284962048,0.07756449675833171,3.9570219746589634,0.5214261248218832,
63c5e90d8e,180,2296,16072,160.72,252.16148628249985,0.04471298435617869,3.854302541863949,0.3245328625467861,
63c5e90d8e,180,2297,16079,160.79,252.15336177659734,0.16299626455660607,3.844152182332581,0.7382329170465202,
63c5e90d8e,180,2298,16086,160.86,252.14313031901608,0.0840779650376163,4.2807645015686555,0.42056875289304224,
63c5e90d8e,180,2299,16093,160.93,252.10965379163395,0.13772382343147158,4.02790178046076,0.6781250040296672,
63c5e90d8e,180,2300,16100,161.0,252.10525732480477,0.2048810752925086,4.036696628117043,0.7010763516381404,
63c5e90d8e,180,2301,16107,161.07,252.06691842617272,0.10264605418654986,4.047306382041466,0.4490654211497889,
63c5e90d8e,180,2302,16114,161.14,252.01583627995362,0.08882917482815215,4.104458921526051,0.5368322652242633,
63c5e90d8e,180,2303,16121,161.21,251.97975307237084,0.07984159581774058,4.048897253757531,0.6359399571345301,
63c5e90d8e,180,2304,16128,161.28,251.9534921880626,0.06663733123138763,4.013155282216228,0.6334242067694755,
63c5e90d8e,180,2305,16135,161.35,251.9338807208225,0.03366543622541603,4.000708666459002,0.2742936053252802,
63c5e90d8e,180,2306,16142,161.42,251.92917170757826,0.08186627031026311,4.09990505179494,0.6547576085551453,
63c5e90d8e,180,2307,16149,161.49,251.90204912406472,0.14392111882101222,4.027731618889429,0.481314945283399,
63c5e90d8e,180,2308,16156,161.56,251.9000567868848,0.0969003981674928,4.517142961654904,0.712620242560574,
63c5e90d8e,180,2309,16163,161.63,251.86055391632627,0.050833943274690124,4.2561826699726435,0.45042488408009096,
63c5e90d8e,180,2310,16170,161.7,251.848425192142,0.13730724846509829,4.280166425834824,0.6509007160067665,
63c5e90d8e,180,2311,16177,161.77,251.83508499411,0.2158419470761281,4.230488068496072,0.7997005627559562,
63c5e90d8e,180,2312,16184,161.84,251.81364761595702,0.21480342025568655,4.356437481039353,0.5796992640155654,
63c5e90d8e,180,2313,16191,161.91,251.80813387336224,0.15595798117978135,4.581714958179149,0.5048174967293864,
63c5e90d8e,180,2314,16198,161.98,251.68814682666084,0.04891677803845206,4.198193963663193,0.30448848667063555,
63c5e90d8e,180,2315,16205,162.05,251.6776972338249,0.21926062310781252,4.167932573122622,0.8190588279653469,
63c5e90d8e,180,2316,16212,162.12,251.65383213568188,0.1154891037682405,4.778770729504244,0.6303672672595009,
63c5e90d8e,180,2317,16219,162.19,251.59275211501267,0.11268918454014042,4.279389389463198,1.0817089318855793,
63c5e90d8e,180,2318,16226,162.26,251.53408530543481,0.07628276188095015,4.174160295091709,0.7627843921043379,
63c5e90d8e,180,2319,16233,162.33,251.50444316861672,0.060497371803241294,4.190650526066383,0.43523611438062415,
63c5e90d8e,180,2320,16240,162.4,251.49080860826484,0.11969501121332825,4.3015642384094575,0.5176875155994879,
63c5e90d8e,180,2321,16247,162.47,251.4898343091804,0.07964280227733847,4.371681553892224,0.48910842690078715,
63c5e90d8e,180,2322,16254,162.54,251.46063051556783,0.2696931501682397,4.276529413333631,0.6790977921289342,
63c5e90d8e,180,2323,16261,162.61,251.43055855856,0.2412455352646587,4.86723088343635,0.5459759167246159,
63c5e90d8e,180,2324,16268,162.68,251.4297398325176,0.12708437736572833,4.523525878682023,0.19984915106086887,
63c5e90d8e,180,2325,16275,162.75,251.35541673945667,0.06934791786381425,4.396027439378889,0.6518256108289339,
63c5e90d8e,180,2326,16282,162.82,251.33469147846463,0.2387531011004776,4.245174303308411,1.0128790554002998,
63c5e90d8e,180,2327,16289,162.89,251.30237278929945,0.143396617252334,5.199095016512456,0.9624546343440102,
63c5e90d8e,180,2328,16296,162.96,251.20730203138035,0.060119788526337405,4.402720080298029,0.5110226694791545,
63c5e90d8e,180,2329,16303,163.03,251.19607583312222,0.07219642681305509,4.443491535781583,0.6889407210653636,
63c5e90d8e,180,2330,16310,163.1,251.1744137631622,0.191183545187536,4.329031326882759,0.30492481311505637,
63c5e90d8e,180,2331,16317,163.17,251.15986591636133,0.10581036365228318,4.61350671087506,0.4879131689319374,
63c5e90d8e,180,2332,16324,163.24,251.10478814552775,0.05578584658335623,4.208923183501647,0.3858233959359025,
63c5e90d8e,180,2333,16331,163.31,251.09474964449987,0.13715896973008465,4.122548449016837,0.5504119402800556,
63c5e90d8e,180,2334,16338,163.38,251.08965114243406,0.12561066390952538,4.515916057732359,1.151255560349147,
63c5e90d8e,180,2335,16345,163.45,251.0581191131689,0.10991867513615043,4.19578902845465,0.7935010522865771,
63c5e90d8e,180,2336,16352,163.52,251.0028749935257,0.062328132324202305,4.146605831926118,0.43985554834657853,
63c5e90d8e,180,2337,16359,163.59,250.99188634545033,0.07642167632436665,4.136428658320357,0.5692983901827728,
63c5e90d8e,180,2338,16366,163.66,250.9663677876311,0.1478731795260999,4.175542460423445,0.5403687182430346,
63c5e90d8e,180,2339,16373,163.73,250.96433171713474,0.09671529922087374,4.414660799406414,0.5940087014922292,
63c5e90d8e,180,2340,16380,163.8,250.92219278475605,0.0826496297187906,4.229003135426448,0.4654852567237415,
63c5e90d8e,180,2341,16387,163.87,250.88849679488825,0.06141328395967172,4.215932332909957,0.5227062158202439,
63c5e90d8e,180,2342,16394,163.94,250.87957691595028,0.08938916588270633,4.153967943267155,0.7255939348576692,
63c5e90d8e,180,2343,16401,164.01,250.85427810105642,0.0827183300885549,4.2881589804224785,0.7465273355053802,
63c5e90d8e,180,2344,16408,164.08,250.8239452857921,0.09510126090536067,4.2156306934003,0.6742553822487183,
63c5e90d8e,180,2345,16415,164.15,250.78518983446423,0.07164006358045032,4.195549811579852,0.4219696698702698,
63c5e90d8e,180,2346,16422,164.22,250.76247348111175,0.10570744535182404,4.103060151372209,0.46431610559218867,
63c5e90d8e,180,2347,16429,164.29,250.75749008456864,0.12517727569046747,4.117137952201969,1.0750258795746586,
63c5e90d8e,180,2348,16436,164.36,250.67920973470027,0.05906825084945776,4.130266808324722,0.5543888419900563,
63c5e90d8e,180,2349,16443,164.43,250.66360352282337,0.15010352280916592,4.087836236687955,0.7226049991813212,
63c5e90d8e,180,2350,16450,164.5,250.65222157454028,0.10948856369328383,4.277895810567667,0.7300151385206971,
63c5e90d8e,180,2351,16457,164.57,250.59522100806817,0.1620685716142772,4.063199973563757,0.5170843467457158,
63c5e90d8e,180,2352,16464,164.64,250.5718915063349,0.10823852295591604,4.372234106036383,0.9563963385575134,
63c5e90d8e,180,2353,16471,164.71,250.5200788342008,0.10958888795088437,4.147536134419883,1.0228497477863276,
63c5e90d8e,180,2354,16478,164.78,250.47922845735036,0.09889831759373224,4.115596240851017,0.8822438884732237,
63c5e90d8e,180,2355,16485,164.85,250.43579337431362,0.07186587852003327,4.119885319953096,0.6765186160433311,
63c5e90d8e,180,2356,16492,164.92,250.4103254542385,0.05984253651872557,4.299265268202945,0.4089353347154472,
63c5e90d8e,180,2357,16499,164.99,250.39293758257196,0.09174869316265559,4.420740761186528,0.6742196126676121,
63c5e90d8e,180,2358,16506,165.06,250.36029802540622,0.08075894645113554,4.464471373458944,0.6245264358325102,
63c5e90d8e,180,2359,16513,165.13,250.3394599014439,0.09591334315599323,4.322161104277635,0.8954600549203019,
63c5e90d8e,180,2360,16520,165.2,250.301813835263,0.08824719375828546,4.232252680476412,0.8584730498903632,
63c5e90d8e,180,2361,16527,165.27,250.2639256875919,0.08295552701937978,4.465205521555297,0.5222450295517977,
63c5e90d8e,180,2362,16534,165.34,250.23589908885995,0.07969641637380223,4.547128389627828,0.5329223514924747,
63c5e90d8e,180,2363,16541,165.41,250.2088307212961,0.06956008625905628,4.633196107792118,0.5108079883410723,
63c5e90d8e,180,2364,16548,165.48,250.18642639972424,0.1250671460972683,4.5383191559105,1.249573888710279,
63c5e90d8e,180,2365,16555,165.55,250.13184427823856,0.0893588237990272,4.263963002986027,0.547361867569862,
63c5e90d8e,180,2366,16562,165.62,250.10813689742082,0.0587257396822392,4.306543068089444,0.38138490387878526,
63c5e90d8e,180,2367,16569,165.69,250.0963468842452,0.09927183281573584,4.193377941581245,0.9102213616024928,
63c5e90d8e,180,2368,16576,165.76,250.06235218836912,0.22217716386895395,4.377873163106069,1.0373646544982689,
63c5e90d8e,180,2369,16583,165.83,250.0560197278395,0.16588808097871394,5.134019133908859,0.9997197644063852,
63c5e90d8e,180,2370,16590,165.9,249.9602222018481,0.12828418599040814,4.406811024115114,1.1434844436184577,
63c5e90d8e,180,2371,16597,165.97,249.8903762981385,0.08227187893221237,4.527157127674896,0.7598989406247445,
63c5e90d8e,180,2372,16604,166.04,249.86336069822974,0.049784395387584744,4.297046868005194,0.3714086266817837,
63c5e90d8e,180,2373,16611,166.11,249.8537977579882,0.08203167765782887,4.476830869314688,0.7336472794402267,
63c5e90d8e,180,2374,16618,166.18,249.8307018344529,0.07007444488104861,4.377456258209743,0.4951883556430244,
63c5e90d8e,180,2375,16625,166.25,249.81685234863147,0.14749242208002333,4.420497492993686,1.349647873161035,
63c5e90d8e,180,2376,16632,166.32,249.72019812641958,0.09268419217405556,4.403810142878173,0.6459059911294741,
63c5e90d8e,180,2377,16639,166.39,249.6825350201418,0.07732599971774826,4.303448798528702,0.6749858296848572,
63c5e90d8e,180,2378,16646,166.46,249.65894252555427,0.07226629503086818,4.106515222168198,0.588614099489333,
63c5e90d8e,180,2379,16653,166.53,249.6353716643231,0.1042450796301121,4.202679273396296,0.9228262929288471,
63c5e90d8e,180,2380,16660,166.6,249.5853159040724,0.09655750508990443,4.291263699723469,0.7595263495225206,
63c5e90d8e,180,2381,16667,166.67,249.54962315858486,0.10586514889387322,4.348670172573434,0.9054201705776036,
63c5e90d8e,180,2382,16674,166.74,249.50612488199525,0.03868344882605628,4.193555337295495,0.2188573001901185,
63c5e90d8e,180,2383,16681,166.81,249.50046252915615,0.09141444388414435,4.212923957769999,0.8628958502781516,
63c5e90d8e,180,2384,16688,166.88,249.46441779324195,0.10126075471760923,4.262233756580946,0.9552586662902062,
63c5e90d8e,180,2385,16695,166.95,249.43338346136719,0.15171648564573,4.4702652085399475,1.5098719217628807,
63c5e90d8e,180,2386,16702,167.02,249.34617135671843,0.07555786017291771,4.35588823283943,0.4146597464312304,
63c5e90d8e,180,2387,16709,167.09,249.33007451185097,0.09403629596966077,4.35596631025088,0.903469294940738,
63c5e90d8e,180,2388,16716,167.16,249.29017528810922,0.05314985475071704,4.400520657887712,0.24834127712266144,
63c5e90d8e,180,2389,16723,167.23,249.2781120216261,0.045799181527645796,4.49263894004318,0.4190087438749297,
63c5e90d8e,180,2390,16730,167.3,249.26989721662162,0.06400888964566237,4.460169787686559,0.6356019013694564,
63c5e90d8e,180,2391,16737,167.37,249.24971535399314,0.11216258851422732,4.41594547359596,1.0035338697441314,
63c5e90d8e,180,2392,16744,167.44,249.19707217556177,0.12798600801073318,4.168284437297707,0.958972911097572,
63c5e90d8e,180,2393,16751,167.51,249.1237754233316,0.053460003759295285,4.167195819584444,0.4053796605022494,
63c5e90d8e,180,2394,16758,167.58,249.1133092405401,0.2542367544143564,4.079483491657242,1.289676339229125,
63c5e90d8e,180,2395,16765,167.65,249.08953253461897,0.13155205910980075,5.183223038678811,0.1437623494437914,
63c5e90d8e,180,2396,16772,167.72,249.01025848128972,0.14042931707765155,4.487615715681162,0.6066467345749282,
63c5e90d8e,180,2397,16779,167.79,249.0050511740884,0.10559730259784175,4.786941128550408,0.5087589123649714,
63c5e90d8e,180,2398,16786,167.86,248.9516268282344,0.03187786891626321,4.760661814877302,0.259416511170368,
63c5e90d8e,180,2399,16793,167.93,248.94664483477575,0.0898060779343297,4.737805179203092,0.7481146980618112,
63c5e90d8e,180,2400,16800,168.0,248.90642073801448,0.05154173742876913,4.559819155921145,0.5225277724245996,
63c5e90d8e,180,2401,16807,168.07,248.89801013195307,0.05449178297378066,4.559404649056568,0.3965586541171724,
63c5e90d8e,180,2402,16814,168.14,248.88520543305737,0.12601511275883354,4.345159162622406,1.0881952175465288,
63c5e90d8e,180,2403,16821,168.21,248.80684761802075,0.07292844165439592,4.234974313315012,0.7254289463336636,
63c5e90d8e,180,2404,16828,168.28,248.78524055684812,0.17197578521429063,4.247327933974642,0.8505867933056909,
63c5e90d8e,180,2405,16835,168.35,248.76798025647844,0.11251768049094982,4.607111427190193,0.8869008256635811,
63c5e90d8e,180,2406,16842,168.42,248.71202739152864,0.09726571858006486,4.466973080670052,0.7346898785387475,
63c5e90d8e,180,2407,16849,168.49,248.66829881169014,0.09687596250699584,4.428367701226666,0.631379637746291,
63c5e90d8e,180,2408,16856,168.56,248.62802650373274,0.08555137209761662,4.396690743890435,0.8396705136759813,
63c5e90d8e,180,2409,16863,168.63,248.60137991384977,0.16047708819400378,4.598342276894767,1.5083794831166577,
63c5e90d8e,180,2410,16870,168.7,248.51973998799537,0.09133156854504951,4.7855029058918435,0.5342499335651216,
63c5e90d8e,180,2411,16877,168.77,248.4928089694638,0.06889747672343624,4.600295016195375,0.4822792777792279,
63c5e90d8e,180,2412,16884,168.84,248.4773779085986,0.22511577830847404,4.724920683613314,1.0491842941241198,
63c5e90d8e,180,2413,16891,168.91,248.4596298229001,0.12658825209795518,5.320782422258146,0.6366997763446742,
63c5e90d8e,180,2414,16898,168.98,248.38182848435346,0.03963683578721415,4.933517344789055,0.2832529672353764,
63c5e90d8e,180,2415,16905,169.05,248.37789525270227,0.10564636650054329,4.894852130190427,1.058129521875624,
63c5e90d8e,180,2416,16912,169.12,248.32324808637532,0.04807098322283242,4.9773174895337995,0.34357181177687185,
63c5e90d8e,180,2417,16919,169.19,248.3115249018917,0.11056923511366884,4.876700256376373,0.9489717188330952,
63c5e90d8e,180,2418,16926,169.26,248.24993651101704,0.10613024532961776,4.781888906682732,0.8188097681232539,
63c5e90d8e,180,2419,16933,169.33,248.2103746691795,0.20234262093504393,4.928784712892319,0.9610923769094626,
63c5e90d8e,180,2420,16940,169.4,248.1905024764687,0.17823868693895406,5.408890335137865,1.0263346216881317,
63c5e90d8e,180,2421,16947,169.47,248.08001360396602,0.06983383724224723,5.165953146040002,0.36244504975879194,
63c5e90d8e,180,2422,16954,169.54,248.062541505532,0.07771146423099785,5.031327109361802,0.51521566681435,
63c5e90d8e,180,2423,16961,169.61,248.0366815503486,0.07286970987502038,5.109887143994712,0.7227687120564719,
63c5e90d8e,180,2424,16968,169.68,248.01880485359885,0.07211245573022926,4.961701271626215,0.4465830614961453,
63c5e90d8e,180,2425,16975,169.75,247.99470287747778,0.1206273250253819,5.014749544114178,1.1530152522643888,
63c5e90d8e,180,2426,16982,169.82,247.92505179351775,0.08445071088026138,4.836315330927481,0.3568255461068319,
63c5e90d8e,180,2427,16989,169.89,247.90322766221877,0.09099095159445295,4.7784409321689605,0.7478296349716615,
63c5e90d8e,180,2428,16996,169.96,247.86820471417477,0.061367928764353395,4.665695852606396,0.5414466899918581,
63c5e90d8e,180,2429,17003,170.03,247.85143212783208,0.08411320021981104,4.642543691412472,0.8025257222096177,
63c5e90d8e,180,2430,17010,170.1,247.82104556063456,0.10382595538509602,4.827118382090378,0.7904249023180128,
63c5e90d8e,180,2431,17017,170.17,247.77136755851657,0.10348405134898908,4.814594649086225,0.7865428774407353,
63c5e90d8e,180,2432,17024,170.24,247.71816093749615,0.1512540582371,4.9268146932561345,1.4566764636591185,
63c5e90d8e,180,2433,17031,170.31,247.66139598832007,0.09019493207822833,4.727749506131908,0.22029720365176306,
63c5e90d8e,180,2434,17038,170.38,247.6359282752761,0.09332772047382043,4.643323479048504,0.8053004981290486,
63c5e90d8e,180,2435,17045,170.45,247.59992752279427,0.07754676987466368,4.700424160274796,0.3272810287322752,
63c5e90d8e,180,2436,17052,170.52,247.57399579423006,0.05530724446479321,4.584098877218106,0.2229743518414589,
63c5e90d8e,180,2437,17059,170.59,247.56306565020904,0.14764973259458927,4.748672731273824,1.0637210229097442,
63c5e90d8e,180,2438,17066,170.66,247.4733722085873,0.30477697232357165,5.147643152175437,1.4027369822828957,
63c5e90d8e,180,2439,17073,170.73,247.45597228500012,0.3425339286877061,5.670962556186041,0.5353634882383277,
63c5e90d8e,180,2440,17080,170.8,247.45317182464464,0.3740365971799696,5.654054914932695,0.5526537694854737,
63c5e90d8e,180,2441,17087,170.87,247.39924279392352,0.19280516155207267,5.778782603225163,0.9766387239848142,
63c5e90d8e,180,2442,17094,170.94,247.2545349597043,0.12212140974337515,5.345355649435049,0.5385980777405774,
63c5e90d8e,180,2443,17101,171.01,247.1855190936571,0.030271566374835683,5.045021968516338,0.21731442374824625,
63c5e90d8e,180,2444,17108,171.08,247.18323391351026,0.23525934552538252,5.048108582527216,0.8767583391645256,
63c5e90d8e,180,2445,17115,171.15,247.17991078935307,0.1171342877232446,5.471795522811326,0.21880250648081542,
63c5e90d8e,180,2446,17122,171.22,247.11318886259394,0.13745318942969453,5.088822984172115,1.3402028027690969,
63c5e90d8e,180,2447,17129,171.29,247.03283991926256,0.23111389068217592,4.815904183660834,1.1331973281477545,
63c5e90d8e,180,2448,17136,171.36,246.99460450410777,0.13581301211201416,5.155233916723815,0.5099048462812804,
63c5e90d8e,180,2449,17143,171.43,246.92015229507,0.15487759773597884,4.9515338040817705,0.7629816377561603,
63c5e90d8e,180,2450,17150,171.5,246.91289249919922,0.11349580233572178,5.354044531303659,0.9320816308085624,
63c5e90d8e,180,2451,17157,171.57,246.85897593714094,0.2053278908084303,5.162450840483628,0.9591643186908194,
63c5e90d8e,180,2452,17164,171.64,246.8326428638743,0.1954863550993219,5.255336509239931,0.12794009998609596,
63c5e90d8e,180,2453,17171,171.71,246.7935518311966,0.18009116324442756,5.102943108460596,0.4830564357868786,
63c5e90d8e,180,2454,17178,171.78,246.76979837356816,0.24900203583558836,5.163554100575649,0.9495590330626031,
63c5e90d8e,180,2455,17185,171.85,246.75784798619912,0.288031289178269,5.39632546643555,0.6767251503108559,
63c5e90d8e,180,2456,17192,171.92,246.7439265183217,0.17465315830565367,5.643732534008413,1.1460670897095202,
63c5e90d8e,180,2457,17199,171.99,246.5903455249066,0.03980102129328694,5.002769369938912,0.361176804447076,
63c5e90d8e,180,2458,17206,172.06,246.5831922951441,0.11499860751429564,4.965405070403623,0.5154979144630839,
63c5e90d8e,180,2459,17213,172.13,246.5778624884995,0.06944044447185443,5.187790596035301,0.45675014269842074,
63c5e90d8e,180,2460,17220,172.2,246.56078480560626,0.058905394362338055,5.034318877499229,0.5216431193015273,
63c5e90d8e,180,2461,17227,172.27,246.54609333778782,0.10574240762214383,5.057145917068442,0.9852161043047871,
63c5e90d8e,180,2462,17234,172.34,246.5082008772811,0.06033196949631978,4.827676867698487,0.32066222961508833,
63c5e90d8e,180,2463,17241,172.41,246.49817003998015,0.07960330897808404,4.8203774652981455,0.6355921118981752,
63c5e90d8e,180,2464,17248,172.48,246.47093526485136,0.2709515238913426,4.767750502173316,1.3413883923473042,
63c5e90d8e,180,2465,17255,172.55,246.45269009680288,0.18636614430278353,5.429093699488491,1.2170930000508864,
63c5e90d8e,180,2466,17262,172.62,246.29380429640426,0.1341422492677829,4.930702413090392,0.5678569131868855,
63c5e90d8e,180,2467,17269,172.69,246.28856654277618,0.14217188121643137,5.182259258459151,1.0946116257379557,
63c5e90d8e,180,2468,17276,172.76,246.18790856294777,0.10499385999169523,5.049842278165858,0.8989686357484574,
63c5e90d8e,180,2469,17283,172.83,246.13368352280526,0.12116681513942341,4.971316986305565,1.1463219111861094,
63c5e90d8e,180,2470,17290,172.9,246.06852162224888,0.11805938370938823,4.951429013774099,1.1844931318059457,
63c5e90d8e,180,2471,17297,172.97,245.99704890804847,0.08125053178382903,4.937398656760617,0.8137959651385215,
63c5e90d8e,180,2472,17304,173.04,245.96942071843438,0.10368543602661523,5.042248319621169,0.9100108849479288,
63c5e90d8e,180,2473,17311,173.11,245.92469827335702,0.21255106325261558,5.008392930832804,0.8402688821011631,
63c5e90d8e,180,2474,17318,173.18,245.9083268385728,0.24815879549581987,5.6138140379632135,0.4383194731138533,
63c5e90d8e,180,2475,17325,173.25,245.89538656664433,0.2906490927257623,5.398684863443107,0.6190223237276394,
63c5e90d8e,180,2476,17332,173.32,245.86265534400815,0.14267534666004286,5.718513918167474,0.7556695409440445,
63c5e90d8e,180,2477,17339,173.39,245.76260605969802,0.15348722618347502,5.292198654780408,0.5570482780518312,
63c5e90d8e,180,2478,17346,173.46,245.75355154404417,0.1375694100748838,5.361633501456704,1.0018980680108935,
63c5e90d8e,180,2479,17353,173.53,245.68997702891107,0.11883366061782745,5.026908603098729,1.0345101213914563,
63c5e90d8e,180,2480,17360,173.6,245.62424025599685,0.16953319685744592,4.927174722830751,0.4966484589205823,
63c5e90d8e,180,2481,17367,173.67,245.62360475274215,0.13173181978446744,5.024590237461528,0.5435987505821762,
63c5e90d8e,180,2482,17374,173.74,245.53640097055893,0.041200332114238555,4.635524799431636,0.38686077244332906,
63c5e90d8e,180,2483,17381,173.81,245.53071032618865,0.08014302515694202,4.643641385176082,0.6682453840772373,
63c5e90d8e,180,2484,17388,173.88,245.50134479965632,0.13559385839106106,4.708352191537399,1.3023816881417765,
63c5e90d8e,180,2485,17395,173.95,245.4166280468365,0.2576191301796033,4.697942986638749,0.9933759405989377,
63c5e90d8e,180,2486,17402,174.02,245.40784663092876,0.17100300752663206,4.980610205375409,1.1139369005918998,
63c5e90d8e,180,2487,17409,174.09,245.26592457403078,0.11115484837425006,4.495343828770326,0.9306724993033222,
63c5e90d8e,180,2488,17416,174.16,245.2143592126013,0.14058752051725598,4.4347084282834786,0.292804335091056,
63c5e90d8e,180,2489,17423,174.23,245.19360217779615,0.07534511889063122,4.446575768918896,0.4319185093562298,
63c5e90d8e,180,2490,17430,174.3,245.17024668907396,0.05582467190539878,4.436400193123835,0.24354172510767014,
63c5e90d8e,180,2491,17437,174.37,245.15815568438248,0.08625634049392603,4.392315829171188,0.7097129078630857,
63c5e90d8e,180,2492,17444,174.44,245.12620690466954,0.09751288852501472,4.445285017051241,0.9616103261210542,
63c5e90d8e,180,2493,17451,174.51,245.09021087166343,0.12805251381138444,4.35060398318575,0.56119597980239,
63c5e90d8e,180,2494,17458,174.58,245.07997196742065,0.12069901138659131,4.463218691654444,0.4190212245409758,
63c5e90d8e,180,2495,17465,174.65,245.00865400981567,0.04025608272544645,4.306210366731519,0.35761849030782117,
63c5e90d8e,180,2496,17472,174.72,245.00114900634938,0.10133200090724204,4.298428019960104,0.9849862560570108,
63c5e90d8e,180,2497,17479,174.79,244.96054834079894,0.1388122029112867,4.0848907974207815,0.6577671198009202,
63c5e90d8e,180,2498,17486,174.86,244.94430184529244,0.10181274717502746,4.151212566367757,0.8717139951663466,
63c5e90d8e,180,2499,17493,174.93,244.89244112337875,0.10003256423526401,4.183753198931519,0.8531525092179673,
63c5e90d8e,180,2500,17500,175.0,244.84219085497048,0.18785804824360106,4.131054286770075,0.8642574794439545,
63c5e90d8e,180,2501,17507,175.07,244.82341751803995,0.09870753632353683,4.087779196703137,0.42512392360436674,
63c5e90d8e,180,2502,17514,175.14,244.7756330350496,0.08297128529910507,4.004084001606368,0.1630621411674407,
63c5e90d8e,180,2503,17521,175.21,244.77186439364033,0.07307077148072082,4.0871717969560235,0.6499307057961333,
63c5e90d8e,180,2504,17528,175.28,244.74462350504504,0.06859023474999337,4.033203340332978,0.6021853574432934,
63c5e90d8e,180,2505,17535,175.35,244.7234122514156,0.03589368597257588,3.954216268578195,0.3183559751929923,
63c5e90d8e,180,2506,17542,175.42,244.7171234665685,0.06297335049264478,3.867051929076786,0.6286382387699612,
63c5e90d8e,180,2507,17549,175.49,244.6968562294262,0.10836504989509249,3.866336214986856,0.5513715134397404,
63c5e90d8e,180,2508,17556,175.56,244.69472843806352,0.20714446247180052,3.9152032789765245,0.7009646650070913,
63c5e90d8e,180,2509,17563,175.63,244.68789283121225,0.11856025258763407,4.145621360313269,0.4924495167637727,
63c5e90d8e,180,2510,17570,175.7,244.62771916788262,0.060247962670897645,3.900851553992187,0.33030643295524525,
63c5e90d8e,180,2511,17577,175.77,244.61783143023698,0.07990437635310083,3.753007122506239,0.7126885551535318,
63c5e90d8e,180,2512,17584,175.84,244.5929636372659,0.09760950390087902,3.721964490876831,0.9543191865512446,
63c5e90d8e,180,2513,17591,175.91,244.5486385809473,0.06501798709289405,3.7485846969687033,0.4381874362815614,
63c5e90d8e,180,2514,17598,175.98,244.54125041744015,0.1015995538843033,3.669879666615244,0.9509404161437884,
63c5e90d8e,180,2515,17605,176.05,244.49836403524122,0.08592425214302557,3.7511462361360324,0.6081665868610594,
63c5e90d8e,180,2516,17612,176.12,244.4715554961319,0.11671687285309906,3.7496073985089797,1.1197777392883084,
63c5e90d8e,180,2517,17619,176.19,244.41012061724956,0.03580872596285923,3.6399095409769844,0.24285021030517756,
63c5e90d8e,180,2518,17626,176.26,244.40451440185083,0.05327314670548192,3.6340415336050564,0.5181035204099941,
63c5e90d8e,180,2519,17633,176.33,244.39100197395354,0.1174331932426054,3.6886576976304584,1.1876582486859422,
63c5e90d8e,180,2520,17640,176.4,244.32231131444885,0.08510548090805095,3.6733726666401973,0.4085841334573738,
63c5e90d8e,180,2521,17647,176.47,244.31998304926483,0.10950036537478756,3.7854427680859097,0.9886550008198429,
63c5e90d8e,180,2522,17654,176.54,244.26604126007373,0.05175492592291928,3.7946735904891633,0.3690673532554434,
63c5e90d8e,180,2523,17661,176.61,244.25656636759814,0.08227949310228289,3.7699018179635515,0.6705015859922158,
63c5e90d8e,180,2524,17668,176.68,244.2254121682259,0.08305699714757087,3.9145024306836476,0.7878613556331109,
63c5e90d8e,180,2525,17675,176.75,244.19628746670318,0.0781185848726316,3.847652765249587,0.5020553324819785,
63c5e90d8e,180,2526,17682,176.82,244.17731153226995,0.05982047598300387,3.836772437622858,0.39021707723625243,
63c5e90d8e,180,2527,17689,176.89,244.1623316213089,0.06654420610853543,3.7839822383493886,0.6476987699682765,
63c5e90d8e,180,2528,17696,176.96,244.1442432138739,0.035382396765430306,3.741468974096426,0.31338367954632085,
63c5e90d8e,180,2529,17703,177.03,244.13830556409718,0.07163554950931104,3.7610828972385764,0.6938429786460357,
63c5e90d8e,180,2530,17710,177.1,244.11633944513207,0.041556222859482815,3.8654711609315395,0.3650293580065458,
63c5e90d8e,180,2531,17717,177.17,244.10795076533213,0.04704268631320421,3.788146789260139,0.2726358673385357,
63c5e90d8e,180,2532,17724,177.24,244.0969058960412,0.11272272517300337,3.9216111248259367,0.5263418105207566,
63c5e90d8e,180,2533,17731,177.31,244.0959814041327,0.08292336840106822,3.9783571883114925,0.4004596086799612,
63c5e90d8e,180,2534,17738,177.38,244.06233177683978,0.04688020098825274,3.8918532804759525,0.4396735864793247,
63c5e90d8e,180,2535,17745,177.45,244.05217583682074,0.18488522403642965,3.8067017931952236,0.8011605873280871,
63c5e90d8e,180,2536,17752,177.52,244.04840755324943,0.12052291453931553,3.8703476175558857,0.5491704997219251,
63c5e90d8e,180,2537,17759,177.59,243.99078673974256,0.10186417469579583,3.7336276144315903,0.7328609942854034,
63c5e90d8e,180,2538,17766,177.66,243.9375370125353,0.038404521295513014,3.620291443471555,0.3516868648311413,
63c5e90d8e,180,2539,17773,177.73,243.93126619578015,0.1589223446215979,3.5131200536659786,0.7857781893732271,
63c5e90d8e,180,2540,17780,177.8,243.9038349501549,0.12974441965971756,3.9898759343388472,1.196237405266139,
63c5e90d8e,180,2541,17787,177.87,243.84406695857191,0.04979711676159053,3.7425192928945044,0.18826661403945924,
63c5e90d8e,180,2542,17794,177.94,243.83664838818285,0.06045771661904708,3.6095286178991164,0.2582225413296147,
63c5e90d8e,180,2543,17801,178.01,243.82411557165756,0.03278972544570396,3.6738746483331943,0.22492176786649265,
63c5e90d8e,180,2544,17808,178.08,243.8212395651577,0.0373444335720731,3.6436965404908053,0.3147862639899801,
63c5e90d8e,180,2545,17815,178.15,243.81599344409582,0.1124426075542217,3.5857712390733996,0.5176886505127564,
63c5e90d8e,180,2546,17822,178.22,243.81545485565547,0.06634345813893484,3.913306348674981,0.19340637343115316,
63c5e90d8e,180,2547,17829,178.29,243.79481953732724,0.05505059653042315,3.6106150101222645,0.48651352963053757,
63c5e90d8e,180,2548,17836,178.36,243.77991289231724,0.06944231001834307,3.750281813470589,0.5982040908290308,
63c5e90d8e,180,2549,17843,178.43,243.75935168827212,0.08453431917647233,3.8680229706086675,0.5244159453651859,
63c5e90d8e,180,2550,17850,178.5,243.72768077703637,0.08307586324034816,3.6846934484650196,0.6938791565307452,
63c5e90d8e,180,2551,17857,178.57,243.6930050812772,0.04301055081685571,3.5895523446312225,0.3364957350341475,
63c5e90d8e,180,2552,17864,178.64,243.68554987428502,0.143476119236017,3.4841498613080604,0.698331846306348,
63c5e90d8e,180,2553,17871,178.71,243.68466115443616,0.13321241968618863,3.9531326734366536,1.0662033383335796,
63c5e90d8e,180,2554,17878,178.78,243.6186696409002,0.0889450931559485,3.7907169076708795,0.8070933862264581,
63c5e90d8e,180,2555,17885,178.85,243.5818745771715,0.061170267759390946,3.6001024721075754,0.5668687432011925,
63c5e90d8e,180,2556,17892,178.92,243.56333454065995,0.17462871659900747,3.6711763356445304,0.8859699061334442,
63c5e90d8e,180,2557,17899,178.99,243.55689854439578,0.1278743945981849,3.8327874223506897,0.6104737136169621,
63c5e90d8e,180,2558,17906,179.06,243.47345068043546,0.11135924695525533,3.5981655693185512,0.9637127849383913,
63c5e90d8e,180,2559,17913,179.13,243.41571236155482,0.08606408043760509,3.6175374922417864,0.8109133879960254,
63c5e90d8e,180,2560,17920,179.2,243.3810800940441,0.07753562762392048,3.4323304799109287,0.3688223872230132,
63c5e90d8e,180,2561,17927,179.27,243.37749409883165,0.07961581416054504,3.4762681372301367,0.6009695876663096,
63c5e90d8e,180,2562,17934,179.34,243.34936031441146,0.04465352137808401,3.388932065192813,0.27203907138038996,
63c5e90d8e,180,2563,17941,179.41,243.3397149266436,0.112406091894531,3.3983661051720784,0.5263839794453484,
63c5e90d8e,180,2564,17948,179.48,243.33362351431083,0.10996679088560864,3.6427459469864183,0.7764334455549722,
63c5e90d8e,180,2565,17955,179.55,243.27327812843004,0.10385060525730705,3.494477371683117,0.7959214630712086,
63c5e90d8e,180,2566,17962,179.62,243.23894976098876,0.08951867666040325,3.2676473754455886,0.7755694243751355,
63c5e90d8e,180,2567,17969,179.69,243.21717242640744,0.061158272228418215,3.264388274353046,0.214714014833991,
63c5e90d8e,180,2568,17976,179.76,243.20961973147473,0.0565781877580873,3.228790478824051,0.36454695447650015,
63c5e90d8e,180,2569,17983,179.83,243.19849791571212,0.08730569870295839,3.1832300158781623,0.5074663971222959,
63c5e90d8e,180,2570,17990,179.9,243.16388452889876,0.05942383143937717,3.2365611118732476,0.4048684642183491,
63c5e90d8e,180,2571,17997,179.97,243.14889838883587,,3.0877329625239054,0.7266645475371112,
ec6e87cbfa,180,0,0,0.0,2727010.761415566,414.75744907923365,10212.732359910277,1669.9430726715466,"ProjectedCommonDirectionsConfig(subspace_frac_grads=0.02, subspace_frac_updates=0.02, subspace_frac_random=0.01, direction_str=sd, random_proj=True, random_proj_dim_frac=0.03, ensemble=haar, inner_use_full_grad=True, orth_P_k=True, beta=0.001, tau=0.5, c_const=inf, N_try=200, alpha_max=100, p_const=1)"
ec6e87cbfa,180,1,7,0.07,2412578.037575359,578.7414360877555,8982.872040996204,2716.51003100017,
ec6e87cbfa,180,2,14,0.14,1989707.1948511398,460.261904422753,7497.996220396442,1850.8720274169582,
ec6e87cbfa,180,3,21,0.21,1649869.6747726526,307.90494077235724,7023.339294689788,1144.2602449021788,
ec6e87cbfa,180,4,28,0.28,1562799.482261223,334.5127209162501,6425.054743044003,684.7438785485915,
ec6e87cbfa,180,5,35,0.35,1365773.92287704,173.29736708376782,5856.014230013947,590.5518369440596,
ec6e87cbfa,180,6,42,0.42,1305587.1333801546,87.58042206929896,5676.924706149371,376.9075519157247,
ec6e87cbfa,180,7,49,0.49,1290553.3072506092,237.15828426678962,5622.779803969309,568.4325443848086,
ec6e87cbfa,180,8,56,0.56,1286639.0428376764,377.3915620853811,5768.732183022025,1789.5691780417728,
ec6e87cbfa,180,9,63,0.63,1086810.261664857,259.85511309434713,4536.008431463216,1153.6551142427397,
ec6e87cbfa,180,10,70,0.7,1023431.0913577294,271.53613124491426,4981.106272380222,1149.194180962492,
ec6e87cbfa,180,11,77,0.77,933774.2403428769,263.7647780697646,4099.801185838794,468.32124075479965,
ec6e87cbfa,180,12,84,0.84,775472.9408205794,155.80017526230503,3814.291190968717,680.3250348108883,
ec6e87cbfa,180,13,91,0.91,734345.800109618,68.2835273543346,3454.170871725807,179.92270303578118,
ec6e87cbfa,180,14,98,0.98,725279.2053751687,119.64104938882494,3517.101863318689,575.8768328113698,
ec6e87cbfa,180,15,105,1.05,698745.679734775,75.67916063489591,3409.827735233646,339.4986369242091,
ec6e87cbfa,180,16,112,1.12,689003.2112098497,119.13392565374983,3429.0979279315297,526.8026115322057,
ec6e87cbfa,180,17,119,1.19,661231.8898569518,152.7399073286675,3260.422774382148,726.1133039783666,
ec6e87cbfa,180,18,126,1.26,611927.1171459667,158.2697335196073,3246.0094517942625,749.3320784247595,
ec6e87cbfa,180,19,133,1.33,554565.9242587048,139.0858293015652,2983.9082073713485,487.2649602995252,
ec6e87cbfa,180,20,140,1.4,516114.89037585305,62.3418563286344,2765.3814528576268,164.38805027969613,
ec6e87cbfa,180,21,147,1.47,509495.5874768345,73.85740046620825,2757.4023125739027,299.83132706916217,
ec6e87cbfa,180,22,154,1.54,498894.4219830175,102.76570976012678,2684.8967815695,452.75102248581567,
ec6e87cbfa,180,23,161,1.61,473973.1220319593,51.16113578878202,2506.74093395834,181.9679266926947,
ec6e87cbfa,180,24,168,1.68,468634.163642704,34.361563124951,2497.6898195642134,149.6035576347668,
ec6e87cbfa,180,25,175,1.75,466570.98079258425,91.29798540158798,2470.042609469317,410.88616399458755,
ec6e87cbfa,180,26,182,1.82,452839.2686518931,49.77770890061378,2500.576269272392,111.44658759987816,
ec6e87cbfa,180,27,189,1.89,449367.8095230873,67.74024535865846,2448.9309740040876,210.1337133130434,
ec6e87cbfa,180,28,196,1.96,439346.86841915135,81.81259741232783,2425.298478925186,405.5921043962023,
ec6e87cbfa,180,29,203,2.03,422660.39425809,131.37106346193843,2348.071635540219,573.0637951400272,
ec6e87cbfa,180,30,210,2.1,396327.44329221797,89.06238968525946,2271.5940159029233,325.3319512234362,
ec6e87cbfa,180,31,217,2.17,381102.08663706505,74.07350083267232,2165.3836430131023,350.296772223057,
ec6e87cbfa,180,32,224,2.24,371602.708995984,98.33563180824584,2163.585949210663,496.16463335309584,
ec6e87cbfa,180,33,231,2.31,352050.57139653224,97.37492570162776,2144.278314228115,431.2029417024398,
ec6e87cbfa,180,34,238,2.38,339355.7034142945,83.67696339812676,2024.9953270452033,313.1253592944273,
ec6e87cbfa,180,35,245,2.45,328487.75309440383,177.31822086033716,2023.2340590017245,574.7571364961065,
ec6e87cbfa,180,36,252,2.52,269277.6053475176,78.99740085625935,1744.5211274715512,294.11493860995864,
ec6e87cbfa,180,37,259,2.59,257130.09890256956,75.47099597043332,1651.8145455457725,256.61463087937284,
ec6e87cbfa,180,38,266,2.66,246434.65193754324,30.223451481376152,1665.988615557377,109.39349085036336,
ec6e87cbfa,180,39,273,2.73,244862.23559820623,139.75682068575708,1611.9514475987987,333.84132655485183,
ec6e87cbfa,180,40,280,2.8,242193.5693679833,105.55648698970066,1627.5914730405034,225.40761226372805,
ec6e87cbfa,180,41,287,2.87,220027.0061113107,51.40720571493509,1491.6810548473024,129.5147314954167,
ec6e87cbfa,180,42,294,2.94,216552.0215041741,73.2897212252688,1519.1670088884641,356.57824973154936,
ec6e87cbfa,180,43,301,3.01,209903.0529245212,80.84757763302322,1413.6314864477245,368.43244046747526,
ec6e87cbfa,180,44,308,3.08,198413.9958409066,48.815141420139035,1371.3545395527346,101.69928666203056,
ec6e87cbfa,180,45,315,3.15,195702.7743582356,53.834658066975386,1363.6012732501972,191.75897433584637,
ec6e87cbfa,180,46,322,3.22,190168.91980148616,53.07984033735263,1339.7605195404833,76.31991894957389,
ec6e87cbfa,180,47,329,3.29,185826.32754611378,49.552617311683676,1287.9399933164414,115.55985196884276,
ec6e87cbfa,180,48,336,3.36,181665.3125516764,43.49825588756433,1304.187403866613,182.17435603456207,
ec6e87cbfa,180,49,343,3.43,177472.55193722973,48.18427352105004,1289.2067713442664,211.02286660045604,
ec6e87cbfa,180,50,350,3.5,172418.87965976913,67.45829422775475,1299.08514056137,171.0198248626019,
ec6e87cbfa,180,51,357,3.57,164348.90178613586,41.15393175242704,1249.8420117216583,123.79312150278683,
ec6e87cbfa,180,52,364,3.64,160048.0277246694,28.402294411623284,1233.9753956321003,128.36939930243196,
ec6e87cbfa,180,53,371,3.71,158425.3946497955,66.37402052090212,1249.6218427561375,154.89385543165122,
ec6e87cbfa,180,54,378,3.78,151778.32640669556,75.45525850398401,1173.2286014405033,350.25112975175733,
ec6e87cbfa,180,55,385,3.85,143159.88061919418,55.39766542079252,1168.7256486930623,205.34680275207623,
ec6e87cbfa,180,56,392,3.92,139237.32707850492,59.5175022352664,1175.971875747874,261.1789767467874,
ec6e87cbfa,180,57,399,3.99,134615.99487187024,38.15903938864337,1139.510569360148,106.43931503845981,
ec6e87cbfa,180,58,406,4.06,133075.96653050176,45.0043679137343,1118.1006645177154,188.98483669911008,
ec6e87cbfa,180,59,413,4.13,129510.57342202692,48.35721527718586,1102.2776917116148,200.005800090718,
ec6e87cbfa,180,60,420,4.2,126693.73647676564,47.73699975257232,1084.4658944389241,182.05574955174816,
ec6e87cbfa,180,61,427,4.27,123695.9924164031,53.28825350145457,1052.486612928107,236.89930371403776,
ec6e87cbfa,180,62,434,4.34,117301.44074030205,48.4046006088483,991.0031308521716,220.96607984271125,
ec6e87cbfa,180,63,441,4.41,112397.41246673245,31.34567147946612,990.7057939759658,102.45457701765027,
ec6e87cbfa,180,64,448,4.48,110293.4345402595,15.862352899905707,960.1922325880921,60.01766664652325,
ec6e87cbfa,180,65,455,4.55,109766.90667625914,31.181089773674234,961.6133260221726,154.85948334433084,
ec6e87cbfa,180,66,462,4.62,108182.3115163232,39.02018130667487,969.9811611598365,146.51655906045914,
ec6e87cbfa,180,67,469,4.69,105878.05598402205,40.37624333524751,1012.7836368209586,180.19288237350634,
ec6e87cbfa,180,68,476,4.76,102862.62817878017,36.41236136974929,944.9718428844569,108.1090715158018,
ec6e87cbfa,180,69,483,4.83,100706.5595601396,66.32895627944393,1019.8769025704964,295.6301542431787,
ec6e87cbfa,180,70,490,4.9,93812.69396454825,34.78397803446811,885.9155982808957,79.05764753835095,
ec6e87cbfa,180,71,497,4.97,92547.21222430248,33.295606457582934,910.0167348812358,116.41523545984825,
ec6e87cbfa,180,72,504,5.04,91793.25784228141,38.54825444407747,880.384289592124,135.0814189904685,
ec6e87cbfa,180,73,511,5.11,89458.38812613384,24.223989377632126,888.2892235186556,52.38324481898374,
ec6e87cbfa,180,74,518,5.18,88693.61338885622,29.754730383521597,870.739523122202,130.61385648448245,
ec6e87cbfa,180,75,525,5.25,87761.43722141135,38.75281973105946,880.5197605923522,168.44989408962792,
ec6e87cbfa,180,76,532,5.32,84969.95936953889,52.04086772081885,840.705100811224,252.34991373178903,
ec6e87cbfa,180,77,539,5.39,80408.58150763492,21.166592399800507,840.2421193498774,49.39531636804556,
ec6e87cbfa,180,78,546,5.46,79683.82625226476,12.294518277997918,805.4876299157688,46.6240408654551,
ec6e87cbfa,180,79,553,5.53,79347.34236028299,34.17373525892533,816.6902704886179,131.7651104290436,
ec6e87cbfa,180,80,560,5.6,77938.26593205631,32.665464427361705,840.4273364649196,141.76490491214778,
ec6e87cbfa,180,81,567,5.67,75996.35877381488,27.72346131916168,814.705783396951,130.1049809444884,
ec6e87cbfa,180,82,574,5.74,74881.10499444824,34.79651455121691,799.7369609085036,170.89061387242097,
ec6e87cbfa,180,83,581,5.81,73644.18755279061,33.487561834390924,775.6329662535042,118.14173329534637,
ec6e87cbfa,180,84,588,5.88,71439.92339168007,45.31969273439162,763.7010874716983,88.56415621095519,
ec6e87cbfa,180,85,595,5.95,66971.23279698203,19.873892948679934,735.5004665956303,90.93914765008938,
ec6e87cbfa,180,86,602,6.02,65904.78545203661,23.533902245665278,702.2230431288594,112.6499829975341,
ec6e87cbfa,180,87,609,6.09,64803.05860736777,58.87117344752497,698.4271347966459,146.42332445759382,
ec6e87cbfa,180,88,616,6.16,64736.931839076344,62.48386192262104,717.8847987408308,72.32835199271037,
ec6e87cbfa,180,89,623,6.23,64558.11445321175,49.12645014492191,708.0469208939629,146.5822267431996,
ec6e87cbfa,180,90,630,6.3,59568.2290580711,16.781483331319144,669.7317072184404,71.03584993977813,
ec6e87cbfa,180,91,637,6.37,59061.08472898831,16.617082952683514,651.1533925246581,64.59139567168954,
ec6e87cbfa,180,92,644,6.44,58681.00355435453,30.334491160643342,663.6577875168161,119.6218507141549,
ec6e87cbfa,180,93,651,6.51,57259.44594243855,33.40855261420833,661.3785412870693,125.7249676658668,
ec6e87cbfa,180,94,658,6.58,54531.86473944309,17.909651156984577,615.1250602962967,65.34419015315775,
ec6e87cbfa,180,95,665,6.65,53768.84958865311,27.36392813661439,600.270060851872,129.07480958375098,
ec6e87cbfa,180,96,672,6.72,52317.231451827625,26.04915711600987,577.3732870665474,76.13088122634446,
ec6e87cbfa,180,97,679,6.79,50731.59241201313,13.813512727399877,560.5384674278854,63.91458458655911,
ec6e87cbfa,180,98,686,6.86,50579.390168929414,53.25288653931776,537.312976933717,116.65993718923039,
ec6e87cbfa,180,99,693,6.93,50185.83379659816,30.612963376965144,558.3624742635351,79.32636312441721,
ec6e87cbfa,180,100,700,7.0,48257.26239016999,21.009943179556554,509.66908394086454,99.38360084863088,
ec6e87cbfa,180,101,707,7.07,47500.99498220446,26.80774636831981,497.8069950740844,111.57134597210818,
ec6e87cbfa,180,102,714,7.14,45790.31314067234,8.479148558702217,497.867836694964,35.40270941763841,
ec6e87cbfa,180,103,721,7.21,45708.985725092054,21.58587095406146,495.05468917343234,107.63248024057704,
ec6e87cbfa,180,104,728,7.28,45006.717293976966,12.013105563852784,492.46120716452714,38.658051118378694,
ec6e87cbfa,180,105,735,7.35,44639.36368194632,23.538249906775206,485.7588804873757,104.80864221801134,
ec6e87cbfa,180,106,742,7.42,43708.03073643722,31.162500335855796,496.4985025031016,98.98061090234727,
ec6e87cbfa,180,107,749,7.49,42077.78252485353,16.825180370715994,468.0279491033289,30.20134076185134,
ec6e87cbfa,180,108,756,7.56,41754.22792516272,16.451721892968305,464.27035856915825,33.494775670393686,
ec6e87cbfa,180,109,763,7.63,41649.83265347951,16.138854079503137,478.42278889281573,61.26226952958393,
ec6e87cbfa,180,110,770,7.7,40998.19557944975,14.808498781156965,471.9537145275557,69.34879371538217,
ec6e87cbfa,180,111,777,7.77,40482.03003516396,26.936544636539924,461.2288063476176,127.41990935937424,
ec6e87cbfa,180,112,784,7.84,38705.79770958157,16.080785694534082,445.5378057092484,76.70115929054245,
ec6e87cbfa,180,113,791,7.91,38148.30239619748,28.57274115978501,444.5121609154466,98.53736913195264,
ec6e87cbfa,180,114,798,7.98,36540.463949000376,14.433057465256573,452.5540591110967,52.585522317922624,
ec6e87cbfa,180,115,805,8.05,36152.522163356414,11.8101763808835,428.46694753577583,56.07021074292742,
ec6e87cbfa,180,116,812,8.12,35941.706086383994,14.130261938729483,445.9052543552943,56.98415407488199,
ec6e87cbfa,180,117,819,8.19,35649.51784889393,14.774268250461061,439.9857253713092,55.70053109465175,
ec6e87cbfa,180,118,826,8.26,35186.582096865335,13.560163704486085,435.99014217102217,56.176697111280056,
ec6e87cbfa,180,119,833,8.33,34778.66151708223,6.284558381227331,437.0096670081846,28.633906011858574,
ec6e87cbfa,180,120,840,8.4,34721.13489142858,23.357563752547055,446.39438902050415,111.70729876940452,
ec6e87cbfa,180,121,847,8.47,33507.612562826354,21.033680939135472,433.3032243689405,65.5129107600963,
ec6e87cbfa,180,122,854,8.54,32650.073136110175,9.234625150325872,422.4009713192044,35.61754457782818,
ec6e87cbfa,180,123,861,8.61,32529.74597371112,11.508831551588441,426.25885042960664,54.06961035043782,
ec6e87cbfa,180,124,868,8.68,32200.686938745974,14.530996132874881,427.60134531578876,56.829715289226286,
ec6e87cbfa,180,125,875,8.75,31893.071020585132,21.054579812871573,428.23211523412226,98.70058407401788,
ec6e87cbfa,180,126,882,8.82,31195.41517046161,9.753093280363133,414.12820178775314,26.065389496958815,
ec6e87cbfa,180,127,889,8.89,30991.361921213374,13.738148064029897,402.72880751675416,58.505491584838666,
ec6e87cbfa,180,128,896,8.96,30571.794068973224,13.923574351165609,389.43976149244685,62.977191540382826,
ec6e87cbfa,180,129,903,9.03,30143.890000421015,7.866555940698339,379.32711020568973,35.2033500821326,
ec6e87cbfa,180,130,910,9.1,30125.87708707272,10.288406107535188,389.0341400732804,45.50847535723917,
ec6e87cbfa,180,131,917,9.17,29964.207496377512,12.840432960469997,381.25397356488804,52.79038166788506,
ec6e87cbfa,180,132,924,9.24,29646.9888000862,24.323413161773114,365.3497561421137,62.460418208764,
ec6e87cbfa,180,133,931,9.31,28672.425601130635,18.135354125714894,373.52481211791263,56.39471730845742,
ec6e87cbfa,180,134,938,9.38,28186.565433574626,20.42378256832668,368.4005231062835,81.28901489158338,
ec6e87cbfa,180,135,945,9.45,27767.53342301205,12.67216246738576,359.23814035260483,7.200458359466638,
ec6e87cbfa,180,136,952,9.52,27549.538054051107,16.397531440185276,356.119171063203,68.7255108987943,
ec6e87cbfa,180,137,959,9.59,26937.777969031107,14.648683970328422,339.7868442532454,14.877358366509227,
ec6e87cbfa,180,138,966,9.66,26486.769903741846,15.397216945047862,346.55374294829977,63.77405098734757,
ec6e87cbfa,180,139,973,9.73,26031.964746215028,17.348245624262983,314.82185938022843,81.63113885376906,
ec6e87cbfa,180,140,980,9.8,25433.989721209502,14.707317590659105,320.4744856793586,62.91004328007743,
ec6e87cbfa,180,141,987,9.87,25291.956977400285,17.370205366212666,328.0474117376017,65.70851129509467,
ec6e87cbfa,180,142,994,9.94,24913.104100749493,11.805493942651584,311.91183617570294,35.78444723475498,
ec6e87cbfa,180,143,1001,10.01,24808.65898322201,11.846814359990137,307.08440481805974,36.523456582822966,
ec6e87cbfa,180,144,1008,10.08,24592.98505537579,11.195396310521929,307.4235593486724,27.655783950541306,
ec6e87cbfa,180,145,1015,10.15,24481.291503026277,13.380965081268775,296.4484647424342,57.54568663181476,
ec6e87cbfa,180,146,1022,10.22,24238.23081814188,14.73484405898207,284.0801848089278,26.39339569134416,
ec6e87cbfa,180,147,1029,10.29,23944.176928178895,10.982000337172446,281.9071982961437,43.04988121087374,
ec6e87cbfa,180,148,1036,10.36,23760.35343263148,8.103397118281114,281.0226104661477,31.8752000031287,
ec6e87cbfa,180,149,1043,10.43,23685.7735975762,9.799863311100596,279.21924493846194,35.73702113896179,
ec6e87cbfa,180,150,1050,10.5,23435.72846289286,12.192940919048032,262.11529041566814,51.42500766600586,
ec6e87cbfa,180,151,1057,10.57,23242.234902485176,10.151938693690811,264.7627224784736,39.03136091231691,
ec6e87cbfa,180,152,1064,10.64,23126.990049232885,10.87009891527831,275.24863176648836,48.36538242462198,
ec6e87cbfa,180,153,1071,10.71,22964.136307063127,7.970201815590962,267.97412590437335,79.51464344614767,
ec6e87cbfa,180,154,1078,10.78,22706.07595961642,13.559343546087089,265.70819121794955,65.7394203411364,
ec6e87cbfa,180,155,1085,10.85,22566.725052082074,10.653299219509961,254.7698864594185,18.328469120485256,
ec6e87cbfa,180,156,1092,10.92,22495.508942838584,12.97841632523919,256.5580936457597,34.768277428146405,
ec6e87cbfa,180,157,1099,10.99,22341.638611533388,6.467141059906169,256.282710676194,38.60588855937764,
ec6e87cbfa,180,158,1106,11.06,22116.320600997562,11.52605077164199,237.7490479017466,55.634506662922604,
ec6e87cbfa,180,159,1113,11.13,21790.97383461501,14.548215547075378,234.1542891311368,61.23998826223999,
ec6e87cbfa,180,160,1120,11.2,21468.59270473186,18.728106813378655,248.03711730578686,27.576404028114407,
ec6e87cbfa,180,161,1127,11.27,21444.991818690436,12.99588399825278,253.65100445753296,32.532238927714545,
ec6e87cbfa,180,162,1134,11.34,21048.97496127188,13.351240855395282,242.62931794957188,60.70576967729917,
ec6e87cbfa,180,163,1141,11.41,20969.020467797953,14.221819331711144,235.45892143028328,66.58995698523496,
ec6e87cbfa,180,164,1148,11.48,20712.545047088417,9.51636790494215,241.68149632660717,28.399963198845196,
ec6e87cbfa,180,165,1155,11.55,20540.750016818165,11.270397350652297,238.87426378390413,41.552959733295395,
ec6e87cbfa,180,166,1162,11.62,20368.73535041362,5.965142199015622,243.03530756767225,22.082041395409245,
ec6e87cbfa,180,167,1169,11.69,20331.941599129135,7.663241988362064,231.34651526597906,15.588868700678544,
ec6e87cbfa,180,168,1176,11.76,20267.231269700318,5.532879830597973,246.53303954491048,21.079927885980233,
ec6e87cbfa,180,169,1183,11.83,20118.068328303987,4.314499210247926,224.2587358471989,17.880822374642907,
ec6e87cbfa,180,170,1190,11.9,20077.17691189063,10.347596701697551,226.71473173567313,24.376062009527413,
ec6e87cbfa,180,171,1197,11.97,19944.779312834165,8.207201582450496,238.4290751215808,25.615340733431783,
ec6e87cbfa,180,172,1204,12.04,19847.606928520105,13.487826038549544,221.66786087615463,50.55516081569052,
ec6e87cbfa,180,173,1211,12.11,19487.8995683073,10.972138609316287,233.82079373064641,52.274694317015765,
ec6e87cbfa,180,174,1218,12.18,19307.606507154997,10.505980893093806,213.2503201523089,47.997849819394,
ec6e87cbfa,180,175,1225,12.25,19217.08282869016,12.313299160931741,228.4380385782597,42.30230908620704,
ec6e87cbfa,180,176,1232,12.32,18913.63522272358,12.487314162006365,212.33439035318588,53.10904263376853,
ec6e87cbfa,180,177,1239,12.39,18659.172270117764,11.33028294379494,218.10709686059292,53.59583568823096,
ec6e87cbfa,180,178,1246,12.46,18392.979646082018,17.682828852689543,209.30983950186243,35.22054815688747,
ec6e87cbfa,180,179,1253,12.53,18389.96099608406,12.079895607667462,219.37771710271642,27.929450266920128,
ec6e87cbfa,180,180,1260,12.6,18076.282543813315,8.839533493769812,197.3273655061856,29.063924513511115,
ec6e87cbfa,180,181,1267,12.67,17858.58367257781,5.545329472058486,204.3827222524372,28.333353277913044,
ec6e87cbfa,180,182,1274,12.74,17795.139028422054,7.493725641466379,201.80703338524822,34.04912419105094,
ec6e87cbfa,180,183,1281,12.81,17681.619963949786,11.133042868253803,201.1243261103447,47.50172779938901,
ec6e87cbfa,180,184,1288,12.88,17395.3341903649,9.856812008666745,201.63663657154177,48.222449167245365,
ec6e87cbfa,180,185,1295,12.95,17269.516826252246,10.21882808366544,191.97768341629404,43.93887117589451,
ec6e87cbfa,180,186,1302,13.02,17125.267593354914,12.011502651199343,193.3772699765525,25.927024840942952,
ec6e87cbfa,180,187,1309,13.09,16886.49002596217,5.451279473212767,180.68158180332196,12.322223661663157,
ec6e87cbfa,180,188,1316,13.16,16828.76448365234,6.0713129854200965,177.61444659475018,28.78122882907091,
ec6e87cbfa,180,189,1323,13.23,16800.214216071236,8.283009608315925,182.28088503656332,37.11866902891743,
ec6e87cbfa,180,190,1330,13.3,16678.02088019228,9.996892807463881,182.4558672205794,12.310710015018826,
ec6e87cbfa,180,191,1337,13.37,16469.26652202467,6.668520101344244,195.47458112340613,28.871534373512855,
ec6e87cbfa,180,192,1344,13.44,16396.65337794939,7.593060361410913,180.3430893411513,27.721388567721238,
ec6e87cbfa,180,193,1351,13.51,16337.388526788858,11.32302051840444,195.13391454510025,51.98635783932174,
ec6e87cbfa,180,194,1358,13.58,16302.134389955107,10.867238158532423,185.4368252729723,27.316241725716832,
ec6e87cbfa,180,195,1365,13.65,16114.826068522538,9.445261364438066,186.90958183898542,39.940480815888364,
ec6e87cbfa,180,196,1372,13.72,16024.199678817518,7.981625923465019,191.67029782323237,24.43567656274781,
ec6e87cbfa,180,197,1379,13.79,16011.326783033172,12.775561636278486,193.9249540711077,43.00004576048029,
ec6e87cbfa,180,198,1386,13.86,15972.84583402081,6.5319373819445286,198.8723146952727,23.121194582124833,
ec6e87cbfa,180,199,1393,13.93,15773.691810048762,6.241520164078867,189.26721526508072,31.11696595553478,
ec6e87cbfa,180,200,1400,14.0,15691.018150143233,7.632346589523959,191.554004168976,8.541503051741783,
ec6e87cbfa,180,201,1407,14.07,15617.779128054923,7.817544578848801,196.08895127547837,29.3374712242103,
ec6e87cbfa,180,202,1414,14.14,15521.45330066741,9.28818698391411,191.82287915123374,41.91701233344173,
ec6e87cbfa,180,203,1421,14.21,15372.037403729983,5.911976621158148,179.95787481836885,20.406109029405744,
ec6e87cbfa,180,204,1428,14.28,15352.219495891808,7.14101893306731,183.9952859037975,32.74805018917597,
ec6e87cbfa,180,205,1435,14.35,15339.649926125785,7.865150590827253,180.85862976009636,31.827486264629478,
ec6e87cbfa,180,206,1442,14.42,15306.47049807351,10.390383598483632,178.83093257011535,31.712762807047874,
ec6e87cbfa,180,207,1449,14.49,15145.83684819836,10.043978042307042,180.13211790566936,45.24101740645163,
ec6e87cbfa,180,208,1456,14.56,14994.601866669987,5.939542940934129,185.86203283644195,18.548429517057425,
ec6e87cbfa,180,209,1463,14.63,14921.328282577811,10.385979585017486,179.78636612960983,45.15758564046344,
ec6e87cbfa,180,210,1470,14.7,14780.249624164202,8.351031103262743,189.41714769215005,25.950765259876935,
ec6e87cbfa,180,211,1477,14.77,14725.202248005258,6.973524178307233,173.92760294323853,15.430212032869855,
ec6e87cbfa,180,212,1484,14.84,14693.073358912801,9.58060407790995,187.37422754350237,37.44389764276244,
ec6e87cbfa,180,213,1491,14.91,14605.508866877184,6.545194784524883,184.54174301753775,4.259781533879438,
ec6e87cbfa,180,214,1498,14.98,14575.657863394103,4.7439847329973075,189.5360582135104,38.11175267801871,
ec6e87cbfa,180,215,1505,15.05,14468.428195647222,7.7179699613137585,184.71249282239512,23.65368639155131,
ec6e87cbfa,180,216,1512,15.12,14448.930520093107,5.648010631823796,182.07017382526251,16.52519957961896,
ec6e87cbfa,180,217,1519,15.19,14413.615427889572,4.455757521934121,188.8487072135783,33.87714860858028,
ec6e87cbfa,180,218,1526,15.26,14326.51651669042,2.177411317499823,181.87283450922948,12.760105746821456,
ec6e87cbfa,180,219,1533,15.33,14302.508158241597,8.71694410488108,181.2346622308348,37.88262032460111,
ec6e87cbfa,180,220,1540,15.4,14252.60232888616,9.873061968133868,187.83386696369783,19.80898317033044,
ec6e87cbfa,180,221,1547,15.47,14243.46078033109,5.317481571987339,187.23900788085496,10.957525176101923,
ec6e87cbfa,180,222,1554,15.54,14095.594046687409,7.831678006383015,178.02519372988294,35.0465312726262,
ec6e87cbfa,180,223,1561,15.61,14014.017396462172,10.483528336446948,179.87867147116938,46.891771861398624,
ec6e87cbfa,180,224,1568,15.68,13854.352755219523,9.377556371700924,172.10413465125853,35.27208475210851,
ec6e87cbfa,180,225,1575,15.75,13738.996931228367,8.128911722114822,171.69246640283626,30.055347178341282,
ec6e87cbfa,180,226,1582,15.82,13701.473903903325,11.331483223290792,168.13718060249428,34.397999472301215,
ec6e87cbfa,180,227,1589,15.89,13477.432080278937,7.430073249342118,176.12345508360795,24.782506461629993,
ec6e87cbfa,180,228,1596,15.96,13427.342804780732,6.651503642827244,172.93474360661997,24.76194016136538,
ec6e87cbfa,180,229,1603,16.03,13411.262312776551,11.466599712366879,183.0967857777247,52.930125078379724,
ec6e87cbfa,180,230,1610,16.1,13335.085759783222,9.377290406024379,177.56214538528374,17.365567717689615,
ec6e87cbfa,180,231,1617,16.17,13192.711845609741,9.342358243901844,168.46326057820556,28.105749734196646,
ec6e87cbfa,180,232,1624,16.24,13055.666992786551,10.54738521897756,182.75330270354684,41.02902263866788,
ec6e87cbfa,180,233,1631,16.31,13042.130531152705,8.532762510983511,172.99748199754035,23.96509281256116,
ec6e87cbfa,180,234,1638,16.38,12899.18470026336,2.5673227458971772,169.21512205763,17.368284468166337,
ec6e87cbfa,180,235,1645,16.45,12867.991806447677,9.647875795819129,163.7478533961178,27.058752974657345,
ec6e87cbfa,180,236,1652,16.52,12775.464519106037,6.235922929041538,169.03931307292976,14.495331480238885,
ec6e87cbfa,180,237,1659,16.59,12740.696853295136,3.273644927757877,157.3065833820892,10.679924380178436,
ec6e87cbfa,180,238,1666,16.66,12686.63996504345,5.642699756209232,156.69080974836004,27.2365781957683,
ec6e87cbfa,180,239,1673,16.73,12643.077049219528,9.491789522660127,160.65139230394328,24.517483357753044,
ec6e87cbfa,180,240,1680,16.8,12541.854901390801,6.092620009746037,157.46194475683814,14.472558292557848,
ec6e87cbfa,180,241,1687,16.87,12521.156846878028,6.565268837251679,157.92316850841988,26.90022409867031,
ec6e87cbfa,180,242,1694,16.94,12445.570796231936,15.91323453892264,156.1610644188631,39.59383294808419,
ec6e87cbfa,180,243,1701,17.01,12396.616893861814,14.951023651826427,173.4670136470778,60.59503169459222,
ec6e87cbfa,180,244,1708,17.08,11957.209864533528,22.84023827260934,171.35947127311923,34.43756198054159,
ec6e87cbfa,180,245,1715,17.15,11866.743325033603,13.440923754757497,203.70317791421672,47.700884726671255,
ec6e87cbfa,180,246,1722,17.22,11599.695275039814,5.313244780513792,192.676589862558,20.162665075139454,
ec6e87cbfa,180,247,1729,17.29,11531.45745427978,3.3807463790410455,173.01476818092138,10.988687484241051,
ec6e87cbfa,180,248,1736,17.36,11512.317948598902,7.695445319087233,185.09484327425815,36.28766411564844,
ec6e87cbfa,180,249,1743,17.43,11439.636309343801,7.017765866819729,180.74185362772914,28.35212743377489,
ec6e87cbfa,180,250,1750,17.5,11352.699203346203,5.170320616970089,176.57563146167365,21.63557369125824,
ec6e87cbfa,180,251,1757,17.57,11298.190416249818,5.214241011321759,175.8360900640518,24.260065744581688,
ec6e87cbfa,180,252,1764,17.64,11276.646686115006,8.42692013706812,176.8363363334402,26.171598018028934,
ec6e87cbfa,180,253,1771,17.71,11196.338820251316,8.097359368721389,167.84309697781998,24.735967091972768,
ec6e87cbfa,180,254,1778,17.78,11051.564540264819,9.773712525292815,178.79826277391922,45.65505770540782,
ec6e87cbfa,180,255,1785,17.85,11034.532288314851,11.398047184216692,173.5087035162535,27.023460813261167,
ec6e87cbfa,180,256,1792,17.92,10784.588810091174,8.597414915075596,158.98948369453203,26.885354081438052,
ec6e87cbfa,180,257,1799,17.99,10678.645984920837,2.989157040686958,163.22600969783574,5.714259622416984,
ec6e87cbfa,180,258,1806,18.06,10641.432863956956,10.031754677826122,157.23884948165147,36.99720721182433,
ec6e87cbfa,180,259,1813,18.13,10423.234735544844,6.5873337384493285,159.28379579739646,31.109017520318268,
ec6e87cbfa,180,260,1820,18.2,10362.643113998407,7.059215002770239,165.41682189425399,19.72474276243608,
ec6e87cbfa,180,261,1827,18.27,10343.789855043258,6.139276502660738,171.13961961096874,8.954904643243717,
ec6e87cbfa,180,262,1834,18.34,10341.214482591293,5.431285163482188,171.37795787547626,44.75062721598792,
ec6e87cbfa,180,263,1841,18.41,10189.411337799093,5.866233736465296,161.18398343515557,15.590650549409578,
ec6e87cbfa,180,264,1848,18.48,10147.101131065821,8.788342134509403,156.43268126769374,39.51992842589628,
ec6e87cbfa,180,265,1855,18.55,10014.901199986743,11.383751937202117,174.36001264845456,38.72022214907199,
ec6e87cbfa,180,266,1862,18.62,9996.202802452899,8.78560574747102,157.2521800600175,16.44754926693491,
ec6e87cbfa,180,267,1869,18.69,9894.76053316171,6.253781421257957,161.25616936411458,21.588436632003337,
ec6e87cbfa,180,268,1876,18.76,9845.917675355497,6.534671132445645,145.38628896094926,25.000080751254256,
ec6e87cbfa,180,269,1883,18.83,9759.058565742469,9.78882548155942,140.02988268258724,21.39060882797976,
ec6e87cbfa,180,270,1890,18.9,9746.262457309429,7.023238027713027,158.33026785829503,26.164900622068853,
ec6e87cbfa,180,271,1897,18.97,9716.194519318517,8.556604340265558,156.07896275927655,29.480260065823497,
ec6e87cbfa,180,272,1904,19.04,9702.130745674607,8.895487346599884,159.6958107031689,16.737571226100343,
ec6e87cbfa,180,273,1911,19.11,9661.805348457323,11.25949286983199,163.6460378017049,38.22998161195466,
ec6e87cbfa,180,274,1918,19.18,9648.67057856958,11.016180399237006,163.00101126580628,20.022995585356306,
ec6e87cbfa,180,275,1925,19.25,9582.236442804202,11.424410554117525,156.34679604463852,26.347328417075225,
ec6e87cbfa,180,276,1932,19.32,9575.375106172613,12.76916105529967,169.00939085959004,23.746592677819343,
ec6e87cbfa,180,277,1939,19.39,9294.266553877353,8.925289826692111,142.34799144024316,30.52598067823857,
ec6e87cbfa,180,278,1946,19.46,9161.732497242923,5.034988989901765,148.92139303705835,23.087538659624965,
ec6e87cbfa,180,279,1953,19.53,9126.568828400741,6.449198564209567,148.09329250969463,25.389479747152905,
ec6e87cbfa,180,280,1960,19.6,9073.751610609927,4.921259950759915,145.1317545084643,13.483654998257785,
ec6e87cbfa,180,281,1967,19.67,9041.251312971937,4.654606413073491,151.48310588377348,15.017949960148142,
ec6e87cbfa,180,282,1974,19.74,9023.771154672295,7.1197814896527545,153.36088929320442,28.61357113618386,
ec6e87cbfa,180,283,1981,19.81,9018.513924888794,4.249778217530125,149.0527415007332,17.682706070477572,
ec6e87cbfa,180,284,1988,19.88,8933.341235444013,2.2475971249791065,140.1040990617974,7.256591627730855,
ec6e87cbfa,180,285,1995,19.95,8932.460728076017,2.186830298668223,139.80437850443485,14.338449348789354,
ec6e87cbfa,180,286,2002,20.02,8918.618434494352,8.154794628114336,136.0447178699532,36.05597567134292,
ec6e87cbfa,180,287,2009,20.09,8888.645289444225,5.416905434593411,133.0626866011116,35.82311173522985,
ec6e87cbfa,180,288,2016,20.16,8739.44368308106,5.943567956377934,132.67201959428206,26.84474658171613,
ec6e87cbfa,180,289,2023,20.23,8709.527413575734,2.999048827595253,136.05420245041836,12.95929250070367,
ec6e87cbfa,180,290,2030,20.3,8673.13346093438,5.640717045842858,135.78561279837615,27.29924261666405,
ec6e87cbfa,180,291,2037,20.37,8662.799550533366,9.918628379803364,138.25184267391035,39.94536942047265,
ec6e87cbfa,180,292,2044,20.44,8602.042462758522,7.501780197307362,133.92387566688268,24.500853657554924,
ec6e87cbfa,180,293,2051,20.51,8508.754153361906,6.015600650827871,122.31717955509481,23.309701635347224,
ec6e87cbfa,180,294,2058,20.58,8491.16933957887,8.889334600675523,147.20817148649093,28.639821854032387,
ec6e87cbfa,180,295,2065,20.65,8477.001367996882,10.110757608605658,130.55588211592945,31.66714430286153,
ec6e87cbfa,180,296,2072,20.72,8346.823778410027,8.772372716843464,143.58005816535626,29.134362185140727,
ec6e87cbfa,180,297,2079,20.79,8262.5612485974,8.146770070939166,139.5690378184044,22.71986430722331,
ec6e87cbfa,180,298,2086,20.86,8223.569799734873,4.520588698797717,150.92243073307864,17.44930189311514,
ec6e87cbfa,180,299,2093,20.93,8117.089887984047,6.40413247532491,134.5254569862899,28.471365654025576,
ec6e87cbfa,180,300,2100,21.0,8085.118040782316,6.896776003376909,125.21587493209115,25.33002744351611,
ec6e87cbfa,180,301,2107,21.07,8015.871740120064,6.27655771007459,129.20194486412856,20.55992672753981,
ec6e87cbfa,180,302,2114,21.14,7950.423580889929,4.995256693846761,120.06452548865441,10.095401412784438,
ec6e87cbfa,180,303,2121,21.21,7899.233075634941,7.294028622870921,116.464205286957,33.46320256650794,
ec6e87cbfa,180,304,2128,21.28,7818.927509897043,4.42050574214029,123.83485784415537,6.768788923881848,
ec6e87cbfa,180,305,2135,21.35,7810.065100443506,7.806294014302745,115.83496888878345,30.99349996260064,
ec6e87cbfa,180,306,2142,21.42,7781.02791160291,8.9094330547159,127.52847300712497,30.174880219159675,
ec6e87cbfa,180,307,2149,21.49,7741.836580441227,4.603898252169725,119.73137942507853,16.98417062556834,
ec6e87cbfa,180,308,2156,21.56,7636.77583553027,5.969240854676237,116.79684060850235,25.482759411691656,
ec6e87cbfa,180,309,2163,21.63,7623.800456555059,3.3851629990209453,125.21897278814497,15.54467484684869,
ec6e87cbfa,180,310,2170,21.7,7573.141500031926,4.837288151297727,119.0678901045184,21.28966732010919,
ec6e87cbfa,180,311,2177,21.77,7557.345885351285,6.8904465540124615,124.33501239134313,17.954392675841042,
ec6e87cbfa,180,312,2184,21.84,7505.767444359025,5.693080559791605,121.5932702596674,11.538040726482304,
ec6e87cbfa,180,313,2191,21.91,7459.405189158318,5.325755377414298,122.44695094974541,6.17268695023263,
ec6e87cbfa,180,314,2198,21.98,7450.656873307649,5.809297869744681,121.70579496402193,14.302041634694874,
ec6e87cbfa,180,315,2205,22.05,7409.742996464948,2.869394097222042,125.9928367101681,11.681146292455159,
ec6e87cbfa,180,316,2212,22.12,7380.581808461646,1.6458419038207812,118.17137532789192,12.492625451273124,
ec6e87cbfa,180,317,2219,22.19,7366.7947558253645,6.520606062420122,120.42043043796416,24.457988668516215,
ec6e87cbfa,180,318,2226,22.26,7278.98963230254,6.2604535410462665,121.28558035294982,27.1393847369462,
ec6e87cbfa,180,319,2233,22.33,7273.152693395545,3.522781632379535,118.42399048849938,16.23465241754721,
ec6e87cbfa,180,320,2240,22.4,7217.097208664722,3.1738628495870063,115.54649841060356,6.201164450332156,
ec6e87cbfa,180,321,2247,22.47,7214.545038776244,2.663277457084841,119.02414892529848,18.936735078990736,
ec6e87cbfa,180,322,2254,22.54,7186.887733155511,4.131412522353376,111.2930800359015,20.321869410395813,
ec6e87cbfa,180,323,2261,22.61,7174.096270858112,4.179454683132418,116.40415986964365,15.708053844109127,
ec6e87cbfa,180,324,2268,22.68,7158.857072677628,8.737652311135632,115.37310032804618,39.22273447809766,
ec6e87cbfa,180,325,2275,22.75,7143.763208780679,4.148168026406066,137.06034675423152,14.595599004397446,
ec6e87cbfa,180,326,2282,22.82,7044.34710171803,6.5188889209522936,122.75694806445057,32.686137997451354,
ec6e87cbfa,180,327,2289,22.89,6997.449066141738,7.185467406434857,119.50261038577256,6.459228548016128,
ec6e87cbfa,180,328,2296,22.96,6936.945205547124,8.541250393346498,132.1123073090625,25.64602925378423,
ec6e87cbfa,180,329,2303,23.03,6926.921595722546,7.255642899064162,139.06427049342344,14.625480352639737,
ec6e87cbfa,180,330,2310,23.1,6872.443156886154,6.988871659347317,130.93324987443359,22.584890110508656,
ec6e87cbfa,180,331,2317,23.17,6848.914088307621,8.404219910940489,130.9806252337001,29.106769380529162,
ec6e87cbfa,180,332,2324,23.24,6807.201322963248,8.76853899103249,125.17147394068768,13.043810493324381,
ec6e87cbfa,180,333,2331,23.31,6786.956829827591,4.242593895721885,134.87009595329258,28.017339522643127,
ec6e87cbfa,180,334,2338,23.38,6689.986479699471,4.588648220525562,126.4781662397872,21.458529495093032,
ec6e87cbfa,180,335,2345,23.45,6661.0875477048185,6.612407926939308,125.46601751371222,30.094062418279332,
ec6e87cbfa,180,336,2352,23.52,6571.411601321439,5.649953373313038,128.42463955688547,23.455852081364057,
ec6e87cbfa,180,337,2359,23.59,6515.632321179553,2.930343863574123,136.3843742915715,11.90709065767839,
ec6e87cbfa,180,338,2366,23.66,6506.269688730576,4.467564008237747,131.82811485400106,19.814339525153994,
ec6e87cbfa,180,339,2373,23.73,6492.535885063268,6.251871609072506,127.30229118983995,26.290233298566353,
ec6e87cbfa,180,340,2380,23.8,6444.3938195788,5.601950197054183,128.52147711268861,20.156901023039236,
ec6e87cbfa,180,341,2387,23.87,6401.831332016313,4.42543343520356,125.22768280605804,17.70946845376698,
ec6e87cbfa,180,342,2394,23.94,6359.462266846851,8.852383852590174,124.99261964297867,44.549281199927336,
ec6e87cbfa,180,343,2401,24.01,6253.346334737112,3.75960305521354,115.382163550551,9.770435076918773,
ec6e87cbfa,180,344,2408,24.08,6228.169888205289,7.487524880482788,106.97583690544214,3.106663560460326,
ec6e87cbfa,180,345,2415,24.15,6211.031624200314,6.545182801512456,115.06860454077753,27.99211432296837,
ec6e87cbfa,180,346,2422,24.22,6087.451425983863,3.0393086021776363,110.22652281744786,10.341917888279536,
ec6e87cbfa,180,347,2429,24.29,6062.885093992065,1.9058973714675842,114.44329328653151,6.140223645172991,
ec6e87cbfa,180,348,2436,24.36,6057.472621650977,6.565763269435422,115.14749708272736,32.76608906977335,
ec6e87cbfa,180,349,2443,24.43,6009.518731538255,3.4521512974473603,120.39097736300484,23.38037729422946,
ec6e87cbfa,180,350,2450,24.5,5956.191584376133,2.536575908740717,109.80923991131255,11.971991941147369,
ec6e87cbfa,180,351,2457,24.57,5946.625496069822,2.8648910392237377,107.62772807566878,12.493870165293718,
ec6e87cbfa,180,352,2464,24.64,5930.548808610983,4.830339447618938,111.39000607877863,22.931037261089266,
ec6e87cbfa,180,353,2471,24.71,5894.018602406077,1.257979326594417,101.9975054461359,3.965594453746906,
ec6e87cbfa,180,354,2478,24.78,5890.67691124937,3.3344604037082632,102.94801981069382,15.777469924460496,
ec6e87cbfa,180,355,2485,24.85,5867.90528121798,4.4550640031523825,104.90884137439723,19.09616199318722,
ec6e87cbfa,180,356,2492,24.92,5846.815948516124,5.569210079436965,108.20097512233886,23.754554829150738,
ec6e87cbfa,180,357,2499,24.99,5773.818641428524,2.7364366219559093,116.53687504970704,25.33667109164807,
ec6e87cbfa,180,358,2506,25.06,5738.516843035121,4.545571198833627,107.5178031230769,12.709470690822167,
ec6e87cbfa,180,359,2513,25.13,5719.506568393258,5.17621907500617,115.17212191660973,15.715959958467085,
ec6e87cbfa,180,360,2520,25.2,5719.235892600468,5.492359751574096,111.3025497213208,7.419783339449512,
ec6e87cbfa,180,361,2527,25.27,5703.7871218502705,3.355975081404152,117.0750973739514,21.939862109618335,
ec6e87cbfa,180,362,2534,25.34,5670.183954982379,2.4972573066386943,111.86858441321225,15.858134888047301,
ec6e87cbfa,180,363,2541,25.41,5637.565805637988,4.335537831555695,107.90599840440355,19.475820748598114,
ec6e87cbfa,180,364,2548,25.48,5621.310980554232,3.091692222120207,116.98489429328573,22.490955675930415,
ec6e87cbfa,180,365,2555,25.55,5577.053084521036,6.1757110475750965,105.63928726889031,29.905974590047325,
ec6e87cbfa,180,366,2562,25.62,5501.151599503172,6.160390193220809,114.65979076340744,28.543961771867057,
ec6e87cbfa,180,367,2569,25.69,5443.242896217291,8.14007376654794,119.76994728485624,37.920642456714695,
ec6e87cbfa,180,368,2576,25.76,5353.657571056265,5.466154042445529,118.8038908091758,13.482464498062042,
ec6e87cbfa,180,369,2583,25.83,5321.727357460195,6.2446973541011594,115.47227353985753,24.177899436788234,
ec6e87cbfa,180,370,2590,25.9,5317.60277103282,7.539566787940412,118.7981308902793,26.89003417305544,
ec6e87cbfa,180,371,2597,25.97,5261.367816445626,5.135087112822962,99.99896211429109,17.049205042374318,
ec6e87cbfa,180,372,2604,26.04,5233.816970234574,5.634160686067711,110.44047227394442,17.74091334128003,
ec6e87cbfa,180,373,2611,26.11,5223.523370472933,3.0586316908718105,108.60530378229122,4.67345294050902,
ec6e87cbfa,180,374,2618,26.18,5179.8590195167535,6.873747300624768,100.03678273428497,27.72366870860008,
ec6e87cbfa,180,375,2625,26.25,5135.366605919445,5.270928047988486,114.9410622497734,7.740535144817956,
ec6e87cbfa,180,376,2632,26.32,5130.997782398835,5.324872246518369,102.155475410518,8.827415555993218,
ec6e87cbfa,180,377,2639,26.39,5128.772391705422,2.9608559055271626,113.90739001791653,16.13525007320886,
ec6e87cbfa,180,378,2646,26.46,5086.6538958426245,3.6340857759913874,97.59660812372711,19.81194973138795,
ec6e87cbfa,180,379,2653,26.53,5018.710155993372,2.1930556246287822,100.254339563815,7.324061036415113,
ec6e87cbfa,180,380,2660,26.6,5014.889508054012,4.0847712038138395,94.73348537205459,19.143762950786837,
ec6e87cbfa,180,381,2667,26.67,4989.910524596355,4.275089518294918,96.95071385356837,19.216151121813617,
ec6e87cbfa,180,382,2674,26.74,4954.120754085939,4.159434794148464,95.91815403677427,18.375268200441734,
ec6e87cbfa,180,383,2681,26.81,4938.090733716385,3.583924192841586,100.59304000462703,9.959299864783755,
ec6e87cbfa,180,384,2688,26.88,4935.824599167119,2.24818415889712,92.35669067667138,15.011825943922627,
ec6e87cbfa,180,385,2695,26.95,4910.944522920736,3.2467695963771566,93.39704811609725,16.370970730474685,
ec6e87cbfa,180,386,2702,27.02,4907.633613116573,3.4838231073724395,100.963819883923,6.1839705245267735,
ec6e87cbfa,180,387,2709,27.09,4905.4762673961,2.6862414653172775,103.25664973856722,13.060844888205065,
ec6e87cbfa,180,388,2716,27.16,4872.31950694496,4.593685769243329,95.9552982399854,22.52290522237673,
ec6e87cbfa,180,389,2723,27.23,4856.530461592645,4.629224145728094,105.28898382855624,10.55141532733246,
ec6e87cbfa,180,390,2730,27.3,4837.203217244396,2.014227120117177,98.62727969190395,8.747682219976376,
ec6e87cbfa,180,391,2737,27.37,4816.806784157318,6.175494907404063,102.3939813432811,27.130955772525695,
ec6e87cbfa,180,392,2744,27.44,4782.850850879143,4.9869532280727915,108.84831193940134,17.544696601239824,
ec6e87cbfa,180,393,2751,27.51,4768.839076641675,7.512791265225512,101.14181026952987,29.620856354520093,
ec6e87cbfa,180,394,2758,27.58,4750.791091297209,6.355344368800764,122.10051654816911,3.0950699361169876,
ec6e87cbfa,180,395,2765,27.65,4740.745500173729,3.701798068156553,106.78598805474545,10.16700359391452,
ec6e87cbfa,180,396,2772,27.72,4675.777890902047,2.412798984881357,98.0386840799724,21.821347817790066,
ec6e87cbfa,180,397,2779,27.79,4647.97093295831,3.8764315379066687,101.11758270464462,16.09152583592702,
ec6e87cbfa,180,398,2786,27.86,4647.439822561949,2.5368612583389956,111.76916992666405,7.856236232241518,
ec6e87cbfa,180,399,2793,27.93,4622.166961253013,2.1445557446097996,103.96223178411765,17.96029389998427,
ec6e87cbfa,180,400,2800,28.0,4603.784595943502,3.4898244726027925,103.062070845332,16.251411714821536,
ec6e87cbfa,180,401,2807,28.07,4602.518938204506,3.719639136882867,108.96683572206234,19.949537079075075,
ec6e87cbfa,180,402,2814,28.14,4538.5798389833235,3.712263337955615,96.86911151906207,15.602524349390965,
ec6e87cbfa,180,403,2821,28.21,4529.133278800446,1.9492577346075108,98.04756302969156,11.881766004205913,
ec6e87cbfa,180,404,2828,28.28,4510.865639080707,1.8958393347101596,95.3386811876186,8.890878043171003,
ec6e87cbfa,180,405,2835,28.35,4509.982117164192,1.3949760484939455,97.01520012239044,9.834937041313589,
ec6e87cbfa,180,406,2842,28.42,4501.013293966292,1.4625415763155123,95.79624219954754,6.373291020787168,
ec6e87cbfa,180,407,2849,28.49,4497.714222644549,1.4729243942790833,94.56087371315485,13.766498903569493,
ec6e87cbfa,180,408,2856,28.56,4487.8850799579295,2.8876495783530443,94.23983763903985,28.824693733268425,
ec6e87cbfa,180,409,2863,28.63,4451.434780281811,2.2611370267672837,98.79756498366318,9.375067120033432,
ec6e87cbfa,180,410,2870,28.7,4450.943370562989,3.725828958233998,95.57447059143361,15.29104336864302,
ec6e87cbfa,180,411,2877,28.77,4444.173151832867,3.0555949754169234,101.77311364762457,24.42229348290355,
ec6e87cbfa,180,412,2884,28.84,4403.770953705539,4.6113935492433145,91.19580749676628,14.856929253095698,
ec6e87cbfa,180,413,2891,28.91,4399.323083615663,3.4427402901738495,97.05587334599483,26.011060353213047,
ec6e87cbfa,180,414,2898,28.98,4342.772868096894,2.0642780681404105,83.67739579404012,7.06986193819544,
ec6e87cbfa,180,415,2905,29.05,4340.939165058783,2.030617067224822,88.14704523653542,17.624441580421323,
ec6e87cbfa,180,416,2912,29.12,4322.668818067439,2.3226629898801345,83.85564515303521,9.431721835775633,
ec6e87cbfa,180,417,2919,29.19,4314.743021503359,2.142734105474733,88.52388566672913,6.936763982298757,
ec6e87cbfa,180,418,2926,29.26,4309.538128757834,3.2566639406562983,85.72184452146462,15.470379791690311,
ec6e87cbfa,180,419,2933,29.33,4303.178736514813,4.523561863029859,92.04434612466157,18.24444398174793,
ec6e87cbfa,180,420,2940,29.4,4293.6819386146,4.882883594183005,93.25982893030508,9.866125140125103,
ec6e87cbfa,180,421,2947,29.47,4281.293023239716,4.840832669379317,93.79489352890045,13.42188891484842,
ec6e87cbfa,180,422,2954,29.54,4276.698251853116,3.6367406195241827,98.53287413609269,28.290507538453745,
ec6e87cbfa,180,423,2961,29.61,4214.615933630286,2.9174566958810613,92.72497269649246,13.706439541213946,
ec6e87cbfa,180,424,2968,29.68,4208.282146894787,2.4965785616383696,94.6575479989343,22.995663618180963,
ec6e87cbfa,180,425,2975,29.75,4179.662958000983,3.4229366602202322,89.98239382918236,4.769855561009306,
ec6e87cbfa,180,426,2982,29.82,4158.894426520005,2.929958283502979,84.3712562256352,12.574627888823741,
ec6e87cbfa,180,427,2989,29.89,4154.820032557386,4.443920818970062,86.49488748162379,15.301039170202062,
ec6e87cbfa,180,428,2996,29.96,4140.953676424484,2.947150045496042,87.33513440778468,14.03863016676702,
ec6e87cbfa,180,429,3003,30.03,4105.927842361854,4.027094718503172,86.46176373581933,18.33869598320319,
ec6e87cbfa,180,430,3010,30.1,4089.707510068174,4.105417092983536,86.37437199301183,11.380033632578435,
ec6e87cbfa,180,431,3017,30.17,4085.9684473411367,6.042630956122883,87.39597371972532,23.646631984211055,
ec6e87cbfa,180,432,3024,30.24,4036.3628690562755,2.391558685610758,92.66074760092572,13.011882972604951,
ec6e87cbfa,180,433,3031,30.31,4010.889281818635,2.3476935262572485,83.62120544649453,11.194177985308517,
ec6e87cbfa,180,434,3038,30.38,4003.455059924138,6.141133032430952,84.35462416616835,30.67683808641599,
ec6e87cbfa,180,435,3045,30.45,3994.2480592700194,2.8537893362027513,94.9148568969225,17.00450878909405,
ec6e87cbfa,180,436,3052,30.52,3952.869758590955,3.7405361419641694,79.68174597657853,12.601204130006499,
ec6e87cbfa,180,437,3059,30.59,3929.088759864169,2.9830593914596903,81.16808521531524,11.5832423638266,
ec6e87cbfa,180,438,3066,30.66,3928.633997578588,3.8291264975291845,78.41534502338257,14.64888679822823,
ec6e87cbfa,180,439,3073,30.73,3926.3734008719007,3.015976579832948,84.18674334305722,21.287854527231836,
ec6e87cbfa,180,440,3080,30.8,3887.525851296642,1.0588237347440579,76.48626009729604,8.929374356085786,
ec6e87cbfa,180,441,3087,30.87,3882.4962266801303,2.740838395719056,77.29930575501953,0.8917729460782213,
ec6e87cbfa,180,442,3094,30.94,3869.161731133178,2.184180249364482,80.01169592940246,19.93953500659496,
ec6e87cbfa,180,443,3101,31.01,3848.630924099048,4.353819880609597,81.72637428081165,21.422339852454403,
ec6e87cbfa,180,444,3108,31.08,3841.349979716072,2.083236166547581,88.25157092267801,8.836005984046453,
ec6e87cbfa,180,445,3115,31.15,3822.6729725233013,1.7715199768466376,82.93070412627975,11.757788988056056,
ec6e87cbfa,180,446,3122,31.22,3807.263863432083,1.8125014944435736,83.6249187512373,7.134603833448838,
ec6e87cbfa,180,447,3129,31.29,3802.4946781085673,2.3472696895284515,81.47525247860625,20.631435453858334,
ec6e87cbfa,180,448,3136,31.36,3777.6459754838434,1.6909386401221866,82.29299360107564,8.885354293048985,
ec6e87cbfa,180,449,3143,31.43,3763.672190694812,3.989968212990462,78.4848908677061,19.13661064026095,
ec6e87cbfa,180,450,3150,31.5,3746.2632459248903,4.602847174681592,83.75243611741665,13.712084944486465,
ec6e87cbfa,180,451,3157,31.57,3720.7874281033746,4.302077432773911,79.29592632293625,16.334441012944886,
ec6e87cbfa,180,452,3164,31.64,3712.9025688839124,2.6119700132211165,88.92521002319232,15.708299657456463,
ec6e87cbfa,180,453,3171,31.71,3687.4673192493838,1.7546432794406084,82.44919171839456,15.689231151458733,
ec6e87cbfa,180,454,3178,31.78,3673.369321512708,2.4567531355730985,78.78816305736822,18.38877486850052,
ec6e87cbfa,180,455,3185,31.85,3644.7800700038592,2.7802492788713113,80.69557649557588,11.489814189444449,
ec6e87cbfa,180,456,3192,31.92,3643.0690760851494,4.452985702747078,87.50218903857227,19.647303520335758,
ec6e87cbfa,180,457,3199,31.99,3638.039603288859,3.0161939682639485,89.15974877412812,15.752206297232998,
ec6e87cbfa,180,458,3206,32.06,3601.0093963261525,1.7870427714279429,83.03811962075004,16.185155165786803,
ec6e87cbfa,180,459,3213,32.13,3587.014878612505,3.931054733601758,75.47160346206064,18.484180519134156,
ec6e87cbfa,180,460,3220,32.2,3577.4278958843465,4.056050926647361,90.0938409840362,13.416655284570707,
ec6e87cbfa,180,461,3227,32.27,3573.279704109937,2.2195234931286953,78.43377132482314,6.229361401954943,
ec6e87cbfa,180,462,3234,32.34,3552.469282038611,2.1469934394754753,79.31588035427987,7.297366456110774,
ec6e87cbfa,180,463,3241,32.41,3551.0749779549656,2.0167123813297927,79.98608852508214,15.251252084495134,
ec6e87cbfa,180,464,3248,32.48,3535.9154612016823,1.1024152776794995,77.70067562323597,5.287598566301649,
ec6e87cbfa,180,465,3255,32.55,3530.786391041861,1.1866764432312946,76.32969782443062,9.920344314893223,
ec6e87cbfa,180,466,3262,32.62,3523.732658799287,1.2949971959335942,77.04016244513232,10.364603948438758,
ec6e87cbfa,180,467,3269,32.69,3515.549563603091,2.8345380387871493,76.10636896981433,10.86389311431958,
ec6e87cbfa,180,468,3276,32.76,3514.3713313802373,1.6706895993383966,80.5624420558788,12.580679193731095,
ec6e87cbfa,180,469,3283,32.83,3500.275056472483,1.4413899996305999,74.35999632713857,7.139152949143578,
ec6e87cbfa,180,470,3290,32.9,3498.962526436301,4.543895563906212,75.34944182423628,21.794089447084318,
ec6e87cbfa,180,471,3297,32.97,3476.3559921656256,4.579980848126443,74.66407079365445,15.379224577861166,
ec6e87cbfa,180,472,3304,33.04,3457.0423583097463,1.9094604860844855,77.96350836674088,11.492426710707035,
ec6e87cbfa,180,473,3311,33.11,3439.6858823834755,2.842512903278285,76.84835249181697,7.230689412886506,
ec6e87cbfa,180,474,3318,33.18,3435.5300292037914,1.659252230143291,76.00076179805241,7.784830241163968,
ec6e87cbfa,180,475,3325,33.25,3422.3160213098695,1.526892033722167,73.29945719161097,9.10132964804305,
ec6e87cbfa,180,476,3332,33.32,3411.356604528863,4.124413831416515,74.32533266120083,19.670166855812283,
ec6e87cbfa,180,477,3339,33.39,3386.3585441799996,4.306800890494671,77.07036760642146,19.505659188663795,
ec6e87cbfa,180,478,3346,33.46,3383.88770480482,2.4088951469642144,85.44483182111217,13.515816435140636,
ec6e87cbfa,180,479,3353,33.53,3356.198376895534,2.5205547427633497,76.76975907240114,8.99803059385037,
ec6e87cbfa,180,480,3360,33.6,3354.8866991792183,1.8887771297188585,80.61078491086738,7.760878374285146,
ec6e87cbfa,180,481,3367,33.67,3338.318203775948,3.958703184577983,76.99386047546979,18.072052021762715,
ec6e87cbfa,180,482,3374,33.74,3337.3833934430845,2.8900424913300786,88.87691969795645,20.148816602424084,
ec6e87cbfa,180,483,3381,33.81,3303.4504117172764,1.246964233345369,75.70298050888155,5.509745308859706,
ec6e87cbfa,180,484,3388,33.88,3299.1472406562148,1.3016730373036378,77.34936826176582,5.714626369671629,
ec6e87cbfa,180,485,3395,33.95,3291.3927616294795,1.9248858328804532,76.3587834024526,13.446551476543595,
ec6e87cbfa,180,486,3402,34.02,3279.6890674192186,2.115768165254057,79.49781612785273,16.597361717604915,
ec6e87cbfa,180,487,3409,34.09,3259.55598111095,1.1932647242835288,78.86632010943084,10.038608252682488,
ec6e87cbfa,180,488,3416,34.16,3252.6766358763302,1.9003241069230283,80.94452816702312,16.6104013163473,
ec6e87cbfa,180,489,3423,34.23,3242.2354836067057,1.415219534669921,79.13999590993363,9.3480873319484,
ec6e87cbfa,180,490,3430,34.3,3236.4774498021306,0.9027511124864611,76.92244726196661,2.9797022949805902,
ec6e87cbfa,180,491,3437,34.37,3234.0177400901184,1.859627113265651,77.02118106348166,7.802561675886508,
ec6e87cbfa,180,492,3444,34.44,3221.2911597826937,3.526619362125437,74.20849047482523,14.862053346778897,
ec6e87cbfa,180,493,3451,34.51,3219.1494111978927,1.950704725902557,73.63928111747803,12.344892108934294,
ec6e87cbfa,180,494,3458,34.58,3201.971032478867,1.587573003330221,71.04098042763925,13.750055239288955,
ec6e87cbfa,180,495,3465,34.65,3192.616258282001,1.4904613305352918,70.96947042121953,4.830297802392535,
ec6e87cbfa,180,496,3472,34.72,3182.124669889745,0.6884924795656201,69.81750259672832,4.177976463132481,
ec6e87cbfa,180,497,3479,34.79,3180.0567627832356,1.1039054919702194,68.81355682022858,10.433331628579431,
ec6e87cbfa,180,498,3486,34.86,3173.977841531837,1.7368067914175886,73.38587603694045,8.609347439366337,
ec6e87cbfa,180,499,3493,34.93,3172.5943556190364,1.270658109695015,78.04021280686563,9.914283585755024,
ec6e87cbfa,180,500,3500,35.0,3167.0428927331486,1.7151745659182112,74.75988133775928,8.312373545310246,
ec6e87cbfa,180,501,3507,35.07,3156.1160111633976,0.8766430861342548,79.80877409215181,4.736309448528336,
ec6e87cbfa,180,502,3514,35.14,3153.2484481765746,2.1649121861915077,76.7399869690674,18.302716186020007,
ec6e87cbfa,180,503,3521,35.21,3140.7604076820653,1.7392451374488453,76.47397594767935,13.890255988182878,
ec6e87cbfa,180,504,3528,35.28,3133.723678792986,4.485992564797986,75.49511938006131,19.247862734828473,
ec6e87cbfa,180,505,3535,35.35,3128.633191086005,2.143614522918344,81.95229676023524,9.397242508415987,
ec6e87cbfa,180,506,3542,35.42,3108.155331807237,1.216913950738054,77.4263369154697,10.284368029368133,
ec6e87cbfa,180,507,3549,35.49,3102.316668860146,2.203389309509734,75.5645211475637,16.05660713882978,
ec6e87cbfa,180,508,3556,35.56,3081.4128065588834,2.093495953403759,76.5873388158484,20.495468767879718,
ec6e87cbfa,180,509,3563,35.63,3061.2404769390837,1.4517089827006824,70.3081339778604,4.683359623083511,
ec6e87cbfa,180,510,3570,35.7,3059.960157025318,1.987835811076094,69.6541012093619,11.46992811330366,
ec6e87cbfa,180,511,3577,35.77,3044.5404355255096,2.662206802436681,66.76090554245101,11.301414825196618,
ec6e87cbfa,180,512,3584,35.84,3039.461179760671,2.040418449913338,76.80566056602072,15.652973581332331,
ec6e87cbfa,180,513,3591,35.91,3022.245242417577,3.305546691833877,73.62752307991788,12.444673248944515,
ec6e87cbfa,180,514,3598,35.98,3021.708852184346,2.177865830234585,74.40435011559035,12.63036890552016,
ec6e87cbfa,180,515,3605,36.05,2997.9357547871346,1.2396420084185047,67.33584001823063,8.455445811484822,
ec6e87cbfa,180,516,3612,36.12,2991.88518005916,0.6629478637896155,67.37548665654063,3.5991042080041793,
ec6e87cbfa,180,517,3619,36.19,2990.224939206908,2.4063433167778463,67.28395685868959,11.206886900144616,
ec6e87cbfa,180,518,3626,36.26,2988.6694589253307,1.7069223007600283,75.94760507216365,11.953419352452311,
ec6e87cbfa,180,519,3633,36.33,2975.1543772092778,1.2236902333889144,71.89286481730242,11.592660338131859,
ec6e87cbfa,180,520,3640,36.4,2968.173586280719,0.7062139877623732,72.60502866293373,6.4552691798109505,
ec6e87cbfa,180,521,3647,36.47,2965.8523642034556,1.1260507289579968,72.24544795567199,10.535241540559916,
ec6e87cbfa,180,522,3654,36.54,2959.8356849023025,1.955164390902596,73.29220846838605,18.283334548700886,
ec6e87cbfa,180,523,3661,36.61,2947.6071195157165,1.4696077804071552,76.79427456158774,13.281553329110872,
ec6e87cbfa,180,524,3668,36.68,2939.54162280167,1.5962556311214164,73.48359936719298,14.899672612619952,
ec6e87cbfa,180,525,3675,36.75,2928.5136813878794,1.246727363630904,72.76518481295209,12.18856015948292,
ec6e87cbfa,180,526,3682,36.82,2922.4993019015374,1.998671788092121,70.78470587578008,18.591298249743037,
ec6e87cbfa,180,527,3689,36.89,2908.5223010211166,1.7758025303979896,69.54286279073386,12.024010448015362,
ec6e87cbfa,180,528,3696,36.96,2894.9427991594075,1.2302845452188111,67.26088527929925,7.200732157968047,
ec6e87cbfa,180,529,3703,37.03,2888.2125979839498,0.6396141583224141,65.9429703427754,4.455132397140104,
ec6e87cbfa,180,530,3710,37.1,2886.650026877644,0.9385705429538159,65.65632438725164,6.945258399183962,
ec6e87cbfa,180,531,3717,37.17,2883.5794869122005,3.11488985463585,66.86660676942816,15.081370898018193,
ec6e87cbfa,180,532,3724,37.24,2879.717273480908,1.743528690332164,72.40943814761627,12.514224319480382,
ec6e87cbfa,180,533,3731,37.31,2864.3489417557253,2.919856482727978,66.98763904069644,12.605433089973364,
ec6e87cbfa,180,534,3738,37.38,2862.757532692716,1.8320152602107203,77.32872053980792,7.217312901629924,
ec6e87cbfa,180,535,3745,37.45,2855.0841214065267,1.6366831766961318,70.85249034698202,6.825264938815763,
ec6e87cbfa,180,536,3752,37.52,2850.3437743860172,2.162931381188277,72.18214834790584,15.51790734665142,
ec6e87cbfa,180,537,3759,37.59,2836.34668037258,1.7089383976599637,70.53360227128205,11.790232186808403,
ec6e87cbfa,180,538,3766,37.66,2834.7327269239413,2.4676313355818786,72.69044202863375,18.628091838552173,
ec6e87cbfa,180,539,3773,37.73,2819.5991852925185,1.5954188115439358,70.10720116214351,6.881932528047395,
ec6e87cbfa,180,540,3780,37.8,2814.212785628823,1.2897598403381176,69.92917545298747,6.82455245099334,
ec6e87cbfa,180,541,3787,37.87,2813.7362992975973,1.1442880975765348,68.73785331178797,14.323204777312563,
ec6e87cbfa,180,542,3794,37.94,2800.3199807308897,1.1404807724715882,67.63419253466542,9.35777100227477,
ec6e87cbfa,180,543,3801,38.01,2793.9817196226772,1.3577301734248604,68.72313760210893,9.791208378278274,
ec6e87cbfa,180,544,3808,38.08,2790.1258659026416,1.1566434780033459,68.99825293358138,7.316830021360285,
ec6e87cbfa,180,545,3815,38.15,2788.1930858931614,1.2660491831801788,68.63026632571129,6.686098751927964,
ec6e87cbfa,180,546,3822,38.22,2783.1678655408655,0.9721117761757104,69.90569360496119,5.683363552297437,
ec6e87cbfa,180,547,3829,38.29,2781.6017504335186,1.7367103005867928,71.64111804131299,15.512497106014367,
ec6e87cbfa,180,548,3836,38.36,2773.722374785338,1.438750649986999,68.14913680305477,11.604397208531894,
ec6e87cbfa,180,549,3843,38.43,2768.326024615914,1.4309925945588726,69.17966461105935,12.156334628148047,
ec6e87cbfa,180,550,3850,38.5,2763.901027869769,1.8167418666713506,65.92176300390375,14.206588292444646,
ec6e87cbfa,180,551,3857,38.57,2753.863829301979,1.3464528836740746,67.5384491680757,9.954894801536174,
ec6e87cbfa,180,552,3864,38.64,2746.0639884153006,0.7957530545285104,63.312801701599355,3.3234168826611605,
ec6e87cbfa,180,553,3871,38.71,2744.333298860271,1.8610752207541632,66.0331621549455,9.222965475365266,
ec6e87cbfa,180,554,3878,38.78,2731.3230784105153,1.3349621636600435,64.48316222701507,11.831989202401376,
ec6e87cbfa,180,555,3885,38.85,2722.26157120562,0.7058890649963186,63.674198006296194,7.044506289218657,
ec6e87cbfa,180,556,3892,38.92,2720.0812609162467,2.0093369203895826,63.92773837702811,15.472465816429233,
ec6e87cbfa,180,557,3899,38.99,2700.7756420634264,0.872437584361794,63.740758540014085,7.51279261994135,
ec6e87cbfa,180,558,3906,39.06,2697.6179167128084,0.9624385556480847,63.11553585515709,4.6768230984297965,
ec6e87cbfa,180,559,3913,39.13,2697.1710680582983,1.4684697656874393,64.63576839590064,14.581416988665271,
ec6e87cbfa,180,560,3920,39.2,2691.0942454532615,1.7797453900724565,64.29618459233475,13.416015667545725,
ec6e87cbfa,180,561,3927,39.27,2676.1110295616622,1.8029415559258934,64.68252454592432,17.830741831830693,
ec6e87cbfa,180,562,3934,39.34,2667.904505794061,2.266944594249591,61.84672260105128,19.705595293962006,
ec6e87cbfa,180,563,3941,39.41,2649.7630202938767,0.8945657047592045,61.991088266350935,3.7109246084178493,
ec6e87cbfa,180,564,3948,39.48,2647.2024648406855,1.4185589513950396,59.04731184247205,12.968427339617671,
ec6e87cbfa,180,565,3955,39.55,2637.5202768607437,2.1464014607414565,58.09355676379326,9.618002685294915,
ec6e87cbfa,180,566,3962,39.62,2634.510122216915,3.3826459374679327,64.2043140089329,13.483226015821145,
ec6e87cbfa,180,567,3969,39.69,2633.151525686541,2.1630167476925606,67.09956717421623,14.745173363431073,
ec6e87cbfa,180,568,3976,39.76,2613.618056624983,0.9408908769654494,65.4014742248124,6.8437115849007775,
ec6e87cbfa,180,569,3983,39.83,2610.156379992393,3.457398268912764,64.0350204362042,11.89181375500994,
ec6e87cbfa,180,570,3990,39.9,2598.531657772391,1.3809775323262106,70.8188199207115,5.953430311554468,
ec6e87cbfa,180,571,3997,39.97,2590.434636098698,2.577647853401821,65.53425309729055,7.3828179441099495,
ec6e87cbfa,180,572,4004,40.04,2583.9416210621953,1.496236128435833,74.51847737394505,6.756634867107114,
ec6e87cbfa,180,573,4011,40.11,2577.2383549157353,1.8215012834990776,73.69669821148233,16.197019024174814,
ec6e87cbfa,180,574,4018,40.18,2563.8330248737075,1.0113802909413716,71.51737505660662,8.135756973918234,
ec6e87cbfa,180,575,4025,40.25,2560.022887772168,1.413976296725848,69.356290442672,14.003888394271677,
ec6e87cbfa,180,576,4032,40.32,2553.852064510762,1.0039766939833672,65.24605621425118,9.142492709569765,
ec6e87cbfa,180,577,4039,40.39,2549.9749114071547,1.6535619731124085,66.09874607970278,14.451185591703632,
ec6e87cbfa,180,578,4046,40.46,2536.95680582784,2.2641129457719003,63.643327200254994,22.058804949509057,
ec6e87cbfa,180,579,4053,40.53,2511.9909745780146,1.7180817809243125,70.21860109543923,1.8934141941226732,
ec6e87cbfa,180,580,4060,40.6,2509.6567763164867,1.7796720394122627,67.36563682455248,17.512280697909272,
ec6e87cbfa,180,581,4067,40.67,2494.509809941368,1.4172836896768355,64.98418075852176,13.525626747634243,
ec6e87cbfa,180,582,4074,40.74,2488.3315666775916,0.8739021939994385,64.95648803850166,6.282524412524455,
ec6e87cbfa,180,583,4081,40.81,2485.583302572776,1.7764205865985243,64.60362355267955,17.79002156998413,
ec6e87cbfa,180,584,4088,40.88,2469.492555846073,1.6409037162206908,63.21981671274856,5.196829274095764,
ec6e87cbfa,180,585,4095,40.95,2464.217552416385,2.0396062453683443,62.29794177710804,18.184186638139458,
ec6e87cbfa,180,586,4102,41.02,2444.7580780969897,1.5549611932460232,55.45000514024068,14.040832849854498,
ec6e87cbfa,180,587,4109,41.09,2436.0712479951944,1.2225623886381254,55.38516172248373,10.614750278576823,
ec6e87cbfa,180,588,4116,41.16,2431.5638879747853,1.3876858118222328,54.428137692719744,5.376622732904782,
ec6e87cbfa,180,589,4123,41.23,2427.130984860243,1.5877001190928997,57.63015480496068,14.461393925349059,
ec6e87cbfa,180,590,4130,41.3,2416.6633511986506,1.103585570744815,53.96799571895815,7.274446411621139,
ec6e87cbfa,180,591,4137,41.37,2411.382138641359,0.882808040696168,56.557218831574666,7.597980283108252,
ec6e87cbfa,180,592,4144,41.44,2408.4178248189096,1.9178107431414266,55.720187865631374,9.364193525405655,
ec6e87cbfa,180,593,4151,41.51,2407.4460943642644,1.0967800742461737,58.62897136054999,5.991705912328176,
ec6e87cbfa,180,594,4158,41.58,2403.4198700224365,2.574941459503254,56.5404840209867,5.548552600003797,
ec6e87cbfa,180,595,4165,41.65,2403.1281700560494,1.5556171088724233,62.95337261864729,5.058429487285492,
ec6e87cbfa,180,596,4172,41.72,2396.1227930409786,1.6865834620717408,57.849605091215736,6.049293688961544,
ec6e87cbfa,180,597,4179,41.79,2386.0354027610115,1.7842460304726298,56.23855918375094,13.390176029305936,
ec6e87cbfa,180,598,4186,41.86,2377.0027420391248,1.3144177927545249,54.49308507158058,11.089354941163114,
ec6e87cbfa,180,599,4193,41.93,2369.995193358927,1.4576402918672087,55.886633922317735,9.000051544978744,
ec6e87cbfa,180,600,4200,42.0,2361.927281244631,0.933439706273941,55.71158320533785,6.5302259614391245,
ec6e87cbfa,180,601,4207,42.07,2358.1687914831805,1.4053904687341405,57.655428647215686,12.713606708447497,
ec6e87cbfa,180,602,4214,42.14,2350.9537288477013,1.5451321735430694,56.271547965092246,14.24505515853133,
ec6e87cbfa,180,603,4221,42.21,2340.7483523166875,1.3420229669949306,56.13406233104042,9.557279533724804,
ec6e87cbfa,180,604,4228,42.28,2335.8020299912732,1.0804663979200602,56.5727369189494,7.991766974768875,
ec6e87cbfa,180,605,4235,42.35,2331.4386248292044,1.3368988779570825,58.2010533701726,12.011072767589894,
ec6e87cbfa,180,606,4242,42.42,2324.1462638674843,1.2209413221694847,56.71970648031153,10.037516682492866,
ec6e87cbfa,180,607,4249,42.49,2317.849457626617,0.8701876218276292,58.447139778113616,5.425318612088222,
ec6e87cbfa,180,608,4256,42.56,2315.093082798622,0.8956702937236407,59.795312116524826,8.326539761607108,
ec6e87cbfa,180,609,4263,42.63,2311.896596637972,1.007617907497743,58.3669296889098,7.300921804344847,
ec6e87cbfa,180,610,4270,42.7,2307.0188793933576,1.4342476031526874,57.78983083181967,13.927331949731899,
ec6e87cbfa,180,611,4277,42.77,2297.0472709704263,1.165254766900106,59.401819791994356,5.8034182935727365,
ec6e87cbfa,180,612,4284,42.84,2290.7104149303336,0.508703882247723,58.90154843769899,4.993933321264057,
ec6e87cbfa,180,613,4291,42.91,2289.4359186263277,2.4531090805401763,60.115390486239384,12.254036467104518,
ec6e87cbfa,180,614,4298,42.98,2287.3577709773426,3.4048200816028413,60.626461293427944,14.722063882185964,
ec6e87cbfa,180,615,4305,43.05,2279.3949189697823,1.830938529911031,71.53711444236443,12.457262699897107,
ec6e87cbfa,180,616,4312,43.12,2267.6774717658823,1.1738822761013081,61.133526920697946,5.209722131617441,
ec6e87cbfa,180,617,4319,43.19,2265.2838588326813,1.259827679338346,59.186769356731624,9.395588493431246,
ec6e87cbfa,180,618,4326,43.26,2259.91798959551,1.2339846262570595,57.19972068393624,10.457175598713953,
ec6e87cbfa,180,619,4333,43.33,2254.1436094924566,1.1432724875178701,55.86110647020126,11.031387398726958,
ec6e87cbfa,180,620,4340,43.4,2249.1832281823845,1.286647222163796,55.00469925097444,5.107697656727295,
ec6e87cbfa,180,621,4347,43.47,2246.3942503946023,1.4739638028090687,56.25676908792559,5.739220613535794,
ec6e87cbfa,180,622,4354,43.54,2239.070518342438,1.457830120540151,56.776626905226955,12.954508605541552,
ec6e87cbfa,180,623,4361,43.61,2231.4135931635215,0.9404082129718363,56.82712796776958,1.8559987012896415,
ec6e87cbfa,180,624,4368,43.68,2227.9022756030913,1.525917921318513,54.87413344053189,13.8670355752095,
ec6e87cbfa,180,625,4375,43.75,2220.147744363961,0.8280761596799687,59.55142178188595,4.374676201700461,
ec6e87cbfa,180,626,4382,43.82,2217.414662075186,1.167256022372937,54.96196221002094,5.705295380976668,
ec6e87cbfa,180,627,4389,43.89,2211.983692559628,0.6415565630801353,55.72055081192695,2.8611565607861666,
ec6e87cbfa,180,628,4396,43.96,2210.5420506568994,0.8956163531514743,55.68761347368637,8.668021931320386,
ec6e87cbfa,180,629,4403,44.03,2206.4873563509313,0.8401708723204315,56.239278755150906,4.602212841075615,
ec6e87cbfa,180,630,4410,44.1,2203.2200812806896,0.7939294656582374,55.421570654696794,7.9957744378065865,
ec6e87cbfa,180,631,4417,44.17,2200.693518154589,1.126693805789434,55.70656527872112,11.125503610169105,
ec6e87cbfa,180,632,4424,44.24,2194.842256144938,0.5051889597536375,56.52991914368995,3.88650148247145,
ec6e87cbfa,180,633,4431,44.31,2193.8156137937467,1.0499500373306048,55.53573072747521,10.571655499755941,
ec6e87cbfa,180,634,4438,44.38,2190.502930716066,1.3538469806574835,57.06877714358333,11.560402504629435,
ec6e87cbfa,180,635,4445,44.45,2183.313338314878,1.5092947319364458,56.46276704311193,14.123914968956957,
ec6e87cbfa,180,636,4452,44.52,2174.559003741258,0.8222752084990196,58.715250015923125,5.372042059047159,
ec6e87cbfa,180,637,4459,44.59,2172.163383741975,1.1804538412247378,58.39633768085178,8.330755345300567,
ec6e87cbfa,180,638,4466,44.66,2168.530135187924,1.0773074751394696,59.89945601698673,8.959399575200159,
ec6e87cbfa,180,639,4473,44.73,2165.6568843207206,0.9461422122564633,61.04869125124908,6.673372387031697,
ec6e87cbfa,180,640,4480,44.8,2162.7533245500204,0.945243909591537,59.712836833265186,8.794707488695671,
ec6e87cbfa,180,641,4487,44.87,2160.0324693915377,1.153529844054368,58.86291310729056,8.63796555788483,
ec6e87cbfa,180,642,4494,44.94,2154.592757501632,3.933134193887557,59.598336791993304,14.33147979218289,
ec6e87cbfa,180,643,4501,45.01,2140.810736336463,3.437836203283872,73.59977961748918,4.6929718146092245,
ec6e87cbfa,180,644,4508,45.08,2140.559974984947,2.3134132500946745,70.12181435711602,14.481288973486656,
ec6e87cbfa,180,645,4515,45.15,2117.539352003847,1.665530420497582,62.049122097795966,12.652612826934657,
ec6e87cbfa,180,646,4522,45.22,2104.746508183591,1.0577423930762468,60.55879831066495,9.57034184887378,
ec6e87cbfa,180,647,4529,45.29,2100.5995169827543,1.1354832304473668,59.67242004963789,10.555557763211683,
ec6e87cbfa,180,648,4536,45.36,2096.141168405628,2.7756045329808434,59.52714727623469,7.826992762988704,
ec6e87cbfa,180,649,4543,45.43,2092.670089728353,2.9444309757747047,63.35986712434531,8.876957384621136,
ec6e87cbfa,180,650,4550,45.5,2087.28261531505,1.8450215148544236,56.526699508211244,12.41019620428267,
ec6e87cbfa,180,651,4557,45.57,2072.8711142208545,0.6402974582136856,54.58253431462813,4.192856736825575,
ec6e87cbfa,180,652,4564,45.64,2070.822656104501,1.1631407520498664,54.294878662686955,11.787609059375011,
ec6e87cbfa,180,653,4571,45.71,2065.9337135515366,0.7983718402536085,52.407386086409694,7.049105525214045,
ec6e87cbfa,180,654,4578,45.78,2064.023145474483,0.6493626940593648,53.02700670440988,5.130530790575676,
ec6e87cbfa,180,655,4585,45.85,2061.996701014817,0.4257443849273969,53.14801557594817,3.0266440826103964,
ec6e87cbfa,180,656,4592,45.92,2061.4539436218506,1.1171977860971525,52.9824865932427,6.6144278612705545,
ec6e87cbfa,180,657,4599,45.99,2057.2098797564413,0.42405271885300844,55.85632869499366,1.5657065113359725,
ec6e87cbfa,180,658,4606,46.06,2056.7229929073924,2.762384326826685,54.25642347882677,7.012180384138528,
ec6e87cbfa,180,659,4613,46.13,2055.866972209449,1.8011236489774705,58.29203498972157,10.738399884776864,
ec6e87cbfa,180,660,4620,46.2,2045.1537630406133,1.398651520463013,53.520845752266695,9.763137693867588,
ec6e87cbfa,180,661,4627,46.27,2035.4458865316055,2.228208882088082,51.106748496324464,7.87453577001458,
ec6e87cbfa,180,662,4634,46.34,2032.4164026980725,1.298114303477564,52.47566795407933,5.105450074103179,
ec6e87cbfa,180,663,4641,46.41,2024.4746439812075,0.9899814460210394,51.005594960337326,9.726473774435727,
ec6e87cbfa,180,664,4648,46.48,2021.543379211079,1.01023385818996,53.418112143567065,8.306170462254142,
ec6e87cbfa,180,665,4655,46.55,2017.8213728995481,0.779472437683201,52.91473616930623,7.037500997261241,
ec6e87cbfa,180,666,4662,46.62,2015.0802948585078,0.8459088542128465,53.28967378901811,6.4761980669810875,
ec6e87cbfa,180,667,4669,46.69,2012.022722199602,1.3007856357143268,53.867994202870506,8.509768416325906,
ec6e87cbfa,180,668,4676,46.76,2003.7625783097265,0.8731528895286663,55.77748347316928,8.86262154128018,
ec6e87cbfa,180,669,4683,46.83,2001.3810873718128,0.8263602682811089,55.42895823191622,7.066125214908197,
ec6e87cbfa,180,670,4690,46.9,1998.5148117038239,1.2362687201321105,57.11620912339553,9.92255451123769,
ec6e87cbfa,180,671,4697,46.97,1992.2628205022252,0.8698624418466839,56.48001537829954,7.835088438105187,
ec6e87cbfa,180,672,4704,47.04,1988.8597948772813,0.9044178137775525,57.41894322363304,5.333624623340323,
ec6e87cbfa,180,673,4711,47.11,1986.335923040293,0.5068375737082076,56.04957650193991,3.3686931995699307,
ec6e87cbfa,180,674,4718,47.18,1985.3312365779275,0.9469653252649753,56.00363712558018,3.072869633924825,
ec6e87cbfa,180,675,4725,47.25,1984.8615358287623,2.2397075891587113,57.37451866533627,14.446669739828614,
ec6e87cbfa,180,676,4732,47.32,1966.1236160193266,1.0606325798404714,54.19575597731625,5.821245374052295,
ec6e87cbfa,180,677,4739,47.39,1960.9564436419764,1.3302446396372696,52.85458368881238,5.653067426834796,
ec6e87cbfa,180,678,4746,47.46,1951.9576281884843,1.4800726947406384,50.86736663034555,13.156494918354058,
ec6e87cbfa,180,679,4753,47.53,1942.8818413326792,0.8564721091724479,52.855916940467345,4.670312971711879,
ec6e87cbfa,180,680,4760,47.6,1939.8219423509047,0.5481872312412404,50.993906106612634,4.730016284808353,
ec6e87cbfa,180,681,4767,47.67,1938.320528234193,0.9724135464461443,52.61806073527861,9.811950037527117,
ec6e87cbfa,180,682,4774,47.74,1934.690516872684,1.2674356205915887,51.95502616655966,11.47798960225685,
ec6e87cbfa,180,683,4781,47.81,1926.923454141365,1.1091210825948465,53.22302703131729,10.726790301242943,
ec6e87cbfa,180,684,4788,47.88,1922.3002943408198,1.9728015880980625,50.35481087465581,7.042933540809041,
ec6e87cbfa,180,685,4795,47.95,1915.6263829007532,1.5473617380434528,55.14455595768791,14.96171935721248,
ec6e87cbfa,180,686,4802,48.02,1908.5855497852701,1.145824291556111,54.85044505325505,8.590968495014854,
ec6e87cbfa,180,687,4809,48.09,1903.7984966313272,1.0771395959452719,55.49932792911276,10.232985303579701,
ec6e87cbfa,180,688,4816,48.16,1899.221927632233,1.2302640796393105,53.884697825285926,11.259596224582861,
ec6e87cbfa,180,689,4823,48.23,1892.3815069172967,0.8050110449486584,52.86720762020758,2.1927346367634226,
ec6e87cbfa,180,690,4830,48.3,1890.84782989641,1.6195635235645536,54.770286273583295,13.469815315068805,
ec6e87cbfa,180,691,4837,48.37,1879.474974717891,1.0078899875406382,55.23071905025732,9.446312635040956,
ec6e87cbfa,180,692,4844,48.44,1875.4979432805844,1.1815154723620163,52.618373876154756,11.13183203911572,
ec6e87cbfa,180,693,4851,48.51,1868.9815505809854,1.0470445747741368,51.662930321198786,7.795847031285389,
ec6e87cbfa,180,694,4858,48.58,1864.2063684730806,0.7510333017901757,51.294964362704285,3.546586709111046,
ec6e87cbfa,180,695,4865,48.65,1861.91404668893,1.1150281460461855,50.521243880485265,10.281243019346103,
ec6e87cbfa,180,696,4872,48.72,1857.532083194745,1.337076024037408,50.25972291164224,8.127062829304355,
ec6e87cbfa,180,697,4879,48.79,1852.2320150872415,1.2234541528919034,51.89796569450501,8.584946347942502,
ec6e87cbfa,180,698,4886,48.86,1849.755919324982,1.8643962564750463,51.63068635068921,6.9967121561300205,
ec6e87cbfa,180,699,4893,48.93,1841.815159032285,1.4500550584382026,52.851955281432396,6.351612839703703,
ec6e87cbfa,180,700,4900,49.0,1840.966049485575,1.5244591270075682,49.542777574711124,6.784517549763471,
ec6e87cbfa,180,701,4907,49.07,1837.7055403587933,1.3408587213651755,51.54425857656059,6.879710808044971,
ec6e87cbfa,180,702,4914,49.14,1837.5109607951238,1.5094495925075384,50.06944967595245,5.579527410829589,
ec6e87cbfa,180,703,4921,49.21,1835.076897362873,1.5898603517288883,50.31617375994607,9.831515306722066,
ec6e87cbfa,180,704,4928,49.28,1832.2038091714846,1.7618514462247539,52.24508204953388,5.770773290847241,
ec6e87cbfa,180,705,4935,49.35,1824.9084712181264,1.7842014470804017,51.69820967060105,12.327596966659279,
ec6e87cbfa,180,706,4942,49.42,1820.9257827050765,1.6515265235464112,57.79706327161106,7.838212573204079,
ec6e87cbfa,180,707,4949,49.49,1818.9151654467848,0.7896726410277349,52.40700246622021,4.05482344038666,
ec6e87cbfa,180,708,4956,49.56,1812.850628045203,0.9259388976311931,52.30930180378467,8.800069252010278,
ec6e87cbfa,180,709,4963,49.63,1809.868438786567,0.8595037120015101,53.39998054097589,7.913054844769315,
ec6e87cbfa,180,710,4970,49.7,1807.9847675838428,1.427244371968371,55.98568043455169,9.085499399627027,
ec6e87cbfa,180,711,4977,49.77,1799.0506387923779,1.283453299122919,49.503078473837995,6.854496996395862,
ec6e87cbfa,180,712,4984,49.84,1791.0214079064353,0.680710636874346,48.42486627388953,6.325328413907337,
ec6e87cbfa,180,713,4991,49.91,1789.1804075275795,0.421186207207097,48.81541465427349,3.1526914536000485,
ec6e87cbfa,180,714,4998,49.98,1788.556949955165,1.1962682721054796,47.97593783594684,11.871402662915738,
ec6e87cbfa,180,715,5005,50.05,1784.1829769748356,0.9085830238534971,45.96023749494748,2.690308037017614,
ec6e87cbfa,180,716,5012,50.12,1780.048739797423,0.9192163445487018,44.67929697770428,9.233749927482199,
ec6e87cbfa,180,717,5019,50.19,1775.8624540916546,0.7641686772076917,47.447533079135745,7.211295593363532,
ec6e87cbfa,180,718,5026,50.26,1773.5293155873921,1.4719139847425606,47.4068345941429,13.0525412117648,
ec6e87cbfa,180,719,5033,50.33,1762.63881353572,0.5927190344941865,45.76947402610215,5.090096047350015,
ec6e87cbfa,180,720,5040,50.4,1762.1418186075737,0.9798466971718655,45.991376650632105,8.513583262454352,
ec6e87cbfa,180,721,5047,50.47,1759.6974099340684,0.86251230635013,46.38771155281767,6.693926148817816,
ec6e87cbfa,180,722,5054,50.54,1757.411758461127,2.270182294502966,46.701941312901994,9.002045235817091,
ec6e87cbfa,180,723,5061,50.61,1757.2766732894013,1.6963911702573526,53.533895224988676,8.632906746262362,
ec6e87cbfa,180,724,5068,50.68,1745.695568587064,1.076498425219954,49.6918803929017,7.434335199412601,
ec6e87cbfa,180,725,5075,50.75,1741.6358580527674,1.1180937493758885,49.105850590681236,10.024891828847528,
ec6e87cbfa,180,726,5082,50.82,1737.4122578301196,1.1551141980161297,49.97029116789149,10.42044775330349,
ec6e87cbfa,180,727,5089,50.89,1731.353510262123,1.631717071703207,48.96653310235404,14.40555837707072,
ec6e87cbfa,180,728,5096,50.96,1720.083276029504,1.030743847518291,49.12124102274549,9.906117903206596,
ec6e87cbfa,180,729,5103,51.03,1716.2234044975892,0.7741932550971358,47.92956188559035,7.28023236898873,
ec6e87cbfa,180,730,5110,51.1,1713.8033068399914,1.1714896554524974,46.60205133293804,10.41271834490042,
ec6e87cbfa,180,731,5117,51.17,1708.8146992649952,0.9115326129532189,47.48342727945551,6.911299182264012,
ec6e87cbfa,180,732,5124,51.24,1705.7510759823479,0.8340900063610945,47.033310285759065,7.26517699122189,
ec6e87cbfa,180,733,5131,51.31,1703.0373849235325,0.9447576010733788,47.85657240296177,8.375036147827302,
ec6e87cbfa,180,734,5138,51.38,1698.9219813743593,1.5650565394723963,45.373582979945354,3.762009300860576,
ec6e87cbfa,180,735,5145,51.45,1695.947537491073,1.03456079791275,48.73322884545307,4.59721868453273,
ec6e87cbfa,180,736,5152,51.52,1691.6573410455171,0.8728453605173012,48.51833313805571,6.60327537976767,
ec6e87cbfa,180,737,5159,51.59,1689.5974772035352,0.8447341086600878,47.70699603448671,6.491611268741259,
ec6e87cbfa,180,738,5166,51.66,1686.1385999753322,1.2778825683985258,46.49612548011023,12.040643324976811,
ec6e87cbfa,180,739,5173,51.73,1679.535642971457,1.2876026504709386,47.82529546391548,10.974250139806259,
ec6e87cbfa,180,740,5180,51.8,1672.4046255105345,1.235516275771596,47.43072732234716,7.928904898649214,
ec6e87cbfa,180,741,5187,51.87,1667.2809212957902,0.7856998100700968,45.4344976018424,4.448720497231675,
ec6e87cbfa,180,742,5194,51.94,1666.3917347917393,1.0702689319402143,45.48454253505745,8.308874382910822,
ec6e87cbfa,180,743,5201,52.01,1663.9788154806147,0.783476592462884,44.08552219618438,1.4641921536935059,
ec6e87cbfa,180,744,5208,52.08,1662.3637955967633,1.1703102871331323,44.51692043359881,10.937915062898297,
ec6e87cbfa,180,745,5215,52.15,1657.3717511391337,0.6791520967790061,43.500276074507724,3.895235708316677,
ec6e87cbfa,180,746,5222,52.22,1655.6940124037549,0.9268596376353656,44.17556663719107,9.011029247963553,
ec6e87cbfa,180,747,5229,52.29,1651.4790093338183,1.3163653130609272,44.692545165313646,11.498915680001732,
ec6e87cbfa,180,748,5236,52.36,1644.5488532447725,1.1672055591563888,44.31224160893807,10.705675973041076,
ec6e87cbfa,180,749,5243,52.43,1638.7948429555045,0.5156353697352007,46.55382874207578,4.634285703918112,
ec6e87cbfa,180,750,5250,52.5,1637.846662387735,1.2406187662222343,46.972985110199346,8.004752272776608,
ec6e87cbfa,180,751,5257,52.57,1631.5658970693914,1.0704494033548675,47.461967548745044,6.892373115269991,
ec6e87cbfa,180,752,5264,52.64,1628.0153195324845,0.663046175058258,46.57362683359164,2.9909471741915943,
ec6e87cbfa,180,753,5271,52.71,1626.8773181201495,0.5028751189084296,45.46080118579747,2.6450149465530344,
ec6e87cbfa,180,754,5278,52.78,1626.3484249516118,1.496209318614778,46.226870451817916,14.297369516540476,
ec6e87cbfa,180,755,5285,52.85,1615.9398277186413,0.6394532417743093,49.57973454800841,4.116396590502895,
ec6e87cbfa,180,756,5292,52.92,1614.5043188363318,0.8321255423332539,49.21029519053752,6.532121105748847,
ec6e87cbfa,180,757,5299,52.99,1611.62385062004,1.0677186315325318,50.116823076723385,9.804662813755952,
ec6e87cbfa,180,758,5306,53.06,1607.2954815145563,1.1131547402182536,48.54640058973249,7.307360170550282,
ec6e87cbfa,180,759,5313,53.13,1603.1638237271586,1.2523455073971337,48.68147398035031,11.850849599918675,
ec6e87cbfa,180,760,5320,53.2,1598.1105167699463,0.7191569798668931,48.42829177320794,3.2940201046238844,
ec6e87cbfa,180,761,5327,53.27,1596.982770686194,0.7494416297022779,47.7604862543598,4.790349037801665,
ec6e87cbfa,180,762,5334,53.34,1596.022940768733,1.1475185227266298,47.55587174151667,7.7627044823237545,
ec6e87cbfa,180,763,5341,53.41,1592.529483178596,1.6890140087628431,50.428458050430855,14.791325162565789,
ec6e87cbfa,180,764,5348,53.48,1585.7755349518895,1.3254356903669826,50.3902649786865,10.766757763141115,
ec6e87cbfa,180,765,5355,53.55,1580.3468956677846,1.1900526309219235,49.63421714066108,9.176207789910638,
ec6e87cbfa,180,766,5362,53.62,1577.8829671319195,1.357897181351873,51.08805846659932,7.318808056183223,
ec6e87cbfa,180,767,5369,53.69,1577.687178396393,1.6922983860819831,51.17922374411476,9.039631836488196,
ec6e87cbfa,180,768,5376,53.76,1573.9392293793796,0.7496206815585215,52.33199620276406,5.361114077525074,
ec6e87cbfa,180,769,5383,53.83,1568.3189026623402,1.467261344179772,48.41834424617861,12.197498733294045,
ec6e87cbfa,180,770,5390,53.9,1559.1931675874969,0.8615928987132564,47.2557222944259,7.706403680026665,
ec6e87cbfa,180,771,5397,53.97,1557.2319636519867,1.130670197889758,46.425967116979656,9.96561614517949,
ec6e87cbfa,180,772,5404,54.04,1551.8579894095349,0.6505691955414367,48.09608029599383,4.902708553288799,
ec6e87cbfa,180,773,5411,54.11,1550.8301670854983,0.8845255453086911,47.49078671370826,7.434506352433413,
ec6e87cbfa,180,774,5418,54.18,1547.7458419488946,1.387573507603062,49.34206376285955,5.416736529283724,
ec6e87cbfa,180,775,5425,54.25,1539.9450280191534,1.0604341847945002,50.13766830018173,9.838617752562984,
ec6e87cbfa,180,776,5432,54.32,1535.3308564216138,1.053188004555874,46.67934777246306,9.665137626734797,
ec6e87cbfa,180,777,5439,54.39,1531.7662053631725,1.0196169726880069,48.00956479623187,8.715953704090417,
ec6e87cbfa,180,778,5446,54.46,1528.7230595400847,0.7523562278622522,44.39975826245948,5.399959848258007,
ec6e87cbfa,180,779,5453,54.53,1526.6405057628376,0.8665057436069962,44.021422883727475,5.379522565355915,
ec6e87cbfa,180,780,5460,54.6,1523.0340717268848,0.7301883232031727,43.818859700144806,6.101502866655627,
ec6e87cbfa,180,781,5467,54.67,1521.8915620260755,0.8082072877512257,44.64114281961823,6.829992673039489,
ec6e87cbfa,180,782,5474,54.74,1519.4669912076863,0.7055742075110103,41.54893553866626,3.247837462783899,
ec6e87cbfa,180,783,5481,54.81,1517.5116359697795,1.6501947693059906,41.84105491197761,8.018561906067443,
ec6e87cbfa,180,784,5488,54.88,1517.1525847567739,1.0127141228437109,47.65670268711114,4.81195420833219,
ec6e87cbfa,180,785,5495,54.95,1513.7181516151124,0.9152451816973212,42.382521973104666,7.943725258545952,
ec6e87cbfa,180,786,5502,55.02,1511.9340054771637,1.2185428987512454,45.23143334039273,11.48762377919913,
ec6e87cbfa,180,787,5509,55.09,1508.4613115086179,1.0385468281646844,42.38889202058978,8.637040545890985,
ec6e87cbfa,180,788,5516,55.16,1507.4539290958912,1.175999529738465,45.8608974904024,8.237892199919864,
ec6e87cbfa,180,789,5523,55.23,1506.2704510538138,1.5564463544545373,42.377637021209736,5.634010473478774,
ec6e87cbfa,180,790,5530,55.3,1500.4492677970902,1.4249948043875675,43.97551974622259,10.903299889273192,
ec6e87cbfa,180,791,5537,55.37,1494.1708743182576,0.7487587959483406,43.10276681629839,1.823695200684342,
ec6e87cbfa,180,792,5544,55.44,1493.1010750743635,0.7331690113502812,41.70706909523262,4.791643556659073,
ec6e87cbfa,180,793,5551,55.51,1491.0288761987745,1.1846733725142287,42.24423862052051,11.314343360634393,
ec6e87cbfa,180,794,5558,55.58,1484.1894116225349,0.9308578063877335,40.82355146522274,8.20396029255712,
ec6e87cbfa,180,795,5565,55.65,1481.0971305941605,0.912155098230704,39.946376392942376,5.188069524357897,
ec6e87cbfa,180,796,5572,55.72,1479.3838710515133,1.0129167388929263,42.45603238904294,7.555822486640689,
ec6e87cbfa,180,797,5579,55.79,1475.0308996460647,0.8222858028171618,40.24623398052313,7.486109064119511,
ec6e87cbfa,180,798,5586,55.86,1472.0100123118093,1.0671961623802462,41.29941334193956,8.27178789972336,
ec6e87cbfa,180,799,5593,55.93,1467.8329914087603,0.8217191345564361,39.59925518376422,5.802876869675373,
ec6e87cbfa,180,800,5600,56.0,1465.4449968272188,1.8978703951880926,39.026274586641385,6.118515879163015,
ec6e87cbfa,180,801,5607,56.07,1464.1403740509825,1.2462274314319937,43.632516047479626,5.243761432688999,
ec6e87cbfa,180,802,5614,56.14,1457.6494872730163,0.5475414675289021,39.039136066345954,5.060730168189375,
ec6e87cbfa,180,803,5621,56.21,1456.2707269198615,1.4515106270824074,40.98326599382956,6.944043237422175,
ec6e87cbfa,180,804,5628,56.28,1455.2534311031784,1.123486989714694,45.131101037211614,9.413809424774596,
ec6e87cbfa,180,805,5635,56.35,1449.5804193982647,1.3047932243152682,41.868379638785754,7.735560821062608,
ec6e87cbfa,180,806,5642,56.42,1441.8366394172472,0.6329625937700808,42.03268290687167,4.894611556528803,
ec6e87cbfa,180,807,5649,56.49,1440.8923997100735,0.9496779403480919,40.47154169634475,7.673401348948196,
ec6e87cbfa,180,808,5656,56.56,1438.2113188954197,0.7786663857906748,39.55133803013619,7.118166628453831,
ec6e87cbfa,180,809,5663,56.63,1435.8900401994092,0.47330164746589204,38.46222104362351,4.221703359540881,
ec6e87cbfa,180,810,5670,56.7,1435.0003141841669,0.9010602285822231,38.101690649326535,7.013322120277317,
ec6e87cbfa,180,811,5677,56.77,1432.6573155990966,0.7195843000153894,41.77690097181525,2.483510888808923,
ec6e87cbfa,180,812,5684,56.84,1431.4470667737976,1.0455813335001516,39.7413675291307,8.15795419213835,
ec6e87cbfa,180,813,5691,56.91,1429.0089574885174,0.6868690263232887,42.597062967776274,1.772379145587065,
ec6e87cbfa,180,814,5698,56.98,1427.7589047538318,0.7218563024319037,39.873551972054976,5.298161254311066,
ec6e87cbfa,180,815,5705,57.05,1426.604172039367,1.0963417602109675,42.28048146311006,8.173667423721778,
ec6e87cbfa,180,816,5712,57.12,1422.495009556176,1.0116557290439214,41.74697013911394,7.8734270940161055,
ec6e87cbfa,180,817,5719,57.19,1419.2009913284187,0.7154522322396508,42.45876874630409,5.32471620250699,
ec6e87cbfa,180,818,5726,57.26,1417.6635147774093,0.37352761752128144,42.603402802730024,5.7025138059348155,
ec6e87cbfa,180,819,5733,57.33,1416.2834395127788,1.2785810166641798,42.45418794385159,9.338921743136297,
ec6e87cbfa,180,820,5740,57.4,1410.5382273282137,0.8080727676920839,45.71235160878925,6.670637805895302,
ec6e87cbfa,180,821,5747,57.47,1409.1918951479263,0.6600639872820395,42.5785664306365,4.275456336510749,
ec6e87cbfa,180,822,5754,57.54,1408.319749787674,1.1729017772669694,42.741882036664194,6.179503651646708,
ec6e87cbfa,180,823,5761,57.61,1406.006353891196,1.0043975806098624,42.95372430569022,3.8179787835682557,
ec6e87cbfa,180,824,5768,57.68,1404.1863409953821,0.8120175472981136,41.38878942309553,3.1468094546826513,
ec6e87cbfa,180,825,5775,57.75,1403.1683431908375,1.0547547931766814,42.40175900402224,8.051993813311839,
ec6e87cbfa,180,826,5782,57.82,1401.9457131560287,1.101954135693195,42.885703847303525,5.692649472414947,
ec6e87cbfa,180,827,5789,57.89,1398.963339403995,0.9921766702851996,41.38411797412717,7.648651920105955,
ec6e87cbfa,180,828,5796,57.96,1398.4495240300894,1.1408337028179498,43.99621660169636,6.0770822695805755,
ec6e87cbfa,180,829,5803,58.03,1397.163438853721,1.2164556665824582,40.02792597438495,4.554779478849418,
ec6e87cbfa,180,830,5810,58.1,1395.792424595409,1.2316850580032332,42.31095241159288,7.498236017398171,
ec6e87cbfa,180,831,5817,58.17,1394.802386298872,1.107935920832279,39.8949317353039,2.241846898551636,
ec6e87cbfa,180,832,5824,58.24,1393.74792157358,1.1718031428913587,41.70465728871317,5.498365647724784,
ec6e87cbfa,180,833,5831,58.31,1392.7786469778707,1.528022136442881,38.771245343280704,11.452968037140595,
ec6e87cbfa,180,834,5838,58.38,1387.1507207479108,1.080705585111015,42.048159855380646,5.509975140595239,
ec6e87cbfa,180,835,5845,58.45,1385.3883306209223,0.9252262289645504,38.91787974321315,1.0116746292919816,
ec6e87cbfa,180,836,5852,58.52,1382.8887214691247,1.008462162262548,39.34911353420142,4.662219950955976,
ec6e87cbfa,180,837,5859,58.59,1381.1037403511637,0.9028528975104322,37.860696867619524,5.5045047071099855,
ec6e87cbfa,180,838,5866,58.66,1379.6620782498592,1.1118989284237446,39.79804470515874,9.541246526579513,
ec6e87cbfa,180,839,5873,58.73,1378.2412069334896,1.1938796059484074,39.077420964755085,8.549258567189115,
ec6e87cbfa,180,840,5880,58.8,1376.3814828558081,1.03632769851137,40.78017065243429,4.343328545396688,
ec6e87cbfa,180,841,5887,58.87,1375.6142958070534,1.1005790529691186,37.60511690087055,6.787872119338061,
ec6e87cbfa,180,842,5894,58.94,1372.6261423841536,0.8160398974009844,37.89208119744126,2.458136018709474,
ec6e87cbfa,180,843,5901,59.01,1371.4586267008635,0.8686948170199922,35.71501611886456,5.201582568937678,
ec6e87cbfa,180,844,5908,59.08,1369.5917871496167,1.1666208298762117,38.610565718396536,9.98569252714088,
ec6e87cbfa,180,845,5915,59.15,1368.1591460503944,1.1541184539454314,38.219351731755886,4.5959007051411565,
ec6e87cbfa,180,846,5922,59.22,1366.623300170433,1.1115340957974353,38.75474470692964,3.7487874240470087,
ec6e87cbfa,180,847,5929,59.29,1366.022855053704,1.29604688272535,38.5077293937747,7.473549816521273,
ec6e87cbfa,180,848,5936,59.36,1363.186883020325,1.1142322599383279,39.005868670770084,3.6036961118666757,
ec6e87cbfa,180,849,5943,59.43,1362.9104675554383,1.2186426806117296,38.8871471482309,7.184867030226826,
ec6e87cbfa,180,850,5950,59.5,1361.6496050648602,1.466960057105884,39.881869216140565,9.58474917588153,
ec6e87cbfa,180,851,5957,59.57,1357.707530110015,1.2281047426827059,40.54886303973057,7.487862095936282,
ec6e87cbfa,180,852,5964,59.64,1356.534987594295,1.117986118405778,39.77119698775764,4.216298226464213,
ec6e87cbfa,180,853,5971,59.71,1354.1782979836382,1.007335288691366,39.185896748824476,6.308546258971815,
ec6e87cbfa,180,854,5978,59.78,1352.6369702301404,1.3440204891051954,39.40895385324618,5.258791473411356,
ec6e87cbfa,180,855,5985,59.85,1348.7492910857527,1.1755582136842082,41.61151384729052,8.861088531485674,
ec6e87cbfa,180,856,5992,59.92,1345.54273850149,0.9770827659772557,39.21200260621106,7.224686366241289,
ec6e87cbfa,180,857,5999,59.99,1343.8137386216006,1.0186339465850145,41.24753420470621,8.11411327005648,
ec6e87cbfa,180,858,6006,60.06,1341.8582938629556,1.5282242928336447,38.871673696814305,13.195239807516536,
ec6e87cbfa,180,859,6013,60.13,1334.5589234081367,1.0762771450631055,41.60881866679618,8.178046638423252,
ec6e87cbfa,180,860,6020,60.2,1331.9515877446522,0.9564188139134108,35.63005784430772,5.166285057907653,
ec6e87cbfa,180,861,6027,60.27,1328.298873800506,1.0908172911956382,39.19786538296181,8.741662719758368,
ec6e87cbfa,180,862,6034,60.34,1323.4932319893421,0.7804850278489097,37.5608991872762,6.832291381308282,
ec6e87cbfa,180,863,6041,60.41,1322.3668597940105,1.0822696977739907,40.9948192972576,8.73392886331505,
ec6e87cbfa,180,864,6048,60.48,1320.274491797708,1.009947044518439,38.68456143190482,4.699813074477994,
ec6e87cbfa,180,865,6055,60.55,1319.0903217270345,1.0216301189902812,42.54165381612273,6.202006975451254,
ec6e87cbfa,180,866,6062,60.62,1317.3133741434867,1.180856070754822,40.57817142871085,5.948555992401084,
ec6e87cbfa,180,867,6069,60.69,1315.3205095972144,0.8659013242112297,44.37426821428239,13.628165038752192,
ec6e87cbfa,180,868,6076,60.76,1308.821625486076,0.6425168075019849,39.103199101658625,5.379602664365513,
ec6e87cbfa,180,869,6083,60.83,1308.1590464647506,0.9043727234436474,40.30585667518722,5.353573653046388,
ec6e87cbfa,180,870,6090,60.9,1305.571906303378,0.9773292952469927,39.68233845541029,8.349296129721106,
ec6e87cbfa,180,871,6097,60.97,1301.8264533590489,0.9835973705438891,39.16811823470601,9.409410605193031,
ec6e87cbfa,180,872,6104,61.04,1299.6091132321221,1.1269721633847989,41.60299848418503,8.523060827172866,
ec6e87cbfa,180,873,6111,61.11,1294.0336979281135,0.7154001311674077,42.828086090101145,3.313137453868591,
ec6e87cbfa,180,874,6118,61.18,1292.1190909488353,0.5730811289661226,43.299001373783604,4.7895219981275865,
ec6e87cbfa,180,875,6125,61.25,1291.930752349886,0.7564817249648416,41.60534873550463,3.5544075329620224,
ec6e87cbfa,180,876,6132,61.32,1291.0214953537447,0.811346859185073,43.127357944760895,4.053215861875189,
ec6e87cbfa,180,877,6139,61.39,1289.9212044491237,0.9274466533710506,41.31067140927777,6.500537755711418,
ec6e87cbfa,180,878,6146,61.46,1286.7706025907216,0.9452529600898224,42.14159910064213,8.31325054188876,
ec6e87cbfa,180,879,6153,61.53,1286.3441624682198,0.9592921758959625,39.893785731298784,2.304706369897547,
ec6e87cbfa,180,880,6160,61.6,1284.424275909036,1.2381864840368504,41.15866275908849,10.30863988253761,
ec6e87cbfa,180,881,6167,61.67,1282.4295399413718,1.4234031047441633,39.152940912255595,7.577810821806097,
ec6e87cbfa,180,882,6174,61.74,1276.636322879809,1.007468572810394,38.52247504504238,7.124756304454394,
ec6e87cbfa,180,883,6181,61.81,1274.8796719659938,1.2425583214427958,37.32891927977265,11.010570260727613,
ec6e87cbfa,180,884,6188,61.88,1267.5585556860035,0.6032744805859215,35.386593334616634,4.849633465226487,
ec6e87cbfa,180,885,6195,61.95,1266.4641638843016,1.1217730547215023,37.77739689518932,6.31262384715705,
ec6e87cbfa,180,886,6202,62.02,1264.064477232963,1.2171717376162314,40.45700277696558,9.02771534772259,
ec6e87cbfa,180,887,6209,62.09,1258.232546692078,1.0196563099690237,38.15667611836688,9.036437230715041,
ec6e87cbfa,180,888,6216,62.16,1255.320015052383,0.7749441461728658,40.777792516511816,4.429780486907238,
ec6e87cbfa,180,889,6223,62.23,1253.5295608181866,0.6975992685530309,38.35237765221365,5.811235648433163,
ec6e87cbfa,180,890,6230,62.3,1252.1964215188011,0.6800048970935529,38.42492612158644,3.689927234770302,
ec6e87cbfa,180,891,6237,62.37,1250.7354090556962,1.2277374606671017,39.76116961803516,10.865733538844747,
ec6e87cbfa,180,892,6244,62.44,1246.476960430764,0.8600264465702019,40.928510021987925,5.233855263050797,
ec6e87cbfa,180,893,6251,62.51,1244.2521701498429,0.5094461124356737,39.88364940046508,3.3733353577222593,
ec6e87cbfa,180,894,6258,62.58,1243.1119798017367,0.5064231603220962,39.72013374075081,4.32218563723981,
ec6e87cbfa,180,895,6265,62.65,1241.9390841559718,0.5886593745183718,38.91395130700507,5.468315760493913,
ec6e87cbfa,180,896,6272,62.72,1240.449197311124,0.6477049941316763,38.7428466378472,5.562072449278568,
ec6e87cbfa,180,897,6279,62.79,1239.4011523351946,1.399986343358714,40.57259975320256,13.878813937364047,
ec6e87cbfa,180,898,6286,62.86,1233.2647201002742,0.8161705260811776,41.64636559234903,4.775274320464807,
ec6e87cbfa,180,899,6293,62.93,1231.4776407852482,0.5183837488460656,39.21164625565133,2.90527919588222,
ec6e87cbfa,180,900,6300,63.0,1230.4303131916495,0.6666159029004756,40.0236662040811,5.960568287352659,
ec6e87cbfa,180,901,6307,63.07,1228.911522541766,0.7974679370598323,40.36261182589232,3.942461134816335,
ec6e87cbfa,180,902,6314,63.14,1227.6106803256532,0.8506651695681688,40.29446886989346,2.1194321465388333,
ec6e87cbfa,180,903,6321,63.21,1224.9165719094456,0.7254925741863681,40.53180390196122,6.064112082105617,
ec6e87cbfa,180,904,6328,63.28,1222.9155998633162,0.8571852187014831,38.30368714247817,8.39850871890078,
ec6e87cbfa,180,905,6335,63.35,1220.195394944454,0.792290865346475,38.89230907995981,5.550139659138038,
ec6e87cbfa,180,906,6342,63.42,1217.276526099825,0.6244567855998859,37.825343177348515,3.7270295928844974,
ec6e87cbfa,180,907,6349,63.49,1215.5100252036311,0.3596534325917521,38.74191620160938,3.5821514626693385,
ec6e87cbfa,180,908,6356,63.56,1214.9132881439875,0.9235428640482911,39.01112212753626,5.710684654223921,
ec6e87cbfa,180,909,6363,63.63,1211.8807382766709,0.6887430039251232,40.27565151297797,2.548265597270684,
ec6e87cbfa,180,910,6370,63.7,1210.6255591244117,0.6301519173678672,39.52123667034992,3.312619016218633,
ec6e87cbfa,180,911,6377,63.77,1208.9997385583436,0.720592121554229,39.786447976461986,6.8353588766820215,
ec6e87cbfa,180,912,6384,63.84,1206.6404713979184,0.5870835441731648,38.9821793749458,5.709581795861571,
ec6e87cbfa,180,913,6391,63.91,1204.971366042695,0.9517673423220058,40.33090801732891,7.337095296573535,
ec6e87cbfa,180,914,6398,63.98,1201.7138424566767,0.981722350751136,40.27179208114817,8.202895133649431,
ec6e87cbfa,180,915,6405,64.05,1196.9965446045094,0.8999414445764561,39.12600104680007,8.039881240581854,
ec6e87cbfa,180,916,6412,64.12,1193.6031631173148,0.8582799467022963,40.07958965893336,5.674225712812678,
ec6e87cbfa,180,917,6419,64.19,1189.8951591752846,1.2564684712186507,39.15774166438926,11.4234938608177,
ec6e87cbfa,180,918,6426,64.26,1182.7625169818225,0.7656383254712017,38.658990505452145,6.880835054227886,
ec6e87cbfa,180,919,6433,64.33,1180.3689508055973,1.5382110130863094,37.70377890084965,3.976901714003649,
ec6e87cbfa,180,920,6440,64.4,1180.0376309165147,1.0760370917639817,40.499952341420446,7.571149917408506,
ec6e87cbfa,180,921,6447,64.47,1176.0284731528416,0.9372202416508324,37.19881106517634,5.638309512744314,
ec6e87cbfa,180,922,6454,64.54,1173.9850545839597,1.0670494534380575,37.86348374363769,8.315392941704411,
ec6e87cbfa,180,923,6461,64.61,1172.254589139025,1.517438128553727,39.26650250383649,3.792933848301154,
ec6e87cbfa,180,924,6468,64.68,1166.2468930956613,1.1205823049902293,39.89140771580525,2.457152590004717,
ec6e87cbfa,180,925,6475,64.75,1164.640720140657,1.1415349404251107,39.6044072747396,4.718954431494752,
ec6e87cbfa,180,926,6482,64.82,1162.091223686314,1.3126425215715023,39.168663399874895,4.305674924836408,
ec6e87cbfa,180,927,6489,64.89,1155.4657460086812,0.9772513585412582,38.1209729390401,8.356622820120759,
ec6e87cbfa,180,928,6496,64.96,1151.9512940281897,0.785718328877446,38.60622767218816,7.7480733280254634,
ec6e87cbfa,180,929,6503,65.03,1149.1478189770364,1.8237166615001403,39.693787899885336,8.718476068951933,
ec6e87cbfa,180,930,6510,65.1,1147.5723763332637,1.1806064692471212,42.795309994822695,6.821975802441511,
ec6e87cbfa,180,931,6517,65.17,1142.3911265302454,0.5867449258328878,39.46442596216826,4.744778907538792,
ec6e87cbfa,180,932,6524,65.24,1141.1103677730846,0.527004771168058,38.99143741463973,3.0893563258682457,
ec6e87cbfa,180,933,6531,65.31,1140.2532272347678,1.1402471648818613,39.13532373667132,11.218217426020736,
ec6e87cbfa,180,934,6538,65.38,1137.9991474971625,0.9790015603119561,39.224425836521725,4.23153443140726,
ec6e87cbfa,180,935,6545,65.45,1137.0466009403026,1.4321445244911806,39.62833792081924,12.698313304872617,
ec6e87cbfa,180,936,6552,65.52,1131.956653605129,1.282193336975335,42.075212191635195,5.237063457112514,
ec6e87cbfa,180,937,6559,65.59,1131.6467306154516,1.4649079052685137,44.20038912947114,7.291556827818557,
ec6e87cbfa,180,938,6566,65.66,1130.865955776664,1.490350201836877,43.942808335520056,6.4907726320421855,
ec6e87cbfa,180,939,6573,65.73,1130.1204219823644,0.8755992461436987,42.57521853597989,6.166972491693723,
ec6e87cbfa,180,940,6580,65.8,1122.9306373323602,0.7002663083560775,36.93740170937567,4.977119263060359,
ec6e87cbfa,180,941,6587,65.87,1121.1804220460726,0.6741279907400842,38.675036700159495,5.195880458821305,
ec6e87cbfa,180,942,6594,65.94,1120.6186466134495,0.9862447084885063,38.45706159064698,7.522664342001386,
ec6e87cbfa,180,943,6601,66.01,1116.5104700172037,0.8185659761291911,39.33117668470547,4.9596110683002355,
ec6e87cbfa,180,944,6608,66.08,1115.020085446117,1.373227335998969,39.498913655039885,13.02964817320167,
ec6e87cbfa,180,945,6615,66.15,1110.0125208916147,0.7445603176038644,41.80423198001866,0.8077389684177182,
ec6e87cbfa,180,946,6622,66.22,1108.3861419802622,0.5785224477480232,38.80896855322836,4.9085295205835076,
ec6e87cbfa,180,947,6629,66.29,1107.2218033151387,1.0037931380421445,40.85429954494793,9.741397285388024,
ec6e87cbfa,180,948,6636,66.36,1104.0182615257613,1.0005304870119849,39.475240274704994,1.3397785766253862,
ec6e87cbfa,180,949,6643,66.43,1101.4221655606843,1.2263295339575515,40.449667986785194,7.277071957071553,
ec6e87cbfa,180,950,6650,66.5,1096.9006515158185,1.176239221058346,38.939459218662,10.870101238609621,
ec6e87cbfa,180,951,6657,66.57,1092.5479300876643,0.6145424757800443,39.08691498311882,3.393682859484389,
ec6e87cbfa,180,952,6664,66.64,1091.2111974318254,1.0092215405304246,37.47989963329363,5.260618803979173,
ec6e87cbfa,180,953,6671,66.71,1087.2525868837033,1.1181852535252998,37.71020454936092,10.993527876704178,
ec6e87cbfa,180,954,6678,66.78,1082.580192674832,0.537787868173833,36.77221384798206,3.7037096663857696,
ec6e87cbfa,180,955,6685,66.85,1081.297701586078,0.47171209692723726,35.35604762161388,3.8466995321282718,
ec6e87cbfa,180,956,6692,66.92,1080.4898382833624,0.9141471310938699,35.933725553427266,8.840116509039564,
ec6e87cbfa,180,957,6699,66.99,1077.0170508550714,0.859142796983181,35.71670233629405,6.699882172983812,
ec6e87cbfa,180,958,6706,67.06,1073.901279883672,0.594178310649041,38.272693454774334,5.558151242257098,
ec6e87cbfa,180,959,6713,67.13,1072.7769199721727,1.4790827109686848,37.54261421961282,13.271747367250626,
ec6e87cbfa,180,960,6720,67.2,1064.0523457160623,0.9210925191473238,38.47831962898698,7.0350459061443384,
ec6e87cbfa,180,961,6727,67.27,1061.3839481861974,1.1521994662409119,36.0389176477013,10.585007636861409,
ec6e87cbfa,180,962,6734,67.34,1055.929447961388,0.4667947183563228,37.720547529940504,2.388681252743594,
ec6e87cbfa,180,963,6741,67.41,1055.2617859271206,0.6193641694228581,38.37901297934122,5.492266905636365,
ec6e87cbfa,180,964,6748,67.48,1054.252359715486,0.8549778356915393,36.602214861141476,7.280313399495496,
ec6e87cbfa,180,965,6755,67.55,1052.0355973690016,0.7017285626268177,37.94562735660945,6.041090554099093,
ec6e87cbfa,180,966,6762,67.62,1050.8408585012,0.5479052370142735,36.889493565315306,3.0189472068204,
ec6e87cbfa,180,967,6769,67.69,1049.5304786428962,0.6750874387361094,35.81657901380433,5.219930981841282,
ec6e87cbfa,180,968,6776,67.76,1048.3380351609385,0.5278379560871033,36.35223480686557,3.6941771791345266,
ec6e87cbfa,180,969,6783,67.83,1047.618573464559,0.846156692138374,34.55117058525268,7.954255996655313,
ec6e87cbfa,180,970,6790,67.9,1044.259950887181,0.5130827110670009,35.61202957984425,2.1439956637708852,
ec6e87cbfa,180,971,6797,67.97,1043.299493313037,1.1734673773079354,35.89010204665265,5.783589637310938,
ec6e87cbfa,180,972,6804,68.04,1043.1695770334868,0.7656736892289424,36.89854396463966,3.3994699503734043,
ec6e87cbfa,180,973,6811,68.11,1041.1374220801158,0.3461414517182293,35.59530331648709,1.5981309227536318,
ec6e87cbfa,180,974,6818,68.18,1040.7981475892027,0.7350561619351598,34.907186735410555,5.768165947078513,
ec6e87cbfa,180,975,6825,68.25,1038.6545868197743,0.6919339203424073,34.96590813252545,6.607623912501518,
ec6e87cbfa,180,976,6832,68.32,1037.296019592954,1.0022332096707074,34.50363075336348,8.84924763857513,
ec6e87cbfa,180,977,6839,68.39,1034.3172604524327,0.5121120829923823,36.04939211228514,0.9578568692538232,
ec6e87cbfa,180,978,6846,68.46,1033.7848895134734,1.08488165732137,34.1663532014786,8.709984171767223,
ec6e87cbfa,180,979,6853,68.53,1028.506533685384,0.7907950551059366,35.45335663102216,7.518395563672563,
ec6e87cbfa,180,980,6860,68.6,1025.8445093715736,0.7012325612114302,35.90196864780101,6.001630631113933,
ec6e87cbfa,180,981,6867,68.67,1023.7694081986704,0.5054809540378615,35.94129125895359,4.631503063648748,
ec6e87cbfa,180,982,6874,68.74,1022.9204200970001,0.3863794945390407,35.68615200937601,2.04561355983712,
ec6e87cbfa,180,983,6881,68.81,1022.3692373840644,0.7165877038900326,36.70210567363855,6.0422139380739885,
ec6e87cbfa,180,984,6888,68.88,1020.462379341164,0.6093293048369034,34.852137617922835,3.6783308741439877,
ec6e87cbfa,180,985,6895,68.95,1019.5251861467158,0.7883960142386948,37.40588969532986,6.186487064930464,
ec6e87cbfa,180,986,6902,69.02,1017.6242432181837,0.5877089255455431,35.63512130134621,4.626200817812238,
ec6e87cbfa,180,987,6909,69.09,1016.8388263586996,0.4951891583121871,37.120638571437844,3.936494771175092,
ec6e87cbfa,180,988,6916,69.16,1015.8883714646945,0.9052522359189074,35.33338276853227,8.704002346414056,
ec6e87cbfa,180,989,6923,69.23,1013.5880560986973,0.7516929128399427,37.49817836437365,5.009098307925953,
ec6e87cbfa,180,990,6930,69.3,1012.3791597877016,0.8909626469659341,34.19263332233299,1.7180230796548723,
ec6e87cbfa,180,991,6937,69.37,1009.6349230076498,0.7733629355702957,38.147069688678066,7.247790419665942,
ec6e87cbfa,180,992,6944,69.44,1008.6375001184275,1.0276356266459161,35.27123290322298,6.894834076096934,
ec6e87cbfa,180,993,6951,69.51,1005.090730868406,0.5667006656236993,35.16879336241026,2.8915471441970677,
ec6e87cbfa,180,994,6958,69.58,1004.9337918856277,0.8776928981136785,33.75640636774239,4.196467144244194,
ec6e87cbfa,180,995,6965,69.65,1002.6657416247939,0.6939342767866791,35.265281849828526,4.383384998851252,
ec6e87cbfa,180,996,6972,69.72,1001.4400280434038,0.9364007120999498,33.14039564491386,6.22912837488225,
ec6e87cbfa,180,997,6979,69.79,997.6101470156723,0.9569194573708596,35.093525245620185,3.12468916197511,
ec6e87cbfa,180,998,6986,69.86,993.8250104067247,0.8947594004649453,34.784289710436035,7.820001715909021,
ec6e87cbfa,180,999,6993,69.93,990.7027025104128,0.6736262834416129,34.488030318403965,6.138378033137747,
ec6e87cbfa,180,1000,7000,70.0,989.5067156025518,0.6544202604076242,37.246871292247604,5.281451306748365,
ec6e87cbfa,180,1001,7007,70.07,987.8155218092745,0.6804627661018435,35.53355257553734,4.980538692265019,
ec6e87cbfa,180,1002,7014,70.14,986.7506247746145,0.8807168079191069,37.00821122001441,8.775227806560327,
ec6e87cbfa,180,1003,7021,70.21,985.4321518878186,0.7516890028099792,34.02402052100177,3.8829810451593687,
ec6e87cbfa,180,1004,7028,70.28,984.2191010443468,0.7140985406339899,34.85371797235846,5.01863260827087,
ec6e87cbfa,180,1005,7035,70.35,982.3384134407506,0.731730153437649,32.773533061804095,7.224619391497101,
ec6e87cbfa,180,1006,7042,70.42,980.9458492324505,1.171989340993558,33.6083769011827,11.41805754868442,
ec6e87cbfa,180,1007,7049,70.49,975.9870131830467,0.743815741400888,33.99483884367673,4.1676972447648515,
ec6e87cbfa,180,1008,7056,70.56,975.2900957942314,0.6425337022159555,34.0218459043372,2.5995798341602816,
ec6e87cbfa,180,1009,7063,70.63,974.6229392222991,0.6832884234951778,33.452840149549154,3.688263691827024,
ec6e87cbfa,180,1010,7070,70.7,973.7835990365378,0.8912726426425572,34.483984819000334,7.036135331372042,
ec6e87cbfa,180,1011,7077,70.77,972.712632681243,0.794683608818974,35.28386188365755,5.443885494794642,
ec6e87cbfa,180,1012,7084,70.84,972.2220461739473,0.877493869092525,34.615704963789426,6.803360476900494,
ec6e87cbfa,180,1013,7091,70.91,971.3280813508633,0.7842281918260907,35.40641010064364,4.035484907504565,
ec6e87cbfa,180,1014,7098,70.98,970.7834452981891,0.8887745422051424,34.682253455113,4.541486984866197,
ec6e87cbfa,180,1015,7105,71.05,969.4327681932153,0.9631712810484309,34.47594940920988,6.371247565296824,
ec6e87cbfa,180,1016,7112,71.12,968.6824989610355,1.0105683113255672,34.06640812527155,5.519529130442129,
ec6e87cbfa,180,1017,7119,71.19,966.8436471394892,0.8501033469789391,33.87360794793352,4.071872345242132,
ec6e87cbfa,180,1018,7126,71.26,965.8432472673403,1.058746436292963,34.642772623309774,5.118774546359678,
ec6e87cbfa,180,1019,7133,71.33,963.0169856205472,0.8444948626044474,35.18976896133066,4.889939787982737,
ec6e87cbfa,180,1020,7140,71.4,962.091030293961,0.7578970833476478,35.83835471219549,3.9020543897913065,
ec6e87cbfa,180,1021,7147,71.47,961.5733642129661,0.8734090954189904,35.85669177898458,5.612908545677645,
ec6e87cbfa,180,1022,7154,71.54,961.4431249342507,0.9353776540932884,34.62086400804218,3.005492072361336,
ec6e87cbfa,180,1023,7161,71.61,960.713855783721,0.945928136307303,37.03039206133885,3.6064467621409704,
ec6e87cbfa,180,1024,7168,71.68,960.4832917269739,0.629315384501311,36.12126012014046,8.542153171739923,
ec6e87cbfa,180,1025,7175,71.75,956.7696133830669,0.6120273184029356,35.13660741855144,3.6125749882405205,
ec6e87cbfa,180,1026,7182,71.82,955.1383041604855,1.0374966818795621,34.630949032756,9.38664047336694,
ec6e87cbfa,180,1027,7189,71.89,951.6708528077367,0.6364284280461788,32.730415606066536,4.266318355928776,
ec6e87cbfa,180,1028,7196,71.96,950.1415671702254,0.40307696339319043,31.862231347965277,3.432437358418134,
ec6e87cbfa,180,1029,7203,72.03,949.4449192751019,0.7698801612158211,31.833213090857196,5.319018271104265,
ec6e87cbfa,180,1030,7210,72.1,948.6289865195188,0.8779935766791345,33.648735337186906,4.005358461882362,
ec6e87cbfa,180,1031,7217,72.17,947.066958625156,0.6866551871278707,32.320243056467355,3.912273839016501,
ec6e87cbfa,180,1032,7224,72.24,946.630838513497,0.6983125977539403,32.74980759413961,4.780352135493001,
ec6e87cbfa,180,1033,7231,72.31,946.0865216375545,0.797881689244421,32.79042574432149,5.477516082708369,
ec6e87cbfa,180,1034,7238,72.38,945.3701061996181,0.98011706807251,34.49517820540916,5.804236517821373,
ec6e87cbfa,180,1035,7245,72.45,944.5167552318212,1.1508311645530647,32.953303164750785,9.505975760169143,
ec6e87cbfa,180,1036,7252,72.52,943.1852967006514,1.2642480433320264,34.28407317684056,7.008679198331135,
ec6e87cbfa,180,1037,7259,72.59,942.690284798639,1.3738024648231522,35.4889423226837,8.718158839052272,
ec6e87cbfa,180,1038,7266,72.66,941.2648036753783,0.6940323620771635,35.08514352918663,7.001352759036621,
ec6e87cbfa,180,1039,7273,72.73,936.5842882712642,0.5535451438405072,31.300578627268578,4.274099846185167,
ec6e87cbfa,180,1040,7280,72.8,935.8604043275883,0.7785538732234889,28.96211676317939,3.509766591929531,
ec6e87cbfa,180,1041,7287,72.87,933.640717686425,0.5299281398636077,30.69347755171761,3.824830223445315,
ec6e87cbfa,180,1042,7294,72.94,932.8606876225188,0.4196156970305655,29.40106843190186,2.98110205653352,
ec6e87cbfa,180,1043,7301,73.01,932.1155802718553,0.4786761381238029,29.420907671248724,4.566929410727192,
ec6e87cbfa,180,1044,7308,73.08,931.358516804562,0.46390575909636717,29.214500214847554,4.350179264874661,
ec6e87cbfa,180,1045,7315,73.15,930.4355176313227,0.43643648508083277,29.265773686875303,3.7931494523205482,
ec6e87cbfa,180,1046,7322,73.22,929.5560528318746,0.5749330263567909,28.84277751412233,5.627537750881054,
ec6e87cbfa,180,1047,7329,73.29,928.575442416216,0.6833837246776426,29.398582186666335,5.868385628952696,
ec6e87cbfa,180,1048,7336,73.36,927.3604676934281,1.0036116776312998,29.881348245788093,9.77405260698061,
ec6e87cbfa,180,1049,7343,73.43,924.8309010113494,0.6758771769625834,29.872533763385007,3.1780179179923533,
ec6e87cbfa,180,1050,7350,73.5,923.1605882724824,0.3915619050839346,27.925945871054605,2.1051936731520278,
ec6e87cbfa,180,1051,7357,73.57,922.729752189673,0.2776960867737888,28.372738959784062,2.011441510430746,
ec6e87cbfa,180,1052,7364,73.64,922.4179806789845,0.2633282843191531,28.085499086068715,2.106191830394452,
ec6e87cbfa,180,1053,7371,73.71,922.2069864166772,0.5027529085703257,28.028649410465672,4.0457435054947535,
ec6e87cbfa,180,1054,7378,73.78,921.3586129972597,0.49323028828858495,28.533018998746947,3.2211001906237193,
ec6e87cbfa,180,1055,7385,73.85,920.6510791276174,0.5108341306130925,28.851581408007128,4.5246097799408815,
ec6e87cbfa,180,1056,7392,73.92,919.6744149042859,0.39372396589573067,29.028515482886416,3.6670197561709976,
ec6e87cbfa,180,1057,7399,73.99,919.1794280583555,0.6239816054703962,28.65946503496303,5.741408794928572,
ec6e87cbfa,180,1058,7406,74.06,917.7749002537647,0.702251218945202,29.856040499630964,6.234357379683391,
ec6e87cbfa,180,1059,7413,74.13,915.5614124182879,0.21046318701809152,29.886119849140822,1.3702417567232166,
ec6e87cbfa,180,1060,7420,74.2,915.4010970105282,0.7510027580226654,30.160886026517918,5.660161074686012,
ec6e87cbfa,180,1061,7427,74.27,912.7397130401613,0.5927967473135696,28.321482519761496,2.5638369342775116,
ec6e87cbfa,180,1062,7434,74.34,911.0025131065671,0.5658621908280069,28.902952584125096,3.5933983083402254,
ec6e87cbfa,180,1063,7441,74.41,910.03123260833,0.606300339212822,27.739902514784784,5.36056726636572,
ec6e87cbfa,180,1064,7448,74.48,909.619924585164,0.6921625388012247,29.657618411463048,4.169773820888591,
ec6e87cbfa,180,1065,7455,74.55,908.6172764271766,0.84919842205809,26.46728448091538,7.155526340571425,
ec6e87cbfa,180,1066,7462,74.62,905.9141629220495,0.5744476533633962,30.12413957435172,4.192075868367778,
ec6e87cbfa,180,1067,7469,74.69,905.0416587249118,0.5842535341967234,28.178578641609615,4.652327410255946,
ec6e87cbfa,180,1068,7476,74.76,904.1358426935394,0.9121338168225972,30.350508527493698,9.013757059416827,
ec6e87cbfa,180,1069,7483,74.83,901.3814560678901,0.7260229480041659,31.905824138928278,6.288694964656703,
ec6e87cbfa,180,1070,7490,74.9,899.8327499955291,0.7841479823212081,29.718631949106555,5.385866449854309,
ec6e87cbfa,180,1071,7497,74.97,898.1365852385534,0.534453105551462,28.686542775968395,1.8823477905993058,
ec6e87cbfa,180,1072,7504,75.04,897.5814245444087,0.56622294566193,28.519039733156763,3.752492164296945,
ec6e87cbfa,180,1073,7511,75.11,896.804542173555,0.5942468555130858,27.66138368922039,4.929214452510221,
ec6e87cbfa,180,1074,7518,75.18,896.3717678243905,0.675883411327846,30.860928191988325,5.197188683698747,
ec6e87cbfa,180,1075,7525,75.25,895.757578737426,0.9401678686482862,27.87666431915039,6.7550789662843345,
ec6e87cbfa,180,1076,7532,75.32,892.5243300668776,0.6829802800689696,30.557134254736326,5.668376948389252,
ec6e87cbfa,180,1077,7539,75.39,891.1885592413383,0.9030679731372825,30.16773762112922,3.97269748447084,
ec6e87cbfa,180,1078,7546,75.46,888.6362447987046,0.89543330073574,31.183772142268893,8.08587614006593,
ec6e87cbfa,180,1079,7553,75.53,886.2805339924374,0.48374973979673863,29.681438929176764,2.2453292643784333,
ec6e87cbfa,180,1080,7560,75.6,885.7893667618815,0.5226416261886362,29.856203666584985,4.2134099003335885,
ec6e87cbfa,180,1081,7567,75.67,885.0356921169225,0.3695213672217942,29.457825495311727,3.056056503234948,
ec6e87cbfa,180,1082,7574,75.74,884.5881002405235,0.5880410679670749,29.800185920781367,4.735431257182027,
ec6e87cbfa,180,1083,7581,75.81,883.4839079230775,0.41184235823302573,29.95628262339827,2.8144952986978975,
ec6e87cbfa,180,1084,7588,75.88,883.223248315523,0.6532043469842115,29.79397725106013,3.8439014794519863,
ec6e87cbfa,180,1085,7595,75.95,881.3854998618344,0.705659550496619,29.756423402861703,5.916878417621239,
ec6e87cbfa,180,1086,7602,76.02,879.4765285982367,0.9285994595385653,30.07864437145423,9.168189129077025,
ec6e87cbfa,180,1087,7609,76.09,876.8142093456438,0.811720390471259,30.651025965239405,4.6855618894466495,
ec6e87cbfa,180,1088,7616,76.16,875.0467046677603,0.30428307738881727,29.190940635782702,2.8301309352038064,
ec6e87cbfa,180,1089,7623,76.23,874.1582646944318,0.6613839642072232,28.754492999545008,6.344160422056347,
ec6e87cbfa,180,1090,7630,76.3,872.2128071011051,0.519505115942685,28.729053220242456,4.642135911159173,
ec6e87cbfa,180,1091,7637,76.37,871.3476168164068,0.7919174759902928,28.57638587148271,3.413351278331692,
ec6e87cbfa,180,1092,7644,76.44,869.2689463002107,0.6876560211309716,30.771071469339745,5.877873654039044,
ec6e87cbfa,180,1093,7651,76.51,867.6235890668321,0.38036550705820016,28.552812443407653,2.2639599741047123,
ec6e87cbfa,180,1094,7658,76.58,867.1283450276541,0.7516381786514785,29.04495324011736,3.2579603772391623,
ec6e87cbfa,180,1095,7665,76.65,866.9031800668207,0.814922381886523,30.510217987849494,3.549540359086922,
ec6e87cbfa,180,1096,7672,76.72,866.2290408757302,0.8742100931577921,31.037781825156188,4.748793566734706,
ec6e87cbfa,180,1097,7679,76.79,865.3932089237811,0.8838820105910399,30.388336638475682,3.754146271075807,
ec6e87cbfa,180,1098,7686,76.86,864.4683255475339,0.7756194143256508,31.047120175510102,4.417772368623399,
ec6e87cbfa,180,1099,7693,76.93,863.5948050358546,0.7699031206329932,29.85365707387175,4.902230130809935,
ec6e87cbfa,180,1100,7700,77.0,862.4732670996713,0.6617127401314123,29.043239399799372,3.5823472954831126,
ec6e87cbfa,180,1101,7707,77.07,861.1714160652301,0.7875969022057749,29.093196291368418,5.7392012540537705,
ec6e87cbfa,180,1102,7714,77.14,859.3723051828672,0.6448331455612619,29.880966866261776,5.136887829918661,
ec6e87cbfa,180,1103,7721,77.21,857.6098298854059,0.5178263756726117,29.341491423817082,4.284279953953146,
ec6e87cbfa,180,1104,7728,77.28,856.7014236010273,0.4956547947891644,29.508938117256605,1.309615996953694,
ec6e87cbfa,180,1105,7735,77.35,855.9328485144705,0.7876690419940731,28.994118074398965,7.687064984335234,
ec6e87cbfa,180,1106,7742,77.42,853.690695800032,0.537500147204,29.78146314124006,4.364756315483433,
ec6e87cbfa,180,1107,7749,77.49,852.976167555889,0.48545432885453027,30.650564464806372,3.8472609535694273,
ec6e87cbfa,180,1108,7756,77.56,852.3304052688339,0.8771248190809069,29.714951226015952,7.760351707500544,
ec6e87cbfa,180,1109,7763,77.63,848.9880710202403,0.4223778360356025,31.365167375951334,2.948718355801818,
ec6e87cbfa,180,1110,7770,77.7,848.5030312618225,0.6902935047468817,30.741612108513312,5.156376243960341,
ec6e87cbfa,180,1111,7777,77.77,847.0336027238304,0.5395161058914518,30.723549938434733,4.492921239412454,
ec6e87cbfa,180,1112,7784,77.84,846.1609380396568,0.4833412883920119,28.874054630278906,3.7122246336106257,
ec6e87cbfa,180,1113,7791,77.91,845.2186630611807,0.7983963402497062,30.16015933438509,7.887699402437487,
ec6e87cbfa,180,1114,7798,77.98,842.7731060505738,0.7088954206471935,29.190784856223477,6.707431270966105,
ec6e87cbfa,180,1115,7805,78.05,841.3876732992559,0.8366932769792715,28.90428238466735,6.911633692701386,
ec6e87cbfa,180,1116,7812,78.12,838.536278318888,0.6253220321991755,28.69510882417881,4.158602472666012,
ec6e87cbfa,180,1117,7819,78.19,837.2553185588521,0.6060938721694565,28.055500073096212,5.249132682318517,
ec6e87cbfa,180,1118,7826,78.26,836.4143393620417,0.6474444144873714,31.34306838512736,5.546270855878753,
ec6e87cbfa,180,1119,7833,78.33,834.9522700143633,0.680922955704418,28.526207655235133,2.7559764392716155,
ec6e87cbfa,180,1120,7840,78.4,832.6492686158831,0.9623563466442421,29.682560033839415,9.637851191909673,
ec6e87cbfa,180,1121,7847,78.47,828.6263712122729,0.5253875822999369,31.41779502411135,4.5109065436809255,
ec6e87cbfa,180,1122,7854,78.54,827.2937441472546,0.4162013972406055,31.35588876454029,3.813547233050065,
ec6e87cbfa,180,1123,7861,78.61,826.5024783532765,0.5219194023697535,31.077505401475943,4.61483293301778,
ec6e87cbfa,180,1124,7868,78.68,825.6457003180304,0.6232875701492377,30.800181196552533,5.7782859061304555,
ec6e87cbfa,180,1125,7875,78.75,824.8109694147232,0.6709974945205402,31.132879607678724,5.265444572659846,
ec6e87cbfa,180,1126,7882,78.82,823.5943308544585,0.7034801058364175,30.596555265373734,5.357973736927853,
ec6e87cbfa,180,1127,7889,78.89,822.8172737742905,0.980663034609739,30.577991211719283,8.5291988606065,
ec6e87cbfa,180,1128,7896,78.96,819.9423486958643,0.6960607381151189,30.949000731943357,3.5193799680468247,
ec6e87cbfa,180,1129,7903,79.03,818.4269192129207,0.5815891365705812,29.72503681134772,1.8734401777172949,
ec6e87cbfa,180,1130,7910,79.1,817.6604219283787,0.9527240702019804,31.16460547912052,7.732792008692351,
ec6e87cbfa,180,1131,7917,79.17,815.1339555895175,0.5508763122351856,31.757999416568317,3.8696797231945763,
ec6e87cbfa,180,1132,7924,79.24,813.8635180528221,0.6704054781771089,28.710897334588637,5.67291729628575,
ec6e87cbfa,180,1133,7931,79.31,812.1951278886087,0.19425014901376741,28.78892315347353,2.8629844648030036,
ec6e87cbfa,180,1134,7938,79.38,811.8236100464334,0.5810726602777575,28.57066679860786,4.7002558743529,
ec6e87cbfa,180,1135,7945,79.45,810.9165774165451,0.6779419741591226,29.288727623708834,5.671936745203099,
ec6e87cbfa,180,1136,7952,79.52,809.0866340537589,0.6564389764486821,29.31853764460567,5.557577555535736,
ec6e87cbfa,180,1137,7959,79.59,808.2437008876931,0.6297579841618508,29.115943018417177,3.525669279023822,
ec6e87cbfa,180,1138,7966,79.66,807.7724194355457,0.9263396548945547,26.962003995591587,7.421016242147464,
ec6e87cbfa,180,1139,7973,79.73,805.3386176248516,0.34324550770256834,29.75150863279502,4.690042545019393,
ec6e87cbfa,180,1140,7980,79.8,804.1540107558634,0.6018475401606704,27.86784505020306,6.099917735060482,
ec6e87cbfa,180,1141,7987,79.87,802.4589535813152,0.6954826728457906,26.9385955183982,1.9201858336450928,
ec6e87cbfa,180,1142,7994,79.94,801.1624787449035,0.5847913812396763,27.436344865462118,4.473304670222285,
ec6e87cbfa,180,1143,8001,80.01,800.2236990697323,0.4168683863725461,26.145893773103985,1.7373746192829849,
ec6e87cbfa,180,1144,8008,80.08,799.7152272231494,0.47838074919019263,25.96070561056996,2.4155491264840623,
ec6e87cbfa,180,1145,8015,80.15,799.5981471680667,0.6964249607444932,25.984793117696327,1.4051527020888568,
ec6e87cbfa,180,1146,8022,80.22,798.3186952105881,1.0302025213434676,27.71830179993064,9.65090009842899,
ec6e87cbfa,180,1147,8029,80.29,796.431684233021,0.8172532107881363,28.305458402143742,4.483652126396803,
ec6e87cbfa,180,1148,8036,80.36,796.0940562703603,0.5122786841910351,28.471862556123522,5.5001419690672435,
ec6e87cbfa,180,1149,8043,80.43,793.499228639849,0.6934149625791795,26.0461725903915,6.039292886555826,
ec6e87cbfa,180,1150,8050,80.5,791.4407167682973,0.25972634746618106,24.985708366840697,2.0712522280961707,
ec6e87cbfa,180,1151,8057,80.57,791.2486016628966,0.36338799357930746,25.184188105742482,3.2444839531410143,
ec6e87cbfa,180,1152,8064,80.64,790.6915279079873,0.4630526269187041,25.23785238568405,4.6972793522439185,
ec6e87cbfa,180,1153,8071,80.71,790.126708357122,0.5988151968121928,25.196495149789296,3.5121158520801448,
ec6e87cbfa,180,1154,8078,80.78,788.7631544101898,0.34063297072956644,24.74713293014748,2.138197349836244,
ec6e87cbfa,180,1155,8085,80.85,788.4886501460749,0.45858120817994685,24.529651171349855,4.369512451947991,
ec6e87cbfa,180,1156,8092,80.92,787.994162665243,0.6742760046936863,25.213358238498564,6.561451305501481,
ec6e87cbfa,180,1157,8099,80.99,786.5616162793924,0.4377412957446228,25.946794771435435,2.950145403190478,
ec6e87cbfa,180,1158,8106,81.06,785.7718806026691,0.6013639675501038,25.390297615824856,5.843374578670172,
ec6e87cbfa,180,1159,8113,81.13,784.2974421740809,0.9981536457255731,26.185051948734348,3.5091006132790135,
ec6e87cbfa,180,1160,8120,81.2,784.2596264352172,0.9959598293453963,28.17924347435504,8.969138113691532,
ec6e87cbfa,180,1161,8127,81.27,781.8173149448735,0.6497795792423161,29.786402564286224,3.5411917736505334,
ec6e87cbfa,180,1162,8134,81.34,780.7559426579999,0.5998927230368838,27.05990527354787,5.223894969067161,
ec6e87cbfa,180,1163,8141,81.41,779.6746417579491,0.7174472367756968,27.402199884800726,3.292231446677225,
ec6e87cbfa,180,1164,8148,81.48,778.6969670742373,0.7413688617587849,28.734196551738638,6.349309664217243,
ec6e87cbfa,180,1165,8155,81.55,777.4211520995517,0.6268857865697344,27.948791648786084,4.570364783565387,
ec6e87cbfa,180,1166,8162,81.62,776.2933430852929,0.4623522279930192,28.042289967641878,1.3906923894291705,
ec6e87cbfa,180,1167,8169,81.69,775.6275074658878,0.315949961548997,28.261565235182086,1.951795999005391,
ec6e87cbfa,180,1168,8176,81.76,775.3614121869148,0.643515147897562,28.28099599818669,6.161627059812189,
ec6e87cbfa,180,1169,8183,81.83,774.1223887414252,0.4021073633607455,27.493990418144325,2.2509882427549273,
ec6e87cbfa,180,1170,8190,81.9,773.7530586378515,0.7762045898725574,26.94947247345821,6.09649116519081,
ec6e87cbfa,180,1171,8197,81.97,772.1248088399956,0.8868870971412727,27.304704008393305,6.699896190224272,
ec6e87cbfa,180,1172,8204,82.04,770.6130565192437,0.8197195407140053,25.53756293340817,6.162245898755361,
ec6e87cbfa,180,1173,8211,82.11,769.9381983300412,1.199522394175308,28.542885333425357,10.623101223738336,
ec6e87cbfa,180,1174,8218,82.18,768.3052268531504,0.6056119053933594,31.133474269463193,5.045155578572903,
ec6e87cbfa,180,1175,8225,82.25,764.5434713366624,0.3826556150925003,27.47253616510746,2.448997206822233,
ec6e87cbfa,180,1176,8232,82.32,764.0792010362705,0.8435885298437072,27.81351348451535,7.709375958648171,
ec6e87cbfa,180,1177,8239,82.39,763.3953181202114,1.1007094868135734,27.468100976502427,7.674565845604731,
ec6e87cbfa,180,1178,8246,82.46,762.5617925082382,1.0798781557969666,30.36248759239107,4.732328614178188,
ec6e87cbfa,180,1179,8253,82.53,761.2475415895697,1.0697246729219263,27.16974139268487,6.230799512505164,
ec6e87cbfa,180,1180,8260,82.6,760.1581963282837,0.5386536277658501,28.823600929596346,8.059885134924814,
ec6e87cbfa,180,1181,8267,82.67,757.2233531491131,0.492887738693383,24.16980046540801,3.971049475217471,
ec6e87cbfa,180,1182,8274,82.74,756.582328455218,0.5266306604162893,24.623342946705364,4.152309881000414,
ec6e87cbfa,180,1183,8281,82.81,755.3370694590509,0.3821572138641434,23.69481742612392,2.973719644468391,
ec6e87cbfa,180,1184,8288,82.88,754.8454198330973,0.54769889624333,24.10067330257609,1.7092519745124413,
ec6e87cbfa,180,1185,8295,82.95,753.8540992550044,0.3228633193108008,23.251706957649215,2.562703929943619,
ec6e87cbfa,180,1186,8302,83.02,753.5072679789283,0.3762341230480283,22.565072424991786,3.650480497198679,
ec6e87cbfa,180,1187,8309,83.09,753.1255654445615,0.5707755351393606,21.855384911239117,5.430193852117067,
ec6e87cbfa,180,1188,8316,83.16,752.2670512392849,0.6371207483662036,22.55193141115608,4.234436349751178,
ec6e87cbfa,180,1189,8323,83.23,750.8193299321806,0.523184981397687,21.847371814299088,4.41023296519475,
ec6e87cbfa,180,1190,8330,83.3,749.7984121453096,0.23718851038180142,22.84140271680978,1.6713526642118528,
ec6e87cbfa,180,1191,8337,83.37,749.5186384968571,0.465322971228857,22.213231229820675,4.691617614583769,
ec6e87cbfa,180,1192,8344,83.44,748.733805729916,0.41468390064919625,21.6593618795768,2.543696685338487,
ec6e87cbfa,180,1193,8351,83.51,748.0628136648071,0.5003084999370073,21.857054770735303,4.313312005768523,
ec6e87cbfa,180,1194,8358,83.58,746.9132025121737,0.5091298087318522,21.897421923871597,4.779254275201076,
ec6e87cbfa,180,1195,8365,83.65,745.9861140425315,0.407422615060352,23.33799239608979,3.4219586016529813,
ec6e87cbfa,180,1196,8372,83.72,745.4526530573374,0.5695472799499293,22.857740410855445,2.5003005374458773,
ec6e87cbfa,180,1197,8379,83.79,744.2876322191603,0.672616996159173,23.537206400213936,3.702981570054581,
ec6e87cbfa,180,1198,8386,83.86,743.6099907541314,0.8159504613211627,24.210374903183283,2.98871406167981,
ec6e87cbfa,180,1199,8393,83.93,743.0932748536296,0.39880368825054596,25.19840406756098,3.437867003283274,
ec6e87cbfa,180,1200,8400,84.0,741.4702596999855,0.4829282156444,23.25432826939233,3.5439679389450025,
ec6e87cbfa,180,1201,8407,84.07,740.7574563736672,0.7321985547900964,23.129711379642366,6.369494773001485,
ec6e87cbfa,180,1202,8414,84.14,738.0526028845456,0.27226010305673315,22.42209343871914,2.6351366366092837,
ec6e87cbfa,180,1203,8421,84.21,737.6819945935732,0.31354029109832,22.03772972104099,2.8774679559246725,
ec6e87cbfa,180,1204,8428,84.28,737.300981810967,0.36064642386977447,22.297873434619206,3.4006697069804535,
ec6e87cbfa,180,1205,8435,84.35,736.7205637900755,0.4756532412758847,22.409108810579628,4.7809444868026425,
ec6e87cbfa,180,1206,8442,84.42,735.8090081294812,0.5265686815212156,21.801196719111413,2.9082190196020914,
ec6e87cbfa,180,1207,8449,84.49,735.0036208497704,0.5484154022213829,22.723755307687945,4.150739270580962,
ec6e87cbfa,180,1208,8456,84.56,734.0376623206485,0.4035729631839103,22.40154834316977,3.044069772196903,
ec6e87cbfa,180,1209,8463,84.63,733.3973120901637,0.25573545764497646,22.72422193632063,2.164510475237343,
ec6e87cbfa,180,1210,8470,84.7,733.1797377549261,0.49597930389833644,22.352396616122814,4.6104883474016205,
ec6e87cbfa,180,1211,8477,84.77,732.2877262636223,0.6606340595777882,23.70929965754104,6.222632080454661,
ec6e87cbfa,180,1212,8484,84.84,730.9463488318837,0.572446090593892,23.711344604593993,4.048451848440852,
ec6e87cbfa,180,1213,8491,84.91,729.9003667059688,0.586776122150941,24.62596799175889,2.8933939073236328,
ec6e87cbfa,180,1214,8498,84.98,729.2492063652621,0.5934312689233925,24.769017246812865,4.515759270674483,
ec6e87cbfa,180,1215,8505,85.05,728.3200163879902,0.3841384817148887,23.650210984832597,2.4810467049427896,
ec6e87cbfa,180,1216,8512,85.12,727.9741203883342,0.34392881496807715,23.785952544743367,2.477258356596491,
ec6e87cbfa,180,1217,8519,85.19,727.732888678135,0.9578623899900337,24.01759008378313,9.442669606669046,
ec6e87cbfa,180,1218,8526,85.26,725.9516442553673,0.7102891433272146,27.185296135136067,2.225958252248327,
ec6e87cbfa,180,1219,8533,85.33,725.7148819181333,0.7204127457306212,24.628165188195084,4.069325230374016,
ec6e87cbfa,180,1220,8540,85.4,725.0115997382555,0.7254954270497703,26.297684933707846,5.229181066979165,
ec6e87cbfa,180,1221,8547,85.47,724.570193141842,0.8506600157935907,24.71734071080363,4.2084506958887005,
ec6e87cbfa,180,1222,8554,85.54,724.118066455496,0.9400858115523701,27.013746493552727,6.310121687059999,
ec6e87cbfa,180,1223,8561,85.61,723.1442705136288,0.9004452164170959,25.057478143010634,4.272837229515458,
ec6e87cbfa,180,1224,8568,85.68,722.7371077984443,0.8886554861722771,26.407828803205923,2.991655316811252,
ec6e87cbfa,180,1225,8575,85.75,722.048989098202,1.0140189728247886,24.52038762050938,5.99836047433509,
ec6e87cbfa,180,1226,8582,85.82,719.7072623872648,0.7793046366289093,23.543497711444296,4.531390384624379,
ec6e87cbfa,180,1227,8589,85.89,718.958838707742,0.7702793666595693,22.45078193197981,4.189061209342144,
ec6e87cbfa,180,1228,8596,85.96,718.397999783453,0.6927391445113592,23.298212558287364,1.5061167851609334,
ec6e87cbfa,180,1229,8603,86.03,718.0135477536019,0.6523759517061687,22.27471407710452,2.3323976543413787,
ec6e87cbfa,180,1230,8610,86.1,717.6671949084919,0.6035319542638988,23.442639905848463,2.9617692230420394,
ec6e87cbfa,180,1231,8617,86.17,716.9473937371519,0.48564391128861745,22.212817393768976,1.188672964869234,
ec6e87cbfa,180,1232,8624,86.24,716.7720165648866,0.6760445955763585,23.444431584505516,5.087339491424668,
ec6e87cbfa,180,1233,8631,86.31,716.052118626265,0.6385988993737435,22.321250678517035,4.127999355541189,
ec6e87cbfa,180,1234,8638,86.38,715.335406970743,0.5216458840654083,24.216842989735465,2.7282120586177125,
ec6e87cbfa,180,1235,8645,86.45,714.8650895721971,0.5010700221469162,22.516725964243005,1.9851113836871555,
ec6e87cbfa,180,1236,8652,86.52,714.6168633293114,0.6519237014477284,24.585610742323848,4.7782686350176995,
ec6e87cbfa,180,1237,8659,86.59,714.3767796826719,0.7193250481341359,24.179112532324698,3.2905074617949155,
ec6e87cbfa,180,1238,8666,86.66,714.169872299136,0.38576509378505786,26.72071463264546,3.8215201204449896,
ec6e87cbfa,180,1239,8673,86.73,712.6851498897207,0.6607024671713625,23.737084444846825,6.062949869730584,
ec6e87cbfa,180,1240,8680,86.8,711.258864934645,0.4191583443146925,25.81112496233799,3.543475107013657,
ec6e87cbfa,180,1241,8687,86.87,710.6004389543212,0.2572547217608665,23.9223368021265,1.8375097749167373,
ec6e87cbfa,180,1242,8694,86.94,710.3474597522434,0.5296844491299387,23.712930859963336,4.737156933744879,
ec6e87cbfa,180,1243,8701,87.01,709.2333229165699,0.5859003570261277,24.202814494642944,4.606517362054962,
ec6e87cbfa,180,1244,8708,87.08,708.1236421498695,0.4357696729798621,22.275422165355817,0.7536180647234657,
ec6e87cbfa,180,1245,8715,87.15,707.4205586674574,0.37727344854687944,22.72656084300115,1.9449684937533416,
ec6e87cbfa,180,1246,8722,87.22,706.767161937223,0.2625747289423607,23.094044909177203,2.4981261713226286,
ec6e87cbfa,180,1247,8729,87.29,706.5025742779706,0.51721812596575,23.074872377751674,4.682645109962944,
ec6e87cbfa,180,1248,8736,87.36,705.9463661682748,0.44529333888725964,23.2593242089655,3.032374386740965,
ec6e87cbfa,180,1249,8743,87.43,705.4940411764185,0.34392747212199504,22.182563061617497,2.0842898601600384,
ec6e87cbfa,180,1250,8750,87.5,705.3192337469475,0.7123244324495331,22.420030510138975,5.340083979229681,
ec6e87cbfa,180,1251,8757,87.57,703.1807372303738,0.35645262145705875,21.843664946463328,2.0180718100749298,
ec6e87cbfa,180,1252,8764,87.64,702.7974866339782,0.44638936256468853,21.824909813685537,3.1219800110113307,
ec6e87cbfa,180,1253,8771,87.71,702.0420600994845,0.2316849133050597,22.4099669956935,1.533736910710655,
ec6e87cbfa,180,1254,8778,87.78,701.8963422106508,0.30262394514875235,22.013850045223396,2.769408662741742,
ec6e87cbfa,180,1255,8785,87.85,701.6074263827265,0.7823626277136858,22.383967198530968,4.683095700529595,
ec6e87cbfa,180,1256,8792,87.92,698.8638073203575,0.422625392996839,21.89443593077748,2.89589802324218,
ec6e87cbfa,180,1257,8799,87.99,698.4022619898278,0.3870731162219486,22.36908914714962,2.957439105596569,
ec6e87cbfa,180,1258,8806,88.06,698.0021943526467,0.35812213391186554,21.973780178571594,2.429216638600999,
ec6e87cbfa,180,1259,8813,88.13,697.3713717549388,0.1855081662475261,21.533898674107746,1.3190358467938954,
ec6e87cbfa,180,1260,8820,88.2,697.2243688899428,0.4912509131779458,21.50005529587723,4.876012409503552,
ec6e87cbfa,180,1261,8827,88.27,696.1810960098629,0.19720350178569968,21.28226608501821,1.7407995232913043,
ec6e87cbfa,180,1262,8834,88.34,696.0073290241306,0.2714975030142186,21.28120667559785,2.6350191518784993,
ec6e87cbfa,180,1263,8841,88.41,695.6596937937126,0.3514665953723266,21.010693750721234,3.1676430420149906,
ec6e87cbfa,180,1264,8848,88.48,695.159796599877,0.22690856742955,20.186676438121307,2.0757335309354907,
ec6e87cbfa,180,1265,8855,88.55,695.0216428346876,0.559243282196876,20.17594597696483,2.252558867684605,
ec6e87cbfa,180,1266,8862,88.62,694.8207956369598,0.8628736040402202,20.224682013329577,7.881115128362112,
ec6e87cbfa,180,1267,8869,88.69,693.183499332867,0.6780397463489902,23.52624457292334,4.80157651056052,
ec6e87cbfa,180,1268,8876,88.76,692.6740885306009,0.7657944118450608,21.015636273498366,5.576488567748205,
ec6e87cbfa,180,1269,8883,88.83,691.8610496474668,0.8196640624190649,22.85929114142716,2.8358404912121067,
ec6e87cbfa,180,1270,8890,88.9,691.3241138856617,0.46317873400268955,22.101046189651857,3.496070570362976,
ec6e87cbfa,180,1271,8897,88.97,689.1909481305937,0.6253712574875311,20.234352117567102,6.045451506507157,
ec6e87cbfa,180,1272,8904,89.04,687.57514917379,0.6266692385300064,23.20775018566218,5.137799059616075,
ec6e87cbfa,180,1273,8911,89.11,685.9977334079081,0.7603745202592861,23.641338246848537,6.978406556033216,
ec6e87cbfa,180,1274,8918,89.18,684.4526500315764,0.5924175267652679,22.84371485502576,3.3563655440746403,
ec6e87cbfa,180,1275,8925,89.25,683.7407754823655,0.5552044606997568,23.626938057983725,4.859778132188779,
ec6e87cbfa,180,1276,8932,89.32,683.3818583156905,0.7107744572137209,22.204259622600894,6.356259153417521,
ec6e87cbfa,180,1277,8939,89.39,681.7929934051895,0.370427957650099,23.371905066832863,1.8671574084864868,
ec6e87cbfa,180,1278,8946,89.46,681.575736348655,0.5104069794086966,22.4067258668072,3.4740421459559654,
ec6e87cbfa,180,1279,8953,89.53,681.0641754834819,0.658097169682555,23.41299155514034,5.442020126192604,
ec6e87cbfa,180,1280,8960,89.6,680.0916750472107,0.5602501582564533,20.283211341888336,2.067195057475335,
ec6e87cbfa,180,1281,8967,89.67,679.3426209257506,0.741995232601487,21.369097020863933,7.210733378799022,
ec6e87cbfa,180,1282,8974,89.74,678.4017031819651,0.6745846136288367,20.44441437979427,2.7734426427147745,
ec6e87cbfa,180,1283,8981,89.81,677.5167566299988,0.5870242946914813,20.137320554372014,3.4333289488503764,
ec6e87cbfa,180,1284,8988,89.88,676.6475165814772,0.5230255758115453,19.53977102470094,3.469966182965615,
ec6e87cbfa,180,1285,8995,89.95,676.2457254481889,0.711323880577046,20.440549965024687,3.0319727503443974,
ec6e87cbfa,180,1286,9002,90.02,674.4027741047743,0.42262902963885113,20.784627624693588,1.443160713292865,
ec6e87cbfa,180,1287,9009,90.09,673.9412049804477,0.3037390899628869,21.236082827619676,1.8261602802346888,
ec6e87cbfa,180,1288,9016,90.16,673.6783063697889,0.3230822835832407,20.523867109793482,1.7212035201190676,
ec6e87cbfa,180,1289,9023,90.23,673.1563318511317,0.4665611806192596,20.91328977711309,3.674155328584887,
ec6e87cbfa,180,1290,9030,90.3,672.3873785945201,0.586147523900933,20.525517343063967,5.8201970607171445,
ec6e87cbfa,180,1291,9037,90.37,671.0722045152256,0.4781968336509172,20.453942810760328,3.695330738917113,
ec6e87cbfa,180,1292,9044,90.44,669.8949964800468,0.4828131529666353,20.024800280603564,4.755879200440029,
ec6e87cbfa,180,1293,9051,90.51,668.8097420799874,0.5498183061300086,20.580662461616424,5.397836569812318,
ec6e87cbfa,180,1294,9058,90.58,668.0070032950706,0.5155971232173979,20.39722814214777,2.8080313486430826,
ec6e87cbfa,180,1295,9065,90.65,667.0404259785108,0.5471344495112556,19.848917147102302,4.84818813122081,
ec6e87cbfa,180,1296,9072,90.72,665.7279129237163,0.3104209295297262,20.222004504306792,2.8005416696807828,
ec6e87cbfa,180,1297,9079,90.79,665.2731335243915,0.4558208962517156,20.40703063212959,4.065963399318398,
ec6e87cbfa,180,1298,9086,90.86,664.398132896584,0.46391259860019307,20.17766563708348,4.297859216285537,
ec6e87cbfa,180,1299,9093,90.93,663.6100312374351,0.48262006713147465,19.897242634710892,4.652895466283505,
ec6e87cbfa,180,1300,9100,91.0,662.78552109583,0.27815469765109774,19.266565145523955,1.9835618960660444,
ec6e87cbfa,180,1301,9107,91.07,662.5578691617346,0.21809826269213986,19.71884528414317,1.813006799861423,
ec6e87cbfa,180,1302,9114,91.14,662.4541272450907,0.3068083454296636,19.311099042702356,2.7842795334242028,
ec6e87cbfa,180,1303,9121,91.21,662.2378368949667,0.3677004462805958,19.089485769465785,3.4567089520307945,
ec6e87cbfa,180,1304,9128,91.28,661.9486636533962,0.45838278791908704,19.966115492214602,2.522553897091424,
ec6e87cbfa,180,1305,9135,91.35,661.3010258883439,0.2892622405382546,18.901935006814035,2.0527908342865624,
ec6e87cbfa,180,1306,9142,91.42,661.0965069003638,0.4855445581119981,19.503836854687403,3.575399095612525,
ec6e87cbfa,180,1307,9149,91.49,660.18882667476,1.2150561792714443,20.163652372120577,5.295351006577431,
ec6e87cbfa,180,1308,9156,91.56,659.6587039179244,0.7365344156616048,22.446265903106074,0.9078777907733185,
ec6e87cbfa,180,1309,9163,91.63,658.4698236707899,0.6722901661282639,21.39133745597782,4.87267105691214,
ec6e87cbfa,180,1310,9170,91.7,656.4141668841935,0.47385734267645613,19.106467994001886,4.413409882964508,
ec6e87cbfa,180,1311,9177,91.77,655.5342449862112,0.4076144272976912,18.549000294009137,2.2364433831091897,
ec6e87cbfa,180,1312,9184,91.84,654.9871469838849,0.4580646814145116,18.852601723605872,4.216865039738726,
ec6e87cbfa,180,1313,9191,91.91,654.1290136236636,0.42007898974370256,18.494617940733868,3.634921803685795,
ec6e87cbfa,180,1314,9198,91.98,653.2528923160492,0.3176014975876916,18.08850032016172,2.782812921007243,
ec6e87cbfa,180,1315,9205,92.05,653.00946355683,0.3923957708761825,18.669612715596784,3.5702221235657436,
ec6e87cbfa,180,1316,9212,92.12,652.6797808932761,0.4022292867082746,18.509612200314074,2.447820327459621,
ec6e87cbfa,180,1317,9219,92.19,652.130938453605,0.2578594505286537,18.687220526988988,1.5898977327714772,
ec6e87cbfa,180,1318,9226,92.26,651.8991281120437,0.8936187291165942,18.33109737841614,3.349349659820133,
ec6e87cbfa,180,1319,9233,92.33,651.7914575078222,0.4695256024560162,20.397281205121544,1.8535809077213456,
ec6e87cbfa,180,1320,9240,92.4,650.7834036147714,0.18334443573518974,18.50132396162571,1.531689868935138,
ec6e87cbfa,180,1321,9247,92.47,650.6980056167971,0.5499345591817102,18.828339088669008,5.2934505039776205,
ec6e87cbfa,180,1322,9254,92.54,650.1356252649464,0.6422741781724536,20.88499336896487,4.722380111165768,
ec6e87cbfa,180,1323,9261,92.61,649.7501110928484,0.6011072198576931,19.263908397786693,2.087373118311222,
ec6e87cbfa,180,1324,9268,92.68,649.4878576802969,0.7257659639052548,20.562022103861736,3.2599374804219354,
ec6e87cbfa,180,1325,9275,92.75,648.4349291582212,0.7097540333385993,19.929093350019663,3.983604172864406,
ec6e87cbfa,180,1326,9282,92.82,648.1117117833462,0.9368765134309903,22.31840662042307,3.440365499084026,
ec6e87cbfa,180,1327,9289,92.89,647.6337388131283,0.4733269522946986,22.630926581274736,2.191701287620055,
ec6e87cbfa,180,1328,9296,92.96,645.368482952358,0.3730534088852999,18.950972358398154,3.188874896036819,
ec6e87cbfa,180,1329,9303,93.03,644.8545412121756,0.3310463574317911,19.61237106017708,1.7390704583981385,
ec6e87cbfa,180,1330,9310,93.1,644.5108544045648,1.0078001284904035,18.852080146324674,4.971164339394914,
ec6e87cbfa,180,1331,9317,93.17,644.2003089353731,0.617406616866503,22.238696322107877,3.4726982187641227,
ec6e87cbfa,180,1332,9324,93.24,642.8620257415134,0.405360421683777,18.684304572608355,3.446866314449208,
ec6e87cbfa,180,1333,9331,93.31,642.3809619793518,0.30993994854445833,19.614321700761078,1.7249941861893328,
ec6e87cbfa,180,1334,9338,93.38,641.9761413458281,0.306866669354676,18.617774917783947,2.4687354552007887,
ec6e87cbfa,180,1335,9345,93.45,641.6011784225919,0.2228201744783819,18.866565411367034,1.3894499245897203,
ec6e87cbfa,180,1336,9352,93.52,641.5113683972393,0.3505569717070869,18.73373561450919,1.1198418914963792,
ec6e87cbfa,180,1337,9359,93.59,641.2027821048035,0.34048812503332576,18.719161742848765,2.84581651294983,
ec6e87cbfa,180,1338,9366,93.66,640.7931874743994,0.3654768469259772,19.115407355265535,3.4043057180495078,
ec6e87cbfa,180,1339,9373,93.73,640.378157804783,0.28838224429581627,18.506364185050558,1.4787958041593003,
ec6e87cbfa,180,1340,9380,93.8,640.1984400515869,0.3813515615075569,18.65345015504523,3.519487888370743,
ec6e87cbfa,180,1341,9387,93.87,639.8905781678907,0.3672938620583711,19.101124299533865,2.4108439041972773,
ec6e87cbfa,180,1342,9394,93.94,639.6109589438413,0.4952574379121524,19.0716543634214,4.410356887544532,
ec6e87cbfa,180,1343,9401,94.01,638.5376999713093,0.5808232662313308,19.361387939257252,3.6472033105125634,
ec6e87cbfa,180,1344,9408,94.08,637.0282396107547,0.9312911150733748,20.130445297189766,4.552076744349077,
ec6e87cbfa,180,1345,9415,94.15,636.5961147640355,0.44856864855799344,21.569229714840688,1.0189350941073074,
ec6e87cbfa,180,1346,9422,94.22,635.7684325636691,0.4327484194756531,21.07646259853589,4.1355889599093665,
ec6e87cbfa,180,1347,9429,94.29,635.073173766865,0.33911602903693483,21.102380141092716,2.8291920049652344,
ec6e87cbfa,180,1348,9436,94.36,634.7336521993446,0.5232322181411194,20.744474481903957,3.637228477463323,
ec6e87cbfa,180,1349,9443,94.43,633.3689357376136,0.16129636692504712,20.60368176349102,0.3398751093134328,
ec6e87cbfa,180,1350,9450,94.5,633.2585369936759,0.5552162113869399,20.946289458032226,5.118048823103776,
ec6e87cbfa,180,1351,9457,94.57,632.3426015228424,0.3863354331653528,20.10479396558171,3.013537072536282,
ec6e87cbfa,180,1352,9464,94.64,631.8247381733272,0.5971464240037013,19.619366714518595,5.902347230113871,
ec6e87cbfa,180,1353,9471,94.71,630.4705301931339,0.5505239347943751,18.182128540521916,3.428627394883466,
ec6e87cbfa,180,1354,9478,94.78,629.4821858523211,0.4113893265985451,18.643879486936747,3.459427198928874,
ec6e87cbfa,180,1355,9485,94.85,628.9671431575164,0.39618930061948404,18.378756071501467,2.9093165687414047,
ec6e87cbfa,180,1356,9492,94.92,628.2563245744028,0.20153336725516063,18.184712543291898,1.2510425702013408,
ec6e87cbfa,180,1357,9499,94.99,628.0893125475848,0.47262480456199696,18.451897722329306,4.403509658645526,
ec6e87cbfa,180,1358,9506,95.06,627.312053659881,0.30346822522312233,18.13387858418317,2.085924809096327,
ec6e87cbfa,180,1359,9513,95.13,627.0452022475065,0.41757979741951295,17.933461309208575,3.38969828411226,
ec6e87cbfa,180,1360,9520,95.2,626.5134574926423,0.3047830732654065,17.65668712061379,2.2605620363560184,
ec6e87cbfa,180,1361,9527,95.27,626.1302165019019,0.5046424288530886,17.60502180753962,4.202297010028096,
ec6e87cbfa,180,1362,9534,95.34,625.2300669580568,0.4096038079647813,18.16829667803658,3.403074498546923,
ec6e87cbfa,180,1363,9541,95.41,624.6722850408837,0.3376227392812764,17.50396266297437,2.9301528188857557,
ec6e87cbfa,180,1364,9548,95.48,624.3026768843808,0.44008790344634896,17.98868931206902,4.0813477476780164,
ec6e87cbfa,180,1365,9555,95.55,623.7835340795965,0.36183447424229237,17.69649208773463,2.447891317243104,
ec6e87cbfa,180,1366,9562,95.62,623.5008913598474,0.3239950920726254,18.14954659841647,1.9666984349950605,
ec6e87cbfa,180,1367,9569,95.69,623.2327692506542,0.25771575703539895,17.83468205731174,1.763512289401617,
ec6e87cbfa,180,1368,9576,95.76,623.0470796336849,0.21868585887140296,17.78958635477792,1.8390097402281946,
ec6e87cbfa,180,1369,9583,95.83,622.9435205637491,0.24411090901452226,17.782513603473035,1.5301000850192645,
ec6e87cbfa,180,1370,9590,95.9,622.7705491373139,0.5625867301973924,17.762424574413526,1.7667187497904704,
ec6e87cbfa,180,1371,9597,95.97,622.7647819609331,0.8800677812826962,18.481987844597132,2.855478345879782,
ec6e87cbfa,180,1372,9604,96.04,622.5514963423722,1.0100640000089727,18.010025855886525,2.625137561283162,
ec6e87cbfa,180,1373,9611,96.11,622.4576702233004,0.6432599101520515,19.768009660422816,4.073489069533949,
ec6e87cbfa,180,1374,9618,96.18,620.8664195734949,0.27468909166802785,17.63324196666274,1.5466046375446547,
ec6e87cbfa,180,1375,9625,96.25,620.7120442244955,0.37904661279242413,17.57994552244547,3.6003535600862664,
ec6e87cbfa,180,1376,9632,96.32,620.1578143463277,0.2993448121255847,17.302886813326257,2.5287465748307105,
ec6e87cbfa,180,1377,9639,96.39,619.8058381393228,0.3011304076411387,17.51250920446137,2.4016157058706415,
ec6e87cbfa,180,1378,9646,96.46,619.3856823317453,0.5978413106351954,17.304160825449234,1.4947353375488348,
ec6e87cbfa,180,1379,9653,96.53,619.1250750146776,0.44653984401772495,18.9461557752101,3.5661476577936138,
ec6e87cbfa,180,1380,9660,96.6,618.559963940299,0.3566474738727112,17.71168487677896,2.866783041093401,
ec6e87cbfa,180,1381,9667,96.67,617.9993903013966,0.3869197955728787,17.417722584438962,3.8721612556003784,
ec6e87cbfa,180,1382,9674,96.74,617.528112349721,0.4626677764610623,17.77818080807811,3.5371899949274455,
ec6e87cbfa,180,1383,9681,96.81,616.8912644178347,0.43464779915198637,18.257164554772878,3.6981825713323864,
ec6e87cbfa,180,1384,9688,96.88,616.0718859276417,0.48452639411624315,18.32075685278537,4.38192012298944,
ec6e87cbfa,180,1385,9695,96.95,615.17586973363,0.24450890332147007,18.651736102209114,2.055155978478678,
ec6e87cbfa,180,1386,9702,97.02,614.9066100312227,0.29108619331139113,18.6292593831501,2.555267798661868,
ec6e87cbfa,180,1387,9709,97.09,614.5396633122747,0.48345517201912375,18.559185485314632,4.252609345779146,
ec6e87cbfa,180,1388,9716,97.16,613.5935526741576,0.2009541711712297,18.588641620109787,1.725715630429079,
ec6e87cbfa,180,1389,9723,97.23,613.4886618131814,0.17826329164870114,18.511760710347954,1.0169844486431665,
ec6e87cbfa,180,1390,9730,97.3,613.336461514839,0.23755417560683145,18.65414005140991,1.1808880117832679,
ec6e87cbfa,180,1391,9737,97.37,613.1869893541842,0.2371679347998206,18.81214553537405,1.9992317497328334,
ec6e87cbfa,180,1392,9744,97.44,612.9769012366467,0.6356337119652423,18.156337454346378,6.1635430086319865,
ec6e87cbfa,180,1393,9751,97.51,611.5313804605526,0.32402503401003313,19.660236200439037,2.583268661492435,
ec6e87cbfa,180,1394,9758,97.58,611.2212043610126,0.29201815523177493,18.04944195131822,2.4148659121252822,
ec6e87cbfa,180,1395,9765,97.65,610.8375457730041,0.1818283236083864,18.42080721009883,1.6301529999254636,
ec6e87cbfa,180,1396,9772,97.72,610.711057068128,0.14125453923086062,19.0622873534247,1.1698968321675423,
ec6e87cbfa,180,1397,9779,97.79,610.6283565619211,0.8850138295304922,18.79310611449833,1.8996776602011005,
ec6e87cbfa,180,1398,9786,97.86,610.2735386542607,0.47733328538386777,20.553006327467568,2.3168213361667322,
ec6e87cbfa,180,1399,9793,97.93,609.2374903502289,0.43581673246329183,19.402478560957583,3.189374219901748,
ec6e87cbfa,180,1400,9800,98.0,608.3628077141271,0.2943658506388643,19.640346806678895,2.961063023726913,
ec6e87cbfa,180,1401,9807,98.07,608.0733673650334,0.4482026952373106,18.922499633138255,3.6164316323297236,
ec6e87cbfa,180,1402,9814,98.14,607.3981884953313,0.5047363699675045,20.858187944829737,4.774981861821543,
ec6e87cbfa,180,1403,9821,98.21,606.1560092342838,0.4050848508915983,19.61814773348987,3.635353136596156,
ec6e87cbfa,180,1404,9828,98.28,605.8703346260685,0.3894561206012108,21.232386187384044,2.7676406969330123,
ec6e87cbfa,180,1405,9835,98.35,605.6447065011429,0.694277256319702,20.539287470784444,6.527668148549848,
ec6e87cbfa,180,1406,9842,98.42,604.1419070983922,0.5932614906134677,21.294391790394084,3.0809743256095667,
ec6e87cbfa,180,1407,9849,98.49,603.3092108386688,0.7579627318314639,20.356229945295325,5.824029017668147,
ec6e87cbfa,180,1408,9856,98.56,600.8069737807939,0.45094475960405095,19.44969349787566,3.1270793258774456,
ec6e87cbfa,180,1409,9863,98.63,600.4059600060074,0.3979241778664535,19.35886069941982,1.2748023324763131,
ec6e87cbfa,180,1410,9870,98.7,600.1103210246501,0.3207749910007351,19.926522039088635,1.0653477234671624,
ec6e87cbfa,180,1411,9877,98.77,599.852510694725,0.3458690817385732,18.950953755887216,2.9711363686158436,
ec6e87cbfa,180,1412,9884,98.84,599.3938651741187,0.33796441955117906,19.162608884060898,2.8245799299292575,
ec6e87cbfa,180,1413,9891,98.91,599.0388451065346,0.4163858356362327,18.488314275642416,3.232703168258128,
ec6e87cbfa,180,1414,9898,98.98,598.2033464556871,0.3967337817824854,19.370057028486283,3.896077748372904,
ec6e87cbfa,180,1415,9905,99.05,597.5447904428262,0.5199310650924087,19.321811412520717,5.253091531612444,
ec6e87cbfa,180,1416,9912,99.12,596.4188315044979,0.19658852344153221,18.970414445771382,1.4624318016339133,
ec6e87cbfa,180,1417,9919,99.19,596.2893505718785,0.3981620549121969,19.04366194206235,3.325606779264299,
ec6e87cbfa,180,1418,9926,99.26,596.0143748168114,0.4946026462159017,18.831956654258597,2.91130839709951,
ec6e87cbfa,180,1419,9933,99.33,595.1026950375646,0.5132203535397686,19.306397235560556,3.4416258524673435,
ec6e87cbfa,180,1420,9940,99.4,594.4978307261762,0.4504402412966062,19.793525065394395,2.4703932006836054,
ec6e87cbfa,180,1421,9947,99.47,594.0580639116383,0.35986772764112857,20.04445883470334,1.9713857220485944,
ec6e87cbfa,180,1422,9954,99.54,593.7022550412353,0.21605952012059554,19.740984101646962,0.44989837254644444,
ec6e87cbfa,180,1423,9961,99.61,593.6425845737166,0.37863941675848845,20.389956525564287,1.5926730531702802,
ec6e87cbfa,180,1424,9968,99.68,593.3784436623743,0.6842021815557294,19.717299442228047,5.79528202190688,
ec6e87cbfa,180,1425,9975,99.75,591.9458561494226,0.4878135475656498,20.388649002483152,1.838121245676169,
ec6e87cbfa,180,1426,9982,99.82,591.763091008585,0.6301230540670759,19.089435135456725,5.2295059307838,
ec6e87cbfa,180,1427,9989,99.89,591.0767220422464,0.7144395235845858,20.566643885898532,4.912011394310187,
ec6e87cbfa,180,1428,9996,99.96,591.0274956809252,0.39955316616884895,21.23113615915666,1.359049670165422,
ec6e87cbfa,180,1429,10003,100.03,589.4359583817494,0.3750747468471841,19.215574864714572,3.011122676633113,
ec6e87cbfa,180,1430,10010,100.1,589.0679542113858,0.38674621677364796,19.596936994600014,3.5013968222853484,
ec6e87cbfa,180,1431,10017,100.17,588.642652926128,0.48109685287039083,19.95103393260893,3.773598358503257,
ec6e87cbfa,180,1432,10024,100.24,587.6674165519252,0.31105820631561065,21.060895843717216,2.706834443117678,
ec6e87cbfa,180,1433,10031,100.31,587.3447408324269,0.2960721100854815,20.09079249790876,2.3972032120318656,
ec6e87cbfa,180,1434,10038,100.38,587.0329407938665,0.5682843835941295,20.953433458707543,5.413793293314569,
ec6e87cbfa,180,1435,10045,100.45,585.6977534745444,0.327775480897188,21.221790153407813,3.2757726059139967,
ec6e87cbfa,180,1436,10052,100.52,585.2277866452448,0.5466088168787834,21.275674477473256,3.167633909620947,
ec6e87cbfa,180,1437,10059,100.59,584.1064124640296,0.24891981749786915,22.017476802774205,0.7629681699448011,
ec6e87cbfa,180,1438,10066,100.66,583.8895050562812,0.5037409311199232,21.174914929557705,2.331941256303885,
ec6e87cbfa,180,1439,10073,100.73,582.8258361234463,0.551125811086143,20.265758476725193,3.985561826941301,
ec6e87cbfa,180,1440,10080,100.8,581.5108241481798,0.6371760841734909,21.922977894383493,5.617787180486319,
ec6e87cbfa,180,1441,10087,100.87,579.5426249398831,0.24629091595391026,20.372710517845675,1.5611434503646355,
ec6e87cbfa,180,1442,10094,100.94,579.316158748867,0.3006622324549165,21.58988234386436,2.7436487806656267,
ec6e87cbfa,180,1443,10101,101.01,579.1071210024339,0.44974315832817185,21.864101976525156,4.015033223648972,
ec6e87cbfa,180,1444,10108,101.08,578.3656761897324,0.57670349630437,21.34609251836997,2.576643625459549,
ec6e87cbfa,180,1445,10115,101.15,576.8256152126327,0.3605112438831942,20.862295781123834,2.6857494385456007,
ec6e87cbfa,180,1446,10122,101.22,576.2592344790161,0.3904932449853477,19.759412223487036,3.675412565933932,
ec6e87cbfa,180,1447,10129,101.29,575.7367454850297,0.35523580775217806,18.4991218552167,3.5324552942772374,
ec6e87cbfa,180,1448,10136,101.36,575.3001463850547,0.3130075621401525,18.478321481864423,1.3329861477911262,
ec6e87cbfa,180,1449,10143,101.43,575.0141864098051,0.1977504671481807,18.885379088436427,1.5191790254162807,
ec6e87cbfa,180,1450,10150,101.5,574.8646553070595,0.3830753656565723,18.47874267201048,3.5736821286095988,
ec6e87cbfa,180,1451,10157,101.57,574.2611081775817,0.3253674343061196,18.514736892761146,2.728533468283609,
ec6e87cbfa,180,1452,10164,101.64,573.7751006964672,0.4640545365555921,18.78582483546224,2.918978231343437,
ec6e87cbfa,180,1453,10171,101.71,572.850919563686,0.3533448798999233,19.352313368935548,2.3902376263175085,
ec6e87cbfa,180,1454,10178,101.78,572.2986092839711,0.25930962386284095,19.043246867143935,2.5634587165658975,
ec6e87cbfa,180,1455,10185,101.85,572.0163205244993,0.3084963312511396,18.882333497615175,2.311868880728537,
ec6e87cbfa,180,1456,10192,101.92,571.8197975292251,0.2782171667020251,19.66568655116696,1.9657880977155417,
ec6e87cbfa,180,1457,10199,101.99,571.657760617579,0.3150180851100419,18.864749051187314,1.4376878018316586,
ec6e87cbfa,180,1458,10206,102.06,571.1984580091469,0.3151590356733234,19.597918542781102,2.18666482438662,
ec6e87cbfa,180,1459,10213,102.13,570.8798126668204,0.3120690804289546,19.8347531265925,1.9010679353040367,
ec6e87cbfa,180,1460,10220,102.2,570.4573894289814,0.5361129885913405,19.495517698204317,3.812244482940076,
ec6e87cbfa,180,1461,10227,102.27,569.2292601533469,0.19714156015517456,20.930138360453974,1.4602816991943135,
ec6e87cbfa,180,1462,10234,102.34,569.13456175505,0.7392650697992853,20.58537471306926,2.206351316131456,
ec6e87cbfa,180,1463,10241,102.41,568.5137676423201,0.5495602613158119,21.434537461349123,4.974588328785974,
ec6e87cbfa,180,1464,10248,102.48,567.2084633752823,0.42914268020213653,22.187647060435296,4.128536137604761,
ec6e87cbfa,180,1465,10255,102.55,566.3247910152619,0.4422397172317898,20.963924742286174,4.247203690964941,
ec6e87cbfa,180,1466,10262,102.62,565.4754940087736,0.790930987987812,21.231742938719034,3.000401540771803,
ec6e87cbfa,180,1467,10269,102.69,565.4295549661759,0.49383432922570186,20.673230466455475,2.216193824724214,
ec6e87cbfa,180,1468,10276,102.76,564.3969738555207,0.21272551497977954,20.213354258772032,1.7789874507310415,
ec6e87cbfa,180,1469,10283,102.83,564.3167604427267,0.23429038028863938,19.614222843487713,1.9307603180728359,
ec6e87cbfa,180,1470,10290,102.9,564.095848102542,0.26753396104342714,19.808918715771526,2.6288621555709994,
ec6e87cbfa,180,1471,10297,102.97,563.8062270805926,0.27951538838972406,20.135470459756206,2.124883551570202,
ec6e87cbfa,180,1472,10304,103.04,563.4312987910744,0.5612675007903127,20.34365949186157,5.5481386413134555,
ec6e87cbfa,180,1473,10311,103.11,562.0188420051729,0.4062415741410615,21.384168867172423,2.687020247780373,
ec6e87cbfa,180,1474,10318,103.18,561.5221736043852,0.37182862653587856,22.298794289509697,3.2358464014881196,
ec6e87cbfa,180,1475,10325,103.25,561.156554824771,0.6868923364574696,20.976059543636858,4.259488489979142,
ec6e87cbfa,180,1476,10332,103.32,559.9703626407015,0.6064834661668572,21.630281691239425,4.155042687906113,
ec6e87cbfa,180,1477,10339,103.39,558.4928911060223,0.5416851460538294,19.662160646877414,5.33589280147172,
ec6e87cbfa,180,1478,10346,103.46,557.5164130602465,0.5260414252226825,20.877624612909507,4.38742211286409,
ec6e87cbfa,180,1479,10353,103.53,556.3734201501826,0.29773148319323534,21.640179648861523,2.206887961602958,
ec6e87cbfa,180,1480,10360,103.6,556.0930607532997,0.4080825872730242,22.225719531662207,4.038532034948728,
ec6e87cbfa,180,1481,10367,103.67,555.5430828552904,0.5598041088866987,21.43212702572016,1.1474506997373914,
ec6e87cbfa,180,1482,10374,103.74,554.2490252876938,0.3030495394012875,21.642268598154857,2.9074370394419136,
ec6e87cbfa,180,1483,10381,103.81,553.8444761713861,0.40100154092931467,21.44708691839183,3.891230857619166,
ec6e87cbfa,180,1484,10388,103.88,553.1466580414456,0.30806397012283204,21.547919804671878,2.936897123887877,
ec6e87cbfa,180,1485,10395,103.95,552.8742917542178,0.38018478071166995,21.463590466459166,2.9021468364911374,
ec6e87cbfa,180,1486,10402,104.02,552.3695740590078,0.5951998698362934,21.283554113029417,5.861832400504108,
ec6e87cbfa,180,1487,10409,104.09,551.9435885563862,0.6745301855314627,20.806692814504714,4.373721024179417,
ec6e87cbfa,180,1488,10416,104.16,550.845448030544,0.47976588415686716,20.130958145636548,2.4490910515178665,
ec6e87cbfa,180,1489,10423,104.23,550.7127928883423,0.700397914690228,19.529867292337066,5.349761581955126,
ec6e87cbfa,180,1490,10430,104.3,549.3233170319234,0.4480791071157287,19.22828799573291,2.6429123732889193,
ec6e87cbfa,180,1491,10437,104.37,549.2655704874313,0.547770981306505,19.01793544477957,3.566538339752665,
ec6e87cbfa,180,1492,10444,104.44,548.5646705576484,0.5810940071118342,18.368058978529387,3.3609662240278375,
ec6e87cbfa,180,1493,10451,104.51,547.493838694864,0.6103622623168049,18.55575591380968,5.205286244125009,
ec6e87cbfa,180,1494,10458,104.58,546.1606525356527,0.4400102703448048,17.980398145593746,3.8237084932174232,
ec6e87cbfa,180,1495,10465,104.65,545.5129645334696,0.44254628149496716,17.473631037575622,3.7950283612496283,
ec6e87cbfa,180,1496,10472,104.72,544.9105829642294,0.38033391922591486,18.031869296743874,1.6151355424526,
ec6e87cbfa,180,1497,10479,104.79,544.3911596178613,0.2675561160326349,17.22862275710328,2.3093791433724933,
ec6e87cbfa,180,1498,10486,104.86,544.124066772056,0.3786538624164244,17.091435401022956,3.6601986992407123,
ec6e87cbfa,180,1499,10493,104.93,543.5422409372419,0.43107989127717894,17.286668925195684,3.940734220046682,
ec6e87cbfa,180,1500,10500,105.0,543.1949584871452,0.4556964649655906,18.668618878908248,2.0024555073899584,
ec6e87cbfa,180,1501,10507,105.07,542.9526283172211,0.5195285572605227,18.082390076075267,3.2208246449595195,
ec6e87cbfa,180,1502,10514,105.14,541.9103012479533,0.39839435070254814,18.425070051441818,2.0602828938503697,
ec6e87cbfa,180,1503,10521,105.21,541.2179066567041,0.27163793141171005,18.47790164168353,2.1135763432113976,
ec6e87cbfa,180,1504,10528,105.28,540.9965526261524,0.31202280542741107,18.34792797433447,2.687607070870967,
ec6e87cbfa,180,1505,10535,105.35,540.5969869020181,0.22049641425890423,18.376684684757414,2.056026207088753,
ec6e87cbfa,180,1506,10542,105.42,540.4287592627127,0.22348274631871315,17.969311984983854,1.736246093767556,
ec6e87cbfa,180,1507,10549,105.49,540.1774223813741,0.17006007334255924,18.03366012706941,1.6454363768933753,
ec6e87cbfa,180,1508,10556,105.56,540.031842464637,0.2948099722702101,17.951123262592134,2.285682362582553,
ec6e87cbfa,180,1509,10563,105.63,539.7018169722992,0.48382938779835255,17.926496657861144,4.143844393929897,
ec6e87cbfa,180,1510,10570,105.7,539.0793878211018,0.4812727096375918,17.00401889129025,2.8924445226903237,
ec6e87cbfa,180,1511,10577,105.77,538.449952161866,0.3630288281126599,17.86575727884722,2.273001431085808,
ec6e87cbfa,180,1512,10584,105.84,538.1837610471233,0.36583667524320684,16.503320207118175,3.0941026578637127,
ec6e87cbfa,180,1513,10591,105.91,537.6598295161633,0.36287408028778817,17.20529942120947,2.681336840801663,
ec6e87cbfa,180,1514,10598,105.98,537.2281664049939,0.21312666115321335,16.893675212112,1.3330060238124495,
ec6e87cbfa,180,1515,10605,106.05,537.065479806522,0.18726174371488266,16.914664377171686,1.5852377989357693,
ec6e87cbfa,180,1516,10612,106.12,536.9175313390399,0.3406684958591566,16.903486693626537,2.562799305709192,
ec6e87cbfa,180,1517,10619,106.19,536.4763689483274,0.3941607518534973,17.081561706128188,3.051143733229997,
ec6e87cbfa,180,1518,10626,106.26,535.9181737126978,0.29636768097248906,17.706367215747278,2.4255697999535077,
ec6e87cbfa,180,1519,10633,106.33,535.5403800608384,0.5614615115020588,17.48105915976325,4.536182601164624,
ec6e87cbfa,180,1520,10640,106.4,534.2675517054639,0.38178161412999395,17.98914703524942,3.4799801558614742,
ec6e87cbfa,180,1521,10647,106.47,533.7415871076296,0.45353907702443774,18.298646078630274,3.344825754194476,
ec6e87cbfa,180,1522,10654,106.54,533.0520841858346,0.3024230899234005,18.15579202556052,1.468610275816525,
ec6e87cbfa,180,1523,10661,106.61,532.880460698967,0.29475764423637957,18.777472278522982,1.6568719667061047,
ec6e87cbfa,180,1524,10668,106.68,532.5596163166628,0.4455237503349453,18.21577806778136,4.420148264201719,
ec6e87cbfa,180,1525,10675,106.75,531.6441909161367,0.4168916759278709,18.027646263563987,2.9876076662126234,
ec6e87cbfa,180,1526,10682,106.82,531.0018983554688,0.30306679072170456,18.59793978832434,1.4664110773967263,
ec6e87cbfa,180,1527,10689,106.89,530.7232976914391,0.4080788262772632,18.265556415626133,3.629051542204158,
ec6e87cbfa,180,1528,10696,106.96,530.1419365465965,0.5410912849813052,19.09433121944337,5.304967153417912,
ec6e87cbfa,180,1529,10703,107.03,529.0019740000894,0.3872795695858899,19.445899387059637,2.9041113446688374,
ec6e87cbfa,180,1530,10710,107.1,528.5537822160618,0.2708736565568448,19.009559544303823,1.8488725269561745,
ec6e87cbfa,180,1531,10717,107.17,528.2765315449105,0.2834814370725475,18.594250058882174,2.7656449268339927,
ec6e87cbfa,180,1532,10724,107.24,528.0040934791159,0.25284954745256794,18.358176515128775,1.6071413834020774,
ec6e87cbfa,180,1533,10731,107.31,527.7752401144262,0.5113198490109906,18.719645807165342,3.1312401237621614,
ec6e87cbfa,180,1534,10738,107.38,526.9414524017262,0.7370678676918013,19.537204971524638,5.725685041408492,
ec6e87cbfa,180,1535,10745,107.45,525.5294750726059,0.5601140699707902,20.640078690946943,1.9484746567720854,
ec6e87cbfa,180,1536,10752,107.52,525.0215100304466,0.8051526339866679,20.685799218463057,6.739283088098568,
ec6e87cbfa,180,1537,10759,107.59,522.6643809317168,0.4559927451893593,18.277252579219162,3.267394298351933,
ec6e87cbfa,180,1538,10766,107.66,521.9834702098346,0.27500203103390175,18.326089408164183,1.8152690404230867,
ec6e87cbfa,180,1539,10773,107.73,521.6819996653509,0.2409263702874924,18.02356282704173,2.3163105213831505,
ec6e87cbfa,180,1540,10780,107.8,521.4426527425109,0.4143961819134519,17.272796591480567,3.631345182636211,
ec6e87cbfa,180,1541,10787,107.87,520.7239133278256,0.329892775093938,17.82981346192616,2.776296694363015,
ec6e87cbfa,180,1542,10794,107.94,520.5331769290658,0.27606051194587644,17.27491407220339,1.4691743340962142,
ec6e87cbfa,180,1543,10801,108.01,520.3339728644823,0.3050550562870737,17.477212449619472,2.0294598476146577,
ec6e87cbfa,180,1544,10808,108.08,520.0971473787121,0.4242835662677893,17.789306817902585,2.5275739577520584,
ec6e87cbfa,180,1545,10815,108.15,519.4052940815219,0.3403400762743014,17.03849494296079,2.557328420293429,
ec6e87cbfa,180,1546,10822,108.22,519.029151322207,0.20220231194079785,18.20365260311668,1.6387180817453164,
ec6e87cbfa,180,1547,10829,108.29,518.8759101861367,0.38067719276656337,17.469974845430016,3.629863640941977,
ec6e87cbfa,180,1548,10836,108.36,518.3850498861773,0.3799872401298147,17.67119405798532,2.5711126636424093,
ec6e87cbfa,180,1549,10843,108.43,517.799635597901,0.19053593089891352,17.99783545334717,0.7175756565183061,
ec6e87cbfa,180,1550,10850,108.5,517.6721127013464,0.6142944142723628,18.20230468371473,5.424380230328723,
ec6e87cbfa,180,1551,10857,108.57,516.2183804299927,0.30662806426866634,17.946604291852374,2.5679538227918393,
ec6e87cbfa,180,1552,10864,108.64,515.9749534055994,0.4908609321423058,17.828338489199528,4.800109890695618,
ec6e87cbfa,180,1553,10871,108.71,515.4796808841512,0.38494868141910765,17.62838679911728,1.0982639343905918,
ec6e87cbfa,180,1554,10878,108.78,515.2299400171449,0.29357975612632053,17.10757036841964,1.0790841691548387,
ec6e87cbfa,180,1555,10885,108.85,515.0816972977335,0.4318791393132385,17.223969149929335,3.73798743252325,
ec6e87cbfa,180,1556,10892,108.92,514.2119648923751,0.2268838004316479,16.135860644692936,1.1566260654799998,
ec6e87cbfa,180,1557,10899,108.99,514.0043381580247,0.29948000799670854,16.446783855821707,2.7796015350708836,
ec6e87cbfa,180,1558,10906,109.06,513.5868567810423,0.4318062651930125,17.016685456554637,0.9505989328072634,
ec6e87cbfa,180,1559,10913,109.13,513.4953572497764,0.6941003758975175,17.124616142706515,2.8974705998603794,
ec6e87cbfa,180,1560,10920,109.2,513.2010970897461,0.6222809229791805,17.901645415170023,1.1715447491410287,
ec6e87cbfa,180,1561,10927,109.27,513.111045145182,0.5006795844151729,17.081844309629467,3.879163279836154,
ec6e87cbfa,180,1562,10934,109.34,512.0875825270045,0.200497421970215,17.293775477720825,0.5385124674267875,
ec6e87cbfa,180,1563,10941,109.41,512.0085929061819,0.33301514292159223,16.789584042008368,2.979703145595975,
ec6e87cbfa,180,1564,10948,109.48,511.7670984998261,0.320535224749426,16.09550456691469,1.0211926424791482,
ec6e87cbfa,180,1565,10955,109.55,511.575032389953,0.2146581672725709,15.721277442064999,0.4143787405828101,
ec6e87cbfa,180,1566,10962,109.62,511.48716295956433,0.1978453149650083,15.501923218943235,1.3136942087730943,
ec6e87cbfa,180,1567,10969,109.69,511.3783993941341,0.4198869268544135,15.459088815448068,4.141712283250637,
ec6e87cbfa,180,1568,10976,109.76,510.8995328564801,0.33891516701037544,15.912151234886272,2.2469774301496788,
ec6e87cbfa,180,1569,10983,109.83,510.586711763336,0.22814128437902592,15.127126303711899,1.5302816522896825,
ec6e87cbfa,180,1570,10990,109.9,510.36766790149954,0.4058420861365216,15.505824442323068,2.5121849391876165,
ec6e87cbfa,180,1571,10997,109.97,509.69820454553246,0.3077042351205451,15.971450322187852,2.8095089726935294,
ec6e87cbfa,180,1572,11004,110.04,509.24049487839545,0.3414032996275627,16.309403878922144,3.358832366148796,
ec6e87cbfa,180,1573,11011,110.11,508.7600450900328,0.19105668406534101,16.562704421735685,1.3950017783718376,
ec6e87cbfa,180,1574,11018,110.18,508.6359932748621,0.845503490586569,16.59785143209128,4.1497693531587965,
ec6e87cbfa,180,1575,11025,110.25,508.2940184414785,0.48940172570947743,19.177083061991706,3.091375503791187,
ec6e87cbfa,180,1576,11032,110.32,507.2473868967661,0.24192175980054412,16.531376777055293,1.9935819035477877,
ec6e87cbfa,180,1577,11039,110.39,506.94884649977547,0.11425743244248573,16.8086349994327,1.1434192841425832,
ec6e87cbfa,180,1578,11046,110.46,506.89548398747485,0.3047894467715579,17.050810150937988,2.436770331295305,
ec6e87cbfa,180,1579,11053,110.53,506.6350357679672,0.36731011876975445,17.989415840884867,2.8662575933266994,
ec6e87cbfa,180,1580,11060,110.6,506.1238226952542,0.29519189293326203,17.670348209627665,2.8455582659870564,
ec6e87cbfa,180,1581,11067,110.67,505.70888849958044,0.945874820820977,18.339605461688908,4.640049492238528,
ec6e87cbfa,180,1582,11074,110.74,504.92988872122174,0.4120768549576861,20.30819370591516,0.7484723896339492,
ec6e87cbfa,180,1583,11081,110.81,504.28898767093307,0.34696921878799575,18.27968729538443,2.3641815494691123,
ec6e87cbfa,180,1584,11088,110.88,503.9193960000495,0.5667205863386581,18.54530913642782,3.751047653451631,
ec6e87cbfa,180,1585,11095,110.95,502.5890078318568,0.33358692659790934,18.497828139553736,2.5812377522846455,
ec6e87cbfa,180,1586,11102,111.02,502.0882340863692,0.7626003078790962,17.845394497574784,3.550270796836042,
ec6e87cbfa,180,1587,11109,111.09,501.5224443243918,0.6967633078954072,19.127572725914533,2.6108876442761257,
ec6e87cbfa,180,1588,11116,111.16,501.2957999278821,0.8110326937408244,19.856898341827485,2.5249922950489614,
ec6e87cbfa,180,1589,11123,111.23,501.2011480968374,1.1009405443971565,19.094024653818632,3.2561576658617453,
ec6e87cbfa,180,1590,11130,111.3,500.4115830934336,0.4580659930234374,20.29460287429764,2.0457904776927327,
ec6e87cbfa,180,1591,11137,111.37,499.378374111714,0.3127181019649687,18.64145104280648,2.8376165021788644,
ec6e87cbfa,180,1592,11144,111.44,499.0659861112526,0.2850613331838804,18.550266222573793,2.5950885654140743,
ec6e87cbfa,180,1593,11151,111.51,498.72702778910457,0.2178187480556167,18.18364449814941,1.9488255183951666,
ec6e87cbfa,180,1594,11158,111.58,498.56379748973984,0.18126462080649766,18.324277149860436,1.161057381373886,
ec6e87cbfa,180,1595,11165,111.65,498.4346507310048,0.4337134210140316,18.093148271812638,2.0372013858542775,
ec6e87cbfa,180,1596,11172,111.72,498.16380925195665,0.5375249390210349,18.17044102870527,3.927897717890418,
ec6e87cbfa,180,1597,11179,111.79,497.3557996131928,0.5423938868098794,18.88525628342483,4.93547104640688,
ec6e87cbfa,180,1598,11186,111.86,496.3982314977098,0.3143857134514557,18.215153115431043,2.6077482675840207,
ec6e87cbfa,180,1599,11193,111.93,496.0750570023526,0.2369559450017825,18.194082858891075,1.5397217983831035,
ec6e87cbfa,180,1600,11200,112.0,495.953549867332,0.29281955935077025,18.043422644076553,2.4481353226450504,
ec6e87cbfa,180,1601,11207,112.07,495.6054048689441,0.38847935270246714,18.18138647342833,3.1839033873379656,
ec6e87cbfa,180,1602,11214,112.14,494.9231283410301,0.17993047514520366,17.767499502572118,1.7817089789311387,
ec6e87cbfa,180,1603,11221,112.21,494.7755353243828,0.14591873049922935,17.736033833631534,0.852715221001856,
ec6e87cbfa,180,1604,11228,112.28,494.6761841018985,0.13108946925095114,18.032719193909006,1.3028071264126915,
ec6e87cbfa,180,1605,11235,112.35,494.59988194810785,0.32518517872337543,17.930184651891405,3.2228065850151277,
ec6e87cbfa,180,1606,11242,112.42,494.2159100076455,0.27958589842253845,17.73111471063172,2.455603162073354,
ec6e87cbfa,180,1607,11249,112.49,493.89617648756393,0.2583912872788978,18.177868946402665,2.3824759723509494,
ec6e87cbfa,180,1608,11256,112.56,493.63601073739756,0.3036630888052614,17.44755951999461,2.840208528698359,
ec6e87cbfa,180,1609,11263,112.63,493.23462387326987,0.5368021983493044,17.424835711100087,4.063989508955464,
ec6e87cbfa,180,1610,11270,112.7,492.06886353795255,0.36575238627751383,18.247221318915088,2.5386285074333133,
ec6e87cbfa,180,1611,11277,112.77,491.5557996948342,0.25140820651479123,17.86637507234552,2.185093068710124,
ec6e87cbfa,180,1612,11284,112.84,491.25764277475844,0.3115221278819577,17.623508761313968,2.662339650479702,
ec6e87cbfa,180,1613,11291,112.91,490.95808572345663,0.3717288853850899,17.502436419088976,2.9179588543574986,
ec6e87cbfa,180,1614,11298,112.98,490.47635562309875,0.5496463014824347,17.739106160623805,5.199540876427712,
ec6e87cbfa,180,1615,11305,113.05,489.3294184443307,0.3500470163009967,16.356716251406553,2.523404278610108,
ec6e87cbfa,180,1616,11312,113.12,488.74267788915614,0.3275839954947242,16.09745683432932,2.8460438620673933,
ec6e87cbfa,180,1617,11319,113.19,488.31979414143484,0.5196486361672117,16.523676613597516,4.376969674299665,
ec6e87cbfa,180,1618,11326,113.26,487.6041580460665,0.34318269450938294,15.844388031449597,1.2071427816814733,
ec6e87cbfa,180,1619,11333,113.33,487.28881994618234,0.676614906156328,15.222098016046369,3.0489815892956043,
ec6e87cbfa,180,1620,11340,113.4,487.23043334158194,0.45163483489952083,17.0097605888458,1.2375688310886765,
ec6e87cbfa,180,1621,11347,113.47,486.41799760348664,0.3113966672848842,15.387957671846902,2.7988601960509807,
ec6e87cbfa,180,1622,11354,113.54,486.27583330118625,0.24131957538260268,15.888010661780767,0.7832204633999301,
ec6e87cbfa,180,1623,11361,113.61,486.16439528115916,0.2959076737175752,15.107989922158078,2.5706621658037894,
ec6e87cbfa,180,1624,11368,113.68,485.79120061384845,0.22390213012860344,15.3620408823394,2.1737762981785322,
ec6e87cbfa,180,1625,11375,113.75,485.5832968714016,0.2625039717041101,15.081106011162968,2.5716418098485088,
ec6e87cbfa,180,1626,11382,113.82,485.3304460474232,0.46705318737089424,16.059682823983746,4.70931960728524,
ec6e87cbfa,180,1627,11389,113.89,484.4753953184426,0.7653003925237315,15.871584395895848,2.9675936801439375,
ec6e87cbfa,180,1628,11396,113.96,484.18002467797066,0.5373394088190934,17.00194614395846,3.6638046600283705,
ec6e87cbfa,180,1629,11403,114.03,483.17140845233064,0.5108955355996979,16.751003415807986,4.1860022181160055,
ec6e87cbfa,180,1630,11410,114.1,482.063786570356,0.5873613478961648,16.08541410768019,5.708407986859161,
ec6e87cbfa,180,1631,11417,114.17,480.95878630611617,0.39165588843057914,15.434483106183002,2.992980499900791,
ec6e87cbfa,180,1632,11424,114.24,480.67718943366555,0.3620338056876641,14.883709026878218,2.4953909614593517,
ec6e87cbfa,180,1633,11431,114.31,480.24569261641886,0.38928985216196627,14.662692221052197,3.5458876484676383,
ec6e87cbfa,180,1634,11438,114.38,479.51238195827995,0.5345749327336933,14.922026197206351,3.63908556953795,
ec6e87cbfa,180,1635,11445,114.45,478.247112177835,0.26986799593372046,15.239765357986505,2.440373870385163,
ec6e87cbfa,180,1636,11452,114.52,477.982659126204,0.46465283375826216,15.036895974873385,3.063490311318338,
ec6e87cbfa,180,1637,11459,114.59,477.08685432485106,0.2553521112376208,15.734522985182535,1.8864257600414018,
ec6e87cbfa,180,1638,11466,114.66,476.81750628539265,0.15957334136242415,15.551060015316075,0.8917324314375837,
ec6e87cbfa,180,1639,11473,114.73,476.70197213952883,0.3313232935433505,15.475535526255197,3.0921852491516995,
ec6e87cbfa,180,1640,11480,114.8,476.242413901897,0.26786503971312386,15.267630004280559,2.6285057251465562,
ec6e87cbfa,180,1641,11487,114.87,476.0426308361563,0.35485105740157,14.792569385024501,3.2630552394043066,
ec6e87cbfa,180,1642,11494,114.94,475.62146463239054,0.19116705189533528,14.950225252871448,1.4317434690014532,
ec6e87cbfa,180,1643,11501,115.01,475.5118462097789,0.2662076255955807,14.354731263720348,1.916516522822967,
ec6e87cbfa,180,1644,11508,115.08,475.2192902151009,0.37317965893596855,14.25933948804422,3.588572323300374,
ec6e87cbfa,180,1645,11515,115.15,474.5163701927556,0.4394116447928219,14.383773592010806,3.5167149770968016,
ec6e87cbfa,180,1646,11522,115.22,473.6543519572035,0.44010202529856945,14.392252877572405,4.222826187938577,
ec6e87cbfa,180,1647,11529,115.29,472.9849033157076,0.3687257523983015,14.380960003937014,3.3471295336352513,
ec6e87cbfa,180,1648,11536,115.36,472.6749067185967,0.3239277385742762,14.529323025040775,2.4665715905373466,
ec6e87cbfa,180,1649,11543,115.43,472.32305075658246,0.2558933993168637,14.042247001385572,2.335075327746377,
ec6e87cbfa,180,1650,11550,115.5,472.0635222955171,0.35169368729248246,14.29273753124172,2.9750219166337866,
ec6e87cbfa,180,1651,11557,115.57,471.5457851436543,0.24275495463679259,14.131534783011267,2.2350456715350906,
ec6e87cbfa,180,1652,11564,115.64,471.27912713455936,0.3649141439192002,14.117972838152967,3.6821278801567203,
ec6e87cbfa,180,1653,11571,115.71,470.8233542190902,0.3415084571541732,14.32682964475755,3.1206934791078926,
ec6e87cbfa,180,1654,11578,115.78,470.41055559259956,0.38525219872450894,14.77315935119528,3.276042621765415,
ec6e87cbfa,180,1655,11585,115.85,469.7677624615691,0.2675631855158396,14.283162007173454,1.072095502266287,
ec6e87cbfa,180,1656,11592,115.92,469.7619306993963,0.36203811141085845,14.645852159340356,3.1871222749533104,
ec6e87cbfa,180,1657,11599,115.99,469.1259041598614,0.3527201289987381,14.391330450355165,3.4613501501141526,
ec6e87cbfa,180,1658,11606,116.06,468.7336058210472,0.4400647671651991,14.693730240725028,4.281019797637577,
ec6e87cbfa,180,1659,11613,116.13,467.8448322590411,0.2865607732444003,15.21254420762616,2.4745606170642476,
ec6e87cbfa,180,1660,11620,116.2,467.6616432719003,0.3353377795388314,15.84325779093055,2.400953118089517,
ec6e87cbfa,180,1661,11627,116.27,467.2242017882544,0.14820678571690393,14.547003190898684,0.785852962938587,
ec6e87cbfa,180,1662,11634,116.34,467.11948070789623,0.36464705245156365,14.819839223935373,3.4230879451332727,
ec6e87cbfa,180,1663,11641,116.41,466.51014415005454,0.6713023206069628,14.936829501160913,2.871001762483835,
ec6e87cbfa,180,1664,11648,116.48,466.39336352671734,0.5181818761227578,16.554131534677637,2.8025356219864097,
ec6e87cbfa,180,1665,11655,116.55,465.06116030199,0.35046847583258617,15.67582015037478,3.3967769622350623,
ec6e87cbfa,180,1666,11662,116.62,464.47010485109047,0.09269308895393583,15.634754371493411,0.5674278727094622,
ec6e87cbfa,180,1667,11669,116.69,464.43140374821905,0.8846196134369095,15.530507004913218,4.132145103820128,
ec6e87cbfa,180,1668,11676,116.76,464.29943913150726,0.5445442354488655,17.525151908665705,1.7997881036987753,
ec6e87cbfa,180,1669,11683,116.83,462.8859213380325,0.24769889515012736,15.14650842692281,2.091326734280085,
ec6e87cbfa,180,1670,11690,116.9,462.6128812714273,0.6521363164316435,15.156504867928042,2.9485004152444465,
ec6e87cbfa,180,1671,11697,116.97,462.4713736061892,0.5130173544044088,16.43523917557129,4.574115860174217,
ec6e87cbfa,180,1672,11704,117.04,461.59634471859107,0.29737699799487616,15.709246538563022,2.4253735041845013,
ec6e87cbfa,180,1673,11711,117.11,461.16312826527866,0.23219220367142926,15.00250972641154,2.1123781200264933,
ec6e87cbfa,180,1674,11718,117.18,460.9767309876778,0.5206261973583135,15.516928695170316,3.7794931741148465,
ec6e87cbfa,180,1675,11725,117.25,460.0529360898239,0.29977492464742966,15.441142022771432,1.972235585030139,
ec6e87cbfa,180,1676,11732,117.32,459.82527184343843,0.3838552584510071,15.481591493464244,3.4966133214307207,
ec6e87cbfa,180,1677,11739,117.39,459.3479007632746,0.3883508444217919,15.761795508682669,3.3732879436901886,
ec6e87cbfa,180,1678,11746,117.46,458.57423291822084,0.30860608662328143,14.611281223683568,2.9314709795287994,
ec6e87cbfa,180,1679,11753,117.53,458.21343716313766,0.2960289940607505,14.45744718394325,2.8932205063180754,
ec6e87cbfa,180,1680,11760,117.6,457.79485561881944,0.3167563994421996,14.18901625838995,3.0546936352531953,
ec6e87cbfa,180,1681,11767,117.67,457.3164377695756,0.18101168440587076,14.16638213589132,1.6874454041086846,
ec6e87cbfa,180,1682,11774,117.74,457.1537030506844,0.2468768123517615,14.035276877574743,2.4631793767075676,
ec6e87cbfa,180,1683,11781,117.81,456.9293827868493,0.3613561201459879,14.269682045578625,3.1850313492944338,
ec6e87cbfa,180,1684,11788,117.88,456.31034710677744,1.049132331370387,14.235744937451994,5.275106307106455,
ec6e87cbfa,180,1685,11795,117.95,456.14153934258616,0.5698218843972915,18.899384741236105,2.6156623333163065,
ec6e87cbfa,180,1686,11802,118.02,454.4756377911449,0.43881157549548855,15.192051874211634,3.342339271018723,
ec6e87cbfa,180,1687,11809,118.09,453.9806157185742,0.3125547687435836,16.352044525757833,2.195063193361797,
ec6e87cbfa,180,1688,11816,118.16,453.54215006830594,0.28572998980415437,14.423912557973418,1.939413853105157,
ec6e87cbfa,180,1689,11823,118.23,453.18295099595514,0.1852762269455987,14.486432980973685,1.8123431291656187,
ec6e87cbfa,180,1690,11830,118.3,453.01582490808903,0.49123511230891653,14.455367670473894,1.5841487268170984,
ec6e87cbfa,180,1691,11837,118.37,452.8146546698374,0.3766216016878943,16.131879273451375,0.8410363212756224,
ec6e87cbfa,180,1692,11844,118.44,452.61642991744696,0.36606594902634837,15.416523459799961,2.4645496834637086,
ec6e87cbfa,180,1693,11851,118.51,452.2815567260536,0.37147937193283476,15.291563521402317,2.864921801181663,
ec6e87cbfa,180,1694,11858,118.58,451.9362784350706,0.39380548710717317,15.323277083592506,1.7049582292888967,
ec6e87cbfa,180,1695,11865,118.65,451.3660862162579,0.32238939997633415,15.375247008423209,2.6088988245058635,
ec6e87cbfa,180,1696,11872,118.72,450.9188922736321,0.23578494440581685,14.945375861404525,2.138793629932397,
ec6e87cbfa,180,1697,11879,118.79,450.7267863653583,0.326089337349953,15.414363391377021,3.203122050199305,
ec6e87cbfa,180,1698,11886,118.86,450.23778276878,0.5638401027334248,14.537586069418024,2.770872549522081,
ec6e87cbfa,180,1699,11893,118.93,449.9518940480253,0.36509820045045294,15.483358201267794,2.3509365296469396,
ec6e87cbfa,180,1700,11900,119.0,449.3193954278664,0.2114629343304103,14.568486690048703,1.6564177710810353,
ec6e87cbfa,180,1701,11907,119.07,449.1165420488546,0.28230295364452174,15.142532527086715,2.8624784497958373,
ec6e87cbfa,180,1702,11914,119.14,448.71216498199556,0.43370594763818604,14.872657509849066,4.301542071879515,
ec6e87cbfa,180,1703,11921,119.21,448.0337145085221,0.26494633227037856,15.395163737475073,1.9329498601941397,
ec6e87cbfa,180,1704,11928,119.28,447.8264489645601,0.1515766687813975,14.976224153442494,0.5970778731800053,
ec6e87cbfa,180,1705,11935,119.35,447.76672490600777,0.1466020278272096,14.981974726376391,1.1217833795140906,
ec6e87cbfa,180,1706,11942,119.42,447.71424779692825,0.2128286932422488,14.91015259752114,1.7260992257884158,
ec6e87cbfa,180,1707,11949,119.49,447.49697498243717,0.5057176358666358,14.583323225921252,4.973114251018599,
ec6e87cbfa,180,1708,11956,119.56,446.4475569649562,0.41634397878987045,14.56867581827008,1.4219044750429441,
ec6e87cbfa,180,1709,11963,119.63,445.8433227855094,0.20347271558826924,14.603310729148708,1.3050216231767704,
ec6e87cbfa,180,1710,11970,119.7,445.71226122150847,0.23718567345924288,14.659435241632421,1.7793824916296626,
ec6e87cbfa,180,1711,11977,119.77,445.47450240242915,0.13549095526787328,14.577380022003899,0.8787384261992789,
ec6e87cbfa,180,1712,11984,119.84,445.38438694347417,0.23183629977034148,14.727163165119626,2.2732366752656445,
ec6e87cbfa,180,1713,11991,119.91,445.13685913840754,0.11333363018654123,14.979221456232306,0.5041472035857774,
ec6e87cbfa,180,1714,11998,119.98,445.07847428666,0.3678536761649661,14.770267514591557,3.746485214534301,
ec6e87cbfa,180,1715,12005,120.05,444.4717438621724,0.5792349829084571,14.695169198698387,2.8570585957953925,
ec6e87cbfa,180,1716,12012,120.12,444.36319570439747,0.38126949861405884,14.75518890548806,2.3820664655771484,
ec6e87cbfa,180,1717,12019,120.19,443.8297632834988,0.2506928438252043,14.036164524349356,1.9394919399149542,
ec6e87cbfa,180,1718,12026,120.26,443.6554004643428,0.3527857283007109,13.90529343282738,2.4594265441213787,
ec6e87cbfa,180,1719,12033,120.33,443.18538524281524,0.28719308007518335,13.56134772719458,1.6430440436834115,
ec6e87cbfa,180,1720,12040,120.4,442.873249892573,0.35654867238765703,13.912215783771355,2.526844191067893,
ec6e87cbfa,180,1721,12047,120.47,442.4634832427288,0.34223684994902537,13.755392024311913,1.9255658407088247,
ec6e87cbfa,180,1722,12054,120.54,441.98882910051356,0.348812461235115,13.226044433856886,3.0607152570519136,
ec6e87cbfa,180,1723,12061,120.61,441.499195780882,0.30572193044286416,13.836930280578741,1.2454343786420974,
ec6e87cbfa,180,1724,12068,120.68,441.4657391223815,0.2651606566439739,13.736407887727331,1.0745761070087871,
ec6e87cbfa,180,1725,12075,120.75,441.10870982359927,0.24305765585463135,13.697522323694649,2.446549343513545,
ec6e87cbfa,180,1726,12082,120.82,440.8463264078364,0.17202263233190807,14.001839346061601,1.7304412242669758,
ec6e87cbfa,180,1727,12089,120.89,440.7269324046266,0.1556347080121251,13.648424963580132,0.5614311730756488,
ec6e87cbfa,180,1728,12096,120.96,440.65172708414815,0.1817308281468193,13.723908330680148,1.3560714398883762,
ec6e87cbfa,180,1729,12103,121.03,440.50511490520825,0.25769079779055315,13.500815583453688,2.5262169375825185,
ec6e87cbfa,180,1730,12110,121.1,440.2396606034865,0.3139353946375048,13.350062925132544,2.603867124883358,
ec6e87cbfa,180,1731,12117,121.17,439.85873782406463,0.2934341707073494,13.553120159621168,2.869090948754334,
ec6e87cbfa,180,1732,12124,121.24,439.5484197169376,0.14811279995933824,13.26372366998681,1.160835625800564,
ec6e87cbfa,180,1733,12131,121.31,439.44641007177967,0.3392079168391668,13.132422311829131,2.846090074891366,
ec6e87cbfa,180,1734,12138,121.38,438.93987957737045,0.3375097394975913,13.108756423877436,1.878811244634991,
ec6e87cbfa,180,1735,12145,121.45,438.4035866919362,0.4394669987512043,13.550331658415114,1.5423887773909604,
ec6e87cbfa,180,1736,12152,121.52,438.35595740254786,0.6465630980060648,14.241209304264691,2.7387897670523396,
ec6e87cbfa,180,1737,12159,121.59,438.26176955002217,0.32180653337094883,13.890039025490456,1.5500558840453547,
ec6e87cbfa,180,1738,12166,121.66,437.7957115776154,0.20025476341217063,13.34381084990761,1.873489362019674,
ec6e87cbfa,180,1739,12173,121.73,437.6277091895755,0.32770132398782553,12.855829289423943,1.45162506828874,
ec6e87cbfa,180,1740,12180,121.8,437.5970858768934,0.18720429311298642,12.712367257603699,1.1978267918970684,
ec6e87cbfa,180,1741,12187,121.87,437.45516880828797,0.4692791232440806,12.542888813213873,3.8935081919237557,
ec6e87cbfa,180,1742,12194,121.94,436.3896877372418,0.4754349748913281,13.653429119803388,2.3041679117341545,
ec6e87cbfa,180,1743,12201,122.01,435.5097675453798,0.38948640422393427,13.003528473723449,3.245644682001807,
ec6e87cbfa,180,1744,12208,122.08,434.9209945074324,0.5148699836735203,13.7509063947735,3.9268759212176736,
ec6e87cbfa,180,1745,12215,122.15,433.9304225264935,0.9085168445097221,13.091764407923986,3.832989922481408,
ec6e87cbfa,180,1746,12222,122.22,433.5173563473384,0.496685541776703,15.633338578518241,3.0681594783402315,
ec6e87cbfa,180,1747,12229,122.29,432.439835024717,0.2930487498597996,14.35573567749424,1.1080434128989873,
ec6e87cbfa,180,1748,12236,122.36,432.43252031833515,0.27955695890786436,14.64233532813438,2.0355770676865292,
ec6e87cbfa,180,1749,12243,122.43,432.19587716348997,0.19063205732206753,14.061923668323658,1.1752309115251298,
ec6e87cbfa,180,1750,12250,122.5,432.0426354009546,0.28553831959579573,13.693451712537904,2.712427190367612,
ec6e87cbfa,180,1751,12257,122.57,431.6429914263012,0.25804784201455466,13.472646378042581,2.2231693447590297,
ec6e87cbfa,180,1752,12264,122.64,431.3690884985796,0.18430989261577763,12.731305310264672,1.2671683037746861,
ec6e87cbfa,180,1753,12271,122.71,431.23991917788385,0.1985382937325553,12.838160232122997,0.7232745431738944,
ec6e87cbfa,180,1754,12278,122.78,431.07115873883805,0.2743386930981249,12.651076925048516,2.562117217714224,
ec6e87cbfa,180,1755,12285,122.85,430.80116978206587,0.21821181614964608,12.287654626834,1.6643172632999519,
ec6e87cbfa,180,1756,12292,122.92,430.63747321097105,0.1956881442170109,11.967421995021992,1.504359956026908,
ec6e87cbfa,180,1757,12299,122.99,430.4896358821145,0.11657839113309741,11.997545886242477,0.45902766913226195,
ec6e87cbfa,180,1758,12306,123.06,430.4435327970932,0.17583683341224665,12.010031027909989,1.729693662938541,
ec6e87cbfa,180,1759,12313,123.13,430.32162193344243,0.22971231368240264,11.803110107892717,2.245823990986619,
ec6e87cbfa,180,1760,12320,123.2,430.1284182140671,0.32450949218361963,11.69117734217579,2.5483438584050004,
ec6e87cbfa,180,1761,12327,123.27,429.6407878985256,0.2683704119823506,11.929484515101965,2.057241836756123,
ec6e87cbfa,180,1762,12334,123.34,429.4317190971482,0.8498613003058911,11.708885749774867,3.9227072284877313,
ec6e87cbfa,180,1763,12341,123.41,429.0955503115533,0.46463675548907557,15.451606112268578,3.453411100459225,
ec6e87cbfa,180,1764,12348,123.48,428.0897316516437,0.21124842934623453,12.456127628106517,1.7994560890137443,
ec6e87cbfa,180,1765,12355,123.55,427.9619470489174,0.19513086154281029,12.761292696397426,1.615295473724805,
ec6e87cbfa,180,1766,12362,123.62,427.84661552295495,0.22343317800109933,12.440627549349507,1.4994877906250115,
ec6e87cbfa,180,1767,12369,123.69,427.67760459247285,0.3315424993189488,12.486345995649545,3.150404676090546,
ec6e87cbfa,180,1768,12376,123.76,427.23342054828703,0.29363265284412216,12.134123872793749,2.5769227603500617,
ec6e87cbfa,180,1769,12383,123.83,426.9831855394026,0.1748084059203277,12.450037957803728,1.0702772941152034,
ec6e87cbfa,180,1770,12390,123.9,426.85955075033183,0.26878579144669806,12.191863507323603,1.6791243800950209,
ec6e87cbfa,180,1771,12397,123.97,426.5518273275044,0.2092924722652106,12.61896446632819,1.42631204012257,
ec6e87cbfa,180,1772,12404,124.04,426.3515329523831,0.2672582635173185,12.498797624875563,2.5603267894105532,
ec6e87cbfa,180,1773,12411,124.11,426.00608831180716,0.34555430513468066,13.155170397449035,3.381797142011414,
ec6e87cbfa,180,1774,12418,124.18,425.47929367546203,0.3025030014183124,12.773643640134017,2.895774632126904,
ec6e87cbfa,180,1775,12425,124.25,425.14160401561116,0.2648192257573611,13.053601762301625,1.657577386616747,
ec6e87cbfa,180,1776,12432,124.32,424.90027392166667,0.44086904736248755,13.450487285528682,2.0361307575102607,
ec6e87cbfa,180,1777,12439,124.39,424.8585777014858,0.30801942882542277,13.252028334813001,1.7553737396393014,
ec6e87cbfa,180,1778,12446,124.46,424.42234493222577,0.27177222128419937,13.413690927149533,2.603965233764415,
ec6e87cbfa,180,1779,12453,124.53,424.05757707468734,0.36322300247461436,13.130243781247325,1.800407522814892,
ec6e87cbfa,180,1780,12460,124.6,424.0121946241183,0.4950180464400145,14.700829286233486,4.557683666103018,
ec6e87cbfa,180,1781,12467,124.67,423.0464687103761,0.2131100600570328,13.393731718400865,1.6738819948361365,
ec6e87cbfa,180,1782,12474,124.74,422.8759298375742,0.1752383271992347,13.006954166391846,1.0329878493773093,
ec6e87cbfa,180,1783,12481,124.81,422.78401092646135,0.24621789427699922,13.018089496340135,2.171924627941886,
ec6e87cbfa,180,1784,12488,124.88,422.5265604548998,0.6818921469411031,12.738654812775067,3.1700169113906327,
ec6e87cbfa,180,1785,12495,124.95,422.4993337902755,0.4739479592316751,13.910902990137178,3.5091052955994164,
ec6e87cbfa,180,1786,12502,125.02,421.63347931010173,0.3251640699167482,12.321019835966892,2.4789408990733817,
ec6e87cbfa,180,1787,12509,125.09,421.2340147561416,0.21329572968275626,11.873617904252393,2.025339918023475,
ec6e87cbfa,180,1788,12516,125.16,421.07644609975347,0.23079961102922794,11.851054770446307,1.3414279514006153,
ec6e87cbfa,180,1789,12523,125.23,420.8224527362131,0.3019897329373389,12.025718144568149,3.0590544929562826,
ec6e87cbfa,180,1790,12530,125.3,420.4217066962475,0.1985833074800556,12.000857590468945,1.9255000337832007,
ec6e87cbfa,180,1791,12537,125.37,420.28429118166093,0.12439459404974997,12.183805960159136,0.9402118524270178,
ec6e87cbfa,180,1792,12544,125.44,420.2152170709499,0.21209576429520538,12.241187864217167,1.5998994751380402,
ec6e87cbfa,180,1793,12551,125.51,420.0636176593895,0.3507666770976677,12.380474663126801,2.191995002487392,
ec6e87cbfa,180,1794,12558,125.58,419.56593773649973,0.2067890488442037,12.028255124453036,1.9144566981834208,
ec6e87cbfa,180,1795,12565,125.65,419.4078825147921,0.5150222341479995,12.292019523724852,2.0387057580586596,
ec6e87cbfa,180,1796,12572,125.72,419.32610451183825,0.3254657800953107,13.180043425731798,1.852685008754704,
ec6e87cbfa,180,1797,12579,125.79,418.8951233939285,0.6335523397762294,12.395702308764616,3.0426524175963934,
ec6e87cbfa,180,1798,12586,125.86,418.7137604579736,0.34236288890256034,13.839624183242755,2.3706572679041407,
ec6e87cbfa,180,1799,12593,125.93,418.1820731005157,0.2000068937406438,12.964098154379418,1.9385424114465057,
ec6e87cbfa,180,1800,12600,126.0,418.0748881084917,0.19517413807546488,12.88821089990541,1.6444976982597943,
ec6e87cbfa,180,1801,12607,126.07,417.9186583861644,0.43798831298119495,12.514999808346143,2.0531822317203834,
ec6e87cbfa,180,1802,12614,126.14,417.7792629137661,0.4665138444243057,13.00089679567076,3.605294300494093,
ec6e87cbfa,180,1803,12621,126.21,416.8392544297311,0.2145204109258992,13.258329339998589,1.6600609917946714,
ec6e87cbfa,180,1804,12628,126.28,416.67821560242584,0.2390249497149939,12.83716685714775,1.161249378428927,
ec6e87cbfa,180,1805,12635,126.35,416.40393463449163,0.41433562935244145,12.504795313431353,4.199465840647295,
ec6e87cbfa,180,1806,12642,126.42,415.68732883340044,0.2212874092422132,12.447270644940033,1.7351155002870786,
ec6e87cbfa,180,1807,12649,126.49,415.4706807023339,0.1992455202810667,12.371424933981578,1.96823541493435,
ec6e87cbfa,180,1808,12656,126.56,415.28703956723115,0.18184901251088215,12.491117235513954,1.7434736355430658,
ec6e87cbfa,180,1809,12663,126.63,415.1318493207394,0.165394827514702,12.307798590530574,1.2388943818126859,
ec6e87cbfa,180,1810,12670,126.7,415.0198660879859,0.17285143918859086,12.580186028860734,0.7462415535482321,
ec6e87cbfa,180,1811,12677,126.77,414.87445618202725,0.2814643699212794,12.44409356677012,2.2113140629787194,
ec6e87cbfa,180,1812,12684,126.84,414.68582872771333,0.20820573013293928,13.122940031646348,0.9138146484417963,
ec6e87cbfa,180,1813,12691,126.91,414.5505205095166,0.19495051447648348,12.791178006198194,1.0937647013240923,
ec6e87cbfa,180,1814,12698,126.98,414.37160462705435,0.14379260496218182,12.727604070202842,1.3387411736041819,
ec6e87cbfa,180,1815,12705,127.05,414.2715222323505,0.17807941991627244,12.250880746807752,1.7062812556070743,
ec6e87cbfa,180,1816,12712,127.12,414.2394992589627,0.1690535863245175,12.683634292664498,0.882963085827302,
ec6e87cbfa,180,1817,12719,127.19,414.2342570634468,0.18028603430766688,12.48829529298882,0.40842016016343496,
ec6e87cbfa,180,1818,12726,127.26,414.21666065353827,0.30766498786171825,12.789209117073785,2.059787872634976,
ec6e87cbfa,180,1819,12733,127.33,414.0084078053961,0.2516137064410198,12.20925411340351,1.0508916939067432,
ec6e87cbfa,180,1820,12740,127.4,413.7606975830418,0.36961821667554623,12.205729119775564,2.998298429464461,
ec6e87cbfa,180,1821,12747,127.47,413.19965896640565,0.264022157974065,12.543525980158124,2.2352259653311206,
ec6e87cbfa,180,1822,12754,127.54,412.86939631688915,0.19866990145198232,12.008317081034829,1.0930230972756754,
ec6e87cbfa,180,1823,12761,127.61,412.777408071391,0.2891080389634402,12.649266251463958,2.601791192059221,
ec6e87cbfa,180,1824,12768,127.68,412.4476239425933,0.33186518878601273,12.332897136358307,1.7854604613995357,
ec6e87cbfa,180,1825,12775,127.75,411.8998684940464,0.2330860236340986,12.506060634122985,1.7933372704461676,
ec6e87cbfa,180,1826,12782,127.82,411.65551484913857,0.27195025650627846,12.490310756556143,2.0582875769853444,
ec6e87cbfa,180,1827,12789,127.89,411.4057452362759,0.19529183886886375,12.16483987326787,1.2262350657144163,
ec6e87cbfa,180,1828,12796,127.96,411.2991566438763,0.18803821696386305,12.579976089717537,1.6675120085488782,
ec6e87cbfa,180,1829,12803,128.03,411.1797318777057,0.1588587393520876,12.735827313318849,0.8899651536677158,
ec6e87cbfa,180,1830,12810,128.1,411.1167391774815,0.18011733620001086,12.739682019518096,1.7325167694365808,
ec6e87cbfa,180,1831,12817,128.17,411.01260625798824,0.1089508462265138,12.609758967489618,0.7319185864180878,
ec6e87cbfa,180,1832,12824,128.24,410.95622366637883,0.2550657750885792,12.290852076865946,2.53741058744143,
ec6e87cbfa,180,1833,12831,128.31,410.7384111278525,0.1265722580105217,12.176642583959312,0.6808839247873122,
ec6e87cbfa,180,1834,12838,128.38,410.67476857347503,0.1688539026233392,11.958196286157582,1.5092253760213963,
ec6e87cbfa,180,1835,12845,128.45,410.5948981492806,0.18935798708499377,12.080281217848603,1.4192529849917705,
ec6e87cbfa,180,1836,12852,128.52,410.4502625347337,0.17186373378323644,11.89337043703776,1.5633083508241294,
ec6e87cbfa,180,1837,12859,128.59,410.355503234293,0.26812073967030764,12.249518848350272,1.1055588411990895,
ec6e87cbfa,180,1838,12866,128.66,410.1841918393859,0.222296219486522,12.236172547184468,1.0300024724396084,
ec6e87cbfa,180,1839,12873,128.73,410.053530658139,0.4297574851185326,12.44271882133083,4.308568983816281,
ec6e87cbfa,180,1840,12880,128.8,409.1779151569759,0.23022327372693843,12.403002683165132,1.1812314784841338,
ec6e87cbfa,180,1841,12887,128.87,408.92215312322656,0.18715907855571084,12.61501646193758,1.5652895076004993,
ec6e87cbfa,180,1842,12894,128.94,408.7552396584502,0.2051693498726766,12.778287515029275,2.005234602122022,
ec6e87cbfa,180,1843,12901,129.01,408.5648821864752,0.2889717596397427,12.489789051201909,2.7804257092451423,
ec6e87cbfa,180,1844,12908,129.08,408.19810421213145,0.19268242466535992,12.126807551346289,1.8712445414722338,
ec6e87cbfa,180,1845,12915,129.15,408.019585745455,0.15568412049596866,12.036649180454699,1.5083174353902622,
ec6e87cbfa,180,1846,12922,129.22,407.9268982611675,0.5165023391676461,12.07697682982639,1.1712585910940603,
ec6e87cbfa,180,1847,12929,129.29,407.88472399236315,0.3069456841896345,12.621558305857063,0.8308181176378945,
ec6e87cbfa,180,1848,12936,129.36,407.50595171941086,0.21730652126706504,11.740470723036694,1.134370369263688,
ec6e87cbfa,180,1849,12943,129.43,407.28008088495824,0.39372701987863407,11.928555692917152,1.839025409040682,
ec6e87cbfa,180,1850,12950,129.5,407.23270380613826,0.44697567500020013,12.89089358518405,3.653382843498633,
ec6e87cbfa,180,1851,12957,129.57,406.4470719473913,0.19823445759773642,12.57285275737398,1.8637712746725825,
ec6e87cbfa,180,1852,12964,129.64,406.3425288974036,0.2690540009135535,12.274797777475264,2.5224594836709024,
ec6e87cbfa,180,1853,12971,129.71,406.11426033541494,0.19720071549702767,12.640711923731724,1.753118402894144,
ec6e87cbfa,180,1854,12978,129.78,405.9782221280645,0.518314848064005,12.55955733207963,1.4743841904196495,
ec6e87cbfa,180,1855,12985,129.85,405.86803949338673,0.3421708366036033,13.665511636474246,1.6893025713045893,
ec6e87cbfa,180,1856,12992,129.92,405.37168395389017,0.15163372506908718,13.164372294315838,1.1448727590938956,
ec6e87cbfa,180,1857,12999,129.99,405.26793674213235,0.1315466795711124,12.72144861906007,0.5136508989416214,
ec6e87cbfa,180,1858,13006,130.06,405.26590669178734,0.7752096920350403,12.805513647760877,3.744483142481897,
ec6e87cbfa,180,1859,13013,130.13,405.11504350047994,0.5329123103478617,15.013957499137943,3.3414314645503675,
ec6e87cbfa,180,1860,13020,130.2,404.5738348653725,0.4468564080916544,14.158238130494965,2.2475855531048077,
ec6e87cbfa,180,1861,13027,130.27,404.5405346271164,0.46422698283407615,13.913420907089023,1.701678519067298,
ec6e87cbfa,180,1862,13034,130.34,404.4763661716061,0.5463096201913462,14.212262994709352,1.421203430338954,
ec6e87cbfa,180,1863,13041,130.41,404.02712560844304,0.55055171280883,14.24774685964271,2.599758118238597,
ec6e87cbfa,180,1864,13048,130.48,403.65826512712164,0.5645100900175899,15.356788358718799,3.2348797226533903,
ec6e87cbfa,180,1865,13055,130.55,403.5147388746292,0.5988404584984155,15.200417861908697,2.813154061080505,
ec6e87cbfa,180,1866,13062,130.62,403.1663833720658,0.5586483780364198,15.710079490871546,2.3979536423949566,
ec6e87cbfa,180,1867,13069,130.69,403.0162210733738,0.5657185967107777,14.929946981578375,2.5816154528417044,
ec6e87cbfa,180,1868,13076,130.76,402.47331229502873,0.2472744389595134,14.36839657269566,1.3301770787278215,
ec6e87cbfa,180,1869,13083,130.83,401.8681272697372,0.22159322608722395,13.302775683022217,1.760715899516033,
ec6e87cbfa,180,1870,13090,130.9,401.68376399514415,0.6588720225816871,13.637403750293783,3.182848964155584,
ec6e87cbfa,180,1871,13097,130.97,401.51962409038737,0.44892954167049753,15.69580118611641,2.8346098052246416,
ec6e87cbfa,180,1872,13104,131.04,401.11458665904473,0.3710414965542215,16.206846371599795,2.9268576756699685,
ec6e87cbfa,180,1873,13111,131.11,401.04811645046055,0.5138011515349886,15.250240159755636,2.7074113921706173,
ec6e87cbfa,180,1874,13118,131.18,400.14440591124435,0.3948995539748795,16.617249055953362,1.75330459012414,
ec6e87cbfa,180,1875,13125,131.25,399.86355685926225,0.44581291359252895,16.741849451931635,2.9249157248164845,
ec6e87cbfa,180,1876,13132,131.32,399.3180329941081,0.4903796211464452,17.44035120040597,3.6544147550832196,
ec6e87cbfa,180,1877,13139,131.39,398.6485801491129,0.47017312817612195,16.22872073435338,3.5645334935012847,
ec6e87cbfa,180,1878,13146,131.46,398.0572441023269,0.5582715116746264,17.216531429999694,4.5194647270262,
ec6e87cbfa,180,1879,13153,131.53,396.8321933287478,0.31819385312710635,15.632169902332627,1.869241005729576,
ec6e87cbfa,180,1880,13160,131.6,396.53067533781416,0.428897988290648,16.37027317109067,3.8586571391623528,
ec6e87cbfa,180,1881,13167,131.67,395.7651926443407,0.4318449650764471,15.055626576053074,3.989414451870817,
ec6e87cbfa,180,1882,13174,131.74,394.9725344837997,0.4115858469279928,14.906431892501418,1.7772625836833547,
ec6e87cbfa,180,1883,13181,131.81,394.9450386230572,0.25497749813375714,15.546204562498568,1.74555298791488,
ec6e87cbfa,180,1884,13188,131.88,394.68751591083253,0.21011307657549422,15.15136331401354,1.930257274592514,
ec6e87cbfa,180,1885,13195,131.95,394.5133003019943,0.40867127634915434,15.508814066771825,0.7507467517963851,
ec6e87cbfa,180,1886,13202,132.02,394.5096804326061,0.40620337294073044,16.543377756537897,1.9849777797862949,
ec6e87cbfa,180,1887,13209,132.09,393.7901975219842,0.2225261791228889,15.630214271502796,2.0616615311965942,
ec6e87cbfa,180,1888,13216,132.16,393.6115289751365,0.3388077844854355,16.161893930199493,3.231141380112314,
ec6e87cbfa,180,1889,13223,132.23,393.0737539689744,0.2213268796302735,16.62940127038477,2.0708813498615424,
ec6e87cbfa,180,1890,13230,132.3,392.92507590076,0.448871477979507,16.071983910216083,4.239298733344216,
ec6e87cbfa,180,1891,13237,132.37,392.0418512633117,0.36071324278384237,16.976451316494778,2.903381784842786,
ec6e87cbfa,180,1892,13244,132.44,391.47849640897704,0.32839492717695473,15.875899241414173,2.9874674589023806,
ec6e87cbfa,180,1893,13251,132.51,391.0854680547656,0.266645145206685,16.404009925433556,2.583442590427824,
ec6e87cbfa,180,1894,13258,132.58,390.82969199121914,0.8651965338258328,15.584701540237308,3.6605757784224324,
ec6e87cbfa,180,1895,13265,132.65,390.105242544817,0.5948604953558686,17.552428753894453,5.07615252040939,
ec6e87cbfa,180,1896,13272,132.72,388.4259689428498,0.1521065998786066,17.02901068657534,0.8667352251501583,
ec6e87cbfa,180,1897,13279,132.79,388.3178410051345,0.6074947927415796,16.90245854705246,2.969078650317355,
ec6e87cbfa,180,1898,13286,132.86,388.22652444253004,0.6631937835683203,17.480279080640848,1.0924159677777303,
ec6e87cbfa,180,1899,13293,132.93,387.96975791971875,0.38058562449340966,16.235231152474523,2.763830210872906,
ec6e87cbfa,180,1900,13300,133.0,387.3798128093847,0.2387124659278251,16.975928750061907,2.101052584938562,
ec6e87cbfa,180,1901,13307,133.07,387.16633665272735,0.3185947873102176,17.018186470722853,2.7360626217317914,
ec6e87cbfa,180,1902,13314,133.14,386.88307322787205,0.29937249677867267,16.976788379835995,2.056521379048124,
ec6e87cbfa,180,1903,13321,133.21,386.6146610611558,0.327686102028846,16.590314597302598,1.8870188551771991,
ec6e87cbfa,180,1904,13328,133.28,386.23603372686813,0.48353477606099604,17.026173411465965,4.00940699758851,
ec6e87cbfa,180,1905,13335,133.35,385.37789454569537,0.6159186506869344,16.13192008400171,2.233553713162664,
ec6e87cbfa,180,1906,13342,133.42,385.3612648313146,0.428244009050918,17.51324354045921,2.604765330467005,
ec6e87cbfa,180,1907,13349,133.49,384.44243138613996,0.5400012210756359,15.986976675157056,5.333227154835038,
ec6e87cbfa,180,1908,13356,133.56,383.46496969866655,0.36783108898572225,16.421453259163368,2.7181763233135703,
ec6e87cbfa,180,1909,13363,133.63,382.8594232389732,0.2546213278288283,15.548880678775086,2.3703465692721273,
ec6e87cbfa,180,1910,13370,133.7,382.6539858125393,0.14648089300181197,16.287714676416215,1.1095905122073488,
ec6e87cbfa,180,1911,13377,133.77,382.5736547196946,0.3395339158575754,15.970508772312034,2.8795047097823834,
ec6e87cbfa,180,1912,13384,133.84,382.17497226870415,0.4305139368593948,16.702890510165613,4.119579512770112,
ec6e87cbfa,180,1913,13391,133.91,381.52952030842926,0.36049374644284404,16.438864573528935,3.3616710216539567,
ec6e87cbfa,180,1914,13398,133.98,380.976232503359,0.3125042285356364,16.352349316987898,2.5506242867482647,
ec6e87cbfa,180,1915,13405,134.05,380.5816935511753,0.19860464969416128,15.90121081319705,1.7580721417491403,
ec6e87cbfa,180,1916,13412,134.12,380.4025598608263,0.22309381866650208,15.946391944756272,0.3692641996053695,
ec6e87cbfa,180,1917,13419,134.19,380.25760880436496,0.27512424122535817,15.403457033047959,2.4390352883711066,
ec6e87cbfa,180,1918,13426,134.26,379.9168041040842,0.3028385614589171,15.502883955245391,2.6425361578916524,
ec6e87cbfa,180,1919,13433,134.33,379.4523840147832,0.27780594082437615,15.133899586647415,1.0932511343542404,
ec6e87cbfa,180,1920,13440,134.4,379.2411177998378,0.33336310631515575,15.269297025201983,1.8365772853523503,
ec6e87cbfa,180,1921,13447,134.47,378.67432390861563,0.35215577190988856,15.03786764411827,3.5681403596026624,
ec6e87cbfa,180,1922,13454,134.54,378.23489365565297,0.2006486087372897,15.320171791503114,1.052127002968349,
ec6e87cbfa,180,1923,13461,134.61,378.143074280107,0.4340120031969069,14.915747260812319,3.9476068214235243,
ec6e87cbfa,180,1924,13468,134.68,377.3254741760274,0.3699714799911972,15.280163124458495,3.5197499390788027,
ec6e87cbfa,180,1925,13475,134.75,376.72910789983763,0.27907781065579684,14.923454053689323,2.509400466607605,
ec6e87cbfa,180,1926,13482,134.82,376.36627481799763,0.3428918095077782,14.968750863580459,1.205653525637482,
ec6e87cbfa,180,1927,13489,134.89,376.31348911925045,0.3536934000885084,15.381068085659704,2.407679844207963,
ec6e87cbfa,180,1928,13496,134.96,375.7769937794869,0.2695148334875001,14.80611189865456,2.558520165150034,
ec6e87cbfa,180,1929,13503,135.03,375.44092984234794,0.23433111382314517,15.021703612377705,2.376145436098962,
ec6e87cbfa,180,1930,13510,135.1,375.2494650556803,0.23559396242982916,14.578896630118479,1.091674266555723,
ec6e87cbfa,180,1931,13517,135.17,375.02340197491964,0.3524085741223193,14.903359171616414,2.9876038836052166,
ec6e87cbfa,180,1932,13524,135.24,374.6469859910656,0.3996452303582423,15.310958127276566,3.7571991792205095,
ec6e87cbfa,180,1933,13531,135.31,374.03067745886705,0.2691437740086503,15.425180882713295,2.222197394489279,
ec6e87cbfa,180,1934,13538,135.38,373.8274956693381,0.2380274074507837,16.117823410244196,0.8758127565429512,
ec6e87cbfa,180,1935,13545,135.45,373.6258304343833,0.3333743087129602,15.897954108377089,3.250198849069299,
ec6e87cbfa,180,1936,13552,135.52,373.23447024102194,0.18623673876624985,15.95972782526638,1.3614197987053211,
ec6e87cbfa,180,1937,13559,135.59,373.1446466460929,0.373394076887011,15.743116725496755,3.3966975050556147,
ec6e87cbfa,180,1938,13566,135.66,372.61915079066716,0.296009255051272,16.16652704613145,2.14597614817005,
ec6e87cbfa,180,1939,13573,135.73,372.294572887694,0.3611547513316779,15.667174898584415,3.072279813315827,
ec6e87cbfa,180,1940,13580,135.8,371.7463568056086,0.2958101673908275,15.96975928153045,2.8113459212418523,
ec6e87cbfa,180,1941,13587,135.87,371.48157089839407,0.23428280618329234,16.883121646489414,2.053483661858164,
ec6e87cbfa,180,1942,13594,135.94,371.27748979969874,0.4243567911326674,16.580095475814296,3.720445679860065,
ec6e87cbfa,180,1943,13601,136.01,370.6950202905573,0.42932748385730685,16.406862320375147,3.966050337375009,
ec6e87cbfa,180,1944,13608,136.08,369.868300598324,0.25027763545014625,15.08766604441463,1.3469836639415036,
ec6e87cbfa,180,1945,13615,136.15,369.7228174378448,0.2753619385500167,15.155963111121153,1.548755750576332,
ec6e87cbfa,180,1946,13622,136.22,369.48877041015885,0.47138063315417245,15.14633541345882,4.354403855679937,
ec6e87cbfa,180,1947,13629,136.29,368.84401118722764,0.3064612031862047,14.180045899134505,1.7121629829712632,
ec6e87cbfa,180,1948,13636,136.36,368.6875494690627,0.2764071098707598,13.94711073853782,1.8633905949172935,
ec6e87cbfa,180,1949,13643,136.43,368.54101403082103,0.2295380146386189,13.706823485989649,1.105673558888991,
ec6e87cbfa,180,1950,13650,136.5,368.50947783000504,0.31752285631556754,13.94998670180466,2.4322410702409387,
ec6e87cbfa,180,1951,13657,136.57,368.3706097414317,0.3559100444984918,14.317018243203671,2.6239743776206934,
ec6e87cbfa,180,1952,13664,136.64,368.0050260214429,0.3341641856427934,13.884258995408052,1.863717541003488,
ec6e87cbfa,180,1953,13671,136.71,367.8830633866407,0.14929982818388057,14.297859087597695,0.8644973679134584,
ec6e87cbfa,180,1954,13678,136.78,367.66961120868814,0.2359637615877681,13.630892017103124,2.3512605573275454,
ec6e87cbfa,180,1955,13685,136.85,367.5399032465424,0.2234608834292585,13.593512740449773,1.311516701140693,
ec6e87cbfa,180,1956,13692,136.92,367.43087160546065,0.27159977842448796,13.282659689890272,2.0160801037951197,
ec6e87cbfa,180,1957,13699,136.99,367.09970239034385,0.24054396437561817,13.217808047038966,2.097194762194384,
ec6e87cbfa,180,1958,13706,137.06,366.8619428716735,0.271620466903017,12.963344256338273,1.650893517082322,
ec6e87cbfa,180,1959,13713,137.13,366.6450924598041,0.4503167486796865,13.491122153051174,3.4995902368523364,
ec6e87cbfa,180,1960,13720,137.2,366.02480439084815,0.28233100444061193,13.941577914717227,1.7055257413016953,
ec6e87cbfa,180,1961,13727,137.27,365.81802974556854,0.6843558018476913,13.331345099462183,2.6084657251924948,
ec6e87cbfa,180,1962,13734,137.34,365.76032389279686,0.4534957121030904,14.810387436026025,2.284664992517926,
ec6e87cbfa,180,1963,13741,137.41,365.23288372315324,0.4336035201774026,13.76818451901557,3.2112323334228727,
ec6e87cbfa,180,1964,13748,137.48,364.7231833376795,0.29504692639923386,14.559757172274123,2.000414316339735,
ec6e87cbfa,180,1965,13755,137.55,364.4192437873106,0.20173348627505341,13.759600190782754,1.434268739975224,
ec6e87cbfa,180,1966,13762,137.62,364.2996825729357,0.29739363299044075,14.405029593190966,2.4659592121100777,
ec6e87cbfa,180,1967,13769,137.69,363.9832203179726,0.17688594692684179,14.317537006115526,1.0758871401766212,
ec6e87cbfa,180,1968,13776,137.76,363.90996257061533,0.18733033965231127,14.666599293323923,1.4323597504542034,
ec6e87cbfa,180,1969,13783,137.83,363.79795968164626,0.28339602394948243,14.670978889498924,2.167995268078093,
ec6e87cbfa,180,1970,13790,137.9,363.54722845658125,0.3614489874338075,16.11428345022489,2.324500775546153,
ec6e87cbfa,180,1971,13797,137.97,363.31650597533206,0.4531221348687177,15.397087056666923,2.7932988078859853,
ec6e87cbfa,180,1972,13804,138.04,362.5776679473865,0.396856266886053,16.034220651746256,3.079708987758627,
ec6e87cbfa,180,1973,13811,138.11,362.13008224061446,0.3689172047994203,15.567571535904388,2.818227809664718,
ec6e87cbfa,180,1974,13818,138.18,361.65355794188895,0.6345513769727062,16.25274545938015,1.1377389680724233,
ec6e87cbfa,180,1975,13825,138.25,361.55565329400093,0.3614460325904623,16.911544496855452,2.4773591714819307,
ec6e87cbfa,180,1976,13832,138.32,360.9631268850569,0.15999750101039834,16.13037944635326,1.030852025420856,
ec6e87cbfa,180,1977,13839,138.39,360.8584876012965,0.34612284915609093,15.823189252496038,2.2145726414287434,
ec6e87cbfa,180,1978,13846,138.46,360.40934308359965,0.2633568512427025,15.57535485726422,2.134835768545896,
ec6e87cbfa,180,1979,13853,138.53,360.1389031146965,0.4370283752029527,15.436953914977611,3.4076297525281447,
ec6e87cbfa,180,1980,13860,138.6,359.36071813328317,0.16109254705304146,14.04834037056303,1.249900852550073,
ec6e87cbfa,180,1981,13867,138.67,359.2831239868634,0.25972052788329725,14.22272642770588,2.1077625922827354,
ec6e87cbfa,180,1982,13874,138.74,359.08015939753477,0.4566692242193557,13.524707509308177,3.2378711845212393,
ec6e87cbfa,180,1983,13881,138.81,358.30261633040664,0.2343164164686148,13.64364307304843,1.9084883008119569,
ec6e87cbfa,180,1984,13888,138.88,358.12189316716837,0.35359023271735607,13.028707254824477,2.2053071723442557,
ec6e87cbfa,180,1985,13895,138.95,357.59552805716834,0.2147048422998965,13.852103666750612,0.9467232400813373,
ec6e87cbfa,180,1986,13902,139.02,357.40139017128166,0.3024475214087963,13.914518713201355,1.9147442640550756,
ec6e87cbfa,180,1987,13909,139.09,357.2317476905856,0.3161495148362368,14.133500632781354,0.9808173479160169,
ec6e87cbfa,180,1988,13916,139.16,356.900231274539,0.21462648304068857,13.92137776952193,1.2602755018816427,
ec6e87cbfa,180,1989,13923,139.23,356.7612089988086,0.21991366553083072,14.297579344819361,1.7595149690622454,
ec6e87cbfa,180,1990,13930,139.3,356.6354156198997,0.3174851024310051,14.571025086413671,1.7771195267953144,
ec6e87cbfa,180,1991,13937,139.37,356.3169600994604,0.2328255511045856,14.23889784296838,1.8808092058117287,
ec6e87cbfa,180,1992,13944,139.44,356.15293632596956,0.1920326934972571,14.47258291498334,1.434103596223557,
ec6e87cbfa,180,1993,13951,139.51,356.06266060474826,0.34942657907093666,13.722242574281202,3.0289119142670886,
ec6e87cbfa,180,1994,13958,139.58,355.44460219480163,0.3675203832699068,13.70619101524161,2.9489249987574713,
ec6e87cbfa,180,1995,13965,139.65,354.87109014648695,0.2868455950229008,14.095378387934662,1.1125703924942631,
ec6e87cbfa,180,1996,13972,139.72,354.6059472498928,0.17343058061259073,12.68859096390692,1.2110202050511933,
ec6e87cbfa,180,1997,13979,139.79,354.458081104413,0.25898765231571746,13.024595857889716,2.5619988642301155,
ec6e87cbfa,180,1998,13986,139.86,354.17350600727923,0.2684782189534797,13.11772598236847,2.476420315873844,
ec6e87cbfa,180,1999,13993,139.93,353.91607632731416,0.16361111661358865,12.834902756906358,0.8878403300974225,
ec6e87cbfa,180,2000,14000,140.0,353.8674557847916,0.3780687425010858,12.520349452372953,3.736805180161662,
ec6e87cbfa,180,2001,14007,140.07,353.50798240116575,0.30091540670030276,13.268421046677638,2.158807314420372,
ec6e87cbfa,180,2002,14014,140.14,353.4642130052782,0.3990633196850854,12.327093104067133,3.001502823792967,
ec6e87cbfa,180,2003,14021,140.21,353.1513318125217,0.34462073079662253,12.640815862896568,1.3139321830522437,
ec6e87cbfa,180,2004,14028,140.28,352.9656074230071,0.42695694031585646,11.775141506156777,3.041848039217509,
ec6e87cbfa,180,2005,14035,140.35,352.7351173004268,0.18510691222595968,13.563635869118759,1.4924789157803557,
ec6e87cbfa,180,2006,14042,140.42,352.3892943428379,0.15648520200438198,11.883874990499214,1.423001534259315,
ec6e87cbfa,180,2007,14049,140.49,352.30266229424257,0.27946622588124004,11.817536191160158,2.722603318211631,
ec6e87cbfa,180,2008,14056,140.56,352.00989135057637,0.31979346591246355,12.50869917154628,2.130587013984922,
ec6e87cbfa,180,2009,14063,140.63,351.7588214377402,0.29959170229026005,11.736961260126664,2.3182963454827887,
ec6e87cbfa,180,2010,14070,140.7,351.4336081794799,0.24491508452626942,12.546874308067729,1.46760124617884,
ec6e87cbfa,180,2011,14077,140.77,351.2801516807531,0.2416034102894271,11.917948619639093,1.937889402558614,
ec6e87cbfa,180,2012,14084,140.84,351.09655998520907,0.1657747380225312,12.393823805621903,1.2638142348965262,
ec6e87cbfa,180,2013,14091,140.91,351.03028110402397,0.28454254677354945,12.018408997207668,2.5864028566256976,
ec6e87cbfa,180,2014,14098,140.98,350.7441759043599,0.26430127205436965,12.40036450517965,2.2960377551876636,
ec6e87cbfa,180,2015,14105,141.05,350.45193640332985,0.41583093069464866,11.573823834970565,3.9375098419498933,
ec6e87cbfa,180,2016,14112,141.12,349.673919287469,0.38525103298959734,11.892452130701022,3.6673229650957313,
ec6e87cbfa,180,2017,14119,141.19,348.9554162314791,0.15782134895624408,11.522501133300048,1.5970947691532291,
ec6e87cbfa,180,2018,14126,141.26,348.86158790788585,0.11772038465990632,11.690286351101593,1.1617982682655401,
ec6e87cbfa,180,2019,14133,141.33,348.81428249840445,0.21536345216922528,11.39173559491662,1.7380289464802179,
ec6e87cbfa,180,2020,14140,141.4,348.6637210608771,0.15004038329256364,11.2745632924214,0.6692707826152829,
ec6e87cbfa,180,2021,14147,141.47,348.61903213998966,0.22317173472217935,11.296818936779374,1.5144889925599205,
ec6e87cbfa,180,2022,14154,141.54,348.4089197101793,0.21638468876952166,11.256877273184532,1.8616312340383978,
ec6e87cbfa,180,2023,14161,141.61,348.17215490411576,0.24630267088584779,11.354703968983745,2.446282353361562,
ec6e87cbfa,180,2024,14168,141.68,347.97611332155964,0.17412869399877168,11.453488853771326,1.3649149175916984,
ec6e87cbfa,180,2025,14175,141.75,347.86497330489505,0.12139182538874009,11.40137560450945,0.7293101096711826,
ec6e87cbfa,180,2026,14182,141.82,347.7895539695968,0.20022458282677844,11.817201446612254,1.538148673873873,
ec6e87cbfa,180,2027,14189,141.89,347.616327193882,0.27078281568153273,12.145555351029204,1.9116681842592465,
ec6e87cbfa,180,2028,14196,141.96,347.3970221687035,0.254351146305226,12.096569812900782,2.015532221182197,
ec6e87cbfa,180,2029,14203,142.03,347.2324318077185,0.29876527004567704,12.533709938877307,2.6609476754881323,
ec6e87cbfa,180,2030,14210,142.1,346.9847005883164,0.24437395577138007,12.06629952982982,1.9872568306618341,
ec6e87cbfa,180,2031,14217,142.17,346.7932358394736,0.27697729770395685,12.028520424867272,2.476114387921378,
ec6e87cbfa,180,2032,14224,142.24,346.4249758315992,0.38303744098949866,12.591394248266203,3.7865325241196026,
ec6e87cbfa,180,2033,14231,142.31,345.8637415496114,0.3540042448193453,12.58308371168652,3.3462153023992545,
ec6e87cbfa,180,2034,14238,142.38,345.53063286661575,0.27809963906136226,12.040136555696487,1.4585427152738166,
ec6e87cbfa,180,2035,14245,142.45,345.33669176656485,0.306456016894291,11.757536032726911,2.3911088771754705,
ec6e87cbfa,180,2036,14252,142.52,344.9059809597642,0.16739151564563334,11.598001553197246,1.0462411978965969,
ec6e87cbfa,180,2037,14259,142.59,344.8010524391849,0.17087028339626611,11.4086016683702,1.631140459515646,
ec6e87cbfa,180,2038,14266,142.66,344.71672662829434,0.3112206104531247,11.6664449672754,1.888261333726342,
ec6e87cbfa,180,2039,14273,142.73,344.2803400988239,0.14638008089828547,12.445479486204682,1.3631356891395006,
ec6e87cbfa,180,2040,14280,142.8,344.2159966863736,0.24635684210476777,12.229292482870159,2.46765878872128,
ec6e87cbfa,180,2041,14287,142.87,344.0416929836061,0.2872194402422591,12.60387297776618,2.275802904724646,
ec6e87cbfa,180,2042,14294,142.94,343.84937082343833,0.23574745573865136,12.838513298602287,1.563373831290793,
ec6e87cbfa,180,2043,14301,143.01,343.78451193441373,0.23902799364589722,12.822337085155068,0.9784554526189689,
ec6e87cbfa,180,2044,14308,143.08,343.700590728838,0.2729504050872256,12.640025519124162,1.1532803294520138,
ec6e87cbfa,180,2045,14315,143.15,343.6598797833888,0.3713812325070547,12.287141386413365,2.643256810403296,
ec6e87cbfa,180,2046,14322,143.22,343.307926644505,0.36443711133411344,11.71191426664764,1.6253658489728182,
ec6e87cbfa,180,2047,14329,143.29,342.9095069258787,0.2915209340889821,11.989767009022827,2.440000555726842,
ec6e87cbfa,180,2048,14336,143.36,342.6180555530872,0.19212420999998286,12.204301309147642,0.9792679857303189,
ec6e87cbfa,180,2049,14343,143.43,342.55147675954237,0.16515797760940984,12.03057498977729,0.9398317577842434,
ec6e87cbfa,180,2050,14350,143.5,342.4702334867421,0.3061415531009043,12.009222776356257,2.705667512881767,
ec6e87cbfa,180,2051,14357,143.57,342.0650761573651,0.3198255824305519,11.945208401428648,3.1500192566709546,
ec6e87cbfa,180,2052,14364,143.64,341.8423734565942,0.26013842080560434,11.683997594602635,0.9057796888957655,
ec6e87cbfa,180,2053,14371,143.71,341.7253478203218,0.3157453535477883,11.851806600445919,2.6269607930690273,
ec6e87cbfa,180,2054,14378,143.78,341.5612314374618,0.2764667172563939,12.940259067711551,0.8891852226924032,
ec6e87cbfa,180,2055,14385,143.85,341.4786201185785,0.2636673366403984,12.485455798804681,1.0710972341807432,
ec6e87cbfa,180,2056,14392,143.92,341.46653386260056,0.39350562765910674,13.024629475770595,3.1695225429774685,
ec6e87cbfa,180,2057,14399,143.99,341.1411699625639,0.38331645122354047,12.351478661079865,2.684229534244531,
ec6e87cbfa,180,2058,14406,144.06,340.8865680063842,0.3156622127147699,12.750339477245756,1.7862821791406909,
ec6e87cbfa,180,2059,14413,144.13,340.63176604734866,0.32762415551328045,11.592093613299784,2.549476698477952,
ec6e87cbfa,180,2060,14420,144.2,340.2808492998479,0.3708454109979059,11.862058626659792,3.346585268675679,
ec6e87cbfa,180,2061,14427,144.27,339.8550039220398,0.29206238314706173,11.435123182477305,2.2232748748194937,
ec6e87cbfa,180,2062,14434,144.34,339.4889931278139,0.26248650393061196,11.515218717768933,2.2126877791538933,
ec6e87cbfa,180,2063,14441,144.41,339.23960995835563,0.15951474584813163,11.001476132790316,1.1942915513335135,
ec6e87cbfa,180,2064,14448,144.48,339.1630215484499,0.0990404735918618,10.982632260004367,0.25404589038003544,
ec6e87cbfa,180,2065,14455,144.55,339.13119530733684,0.26575180660008174,10.826807294073594,1.3101496271091317,
ec6e87cbfa,180,2066,14462,144.62,338.8638963646614,0.1836814452086249,10.447021422408682,1.2388211454003337,
ec6e87cbfa,180,2067,14469,144.69,338.7141520683988,0.3015086116287555,10.894796860555337,2.787665117718429,
ec6e87cbfa,180,2068,14476,144.76,338.4836226798665,0.2783970006443674,11.760739793664328,2.2783792940431513,
ec6e87cbfa,180,2069,14483,144.83,338.15706404090514,0.15500970265884065,11.259410997068121,1.271717647008272,
ec6e87cbfa,180,2070,14490,144.9,338.08916514030574,0.7320136317060226,11.583279315711453,2.446577477162725,
ec6e87cbfa,180,2071,14497,144.97,337.76041647989547,0.5080296476412661,14.200274098157252,2.7087702118799903,
ec6e87cbfa,180,2072,14504,145.04,336.9174431286255,0.3441221429924514,13.12123122085622,2.884139651271303,
ec6e87cbfa,180,2073,14511,145.11,336.3758510727561,0.2015926294370296,11.595766614213879,0.8680810545836292,
ec6e87cbfa,180,2074,14518,145.18,336.19203862188664,0.20337210451852736,12.027438564185287,2.0052372166050065,
ec6e87cbfa,180,2075,14525,145.25,336.047062467985,0.2820493069303491,11.782348327546474,2.6123803539800035,
ec6e87cbfa,180,2076,14532,145.32,335.6678210568436,0.28126049303750067,11.951371340594084,1.9353681453533003,
ec6e87cbfa,180,2077,14539,145.39,335.3988477814222,0.24754729206340945,12.156656410062613,2.315520985035599,
ec6e87cbfa,180,2078,14546,145.46,335.17359245034,0.36003830916233764,12.180133732971234,3.260619305242206,
ec6e87cbfa,180,2079,14553,145.53,334.80109100126987,0.3274868115025962,12.052398820351907,3.043115443236711,
ec6e87cbfa,180,2080,14560,145.6,334.4067629908295,0.17111139308070128,11.952341500148348,1.4591951210098633,
ec6e87cbfa,180,2081,14567,145.67,334.3285184635936,0.3943197667631005,11.852676106057375,3.004827270828265,
ec6e87cbfa,180,2082,14574,145.74,333.7013027273083,0.2683348690573105,10.968125012778128,2.1728960461304294,
ec6e87cbfa,180,2083,14581,145.81,333.6032931724044,0.35591089204945,11.682603982376591,2.912988866262138,
ec6e87cbfa,180,2084,14588,145.88,333.09163101282786,0.2510662541222773,10.812131402562036,1.2635082270896407,
ec6e87cbfa,180,2085,14595,145.95,332.8667932650025,0.2782057988469238,11.319619562763293,2.4275773853458706,
ec6e87cbfa,180,2086,14602,146.02,332.7336407060963,0.2382285052454295,11.709223973966365,1.2333496945782438,
ec6e87cbfa,180,2087,14609,146.09,332.6679261349582,0.23399533027159677,11.427443036527052,1.1419792922133143,
ec6e87cbfa,180,2088,14616,146.16,332.48372896563836,0.21449689818739429,11.3965192743963,1.7868668330207849,
ec6e87cbfa,180,2089,14623,146.23,332.323700023169,0.1710473279784114,11.043549028024863,1.2952824597825991,
ec6e87cbfa,180,2090,14630,146.3,332.18640059169473,0.1951557239546827,10.805188704922788,1.1454875327838625,
ec6e87cbfa,180,2091,14637,146.37,332.0691543671354,0.11460717945618379,11.250840618651234,0.6204567687040912,
ec6e87cbfa,180,2092,14644,146.44,332.03283572681295,0.2206630526461884,10.892246464988288,1.1078837968933446,
ec6e87cbfa,180,2093,14651,146.51,331.8197519903798,0.27559845803314675,11.025224598914441,2.2498850751171235,
ec6e87cbfa,180,2094,14658,146.58,331.6473347199382,0.35585429058392715,11.303485634317278,1.244045196961129,
ec6e87cbfa,180,2095,14665,146.65,331.22615249632565,0.31414892835429886,10.861616327616964,2.040105042816827,
ec6e87cbfa,180,2096,14672,146.72,330.93144465174913,0.23820000892378584,10.92550550282565,1.1904110863598831,
ec6e87cbfa,180,2097,14679,146.79,330.8132942832196,0.22236206281940815,10.568462269853143,1.1106515278923903,
ec6e87cbfa,180,2098,14686,146.86,330.6366150399106,0.17041223185462476,10.158096158624533,1.3288341399758694,
ec6e87cbfa,180,2099,14693,146.93,330.5214181302188,0.24443669292754558,10.389965184682469,2.385932654017761,
ec6e87cbfa,180,2100,14700,147.0,330.2785807748402,0.14787611390835617,10.415884836235103,0.9256545057076686,
ec6e87cbfa,180,2101,14707,147.07,330.2553706590705,0.22799860746900338,10.920545823763591,1.9498914243202132,
ec6e87cbfa,180,2102,14714,147.14,330.1197317097649,0.26482304091111897,10.481737586126387,2.4143388324254507,
ec6e87cbfa,180,2103,14721,147.21,329.89285559865164,0.1462679769978189,11.161230569350005,0.7016711263401172,
ec6e87cbfa,180,2104,14728,147.28,329.8247556977236,0.3334332987420996,10.846065812731812,2.7618913817746287,
ec6e87cbfa,180,2105,14735,147.35,329.2729147132979,0.2864178159927844,10.820799921805408,2.899707453025812,
ec6e87cbfa,180,2106,14742,147.42,328.8642631296386,0.5023925312148274,10.769837840232329,1.0821176055893023,
ec6e87cbfa,180,2107,14749,147.49,328.7473103080189,0.3303307279990886,12.207988550238968,2.067421970067722,
ec6e87cbfa,180,2108,14756,147.56,328.27395677510583,0.303977969532997,11.284266167983374,2.9472397844427904,
ec6e87cbfa,180,2109,14763,147.63,328.04444360337436,0.18063905725209758,11.405383369814786,0.5942502702635111,
ec6e87cbfa,180,2110,14770,147.7,327.9278205644685,0.1288854698989969,10.698456363857375,1.06561723192744,
ec6e87cbfa,180,2111,14777,147.77,327.8521094551437,0.17969343456918166,10.667938235685236,1.7314394707848375,
ec6e87cbfa,180,2112,14784,147.84,327.813927380307,0.17855365323395508,11.447633526986985,1.1261848242172348,
ec6e87cbfa,180,2113,14791,147.91,327.7777183667058,0.15804202510930052,10.441283319780764,0.5782641647690201,
ec6e87cbfa,180,2114,14798,147.98,327.7246396086333,0.27108412050926917,11.190067958197533,2.503726344849568,
ec6e87cbfa,180,2115,14805,148.05,327.46318946718554,0.29155148671388126,10.982831013349196,2.781214036538591,
ec6e87cbfa,180,2116,14812,148.12,327.0841949505192,0.2852971952119118,11.53551918864111,2.7052439367307124,
ec6e87cbfa,180,2117,14819,148.19,326.8006176416399,0.13219314440720056,11.746941663540273,0.7606976570743734,
ec6e87cbfa,180,2118,14826,148.26,326.73693667985833,0.27264750879299454,11.419318585889808,2.623808510910116,
ec6e87cbfa,180,2119,14833,148.33,326.58401564429386,0.34477679221650204,11.788034619005039,1.5419370569676332,
ec6e87cbfa,180,2120,14840,148.4,326.1907882684147,0.3561595573444162,10.993495527694806,2.368997283682958,
ec6e87cbfa,180,2121,14847,148.47,325.63707054727024,0.1549606438897469,11.493155490211539,1.430453010296166,
ec6e87cbfa,180,2122,14854,148.54,325.54278085933845,0.18433406144603037,11.149306577503635,1.8424778860764728,
ec6e87cbfa,180,2123,14861,148.61,325.39113138285137,0.27487102998624147,11.318513004143956,2.7448129990834365,
ec6e87cbfa,180,2124,14868,148.68,325.10452059934096,0.17115023886002614,11.313415523810601,1.350405087621366,
ec6e87cbfa,180,2125,14875,148.75,324.9933229544312,0.17152231792230774,11.049288090166304,1.722307698413521,
ec6e87cbfa,180,2126,14882,148.82,324.8437261588781,0.1564084754269765,10.955299722817058,1.5025543804214456,
ec6e87cbfa,180,2127,14889,148.89,324.7314018407003,0.20378539579960958,11.102464147223598,1.9847002366707351,
ec6e87cbfa,180,2128,14896,148.96,324.5402758194109,0.22420601750950492,10.796196599441894,1.48749156775381,
ec6e87cbfa,180,2129,14903,149.03,324.31662695302373,0.26522946808776643,10.819566996567223,2.23469652539401,
ec6e87cbfa,180,2130,14910,149.1,324.08099379113435,0.21737421788169392,10.842311610385323,1.8455758602218684,
ec6e87cbfa,180,2131,14917,149.17,323.9956286784666,0.20602459470889511,10.90546949290381,1.366433136341787,
ec6e87cbfa,180,2132,14924,149.24,323.9008376859426,0.22056192051970194,10.301139481268049,1.926257838783482,
ec6e87cbfa,180,2133,14931,149.31,323.6895291397375,0.21028498848318258,10.974897679051878,1.959329200210952,
ec6e87cbfa,180,2134,14938,149.38,323.5364287033341,0.19737589149134113,10.962548247743838,1.9353033018833583,
ec6e87cbfa,180,2135,14945,149.45,323.4432633486988,0.1949901632089669,11.287700871347724,1.5478726662824542,
ec6e87cbfa,180,2136,14952,149.52,323.34287110008825,0.21101497333511124,10.820637278683977,1.674008591029453,
ec6e87cbfa,180,2137,14959,149.59,323.2036262934619,0.21536080221174186,10.728604378395037,1.5718980835097796,
ec6e87cbfa,180,2138,14966,149.66,323.06458351726275,0.17945684750465227,10.959766005408436,1.1606146444223058,
ec6e87cbfa,180,2139,14973,149.73,322.97744895557787,0.2115953276870068,11.092560676286704,1.8306166033220417,
ec6e87cbfa,180,2140,14980,149.8,322.8534354514649,0.23892894268599701,11.28289019056789,1.098171137946475,
ec6e87cbfa,180,2141,14987,149.87,322.69055883856373,0.22506959600351623,11.238839697730201,1.6330047626097755,
ec6e87cbfa,180,2142,14994,149.94,322.5557251757159,0.2039199607391649,11.516387794400783,0.5993432792398058,
ec6e87cbfa,180,2143,15001,150.01,322.439599722071,0.14142584391909352,10.703718377133008,0.8961303168381943,
ec6e87cbfa,180,2144,15008,150.08,322.37349414048845,0.2884829421039611,10.732685088890415,1.5194047801953798,
ec6e87cbfa,180,2145,15015,150.15,322.07290526943814,0.23789057876114464,11.13873971049425,1.939371929881445,
ec6e87cbfa,180,2146,15022,150.22,321.83201315793644,0.21816998191753567,10.761275702040795,1.856112341065439,
ec6e87cbfa,180,2147,15029,150.29,321.6569951778866,0.09536571819496452,10.59858233979664,0.6743635727855325,
ec6e87cbfa,180,2148,15036,150.36,321.63613114316416,0.15344092507676665,10.427923303715293,1.4839445799938986,
ec6e87cbfa,180,2149,15043,150.43,321.5252183184749,0.2725932996413541,10.463410751947128,2.766961712067303,
ec6e87cbfa,180,2150,15050,150.5,321.2406307396502,0.17485912529513858,10.023808877649232,1.027249234260404,
ec6e87cbfa,180,2151,15057,150.57,321.12238472485313,0.16950280346905477,10.12932104804974,1.5040418113318814,
ec6e87cbfa,180,2152,15064,150.64,321.0300751565906,0.250465302264611,10.004382232155077,2.2831621327212694,
ec6e87cbfa,180,2153,15071,150.71,320.7533958083468,0.2892500429320367,10.383392247583629,1.6569073917575257,
ec6e87cbfa,180,2154,15078,150.78,320.4329289765268,0.16340487247978067,10.340552007525705,0.9252657844341787,
ec6e87cbfa,180,2155,15085,150.85,320.3371159355276,0.15049156656721208,10.276770049661758,1.2403609875526833,
ec6e87cbfa,180,2156,15092,150.92,320.2601977384935,0.10088910361517713,10.056009176242679,0.7918391798356442,
ec6e87cbfa,180,2157,15099,150.99,320.21885927830533,0.27923819391690285,10.055963370802406,2.8559681254610667,
ec6e87cbfa,180,2158,15106,151.06,319.9384116048877,0.20048661498553555,10.243807657088078,0.5753442785761602,
ec6e87cbfa,180,2159,15113,151.13,319.8337880949524,0.15026268731293652,9.855370390670513,1.0735341251950121,
ec6e87cbfa,180,2160,15120,151.2,319.7667628033138,0.15639489675212823,10.115894301910066,0.3914313220397882,
ec6e87cbfa,180,2161,15127,151.27,319.6782720628823,0.3227580869884401,10.009671223397321,2.5901174714042887,
ec6e87cbfa,180,2162,15134,151.34,319.27307890788256,0.18725563682308882,9.669446548882082,1.777256648818666,
ec6e87cbfa,180,2163,15141,151.41,319.16881134013187,0.1602917046223,9.681168703418868,1.3020651817400068,
ec6e87cbfa,180,2164,15148,151.48,319.07687374055996,0.20181768575032352,9.222579927013168,1.5746979298089583,
ec6e87cbfa,180,2165,15155,151.55,318.89178750911356,0.14142677760910957,9.703532678780551,1.2917321150299532,
ec6e87cbfa,180,2166,15162,151.62,318.8265676056669,0.10592797497551777,9.508835561927489,0.8006911259992232,
ec6e87cbfa,180,2167,15169,151.69,318.78105112500896,0.10817544797964043,9.727222514577823,1.0339408549618503,
ec6e87cbfa,180,2168,15176,151.76,318.736867718711,0.18253922823325502,9.535923273808393,1.8304216996066647,
ec6e87cbfa,180,2169,15183,151.83,318.61465362114853,0.1402284559402739,9.850354789524161,0.7093625682932657,
ec6e87cbfa,180,2170,15190,151.9,318.557353384677,0.17558705562365784,9.513002402702313,0.7588014976710981,
ec6e87cbfa,180,2171,15197,151.97,318.46121293608905,0.2192172816017839,9.732560565200584,1.1119519078408775,
ec6e87cbfa,180,2172,15204,152.04,318.2754447772401,0.2769759260559026,9.942347477624516,2.674839921480937,
ec6e87cbfa,180,2173,15211,152.11,318.03428117861534,0.3163933937064415,10.445311215195375,2.830815574550444,
ec6e87cbfa,180,2174,15218,152.18,317.7432876627521,0.19316901278391457,9.980957125856158,1.0876515697860527,
ec6e87cbfa,180,2175,15225,152.25,317.666204026123,0.1811184953716757,9.863273721123521,1.2516672284460326,
ec6e87cbfa,180,2176,15232,152.32,317.5538013417551,0.16785051746351137,10.020131098565884,1.3340508213520852,
ec6e87cbfa,180,2177,15239,152.39,317.4961948082562,0.4388165912510675,9.885846406786241,3.232274184889764,
ec6e87cbfa,180,2178,15246,152.46,316.75048288713555,0.2756352220282219,10.159842430442035,1.7768669845311547,
ec6e87cbfa,180,2179,15253,152.53,316.6102132600441,0.24375429552254446,9.863958044577664,1.5028032497933606,
ec6e87cbfa,180,2180,15260,152.6,316.4307087121688,0.2519597650700086,10.250090640819202,2.061410131784459,
ec6e87cbfa,180,2181,15267,152.67,316.18915846489176,0.29004927664700697,9.911818717076661,2.5892432402008483,
ec6e87cbfa,180,2182,15274,152.74,315.7676855967445,0.13656206465141488,10.218076900083501,0.5098563135291853,
ec6e87cbfa,180,2183,15281,152.81,315.71007378745213,0.10629183730776678,10.190411341505172,0.8904732379816335,
ec6e87cbfa,180,2184,15288,152.88,315.6785359376177,0.2353733697260023,10.235958136069236,1.9553610957239533,
ec6e87cbfa,180,2185,15295,152.95,315.56547966000034,0.28321348854109596,10.118879728378678,2.075391103275671,
ec6e87cbfa,180,2186,15302,153.02,315.3642819495884,0.2472185804733718,9.840130822944646,2.1409211339849743,
ec6e87cbfa,180,2187,15309,153.09,315.3025053470798,0.2296379241294365,10.360740665811178,1.1345828724914906,
ec6e87cbfa,180,2188,15316,153.16,315.25725344381215,0.2786161308798897,9.846165811466815,2.0337108941801834,
ec6e87cbfa,180,2189,15323,153.23,315.0641049629199,0.23427828342386015,10.19589786304489,1.6144696791219897,
ec6e87cbfa,180,2190,15330,153.3,314.92507866938246,0.1914268151390831,9.76707327430953,1.3980340889271012,
ec6e87cbfa,180,2191,15337,153.37,314.810253383471,0.2991420830067944,10.13146838373747,2.777611491310257,
ec6e87cbfa,180,2192,15344,153.44,314.59153138127374,0.21486978542433707,9.573677377895864,1.1836060879646573,
ec6e87cbfa,180,2193,15351,153.51,314.4923868928572,0.1798686882338592,9.647956218490158,1.077243278808999,
ec6e87cbfa,180,2194,15358,153.58,314.3816875488873,0.15103112471933522,9.593107118352345,1.2828594544987766,
ec6e87cbfa,180,2195,15365,153.65,314.2816386749601,0.1076245500175371,9.638683422922306,1.0019898223193218,
ec6e87cbfa,180,2196,15372,153.72,314.2248647952688,0.19333104741734802,9.706081074085136,1.9629716509182813,
ec6e87cbfa,180,2197,15379,153.79,314.09349543202586,0.2562969037292109,9.765787700098365,2.4649037767082733,
ec6e87cbfa,180,2198,15386,153.86,313.80047826301114,0.23435871060807273,9.828851251772328,1.4556961415364553,
ec6e87cbfa,180,2199,15393,153.93,313.5916450504106,0.07488445314345367,9.311961471756607,0.4584181420672235,
ec6e87cbfa,180,2200,15400,154.0,313.5675742161526,0.1436253158550135,9.298297169087286,0.4034793019313535,
ec6e87cbfa,180,2201,15407,154.07,313.4661708016276,0.15110342687297088,9.261196899309532,1.5064154837075587,
ec6e87cbfa,180,2202,15414,154.14,313.40139901553647,0.19763338212319145,9.65291759454461,1.4328991429097597,
ec6e87cbfa,180,2203,15421,154.21,313.24085510225837,0.2259053681920043,9.167617258490353,2.1675321590149252,
ec6e87cbfa,180,2204,15428,154.28,312.9966060927257,0.21676900019317996,9.608309132047925,2.155071605142389,
ec6e87cbfa,180,2205,15435,154.35,312.8411276440064,0.11653611161959217,9.185028632853477,0.5444504204493229,
ec6e87cbfa,180,2206,15442,154.42,312.8146232590424,0.13488885712046528,9.415632663659625,0.48027816749208513,
ec6e87cbfa,180,2207,15449,154.49,312.75346147299433,0.1415530250039237,9.037208916066442,1.0291651392773713,
ec6e87cbfa,180,2208,15456,154.56,312.69446377645204,0.09928374183349847,8.899072138020797,0.7726981327181739,
ec6e87cbfa,180,2209,15463,154.63,312.6616474593305,0.3077375592145815,8.859587956097121,2.852851487174085,
ec6e87cbfa,180,2210,15470,154.7,312.343952356368,0.14727767868957214,9.124850366583257,0.7433875167462513,
ec6e87cbfa,180,2211,15477,154.77,312.2818395574583,0.13347909410488176,8.483303942735157,1.181623696177832,
ec6e87cbfa,180,2212,15484,154.84,312.205645818451,0.2350303850372769,8.541651522200473,2.3032453879600245,
ec6e87cbfa,180,2213,15491,154.91,312.04510141098183,0.2224999119153527,8.475903550802313,1.9489907618260032,
ec6e87cbfa,180,2214,15498,154.98,311.8671906427141,0.1535713455176514,8.534742102983593,1.288810951303149,
ec6e87cbfa,180,2215,15505,155.05,311.8331053069429,0.15343319401876007,8.926151664348316,0.4721241818261301,
ec6e87cbfa,180,2216,15512,155.12,311.7947493323794,0.16037030464585536,8.572910835996518,0.6556974544458424,
ec6e87cbfa,180,2217,15519,155.19,311.71662617504717,0.23669857292773053,8.731274140169361,1.0781960706942821,
ec6e87cbfa,180,2218,15526,155.26,311.59134983017765,0.2412004711708809,8.904857243531321,1.7692530443353265,
ec6e87cbfa,180,2219,15533,155.33,311.39111463506856,0.14074204608417912,8.84782015518715,0.8369843739131051,
ec6e87cbfa,180,2220,15540,155.4,311.3196151185627,0.15208343023411472,8.799037015989198,1.4439817817666099,
ec6e87cbfa,180,2221,15547,155.47,311.2443294574797,0.1608227368602293,8.644071769855904,1.453572584808147,
ec6e87cbfa,180,2222,15554,155.54,311.14237506506936,0.16899470352906992,8.7692153206097,1.0197505742740605,
ec6e87cbfa,180,2223,15561,155.61,311.0275568375181,0.15145539460984003,8.981942493352166,1.364392589629447,
ec6e87cbfa,180,2224,15568,155.68,310.93169014764817,0.23076224351345034,8.903801319339387,2.3150705137010745,
ec6e87cbfa,180,2225,15575,155.75,310.694122284585,0.17079197300360974,9.064748321049729,0.2989746613876647,
ec6e87cbfa,180,2226,15582,155.82,310.59571436840514,0.2608318612365152,9.052917569337597,1.571008773923821,
ec6e87cbfa,180,2227,15589,155.89,310.31435799976714,0.23990004716012064,8.501130082020676,2.2315745626031966,
ec6e87cbfa,180,2228,15596,155.96,310.1196230889211,0.2503817609080371,9.04466854383576,1.9506434198691192,
ec6e87cbfa,180,2229,15603,156.03,309.9150047408687,0.20868330476771513,8.404167651915248,1.5876980668549006,
ec6e87cbfa,180,2230,15610,156.1,309.7178402662082,0.056760952519130214,8.426394937842085,0.4505404209571852,
ec6e87cbfa,180,2231,15617,156.17,309.7082022380234,0.11724479025180619,8.445343973916527,1.0231161482955988,
ec6e87cbfa,180,2232,15624,156.24,309.6552654347651,0.17237218336741372,8.544017701755347,1.4605039971392315,
ec6e87cbfa,180,2233,15631,156.31,309.5231940738833,0.16428979899586157,8.31253410658371,1.3977464112739666,
ec6e87cbfa,180,2234,15638,156.38,309.4808314877156,0.22699316886641227,8.45018244953175,1.9538523988580736,
ec6e87cbfa,180,2235,15645,156.45,309.2976766541947,0.15407497625087663,8.529096699821977,0.9449090566848231,
ec6e87cbfa,180,2236,15652,156.52,309.2730082985302,0.20139947573891082,8.875468033309783,1.1991138059142379,
ec6e87cbfa,180,2237,15659,156.59,309.2631486926269,0.2381246153819287,9.146634355798005,1.2724989674680134,
ec6e87cbfa,180,2238,15666,156.66,309.14383344297806,0.3355936398261926,8.996667195400684,2.588230093604465,
ec6e87cbfa,180,2239,15673,156.73,308.79158606086924,0.2780512492186547,9.435979438106838,1.9147048304572147,
ec6e87cbfa,180,2240,15680,156.8,308.6425702616386,0.27124954866298656,9.019036893758487,1.8621380843156203,
ec6e87cbfa,180,2241,15687,156.87,308.35588133119705,0.18172295319797488,9.232533695998741,1.1508497399130646,
ec6e87cbfa,180,2242,15694,156.94,308.2904121112223,0.25186204673809187,9.55342329348252,0.8576209190201194,
ec6e87cbfa,180,2243,15701,157.01,308.09773416433626,0.23422748332002885,9.438420559605696,1.7120850820121987,
ec6e87cbfa,180,2244,15708,157.08,307.95045029271296,0.14854192033712957,8.885322312493676,0.6860175391418623,
ec6e87cbfa,180,2245,15715,157.15,307.90782548048435,0.19424534714369943,8.735225549920203,1.2014777177726301,
ec6e87cbfa,180,2246,15722,157.22,307.8213140352254,0.30424705784942374,8.441755985218634,2.7994976517757864,
ec6e87cbfa,180,2247,15729,157.29,307.5435503151273,0.1877808575864529,8.551433543849463,1.0390208640584453,
ec6e87cbfa,180,2248,15736,157.36,307.50302869282405,0.17427229187024126,8.505456623172593,0.9200528585532853,
ec6e87cbfa,180,2249,15743,157.43,307.4158694798796,0.12937470273086238,8.174827122100885,0.6231384449930537,
ec6e87cbfa,180,2250,15750,157.5,307.3792926527638,0.13361101118776744,8.142277475532687,1.1400074915198262,
ec6e87cbfa,180,2251,15757,157.57,307.3006562031725,0.24853370170983952,8.167192161365705,2.352075022589725,
ec6e87cbfa,180,2252,15764,157.64,307.0587165074697,0.1226811350850885,8.6881809820866,0.9626628598379741,
ec6e87cbfa,180,2253,15771,157.71,307.0005083507864,0.11372055449718069,8.423060218090288,1.1366123433689759,
ec6e87cbfa,180,2254,15778,157.78,306.9390559530843,0.08754110708829806,8.353697375375457,0.27942204437547397,
ec6e87cbfa,180,2255,15785,157.85,306.9024672586201,0.17842265805322782,8.447871081688685,1.3539548413954379,
ec6e87cbfa,180,2256,15792,157.92,306.7793760456956,0.20721316221593522,8.16383489363518,1.7180745062483096,
ec6e87cbfa,180,2257,15799,157.99,306.5754687820917,0.1763516667124829,8.199816004717695,1.7189099237102887,
ec6e87cbfa,180,2258,15806,158.06,306.4398136965401,0.12210944010869718,8.422351326015258,1.1792825681594017,
ec6e87cbfa,180,2259,15813,158.13,306.37769173132295,0.12167303636998134,8.376514350435313,0.9523549832998314,
ec6e87cbfa,180,2260,15820,158.2,306.30721396488786,0.16806937289824758,8.45808179521992,1.5723620457413041,
ec6e87cbfa,180,2261,15827,158.27,306.2487569933837,0.11631122747729722,8.412798254942588,0.11385334123703258,
ec6e87cbfa,180,2262,15834,158.34,306.2280986845807,0.15045710660476688,8.326691517877782,1.231036684167043,
ec6e87cbfa,180,2263,15841,158.41,306.1582908323289,0.3602978752778962,8.22997339753894,1.587979611592683,
ec6e87cbfa,180,2264,15848,158.48,306.1498792393901,0.3198419726780954,8.894260145269618,2.7781255491385424,
ec6e87cbfa,180,2265,15855,158.55,305.71274545571976,0.17700216640586927,8.581023498386497,1.3472202495839514,
ec6e87cbfa,180,2266,15862,158.62,305.5762730625144,0.22355789595713915,8.0150545510049,1.8463024279751916,
ec6e87cbfa,180,2267,15869,158.69,305.37123413791534,0.2343701164084652,8.290371014596579,1.9442840880488725,
ec6e87cbfa,180,2268,15876,158.76,305.20181639660046,0.2218653542780921,8.205013221164865,1.2162745271845188,
ec6e87cbfa,180,2269,15883,158.83,305.03296667338265,0.21227339436840245,8.207185231524846,1.6169749028524607,
ec6e87cbfa,180,2270,15890,158.9,304.901283764315,0.2235080421662216,8.59119698663832,1.404780672297915,
ec6e87cbfa,180,2271,15897,158.97,304.6885602983219,0.11057597865956066,8.328645833128382,0.759736400280477,
ec6e87cbfa,180,2272,15904,159.04,304.65394776649663,0.14401224333241067,8.395799101683526,1.2791967321374034,
ec6e87cbfa,180,2273,15911,159.11,304.589574851607,0.15674168546054046,8.238566468788424,1.381172121894216,
ec6e87cbfa,180,2274,15918,159.18,304.52237985658553,0.16437634624877154,8.587108641129825,1.4655413174501122,
ec6e87cbfa,180,2275,15925,159.25,304.42436141411645,0.12089751586376003,8.229560359540447,0.6037208499595775,
ec6e87cbfa,180,2276,15932,159.32,304.3636927724005,0.3341424055507955,8.428597738562559,1.6464748721669595,
ec6e87cbfa,180,2277,15939,159.39,303.97797318912245,0.20035603629255996,8.862429882361782,1.0799454899787773,
ec6e87cbfa,180,2278,15946,159.46,303.84803086989166,0.2529145902778999,8.896227278426737,1.4306043605136836,
ec6e87cbfa,180,2279,15953,159.53,303.62506476390115,0.12207593713202732,8.780551165765592,0.2753650433321619,
ec6e87cbfa,180,2280,15960,159.6,303.570864867523,0.2012902579685336,8.416759073837573,0.7869303174095928,
ec6e87cbfa,180,2281,15967,159.67,303.39681357123436,0.10132230309594463,8.35720023279325,0.9242382746212126,
ec6e87cbfa,180,2282,15974,159.74,303.38249852194065,0.14805901748219039,8.558940769816301,1.3172525922374159,
ec6e87cbfa,180,2283,15981,159.81,303.3525620047028,0.16377881355105708,8.370876984821743,1.1658366734054928,
ec6e87cbfa,180,2284,15988,159.88,303.26977418161994,0.15010229173747844,8.748388231881618,1.0267991087049277,
ec6e87cbfa,180,2285,15995,159.95,303.2227914141094,0.13172341704390042,8.527291729115717,0.7036290101419518,
ec6e87cbfa,180,2286,16002,160.02,303.17782905299,0.1977720238669134,8.520597573100726,1.109921880675916,
ec6e87cbfa,180,2287,16009,160.09,302.9954446387657,0.17040407577174033,8.434721671010111,1.686733343009554,
ec6e87cbfa,180,2288,16016,160.16,302.8891106103654,0.20908388041898032,8.891642452405472,1.38759869572764,
ec6e87cbfa,180,2289,16023,160.23,302.7473163929498,0.23232352362079378,8.365780797627696,1.5630087690641365,
ec6e87cbfa,180,2290,16030,160.3,302.59656138097375,0.36004153181733684,9.089828972102348,3.45015657740971,
ec6e87cbfa,180,2291,16037,160.37,302.42029317368605,0.33646195587960154,8.888356306069314,1.7249127378766205,
ec6e87cbfa,180,2292,16044,160.44,302.17714045149324,0.3233974621533993,8.82190233945297,1.6645081654011313,
ec6e87cbfa,180,2293,16051,160.51,301.93221147519756,0.2708555070151214,8.867555282789704,1.8429169063474413,
ec6e87cbfa,180,2294,16058,160.58,301.7861618956957,0.25171855043522423,8.406337569380918,1.835481489665507,
ec6e87cbfa,180,2295,16065,160.65,301.7177436210682,0.3003570833475683,8.909658153908817,1.6672202091475634,
ec6e87cbfa,180,2296,16072,160.72,301.56858361556397,0.27266339610220935,8.50705573764804,1.0653167908750585,
ec6e87cbfa,180,2297,16079,160.79,301.54970850702387,0.16735326804269615,8.981026244690792,2.0912376063251155,
ec6e87cbfa,180,2298,16086,160.86,301.26558210869064,0.18623807851454327,8.180330157333325,1.3602536175922952,
ec6e87cbfa,180,2299,16093,160.93,301.1628298794471,0.17024131703584122,8.613643916991942,1.1600898580662327,
ec6e87cbfa,180,2300,16100,161.0,301.0643387240243,0.12598441714951122,7.952065097993132,1.0784575159335936,
ec6e87cbfa,180,2301,16107,161.07,301.027441344285,0.0874762880522074,8.268662659250097,0.6282764776990737,
ec6e87cbfa,180,2302,16114,161.14,301.0049325338689,0.21708281116837258,8.002232101745115,2.065286750557243,
ec6e87cbfa,180,2303,16121,161.21,300.7745580321418,0.02277891235511335,8.151510227287117,0.17480971732674275,
ec6e87cbfa,180,2304,16128,161.28,300.7724893440268,0.15756209809440164,8.15877947364155,1.6006141868371209,
ec6e87cbfa,180,2305,16135,161.35,300.6736684953891,0.13795177032253897,8.389689668563454,1.251184135494716,
ec6e87cbfa,180,2306,16142,161.42,300.6012282856594,0.15227927012192696,8.351624112312365,1.2427775059698931,
ec6e87cbfa,180,2307,16149,161.49,300.49414134863497,0.24655988546834054,8.107468161668777,2.2389662829967416,
ec6e87cbfa,180,2308,16156,161.56,300.2440184754095,0.20206516058950008,8.483199865644961,1.8209195160630396,
ec6e87cbfa,180,2309,16163,161.63,300.12141913041273,0.16291523590017357,8.124010110134435,0.9625642906907907,
ec6e87cbfa,180,2310,16170,161.7,300.0245914843804,0.09459143034414251,8.37750059816994,0.38947521529566265,
ec6e87cbfa,180,2311,16177,161.77,299.99671698198097,0.11852780316946615,8.394629638943185,0.8484155090713325,
ec6e87cbfa,180,2312,16184,161.84,299.94146580519777,0.18081170863711626,8.631336451440676,1.376636194912448,
ec6e87cbfa,180,2313,16191,161.91,299.81190380358436,0.20133387435805897,8.62386751337448,1.8057120517186602,
ec6e87cbfa,180,2314,16198,161.98,299.662326484488,0.08358509052066596,8.361940012219614,0.44039190614134405,
ec6e87cbfa,180,2315,16205,162.05,299.63961700561873,0.06861180647537718,8.45586993576877,0.6250537115639141,
ec6e87cbfa,180,2316,16212,162.12,299.61912204255697,0.24762480596937972,8.237220415310778,2.5179706865971294,
ec6e87cbfa,180,2317,16219,162.19,299.3491063615706,0.17197323979697854,8.934313269489396,0.14654126388788077,
ec6e87cbfa,180,2318,16226,162.26,299.26223645512033,0.2226818885513119,8.66092614111813,1.2325114616517436,
ec6e87cbfa,180,2319,16233,162.33,299.07552894332304,0.1796406101627447,8.757351681652898,1.4764043470461992,
ec6e87cbfa,180,2320,16240,162.4,298.9707630086138,0.1490617759196288,8.779768660938375,1.4318280262915908,
ec6e87cbfa,180,2321,16247,162.47,298.87759184781265,0.12054634932094922,8.78434517811586,1.0046469074905893,
ec6e87cbfa,180,2322,16254,162.54,298.81341582597383,0.2701863023744485,8.571908692369247,2.173623204176645,
ec6e87cbfa,180,2323,16261,162.61,298.4473326407655,0.11483741375312728,8.490566649935689,1.0095930260385713,
ec6e87cbfa,180,2324,16268,162.68,298.38957538326684,0.18128907118822338,8.522951009376225,1.601355972994955,
ec6e87cbfa,180,2325,16275,162.75,298.2969797972473,0.1644722173030645,8.55863544101824,1.349940259619057,
ec6e87cbfa,180,2326,16282,162.82,298.2401201059247,0.18728771464939284,8.414088321026028,1.4782298028193042,
ec6e87cbfa,180,2327,16289,162.89,298.1686190000766,0.13672877566178415,8.041505895796206,0.6982758273721048,
ec6e87cbfa,180,2328,16296,162.96,298.1515847575793,0.18537356856551362,8.226463887925332,1.2964712232141624,
ec6e87cbfa,180,2329,16303,163.03,298.0630977550727,0.08633855440057106,7.89827720202012,1.4291468731136738,
ec6e87cbfa,180,2330,16310,163.1,297.9896058548724,0.10811907388531404,7.813953077880911,0.8299722009501106,
ec6e87cbfa,180,2331,16317,163.17,297.94104252546396,0.20126315832097105,8.079999841316809,0.9390711925428818,
ec6e87cbfa,180,2332,16324,163.24,297.9390342032759,0.12695689722772288,8.197328934520367,0.6970805850557967,
ec6e87cbfa,180,2333,16331,163.31,297.8779733203583,0.20448074730195076,8.015775597319898,1.8082805537539084,
ec6e87cbfa,180,2334,16338,163.38,297.7180584140773,0.15010521492864495,8.117973205056803,1.3266123490223132,
ec6e87cbfa,180,2335,16345,163.45,297.61710521699,0.08964002971979754,7.989191946694757,0.8368495341724363,
ec6e87cbfa,180,2336,16352,163.52,297.5868343479817,0.12222902495447827,7.993934370903284,0.9019618804286609,
ec6e87cbfa,180,2337,16359,163.59,297.51833735547046,0.1516690299734619,8.072365699775046,1.4938978063009605,
ec6e87cbfa,180,2338,16366,163.66,297.45260267808305,0.19639013224154947,8.274971800021014,1.7755768025831509,
ec6e87cbfa,180,2339,16373,163.73,297.3885097435052,0.16073403970990277,7.4549867115721575,0.7563282317143536,
ec6e87cbfa,180,2340,16380,163.8,297.3452545946657,0.1393226247924476,8.023414532638023,0.825922800561904,
ec6e87cbfa,180,2341,16387,163.87,297.3297097936838,0.13689487528047073,7.400272820468824,0.7559808002016309,
ec6e87cbfa,180,2342,16394,163.94,297.31556818490105,0.19851105409000333,7.781846531858913,1.5585591056261734,
ec6e87cbfa,180,2343,16401,164.01,297.21885585016196,0.24129704851907885,7.196623227616716,1.3761820224380255,
ec6e87cbfa,180,2344,16408,164.08,297.04899206643313,0.17280222607155807,8.190287701168876,0.8979601448576819,
ec6e87cbfa,180,2345,16415,164.15,297.00061726910803,0.2145766076525303,7.27827919641957,1.3818880384509538,
ec6e87cbfa,180,2346,16422,164.22,296.783063911963,0.13430858879959798,7.797199269628945,1.135998783965333,
ec6e87cbfa,180,2347,16429,164.29,296.73116157194204,0.14221189857285432,7.586416340852223,1.1468541268793455,
ec6e87cbfa,180,2348,16436,164.36,296.63962537471207,0.10511491039865369,7.808515199976777,0.5701288558894173,
ec6e87cbfa,180,2349,16443,164.43,296.5996113641655,0.071766257415222,7.595501884135265,0.6642710470010657,
ec6e87cbfa,180,2350,16450,164.5,296.5748240240086,0.1844912955173421,7.6794721619620026,1.5692551083440422,
ec6e87cbfa,180,2351,16457,164.57,296.46401877949484,0.16641914123117593,7.537370400188536,1.4704267331682457,
ec6e87cbfa,180,2352,16464,164.64,296.37210206802007,0.10561334153710188,7.535435539708959,0.7518558667525387,
ec6e87cbfa,180,2353,16471,164.71,296.33490974328555,0.07199667680465242,7.619582662797268,0.6097072029229084,
ec6e87cbfa,180,2354,16478,164.78,296.32240235082435,0.1294059802664852,7.7471860391979295,1.2686514968882874,
ec6e87cbfa,180,2355,16485,164.85,296.24309116883023,0.13849847361235912,7.547357764492699,0.9641774374385008,
ec6e87cbfa,180,2356,16492,164.92,296.19485861379707,0.05449470231357955,7.516167591397216,0.7600169267594854,
ec6e87cbfa,180,2357,16499,164.99,296.16529436465294,0.28485667624598876,7.317239466521679,1.433699291034562,
ec6e87cbfa,180,2358,16506,165.06,296.0513447963947,0.16288180919089268,7.6377129832119675,1.2856149335252836,
ec6e87cbfa,180,2359,16513,165.13,295.95389343819886,0.2545922325050092,7.603382307246011,2.5321005944231953,
ec6e87cbfa,180,2360,16520,165.2,295.773950572604,0.14902954756540088,7.5564909070674595,0.796778108108611,
ec6e87cbfa,180,2361,16527,165.27,295.7147575279961,0.11202859112441921,7.207669488771743,0.771604715637347,
ec6e87cbfa,180,2362,16534,165.34,295.66314983188806,0.16214750458364174,7.314376265434835,1.5926181851449928,
ec6e87cbfa,180,2363,16541,165.41,295.5649845419449,0.15622889694644665,7.570517294609625,0.9837531540296023,
ec6e87cbfa,180,2364,16548,165.48,295.5046049382331,0.1314685817274905,7.722989045678644,0.9374653977415727,
ec6e87cbfa,180,2365,16555,165.55,295.45217460483,0.10289347382120617,7.663204805747229,0.7119284131885601,
ec6e87cbfa,180,2366,16562,165.62,295.41727822333974,0.08443002602629543,7.64767868910676,0.6589650405038495,
ec6e87cbfa,180,2367,16569,165.69,295.3831257408267,0.09889129808905722,7.501202221451717,0.9779693377758201,
ec6e87cbfa,180,2368,16576,165.76,295.33966250317224,0.20994114698142408,7.630959805715971,1.0059477833094164,
ec6e87cbfa,180,2369,16583,165.83,295.1353654218672,0.0521605324470257,7.577394039404677,0.49051060633444704,
ec6e87cbfa,180,2370,16590,165.9,295.1257627792738,0.12086466453601805,7.4680396489419225,0.9619328280677755,
ec6e87cbfa,180,2371,16597,165.97,295.0800030470977,0.14975726039810638,7.070574528380398,1.3061950753122262,
ec6e87cbfa,180,2372,16604,166.04,294.987863655572,0.10969689797870057,7.244301121102531,0.9196101044996348,
ec6e87cbfa,180,2373,16611,166.11,294.9372822238961,0.15019700259382335,7.4379299922606394,1.5008313966553164,
ec6e87cbfa,180,2374,16618,166.18,294.8385816506292,0.14888271030993366,7.4342052832438394,0.32784470179912384,
ec6e87cbfa,180,2375,16625,166.25,294.7861738297583,0.12238270252405278,7.370832416085946,0.5332623014497335,
ec6e87cbfa,180,2376,16632,166.32,294.7418970835515,0.1123033726631795,7.26390508570171,0.3143148775197974,
ec6e87cbfa,180,2377,16639,166.39,294.7303628770562,0.1748669970603933,7.224409248470626,1.168659883338444,
ec6e87cbfa,180,2378,16646,166.46,294.6512840375521,0.1564297939779124,7.062504980488214,1.2129825635388234,
ec6e87cbfa,180,2379,16653,166.53,294.5993277136117,0.1473153732937504,7.208901142120175,1.1561032749684481,
ec6e87cbfa,180,2380,16660,166.6,294.56554179719416,0.1590393722583569,6.686187364690752,0.9999773730751887,
ec6e87cbfa,180,2381,16667,166.67,294.48627279186877,0.1662383193020964,6.9424744806646075,1.3318382944683003,
ec6e87cbfa,180,2382,16674,166.74,294.3889042195439,0.18421004250585157,7.028595849604524,1.8022744122951102,
ec6e87cbfa,180,2383,16681,166.81,294.2591198896788,0.23559426097837532,7.087609411493012,2.183960490396189,
ec6e87cbfa,180,2384,16688,166.88,294.06492466310476,0.1679083617150884,7.272329193167739,1.4796036783175261,
ec6e87cbfa,180,2385,16695,166.95,293.97680462184053,0.10493002261333928,6.9931195452193595,0.7545436944267209,
ec6e87cbfa,180,2386,16702,167.02,293.9435900641162,0.13745724477171445,6.943634576286345,1.1218160111482436,
ec6e87cbfa,180,2387,16709,167.09,293.86494259797877,0.137923145952029,6.7717182811217915,1.3460661762147679,
ec6e87cbfa,180,2388,16716,167.16,293.80419865084957,0.17283310384899073,6.873455499482227,1.5858294165603493,
ec6e87cbfa,180,2389,16723,167.23,293.6709990781151,0.15057949735491677,6.755678441172352,1.3568486874076122,
ec6e87cbfa,180,2390,16730,167.3,293.585418560196,0.07651770558980862,6.726821460407304,0.5785892084550297,
ec6e87cbfa,180,2391,16737,167.37,293.56217706669236,0.1446799594603651,6.605786451966526,1.2327348793630024,
ec6e87cbfa,180,2392,16744,167.44,293.4645161842022,0.13978712994964068,6.841696479617664,0.5539637310948493,
ec6e87cbfa,180,2393,16751,167.51,293.38029562626383,0.11384653309568735,6.907093585746891,1.0541339866856867,
ec6e87cbfa,180,2394,16758,167.58,293.3378742943752,0.11985792790501784,6.993303612139605,0.5724239793002811,
ec6e87cbfa,180,2395,16765,167.65,293.27957677621174,0.1367624255425814,6.8663378148353456,1.1153560205598716,
ec6e87cbfa,180,2396,16772,167.72,293.1932225996228,0.11384750966137483,6.884674121254043,1.1506484704067452,
ec6e87cbfa,180,2397,16779,167.79,293.12804812987093,0.23869190261254783,6.945510932771715,2.4170924088935255,
ec6e87cbfa,180,2398,16786,167.86,292.89998951197094,0.11765444744602589,7.178114195593582,0.7977091879492684,
ec6e87cbfa,180,2399,16793,167.93,292.8364175059254,0.4084362300431794,6.9392470556131345,1.144931559954171,
ec6e87cbfa,180,2400,16800,168.0,292.74806753906944,0.24155872874179724,9.177661668110005,1.496614592926326,
ec6e87cbfa,180,2401,16807,168.07,292.51006166725267,0.17896053927569427,7.834260042261969,1.6800339395300967,
ec6e87cbfa,180,2402,16814,168.14,292.35553642722704,0.11865925621212856,7.765465856604183,0.645618900264929,
ec6e87cbfa,180,2403,16821,168.21,292.2896789787069,0.2778449649632587,8.070383401769227,1.206006230402682,
ec6e87cbfa,180,2404,16828,168.28,292.2720128053842,0.26343905021664926,8.286985374656888,0.30309088793800487,
ec6e87cbfa,180,2405,16835,168.35,292.2712645493235,0.44406722080696376,8.287555771953262,0.7657779598482305,
ec6e87cbfa,180,2406,16842,168.42,292.0496658700064,0.18038337216147124,8.64072774806974,0.7374753298655924,
ec6e87cbfa,180,2407,16849,168.49,291.9199749106065,0.3109815645279705,8.280298190537762,2.9086920846903057,
ec6e87cbfa,180,2408,16856,168.56,291.58176856254505,0.15856142702644124,7.173332635560969,0.7543871574231262,
ec6e87cbfa,180,2409,16863,168.63,291.5009632187515,0.16978960080142408,7.242146883366803,1.4404208032689398,
ec6e87cbfa,180,2410,16870,168.7,291.39651423942837,0.16971351263568427,7.096746732771212,1.2631130378138367,
ec6e87cbfa,180,2411,16877,168.77,291.3356731314876,0.14877952102788014,7.229285229296374,0.8160281917788471,
ec6e87cbfa,180,2412,16884,168.84,291.25451578490504,0.09334680664714891,6.899289015057682,0.5113190713656964,
ec6e87cbfa,180,2413,16891,168.91,291.2438239240487,0.180064852965448,7.089839004799082,1.3460821338281093,
ec6e87cbfa,180,2414,16898,168.98,291.1349898355082,0.2853983127566986,6.672588661915416,2.0293825173289335,
ec6e87cbfa,180,2415,16905,169.05,290.89615525021827,0.1511568622644425,7.075648077664247,0.7731431132393174,
ec6e87cbfa,180,2416,16912,169.12,290.84768594554953,0.14072637136561106,6.370581278274115,0.8838976752426778,
ec6e87cbfa,180,2417,16919,169.19,290.76831927354255,0.1439749462556582,6.5602067633989485,1.1066367239334178,
ec6e87cbfa,180,2418,16926,169.26,290.70846934201813,0.16642852290812937,6.42696350687683,1.616737657239387,
ec6e87cbfa,180,2419,16933,169.33,290.59391630659155,0.10182598663030254,6.405628788335095,0.8068141039674389,
ec6e87cbfa,180,2420,16940,169.4,290.56286461796503,0.09762596385261815,6.283985176483153,0.2599224140335313,
ec6e87cbfa,180,2421,16947,169.47,290.5154725948841,0.09202538538830919,6.348859521495663,0.8210867468276873,
ec6e87cbfa,180,2422,16954,169.54,290.4886347023245,0.04032656998214889,6.354772855290125,0.19334088573163505,
ec6e87cbfa,180,2423,16961,169.61,290.48407778729205,0.1345887990264805,6.310740475406353,1.1666324359977398,
ec6e87cbfa,180,2424,16968,169.68,290.45119031669304,0.19333586605384667,6.683642855206071,1.4387127971337388,
ec6e87cbfa,180,2425,16975,169.75,290.3291939902675,0.13918532323278981,6.744040906655317,0.9436774631948077,
ec6e87cbfa,180,2426,16982,169.82,290.25498196974326,0.11395813116033811,6.588299279582263,1.0077290497193736,
ec6e87cbfa,180,2427,16989,169.89,290.20499812326887,0.11944080067773835,6.535213756747542,0.5233253364022592,
ec6e87cbfa,180,2428,16996,169.96,290.14896430970754,0.17215626302267767,6.194804052988817,1.6298287310177968,
ec6e87cbfa,180,2429,17003,170.03,290.0317300691407,0.1016181409138346,6.734142041081761,0.8954732840786214,
ec6e87cbfa,180,2430,17010,170.1,289.996651371263,0.11691421336401611,6.469497934793346,1.1392704129131463,
ec6e87cbfa,180,2431,17017,170.17,289.95764161958215,0.12187679562887772,6.7405599522676365,0.9780705462316985,
ec6e87cbfa,180,2432,17024,170.24,289.9008394793162,0.19376352124450238,6.5226662438913054,0.8831549625849981,
ec6e87cbfa,180,2433,17031,170.31,289.8680520715903,0.1834150590267119,6.732612349669802,1.7482368805141033,
ec6e87cbfa,180,2434,17038,170.38,289.74101785498254,0.14799093814183928,6.454173944535309,0.9905182137816871,
ec6e87cbfa,180,2435,17045,170.45,289.6842071681339,0.1569761473284677,6.4559510131558016,0.9201522448841762,
ec6e87cbfa,180,2436,17052,170.52,289.64439285172995,0.17574208443903616,6.754784767716948,1.0543320591211924,
ec6e87cbfa,180,2437,17059,170.59,289.6005408767743,0.15994862447902217,6.782462297062776,0.5768975510636658,
ec6e87cbfa,180,2438,17066,170.66,289.5637605623089,0.19584665327374523,6.9771881040855765,0.8552397785835634,
ec6e87cbfa,180,2439,17073,170.73,289.46343358766416,0.1675396565429876,7.037577628128555,0.8937865670914139,
ec6e87cbfa,180,2440,17080,170.8,289.37925194118384,0.15124291426048847,7.087538575494803,0.41361848154442105,
ec6e87cbfa,180,2441,17087,170.87,289.30619046987346,0.1103496608472243,7.606116851900103,0.863195422371553,
ec6e87cbfa,180,2442,17094,170.94,289.2503829475305,0.16751912214550044,7.6238628183945405,1.7010146992685056,
ec6e87cbfa,180,2443,17101,171.01,289.10952069674903,0.09139697001028838,7.8245557024896515,0.8986581098792868,
ec6e87cbfa,180,2444,17108,171.08,289.08207346382744,0.16001692164717962,7.694898294562731,1.6044823593587547,
ec6e87cbfa,180,2445,17115,171.15,288.99368181066785,0.08514297969692196,7.33350752020219,0.1298832751654855,
ec6e87cbfa,180,2446,17122,171.22,288.968336032694,0.09044929679644305,7.316611880748231,0.7911119737733607,
ec6e87cbfa,180,2447,17129,171.29,288.94852092986054,0.09487848211187432,7.0978555345132355,0.7507307836512279,
ec6e87cbfa,180,2448,17136,171.36,288.9132525370378,0.22129866714552868,7.020487099046451,1.5076108633059486,
ec6e87cbfa,180,2449,17143,171.43,288.73518241565984,0.2043113095807753,7.1435838796583555,1.9846041839838329,
ec6e87cbfa,180,2450,17150,171.5,288.56601562698137,0.06951214956810954,6.723887143902505,0.48562674438291764,
ec6e87cbfa,180,2451,17157,171.57,288.5478514505193,0.11661051805620486,6.825380378788095,0.44003092502755936,
ec6e87cbfa,180,2452,17164,171.64,288.546189704043,0.16863054269068226,7.00854893062227,1.396596455199433,
ec6e87cbfa,180,2453,17171,171.71,288.47940488942305,0.19342409772822186,7.011422042990541,1.47658283681685,
ec6e87cbfa,180,2454,17178,171.78,288.3694443139165,0.0754138695279078,6.498067775136581,0.916105990530023,
ec6e87cbfa,180,2455,17185,171.85,288.3129183524817,0.12466166517993213,6.4349485358473,0.9492576092477358,
ec6e87cbfa,180,2456,17192,171.92,288.2340436652524,0.13620920506856488,6.346780353512899,0.9543695386369256,
ec6e87cbfa,180,2457,17199,171.99,288.16278279753476,0.14628707182161022,6.680757806572255,1.1405614521481229,
ec6e87cbfa,180,2458,17206,172.06,288.0959348513587,0.12094368297985325,6.343086777280441,0.7816491802012284,
ec6e87cbfa,180,2459,17213,172.13,288.0400147137667,0.13573250133866457,6.547697749226574,1.1702075110779686,
ec6e87cbfa,180,2460,17220,172.2,287.9598209937394,0.20881354500947424,6.476562257439295,1.7881408652336364,
ec6e87cbfa,180,2461,17227,172.27,287.7541718272218,0.08518930805182466,6.447902660204636,0.5250392605462969,
ec6e87cbfa,180,2462,17234,172.34,287.73243464198646,0.0869260645078931,6.579500400628853,0.8156012877849547,
ec6e87cbfa,180,2463,17241,172.41,287.7016322902439,0.0734182943657833,6.290986097544815,0.6336066121322803,
ec6e87cbfa,180,2464,17248,172.48,287.6818732451639,0.18336013687814426,6.47516800480708,1.2984672618302846,
ec6e87cbfa,180,2465,17255,172.55,287.57341066305213,0.14314023206256918,6.728646277591874,1.2425112787746688,
ec6e87cbfa,180,2466,17262,172.62,287.49163148310663,0.1865712132646645,6.541239837257741,1.72697713641794,
ec6e87cbfa,180,2467,17269,172.69,287.350905141854,0.1208923155028263,6.481181608245889,0.9454862299636719,
ec6e87cbfa,180,2468,17276,172.76,287.2928589584189,0.06262780458905573,6.304037667358679,0.1760228743628082,
ec6e87cbfa,180,2469,17283,172.83,287.280591130328,0.11780527076051889,6.336848002567588,1.0348445129922144,
ec6e87cbfa,180,2470,17290,172.9,287.21272364873994,0.16286619424660925,6.098235501855149,1.5062916945272038,
ec6e87cbfa,180,2471,17297,172.97,287.1077175312042,0.07618648066298404,6.324116170393035,0.39197033636151124,
ec6e87cbfa,180,2472,17304,173.04,287.0898980653005,0.2755444527905655,6.1876219577162415,1.3091559662881975,
ec6e87cbfa,180,2473,17311,173.11,287.06794671135765,0.17706250276632543,6.795017069321025,1.3124205374278421,
ec6e87cbfa,180,2474,17318,173.18,286.92938782844146,0.12478063091762422,6.626157185569414,0.8891670116337896,
ec6e87cbfa,180,2475,17325,173.25,286.8842332998659,0.09034184843019742,6.6016052421374605,0.7570062780249895,
ec6e87cbfa,180,2476,17332,173.32,286.85936392977624,0.1577857794092397,6.407532141694294,1.5230830732101006,
ec6e87cbfa,180,2477,17339,173.39,286.73422203077314,0.13530504203762106,6.478021971535567,1.2335091892153773,
ec6e87cbfa,180,2478,17346,173.46,286.67088723627006,0.10820937725597989,6.200692648514276,0.46734514380124587,
ec6e87cbfa,180,2479,17353,173.53,286.6307244347581,0.08763610637183236,6.178466824667328,0.7216185653514285,
ec6e87cbfa,180,2480,17360,173.6,286.59785493960004,0.08550212333008496,6.172682293811559,0.7750062261939733,
ec6e87cbfa,180,2481,17367,173.67,286.5716174357029,0.08425104673886256,6.173217923741986,0.7094182976282467,
ec6e87cbfa,180,2482,17374,173.74,286.54312449454545,0.08195210122943788,6.267788326931419,0.7485959502359828,
ec6e87cbfa,180,2483,17381,173.81,286.52411676975373,0.15019176304188595,6.227544930539092,1.0245447537470533,
ec6e87cbfa,180,2484,17388,173.88,286.4210441517579,0.1932735670093862,6.3075257678987535,1.6530503479897498,
ec6e87cbfa,180,2485,17395,173.95,286.2808362077266,0.1376550397762349,6.490275301782005,0.9144589360510031,
ec6e87cbfa,180,2486,17402,174.02,286.1997227259231,0.09334109172067691,6.551389499568891,0.6525217524960425,
ec6e87cbfa,180,2487,17409,174.09,286.1695726224401,0.19751714603923248,6.5877654221328905,1.5404631039376349,
ec6e87cbfa,180,2488,17416,174.16,286.03467543362467,0.28338362755324803,6.916407917555357,2.6608384762126653,
ec6e87cbfa,180,2489,17423,174.23,285.67248047305804,0.13290147639246358,6.396793321585031,0.44117365290217025,
ec6e87cbfa,180,2490,17430,174.3,285.61353123726934,0.1030215758413057,6.745769105685884,0.7076173642550253,
ec6e87cbfa,180,2491,17437,174.37,285.58066571186555,0.05551896857362152,6.788981410723992,0.27002903233341286,
ec6e87cbfa,180,2492,17444,174.44,285.5712576039501,0.12755986317464155,6.805611930156796,1.2421902086189136,
ec6e87cbfa,180,2493,17451,174.51,285.4950200255247,0.20381345726738448,6.748649236846755,2.0681035876199156,
ec6e87cbfa,180,2494,17458,174.58,285.33905243134143,0.1652635704419184,6.541739858501267,1.3509114398063393,
ec6e87cbfa,180,2495,17465,174.65,285.279302591657,0.10876489970768524,6.606760675822063,0.49138720876406927,
ec6e87cbfa,180,2496,17472,174.72,285.24788866716364,0.16717359713944271,6.3000785248019655,1.649503008850997,
ec6e87cbfa,180,2497,17479,174.79,285.1212940126524,0.19190443668329354,6.676668208827467,1.5871412617028786,
ec6e87cbfa,180,2498,17486,174.86,284.95439860367736,0.07355157841639323,6.2809481212065155,0.6279668028465516,
ec6e87cbfa,180,2499,17493,174.93,284.9335357805348,0.10202856409966908,6.515067636468928,0.9886562684357946,
ec6e87cbfa,180,2500,17500,175.0,284.9030648699622,0.1429495053405178,6.652758033016042,0.9980444621850548,
ec6e87cbfa,180,2501,17507,175.07,284.82709465568075,0.15969883498481421,6.3391726584771835,1.3942375388525339,
ec6e87cbfa,180,2502,17514,175.14,284.70975786095795,0.08231116399719952,5.873421405394637,0.8087575985745097,
ec6e87cbfa,180,2503,17521,175.21,284.6910947606804,0.1510909686862236,5.884952838701582,1.5006870244269608,
ec6e87cbfa,180,2504,17528,175.28,284.60034353356684,0.1902066238636901,5.944751170923045,1.6166733715202666,
ec6e87cbfa,180,2505,17535,175.35,284.414750797899,0.08247411353589115,5.691817771799151,0.6520408272359248,
ec6e87cbfa,180,2506,17542,175.42,284.3839257873003,0.09726225845582163,5.881521412208891,0.7652135986484203,
ec6e87cbfa,180,2507,17549,175.49,284.35756684076887,0.15765264648880237,5.983957504434916,1.004344667005717,
ec6e87cbfa,180,2508,17556,175.56,284.2834592480021,0.09302084186776084,6.237777879945638,0.5734402696129042,
ec6e87cbfa,180,2509,17563,175.63,284.2467563673283,0.11099235600687916,6.023889366744045,0.9933652478529839,
ec6e87cbfa,180,2510,17570,175.7,284.212478542385,0.12511666965027154,5.953576852984191,1.131235378748612,
ec6e87cbfa,180,2511,17577,175.77,284.1532676326475,0.11150244406931095,5.7366187512182245,1.0557111017818122,
ec6e87cbfa,180,2512,17584,175.84,284.10412467069085,0.10767118403949372,5.727672270599815,0.5689977066729515,
ec6e87cbfa,180,2513,17591,175.91,284.06581036047015,0.10327474633317733,5.8060702969426,0.3262745587627623,
ec6e87cbfa,180,2514,17598,175.98,284.0151913243908,0.0738680717238236,5.761154517608993,0.7152224522510744,
ec6e87cbfa,180,2515,17605,176.05,283.98975266821395,0.07494289726426598,5.9544628301288665,0.7007742358108725,
ec6e87cbfa,180,2516,17612,176.12,283.966544142487,0.062469713992379834,6.083170444601691,0.5032317793215919,
ec6e87cbfa,180,2517,17619,176.19,283.95544630049227,0.10458430483033514,6.065035048966358,0.6251367408193281,
ec6e87cbfa,180,2518,17626,176.26,283.9145037744682,0.12941730975440785,6.059562886808225,1.160899857112929,
ec6e87cbfa,180,2519,17633,176.33,283.856078593384,0.1187968272430527,6.286310592084123,1.097235963907549,
ec6e87cbfa,180,2520,17640,176.4,283.79377120605204,0.05354373417736676,6.182654386273321,0.2141300077862136,
ec6e87cbfa,180,2521,17647,176.47,283.7806847882827,0.271996445828812,6.373700478019736,1.3254574742562297,
ec6e87cbfa,180,2522,17654,176.54,283.75950786515705,0.28085967671707923,6.786548043874289,0.8198888890668696,
ec6e87cbfa,180,2523,17661,176.61,283.72310761864276,0.16214561229131985,6.322256212871698,1.0391789716924211,
ec6e87cbfa,180,2524,17668,176.68,283.60065911007433,0.08144905428994467,6.290873963837327,0.6670538651376733,
ec6e87cbfa,180,2525,17675,176.75,283.5690813755774,0.37697293880154215,6.27503647355422,1.7648150652419257,
ec6e87cbfa,180,2526,17682,176.82,283.50649427030646,0.22334204401767466,6.835152100982051,1.4404855930387879,
ec6e87cbfa,180,2527,17689,176.89,283.2820068020973,0.12155556519115591,6.216550848780245,1.1604643449712175,
ec6e87cbfa,180,2528,17696,176.96,283.2136157834898,0.08039590832118565,5.893396315717653,0.7853995861041599,
ec6e87cbfa,180,2529,17703,177.03,283.19952573424973,0.11998206195040506,5.826751612584518,1.1138723703184537,
ec6e87cbfa,180,2530,17710,177.1,283.138074829494,0.12444491720029045,5.8806468508646565,0.8059292926322625,
ec6e87cbfa,180,2531,17717,177.17,283.06693040053943,0.15043617417724936,5.781075401073844,1.2672681194995705,
ec6e87cbfa,180,2532,17724,177.24,282.9795873671151,0.14878478647415622,5.779651135182434,1.4566428132237599,
ec6e87cbfa,180,2533,17731,177.31,282.8990912416181,0.14173691903506191,5.726006880868249,0.9302805385633769,
ec6e87cbfa,180,2534,17738,177.38,282.82903163548565,0.2212938460144413,5.852558812812328,2.172101255840886,
ec6e87cbfa,180,2535,17745,177.45,282.6748379101112,0.12833277404746563,6.2045947052709005,0.6835479508864145,
ec6e87cbfa,180,2536,17752,177.52,282.6223992525685,0.08202370929429748,5.693905344846024,0.5682597103962882,
ec6e87cbfa,180,2537,17759,177.59,282.60186004241297,0.11839666949095501,5.887487022710699,0.370116284806454,
ec6e87cbfa,180,2538,17766,177.66,282.54242761141916,0.08005334107361033,5.9633060815622265,0.7627967017284151,
ec6e87cbfa,180,2539,17773,177.73,282.5138658975727,0.08927439254014771,5.922380214936456,0.8569502471484547,
ec6e87cbfa,180,2540,17780,177.8,282.49985556251943,0.1336560543738455,6.190633543123733,1.0014876651737468,
ec6e87cbfa,180,2541,17787,177.87,282.43207012914627,0.11924464353504748,6.0986106683361605,1.057818395204469,
ec6e87cbfa,180,2542,17794,177.94,282.38912174762925,0.16901780887377474,6.046727280022133,1.609118647780741,
ec6e87cbfa,180,2543,17801,178.01,282.28630681749956,0.05412388136572797,6.214133307823701,0.07426012734732458,
ec6e87cbfa,180,2544,17808,178.08,282.2769406482431,0.06914530371827242,5.983002517770506,0.3657342199107742,
ec6e87cbfa,180,2545,17815,178.15,282.25733730056584,0.09011580954476461,6.010338145940569,0.38317824933273864,
ec6e87cbfa,180,2546,17822,178.22,282.23925717238274,0.09547775865156272,5.969861465596333,0.6142097709228339,
ec6e87cbfa,180,2547,17829,178.29,282.1950434073845,0.12610907067584956,5.880559155594253,1.2246032376094722,
ec6e87cbfa,180,2548,17836,178.36,282.13977190072995,0.15820647995839995,6.249608825034266,1.0557311573758164,
ec6e87cbfa,180,2549,17843,178.43,282.0751610672684,0.1742941206741601,5.942159272490375,1.3299460902011266,
ec6e87cbfa,180,2550,17850,178.5,281.97425030269164,0.1903521464979794,5.791140127558387,1.8192853006204779,
ec6e87cbfa,180,2551,17857,178.57,281.8223151200078,0.12124034710210653,5.551954175464362,0.8383650332659494,
ec6e87cbfa,180,2552,17864,178.64,281.76325148299844,0.10903085210233664,5.664698841295517,0.7996631298599018,
ec6e87cbfa,180,2553,17871,178.71,281.7192423940467,0.09519266984062798,5.746466926657283,0.6901001739825794,
ec6e87cbfa,180,2554,17878,178.78,281.69804661914014,0.11531312290400114,6.007914961885337,0.7482001740721064,
ec6e87cbfa,180,2555,17885,178.85,281.65047808831963,0.2004707199485644,5.696019799799173,1.8623187709181075,
ec6e87cbfa,180,2556,17892,178.92,281.5558059703551,0.1628933905062695,6.6740053984148675,0.5504845969768044,
ec6e87cbfa,180,2557,17899,178.99,281.5551768869372,0.18242455597120524,5.639010782953715,0.8853928457381133,
ec6e87cbfa,180,2558,17906,179.06,281.48481318011,0.21671954365593743,6.387660272866639,1.6256347453499398,
ec6e87cbfa,180,2559,17913,179.13,281.47886981963836,0.11971787614266682,6.34064094932153,0.5386385804798335,
ec6e87cbfa,180,2560,17920,179.2,281.336978733213,0.06594764436416299,5.872573780912899,0.4264158108578657,
ec6e87cbfa,180,2561,17927,179.27,281.31865833941526,0.2043962991447466,5.776832705613771,0.6182686015676981,
ec6e87cbfa,180,2562,17934,179.34,281.15446416953193,0.15950419267113053,6.162009846604458,1.128251071074294,
ec6e87cbfa,180,2563,17941,179.41,281.0642061666499,0.08289437631089575,5.8696707325877355,0.38564881879997204,
ec6e87cbfa,180,2564,17948,179.48,281.0474401025129,0.1483721355354453,5.826667693952063,0.7149106657391135,
ec6e87cbfa,180,2565,17955,179.55,280.94252313303696,0.08331615369847638,5.700924688899252,0.6640352910813283,
ec6e87cbfa,180,2566,17962,179.62,280.9144485656812,0.08712546539805321,5.6052264376288345,0.8060494441018526,
ec6e87cbfa,180,2567,17969,179.69,280.88864884451925,0.13202968275610172,5.509984520589708,0.989173301343939,
ec6e87cbfa,180,2568,17976,179.76,280.82314078957137,0.08446179728648334,5.129681128903448,0.7893986436718547,
ec6e87cbfa,180,2569,17983,179.83,280.7947246557003,0.05283059853594727,5.012751214775762,0.45176946954181724,
ec6e87cbfa,180,2570,17990,179.9,280.78359118955063,0.07891843835830771,5.088306999019837,0.7630020278195331,
ec6e87cbfa,180,2571,17997,179.97,280.7638086430793,,5.16676484763542,0.9548533890969286,
1c827aca09,180,0,0,0.0,2727010.761415566,399.0783711745689,10212.732359910277,1624.9791940897514,"ProjectedCommonDirectionsConfig(subspace_frac_grads=0.02, subspace_frac_updates=0.02, subspace_frac_random=0.01, direction_str=sd, random_proj=True, random_proj_dim_frac=0.03, ensemble=haar, inner_use_full_grad=True, orth_P_k=True, beta=0.001, tau=0.5, c_const=inf, N_try=200, alpha_max=100, p_const=1)"
1c827aca09,180,1,7,0.07,2467248.334449129,388.75738718169947,9487.223596608716,1654.4361074167655,
1c827aca09,180,2,14,0.14,2246904.2832656573,385.2318334987096,8735.05859297436,1634.9275354306735,
1c827aca09,180,3,21,0.21,2025462.741439345,381.46275862177214,7967.115055490345,1579.8623063107439,
1c827aca09,180,4,28,0.28,1786376.7867173264,419.00718393711566,7285.645600064581,1033.687807720201,
1c827aca09,180,5,35,0.35,1467671.015446485,201.0662862863741,6393.867078417487,557.4391663086403,
1c827aca09,180,6,42,0.42,1407878.1966030502,209.58272498426916,6243.947419347167,869.7710154989854,
1c827aca09,180,7,49,0.49,1330201.6331976848,165.6272070370764,5927.536230711286,676.3612855461511,
1c827aca09,180,8,56,0.56,1297285.5277337832,325.7219944263601,5814.92687452789,1552.6298985811973,
1c827aca09,180,9,63,0.63,1119665.2850915205,225.91173868391013,4947.536374879908,441.7221633508164,
1c827aca09,180,10,70,0.7,999188.4821629255,100.4402541782485,4699.18433705224,346.18939706834897,
1c827aca09,180,11,77,0.77,977858.1454589026,286.56406787885555,4477.9543728787685,755.8327107083825,
1c827aca09,180,12,84,0.84,865124.8554381059,262.8162221412535,4342.833666979221,1094.753231923213,
1c827aca09,180,13,91,0.91,725932.8500105705,119.78961136594931,3868.6653315971457,461.35315892405674,
1c827aca09,180,14,98,0.98,702992.8560536862,120.21099074210588,3721.5253628587748,446.44325448652995,
1c827aca09,180,15,105,1.05,678040.002182811,133.09712065549064,3617.9882452277825,451.50436913576095,
1c827aca09,180,16,112,1.12,652182.5983473487,185.8529638907328,3298.0439530659114,484.66109579030814,
1c827aca09,180,17,119,1.19,607113.3752087046,147.75916286234687,3018.7554426039833,613.2014401464247,
1c827aca09,180,18,126,1.26,566558.8620984376,132.61677612700194,2860.9151870815613,582.5404001163953,
1c827aca09,180,19,133,1.33,530524.6134315602,110.51414482113269,2779.5259689059335,498.55813842482814,
1c827aca09,180,20,140,1.4,513354.79126987996,71.8194826415687,2748.6710518276745,245.29349734975614,
1c827aca09,180,21,147,1.47,506244.3311260288,172.3546908321165,2755.438239960852,793.2332582455446,
1c827aca09,180,22,154,1.54,451627.0922099839,173.968670449126,2543.314372877433,665.8674327565457,
1c827aca09,180,23,161,1.61,395609.26172929327,140.53515371103035,2323.458157920327,512.5777842956496,
1c827aca09,180,24,168,1.68,363197.5676680615,83.48052895210229,2200.2227870772845,314.80313711291706,
1c827aca09,180,25,175,1.75,354418.34814711893,99.3588089045851,2114.200959030972,434.18414680393755,
1c827aca09,180,26,182,1.82,342754.3281283171,75.75741296533837,2011.702878621394,60.0247420265888,
1c827aca09,180,27,189,1.89,335556.65074067557,79.89561168400407,1940.113029362971,325.8264272859014,
1c827aca09,180,28,196,1.96,320423.01613824634,56.08543446092074,1896.063323607055,265.04908441890905,
1c827aca09,180,29,203,2.03,318470.51797046204,65.65000423207908,1844.1288347275015,217.92488024943648,
1c827aca09,180,30,210,2.1,311842.7154127763,90.49421040370568,1826.8480874815282,393.64140371703513,
1c827aca09,180,31,217,2.17,300534.48247881094,74.2917216962583,1845.6364415176513,228.91381668325872,
1c827aca09,180,32,224,2.24,292082.59065475495,46.07825660942715,1728.990223091384,127.98948957488405,
1c827aca09,180,33,231,2.31,288770.90237420064,44.89019606491726,1744.3000453431694,197.3175211727823,
1c827aca09,180,34,238,2.38,286095.5261094835,86.26031762558362,1764.6781747222822,412.1484843807987,
1c827aca09,180,35,245,2.45,268894.51131418376,85.84380021677309,1745.8278919740717,429.2859617398348,
1c827aca09,180,36,252,2.52,253417.2010799206,64.59033539203989,1643.051409969098,244.14524794272765,
1c827aca09,180,37,259,2.59,247666.48805919464,95.16121756457653,1701.0759146557684,411.3320906306306,
1c827aca09,180,38,266,2.66,233667.69585099668,94.07376495083182,1664.3291087522853,437.4560813554076,
1c827aca09,180,39,273,2.73,217732.97296191848,80.65850644370997,1511.2126688392796,388.89385637889933,
1c827aca09,180,40,280,2.8,202952.62537359912,46.14759560091719,1442.395390598275,196.749357799386,
1c827aca09,180,41,287,2.87,197759.1831774715,64.38457392978994,1418.891233762832,326.5991143050897,
1c827aca09,180,42,294,2.94,190411.17993710283,56.62033822968152,1379.6443405692037,126.14096866361822,
1c827aca09,180,43,301,3.01,184064.15985140952,24.831439141779835,1356.6555663265453,80.61975166606896,
1c827aca09,180,44,308,3.08,182596.78625738603,48.13924006410487,1331.768245352775,195.05203258769743,
1c827aca09,180,45,315,3.15,180436.55647461754,59.72032551103492,1306.3084256528794,95.41023569021282,
1c827aca09,180,46,322,3.22,175108.91693030615,82.8625959864489,1297.8469475034767,251.15641312858446,
1c827aca09,180,47,329,3.29,160856.33450164393,29.60534662187264,1294.027700286188,82.33882562459334,
1c827aca09,180,48,336,3.36,159518.52288552464,72.62400444818286,1283.643030824707,323.62093639454434,
1c827aca09,180,49,343,3.43,148537.88174721538,61.37398216013477,1211.187754993297,175.22089231347294,
1c827aca09,180,50,350,3.5,141409.12168321892,75.8898575786346,1185.5381762083014,355.9706667432896,
1c827aca09,180,51,357,3.57,130608.96335299962,40.219553359705166,1101.2511481960207,141.03730807037496,
1c827aca09,180,52,364,3.64,128703.83878204312,50.207464371659746,1067.0760247281871,210.84965440750204,
1c827aca09,180,53,371,3.71,123929.7909666919,27.21019495846837,1073.934034931992,90.31364684926783,
1c827aca09,180,54,378,3.78,123054.93695822409,49.116597017097995,1064.6910397517859,216.4404317241806,
1c827aca09,180,55,385,3.85,119798.71099556633,38.38241739343031,1093.4848566739197,141.07367903880765,
1c827aca09,180,56,392,3.92,118514.97674250949,60.57078546012759,1083.0442159496354,254.62941620416234,
1c827aca09,180,57,399,3.99,111058.27580460957,42.12409416540805,1119.2552379043211,128.01340108692796,
1c827aca09,180,58,406,4.06,107614.89869343556,51.37523958155865,1077.668047805991,220.90810172333303,
1c827aca09,180,59,413,4.13,101082.46549019258,21.06882718980426,1045.5361484359648,87.64792530297056,
1c827aca09,180,60,420,4.2,100178.55758036218,52.91822627143214,1056.5673311651121,257.66700294123183,
1c827aca09,180,61,427,4.27,95333.32904770454,34.915346888346164,1028.874113222507,129.48067374950895,
1c827aca09,180,62,434,4.34,93760.99245084861,48.586906527086875,1006.0512429548213,207.00003409531269,
1c827aca09,180,63,441,4.41,89528.03415208188,47.52859437466237,958.2431497975973,225.5473881699567,
1c827aca09,180,64,448,4.48,84881.91627588955,28.141632659701934,888.6689824400636,95.25291500576469,
1c827aca09,180,65,455,4.55,83422.15640767071,50.16407415006846,895.642375954778,217.47367514440086,
1c827aca09,180,66,462,4.62,78238.78098089427,22.606488075977452,813.1533646489459,73.06265807861189,
1c827aca09,180,67,469,4.69,77094.70049925716,32.762627523848714,851.5657211126846,163.584058377089,
1c827aca09,180,68,476,4.76,75328.64731049564,52.09828943580132,808.5871231112553,207.56347357861486,
1c827aca09,180,69,483,4.83,71131.42458428594,48.84021460487806,797.9869687037415,184.80507082369897,
1c827aca09,180,70,490,4.9,67344.97033216392,30.088200480176265,752.9833652074549,69.03522358524529,
1c827aca09,180,71,497,4.97,66629.25253807173,37.89501231182995,748.7770664869576,146.91215768365615,
1c827aca09,180,72,504,5.04,65236.45085393126,28.874228940468214,757.9996293803422,87.65148030618498,
1c827aca09,180,73,511,5.11,63997.861617150265,19.396066019520635,723.4878722520725,37.35150524867405,
1c827aca09,180,74,518,5.18,63428.07071764567,28.990383933401922,725.8742636136878,119.25342089638406,
1c827aca09,180,75,525,5.25,61679.36566415114,34.60312983417193,711.2736283021417,116.2295513136754,
1c827aca09,180,76,532,5.32,59758.525913162695,22.0183327562088,692.7081245037574,77.42562983785002,
1c827aca09,180,77,539,5.39,58706.50944709036,45.97713979671836,671.4715844957844,224.34966476649674,
1c827aca09,180,78,546,5.46,54471.3121375601,27.604494511817617,704.2761873600449,54.29768972507566,
1c827aca09,180,79,553,5.53,53181.078489511216,83.68650627727894,673.2506632525319,160.41828429583654,
1c827aca09,180,80,560,5.6,52643.17045972426,50.49445479885898,766.3823486002286,106.50321086206039,
1c827aca09,180,81,567,5.67,47842.32982438892,28.53095635143387,661.4974572724839,94.72730478038797,
1c827aca09,180,82,574,5.74,47078.66268119525,34.267175702868975,649.5883658607864,149.07957093683686,
1c827aca09,180,83,581,5.81,45017.93172586982,31.83443647578556,636.8059090561765,145.8196284764447,
1c827aca09,180,84,588,5.88,43844.86287219134,23.55574420409976,602.2203044574453,94.13292608442657,
1c827aca09,180,85,595,5.95,43405.664381581286,35.236006298266744,611.2494776986262,127.97640364266583,
1c827aca09,180,86,602,6.02,41048.55366558258,20.64971142212836,581.5606431252298,74.25685638622546,
1c827aca09,180,87,609,6.09,40154.684003761104,13.24711347867885,579.3366395350558,41.49999458670016,
1c827aca09,180,88,616,6.16,39882.6538160874,18.57921178568779,555.1563335457487,35.36756032111582,
1c827aca09,180,89,623,6.23,39295.71604367016,30.41761241247213,559.812456938572,146.82771208470237,
1c827aca09,180,90,630,6.3,37720.199198572795,22.89354153868895,572.7881374222949,44.163500684498814,
1c827aca09,180,91,637,6.37,36939.44766960491,21.03693334902653,539.5616218764956,84.50953623348795,
1c827aca09,180,92,644,6.44,35969.876779972285,20.17970374592634,547.9860346344028,70.80444675075304,
1c827aca09,180,93,651,6.51,35078.423972454075,15.248445992470725,530.4700402678382,72.05444617591097,
1c827aca09,180,94,658,6.58,34544.27936624671,22.011268000978024,541.0445406638014,103.53332182784959,
1c827aca09,180,95,665,6.65,33855.74166810166,19.934534076734625,558.4834877977822,85.28328911382745,
1c827aca09,180,96,672,6.72,33282.14880763695,30.319756027358654,514.2942086431715,143.7117797662695,
1c827aca09,180,97,679,6.79,31687.75307613854,16.691657631766855,511.6044454107947,67.90754176283299,
1c827aca09,180,98,686,6.86,31133.10325868706,21.166081609676283,496.4424815839816,52.151932009249116,
1c827aca09,180,99,693,6.93,30112.85816870324,22.010679982924696,468.93605464454225,106.37978601422037,
1c827aca09,180,100,700,7.0,29132.751358375237,19.43006627260871,443.2500534846435,94.99021220522167,
1c827aca09,180,101,707,7.07,28175.342043516812,15.708319253372387,459.9036421340981,64.94681979810366,
1c827aca09,180,102,714,7.14,27553.23661806761,19.77491233206147,449.2884121723491,97.60198615617581,
1c827aca09,180,103,721,7.21,27012.609428475876,23.113448672545918,463.69374168073085,52.208221536506585,
1c827aca09,180,104,728,7.28,26301.398850005204,19.69396421430901,457.0551453708812,76.70521891074551,
1c827aca09,180,105,735,7.35,25695.759103245196,21.36009847000152,449.84096066586454,85.0027172435818,
1c827aca09,180,106,742,7.42,24997.0550092564,18.703420910399903,427.1043166685037,49.45696968720532,
1c827aca09,180,107,749,7.49,24710.35576980444,27.068002387205976,453.4413209698848,119.54448671086924,
1c827aca09,180,108,756,7.56,23767.167770539716,21.144303507646633,436.91250613719683,52.983888986556714,
1c827aca09,180,109,763,7.63,23399.296151144772,22.543646813208156,443.63051603255917,50.55145106007102,
1c827aca09,180,110,770,7.7,23056.532948426593,17.715189564819543,432.05105862695063,20.909227544240785,
1c827aca09,180,111,777,7.77,22548.80126398964,20.336800375994112,428.1505857424196,84.52371276858506,
1c827aca09,180,112,784,7.84,22194.384482841222,17.419517730548765,414.93994444838825,49.131896129503964,
1c827aca09,180,113,791,7.91,21570.451415722193,18.79724882590996,404.10127940749214,80.54301337617457,
1c827aca09,180,114,798,7.98,21049.199258245182,14.743277842417777,429.28913586094416,62.61840377973908,
1c827aca09,180,115,805,8.05,20583.835031249888,15.538669859153789,409.7108739281363,63.88946220542072,
1c827aca09,180,116,812,8.12,20226.223510564272,16.914206113875718,392.28811174119085,67.46852898445455,
1c827aca09,180,117,819,8.19,19751.935273483206,7.974722196709542,380.0651945904727,25.98947462263256,
1c827aca09,180,118,826,8.26,19613.433484086017,14.200550632165791,389.7638204614444,70.01573669307167,
1c827aca09,180,119,833,8.33,19378.756520757717,11.198961527686793,369.3314144587578,49.79577487363654,
1c827aca09,180,120,840,8.4,19085.85735777374,13.096343577403594,359.0274375877938,57.69188807807064,
1c827aca09,180,121,847,8.47,18839.821119398424,35.563861867169564,366.9944992168633,65.5688713454939,
1c827aca09,180,122,854,8.54,18473.754376855322,16.570823875966234,368.13381602345146,49.59736468548698,
1c827aca09,180,123,861,8.61,17811.93075379179,9.896846589456922,344.30688672315455,19.71173383164076,
1c827aca09,180,124,868,8.68,17528.03499435175,7.482404410598058,356.9796791713177,32.86876781918593,
1c827aca09,180,125,875,8.75,17411.48895023723,28.568942285227195,358.1832378780128,61.870778012594975,
1c827aca09,180,126,882,8.82,17270.670478458742,17.94931460126085,371.8551828973523,54.735043912028814,
1c827aca09,180,127,889,8.89,16740.243633771926,7.804345741816555,357.2579112944911,12.3121217516522,
1c827aca09,180,128,896,8.96,16576.636096594943,6.792788694191391,350.54546613357905,69.1806842731836,
1c827aca09,180,129,903,9.03,16298.591960582118,9.294987372351434,328.94884837935246,47.30268977870279,
1c827aca09,180,130,910,9.1,16158.683108405627,7.517624503938402,330.71343848415876,22.335368066419363,
1c827aca09,180,131,917,9.17,16060.898025605175,16.03048936759224,330.151930098635,67.91613442139275,
1c827aca09,180,132,924,9.24,15692.105912132807,18.343240264988168,315.0946408123683,49.067793281210214,
1c827aca09,180,133,931,9.31,15214.05026504787,12.463437642718498,304.8790113140421,43.36072059023716,
1c827aca09,180,134,938,9.38,15163.652701186353,16.044938317222144,299.7398352780941,46.749976228474466,
1c827aca09,180,135,945,9.45,15070.808395567354,13.358982428367401,303.2886738088957,32.709060487605484,
1c827aca09,180,136,952,9.52,15029.135037224996,7.445386175582578,307.31370860658524,14.226712439120334,
1c827aca09,180,137,959,9.59,14782.941783711876,14.24493175251673,287.45391098873716,48.409969400927906,
1c827aca09,180,138,966,9.66,14384.771781460475,13.314400875813954,281.41053838253373,62.12536154954526,
1c827aca09,180,139,973,9.73,13888.598779432848,7.9610371791153485,273.8632278197218,22.73065847317518,
1c827aca09,180,140,980,9.8,13861.891333666568,14.091603821245554,286.35545974952043,63.034681806444745,
1c827aca09,180,141,987,9.87,13702.21129668609,12.1167870034792,280.83458803793013,29.498133525102862,
1c827aca09,180,142,994,9.94,13551.803991311237,9.195084651128525,271.2467915863999,34.36957029378266,
1c827aca09,180,143,1001,10.01,13356.364838700249,15.34863661084273,274.03236072716726,75.10579691986,
1c827aca09,180,144,1008,10.08,12973.107913937134,10.502552741639972,260.92488698921443,46.00325068033399,
1c827aca09,180,145,1015,10.15,12687.358359539037,11.670000467493583,271.1887453115693,57.36410840798163,
1c827aca09,180,146,1022,10.22,12480.857983379317,4.888320803952801,260.0472706767145,49.5125543004917,
1c827aca09,180,147,1029,10.29,12361.460429898623,4.793520215551342,257.75729087936446,21.864735277512814,
1c827aca09,180,148,1036,10.36,12348.329415655966,5.512915890245838,249.47814903435398,54.09155077966714,
1c827aca09,180,149,1043,10.43,12220.616784812419,3.208995799020826,243.59933689701234,5.255206487596588,
1c827aca09,180,150,1050,10.5,12194.328756454071,7.60413365150996,238.16939328248864,29.206909758679863,
1c827aca09,180,151,1057,10.57,12164.643534651712,7.165343350720272,249.31001587955092,15.664552132407383,
1c827aca09,180,152,1064,10.64,12131.57054264041,10.68208448034785,246.3158154704034,40.931868530034535,
1c827aca09,180,153,1071,10.71,11969.273584557684,8.77581918857704,255.53035590274658,33.93258125481686,
1c827aca09,180,154,1078,10.78,11888.416168551314,15.731086096633756,244.38586953362443,57.01933610643486,
1c827aca09,180,155,1085,10.85,11649.687855185428,13.576913314706111,264.8005014818051,50.93677925739902,
1c827aca09,180,156,1092,10.92,11185.025886946272,10.393396577369327,242.83906286315786,45.42731836080479,
1c827aca09,180,157,1099,10.99,11032.555370304335,7.102026973535138,236.88714927849674,31.53701452322317,
1c827aca09,180,158,1106,11.06,10968.910238661392,9.586715565529355,230.66904914388897,39.14279674947988,
1c827aca09,180,159,1113,11.13,10799.076687866429,8.304717072188879,244.97014329546207,40.003234832081105,
1c827aca09,180,160,1120,11.2,10735.557873168184,11.688190911833884,221.6039277815569,55.579685488163086,
1c827aca09,180,161,1127,11.27,10461.169969175511,10.824920384986092,223.21869690474216,47.63168585936831,
1c827aca09,180,162,1134,11.34,10437.080924047443,9.541912688878552,228.95423796442128,36.46784189706158,
1c827aca09,180,163,1141,11.41,10256.926045517004,10.674297630211546,215.05816064275484,28.10481486485168,
1c827aca09,180,164,1148,11.48,10210.032148194307,13.769859707587834,222.82324171303966,51.00355429165319,
1c827aca09,180,165,1155,11.55,9795.285945383212,9.125348488312131,207.04494513077648,21.22625357742733,
1c827aca09,180,166,1162,11.62,9722.00008656154,7.556583096006964,207.33612471279017,30.951545195073606,
1c827aca09,180,167,1169,11.69,9636.05975228399,11.192236867334016,201.98401245945186,53.611268636123675,
1c827aca09,180,168,1176,11.76,9368.980544783652,4.453605711404693,203.93742345965006,18.281552756983075,
1c827aca09,180,169,1183,11.83,9332.043808593946,8.838386831300028,202.7904564793394,42.851278767548685,
1c827aca09,180,170,1190,11.9,9199.630684510179,8.35617489780513,207.47787023184523,27.718233712337828,
1c827aca09,180,171,1197,11.97,9136.883888731045,11.825045583298488,199.01727135807658,53.543030706818286,
1c827aca09,180,172,1204,12.04,8925.18288310264,6.039369016162471,178.74220214998536,27.645718723639508,
1c827aca09,180,173,1211,12.11,8827.582091857881,3.548066721221547,175.67498034890622,15.107083279025874,
1c827aca09,180,174,1218,12.18,8817.219648356371,10.285495643083538,182.744067168333,49.971513662278376,
1c827aca09,180,175,1225,12.25,8723.393793282683,13.943175365127688,196.18007577176593,41.240904098400605,
1c827aca09,180,176,1232,12.32,8489.871476913513,9.458618242474715,180.4298854504346,21.8737564471443,
1c827aca09,180,177,1239,12.39,8327.442828295018,7.324615581679342,181.69998158562404,30.260083738549465,
1c827aca09,180,178,1246,12.46,8273.699637576528,4.262559515241106,170.45662756026155,29.865304113228493,
1c827aca09,180,179,1253,12.53,8207.77606185413,7.799884515760394,176.52361205366398,34.42567457340826,
1c827aca09,180,180,1260,12.6,8173.193156274739,9.49046733048761,169.96727667967423,28.575344502340215,
1c827aca09,180,181,1267,12.67,8109.56600609129,6.22068876593405,195.8052743226508,31.74486676003631,
1c827aca09,180,182,1274,12.74,7933.603039938531,6.336558683510199,171.74133071472687,18.621195849136235,
1c827aca09,180,183,1281,12.81,7899.466866649374,6.981886110963115,192.6964166348808,19.88886460705362,
1c827aca09,180,184,1288,12.88,7869.588593237019,8.25941921226111,182.91538524880943,31.96743199875649,
1c827aca09,180,185,1295,12.95,7830.843212165981,8.265593950780861,174.48859124983747,31.133642427552562,
1c827aca09,180,186,1302,13.02,7724.846341303778,7.945433516866092,162.49438712973836,25.356970713828428,
1c827aca09,180,187,1309,13.09,7630.951042530787,6.362305724325118,172.32619413265178,28.09317176216827,
1c827aca09,180,188,1316,13.16,7577.476466340576,7.556837036244704,164.4723575624078,32.56405657042719,
1c827aca09,180,189,1323,13.23,7541.332923770759,10.249994454684108,172.99292183015723,36.61648970881081,
1c827aca09,180,190,1330,13.3,7483.243344365584,9.837636731918145,154.53722532206723,36.846937529499336,
1c827aca09,180,191,1337,13.37,7333.093151462171,3.6840781922717274,150.43737722838344,5.371341001081826,
1c827aca09,180,192,1344,13.44,7291.63716573955,3.7056764397723363,147.75787574997733,13.16599967279352,
1c827aca09,180,193,1351,13.51,7271.789924415057,4.988076965618378,152.4515465715946,22.742302281994323,
1c827aca09,180,194,1358,13.58,7220.534444896928,6.303114799749422,151.64121169012236,25.531181322201068,
1c827aca09,180,195,1365,13.65,7150.2127639865,7.112513727423371,151.06564371211442,19.693970363277252,
1c827aca09,180,196,1372,13.72,7044.408538269378,3.941808051722003,162.07651830947444,16.762653646360373,
1c827aca09,180,197,1379,13.79,7008.722316516363,4.545199507416553,171.4233555916955,13.29832518314181,
1c827aca09,180,198,1386,13.86,7006.076144748946,9.11672323851504,154.04101550938194,30.677647040761727,
1c827aca09,180,199,1393,13.93,6776.876844418363,7.059762078805681,166.87480599724793,14.259351463093923,
1c827aca09,180,200,1400,14.0,6724.256573686107,10.042004847178172,158.9624635739294,46.76777163208614,
1c827aca09,180,201,1407,14.07,6561.813803831613,7.789849534112282,173.91961080899023,36.4481780351112,
1c827aca09,180,202,1414,14.14,6489.897926450402,7.120330674363291,163.10143503652776,3.5591260862801577,
1c827aca09,180,203,1421,14.21,6416.841515132901,7.280301005734444,157.6739512606088,32.5656526119386,
1c827aca09,180,204,1428,14.28,6376.850474448069,8.191006261890877,159.230249754504,24.866384315714836,
1c827aca09,180,205,1435,14.35,6317.563590820545,7.440362190086127,150.01307191460288,8.1785612950411,
1c827aca09,180,206,1442,14.42,6269.231844202406,6.761486142732555,157.1305222233747,13.121034856219877,
1c827aca09,180,207,1449,14.49,6220.4308137367125,5.166161906012643,148.1107252443319,7.3658804794120405,
1c827aca09,180,208,1456,14.56,6199.740896553554,7.283318472137825,155.90713205632238,29.61856484571677,
1c827aca09,180,209,1463,14.63,6193.867524545458,8.23986508025699,158.6257151634032,23.193379385299096,
1c827aca09,180,210,1470,14.7,6193.51814081525,8.032782401869154,153.74105855426268,8.548933214835756,
1c827aca09,180,211,1477,14.77,6150.550697599491,4.993042165069785,156.3254825562976,35.22807198438009,
1c827aca09,180,212,1484,14.84,6051.028421889726,2.5536775379541052,146.7377454980822,22.473921652295925,
1c827aca09,180,213,1491,14.91,6027.457922021179,6.209666935175686,149.78393403726056,30.68010110385061,
1c827aca09,180,214,1498,14.98,5995.874709101756,5.607758111703557,147.05274681822056,23.00903894790211,
1c827aca09,180,215,1505,15.05,5980.166550799076,3.042745510064407,144.14747726649125,13.590953780319603,
1c827aca09,180,216,1512,15.12,5938.690391848077,1.888095050685941,140.05710157358592,6.463051724721356,
1c827aca09,180,217,1519,15.19,5936.545300363156,4.327768323394946,142.1821060550429,21.047272567620354,
1c827aca09,180,218,1526,15.26,5920.951917018524,6.024879164237565,130.96266919852837,21.254257289794502,
1c827aca09,180,219,1533,15.33,5918.579769996987,7.76714224658844,143.57331608757107,25.766872987177976,
1c827aca09,180,220,1540,15.4,5906.007508493152,7.3453227583345955,139.53725955723291,16.16704381605271,
1c827aca09,180,221,1547,15.47,5841.957434999737,8.937980825541771,136.13122243191097,39.538241662758885,
1c827aca09,180,222,1554,15.54,5838.4799259193,8.691083416793907,150.1508744577493,32.758093599071366,
1c827aca09,180,223,1561,15.61,5743.557924120434,7.458292811077777,138.8268726078402,26.115363446482338,
1c827aca09,180,224,1568,15.68,5691.8004547766395,3.6107728391736202,143.5615734804884,25.758259017709445,
1c827aca09,180,225,1575,15.75,5626.234136532894,4.920104441158748,135.19724350066846,15.159857189616513,
1c827aca09,180,226,1582,15.82,5609.311671280297,2.2145349019710223,137.6892137924727,10.985982272161301,
1c827aca09,180,227,1589,15.89,5584.598853158546,3.174801093982482,132.24024258570245,15.34310842054875,
1c827aca09,180,228,1596,15.96,5578.193665616579,5.144484386858671,131.10440643156198,19.961510954257033,
1c827aca09,180,229,1603,16.03,5569.442289873204,8.975178850565515,146.87174420552859,37.38518947221621,
1c827aca09,180,230,1610,16.1,5522.807138462419,9.59624449642955,143.40345473114016,31.155648445748458,
1c827aca09,180,231,1617,16.17,5441.723663733031,10.187466866851699,147.30052564929204,13.508684437008702,
1c827aca09,180,232,1624,16.24,5348.301275073289,9.28750541418763,139.76263190327666,26.227535778590056,
1c827aca09,180,233,1631,16.31,5311.151167513394,5.048188025962566,145.80381182087555,28.160623850178972,
1c827aca09,180,234,1638,16.38,5213.253631453302,3.2822527060123883,135.83730064037337,29.603195559623096,
1c827aca09,180,235,1645,16.45,5161.151858235725,3.8539104639848354,125.70287790572775,15.770302265906464,
1c827aca09,180,236,1652,16.52,5151.2665641765125,6.0234149452517975,124.2796713480513,28.79234430490169,
1c827aca09,180,237,1659,16.59,5141.350300515306,4.012746963462686,133.39546927682642,25.109394359908332,
1c827aca09,180,238,1666,16.66,5063.775022263414,5.7767046629784335,118.84213882554955,26.988958057280737,
1c827aca09,180,239,1673,16.73,5023.16049301061,3.6845080986470977,122.76432835967705,32.08404401256018,
1c827aca09,180,240,1680,16.8,4964.626463281734,6.573717026700522,113.73283115025318,28.182147523579548,
1c827aca09,180,241,1687,16.87,4932.134024607575,3.7672409037982026,113.12286589350249,26.051043000554436,
1c827aca09,180,242,1694,16.94,4856.070129630181,3.258250747700923,116.3778890511165,15.612223466298053,
1c827aca09,180,243,1701,17.01,4849.799218861584,4.156920410074627,109.29685027602835,15.681914366285358,
1c827aca09,180,244,1708,17.08,4832.132226989858,2.4688314555496733,116.03959393374217,19.42325882943233,
1c827aca09,180,245,1715,17.15,4803.943953557756,6.0903475885522695,105.19144637432045,30.301774597179982,
1c827aca09,180,246,1722,17.22,4774.399936332428,2.720028923492301,117.61005427794524,19.79931749252611,
1c827aca09,180,247,1729,17.29,4741.927647243857,3.5209751147579516,108.42841383718846,16.05475031083243,
1c827aca09,180,248,1736,17.36,4730.798670964126,2.5652190141793807,104.37986768669933,18.08366390176652,
1c827aca09,180,249,1743,17.43,4697.2897801408135,2.7707068433378716,100.00645246911796,13.434305970458645,
1c827aca09,180,250,1750,17.5,4684.147836551862,6.2599058376634495,101.06654812852338,12.053312140401811,
1c827aca09,180,251,1757,17.57,4644.518254985136,8.836619578030609,121.88599170279693,43.04698990447406,
1c827aca09,180,252,1764,17.64,4638.330918499598,4.841556186554387,118.67640922747074,26.215145857693674,
1c827aca09,180,253,1771,17.71,4526.415030816522,2.092356502198794,113.63179866327006,20.01881208046303,
1c827aca09,180,254,1778,17.78,4503.9985745610065,6.461516110363542,113.76483518428223,29.521002627171953,
1c827aca09,180,255,1785,17.85,4441.343827913539,5.5847718085645965,118.51300380195526,21.67260770404675,
1c827aca09,180,256,1792,17.92,4436.097778118497,5.60606822137026,115.25577011047226,13.337180778086546,
1c827aca09,180,257,1799,17.99,4434.225828234732,3.4946589690880545,115.66284144941586,18.73894914222902,
1c827aca09,180,258,1806,18.06,4387.256492625705,3.626094350925897,113.38820843022114,9.961278013723321,
1c827aca09,180,259,1813,18.13,4383.108596876949,4.198430309095386,113.05652856100772,10.238703330250893,
1c827aca09,180,260,1820,18.2,4357.811580812668,5.845975989503788,111.50370046421678,9.546873689239723,
1c827aca09,180,261,1827,18.27,4313.933086134505,3.571744313640813,115.39334349721123,13.74729974318743,
1c827aca09,180,262,1834,18.34,4283.798597579992,4.4437196695555645,111.34127568807399,15.743152946663995,
1c827aca09,180,263,1841,18.41,4240.342692230916,5.160315683347749,111.66444235185104,24.984677943193248,
1c827aca09,180,264,1848,18.48,4198.252042759311,4.83876278918355,108.6187763771288,15.315035809093079,
1c827aca09,180,265,1855,18.55,4163.916583264231,4.150982621360168,109.96977005068491,15.081177752533053,
1c827aca09,180,266,1862,18.62,4146.462688302248,4.038101017830248,109.8253688244657,13.837876726259857,
1c827aca09,180,267,1869,18.69,4144.2420478883805,2.921622662614321,111.931116064201,21.253939068600122,
1c827aca09,180,268,1876,18.76,4110.751408505281,4.6996217016079305,110.71835526500863,20.607548430786643,
1c827aca09,180,269,1883,18.83,4082.3010707783733,2.350304870173425,112.20575965563866,8.25509856305805,
1c827aca09,180,270,1890,18.9,4059.4941266578953,1.277216215291214,108.1464047200964,11.147374623727686,
1c827aca09,180,271,1897,18.97,4052.31767044815,5.4183480953337915,107.99320304974798,24.583868292044325,
1c827aca09,180,272,1904,19.04,4001.149284499242,7.752677416073009,102.60617786209907,33.3033412523019,
1c827aca09,180,273,1911,19.11,3949.8535720335635,3.488469042313526,109.26323218853945,24.965976816117422,
1c827aca09,180,274,1918,19.18,3882.749671885618,7.964923906168789,100.08056143696086,22.17046635720499,
1c827aca09,180,275,1925,19.25,3782.388995913039,3.652688879806952,99.76802284596273,7.928993675157677,
1c827aca09,180,276,1932,19.32,3772.5012331191447,4.2956998647952656,101.98025571792888,14.015200840626447,
1c827aca09,180,277,1939,19.39,3771.582062035977,5.22669561491187,105.58067322922439,10.444037757668303,
1c827aca09,180,278,1946,19.46,3755.6202080059065,5.259968364160133,111.79014437649823,12.963912301149973,
1c827aca09,180,279,1953,19.53,3720.3927762118146,5.5383839996837185,107.7167205545935,20.653960766006048,
1c827aca09,180,280,1960,19.6,3700.5567783586757,3.271733233313333,105.24788196118297,16.30654957729034,
1c827aca09,180,281,1967,19.67,3649.938531135561,1.5288133750792887,93.7596596094602,13.756765393766903,
1c827aca09,180,282,1974,19.74,3639.352052747156,5.306010015833108,92.299771791393,24.15540210926579,
1c827aca09,180,283,1981,19.81,3594.849690880428,5.143236180410858,100.30447861820947,23.21755030935293,
1c827aca09,180,284,1988,19.88,3585.0744637060593,2.8585466044176124,103.65522831163948,5.666865874951599,
1c827aca09,180,285,1995,19.95,3544.6508777145323,2.79761210995909,98.77147889384302,13.059730471100234,
1c827aca09,180,286,2002,20.02,3524.8451969925873,2.311010410173949,102.0703876659849,9.594725243212206,
1c827aca09,180,287,2009,20.09,3512.70382145177,4.818127972425356,102.60290270901092,22.46394924038865,
1c827aca09,180,288,2016,20.16,3496.838332688653,4.56647324873864,100.06282415416524,15.8047457143887,
1c827aca09,180,289,2023,20.23,3476.9245821030077,5.062188876918016,95.97670895063537,17.705122984359146,
1c827aca09,180,290,2030,20.3,3470.3046073871774,3.2461512863626756,102.87262124335673,19.08505933638691,
1c827aca09,180,291,2037,20.37,3425.6096700570015,4.2404283437459664,94.00062610690628,18.639408820451003,
1c827aca09,180,292,2044,20.44,3402.253902071918,2.0583565472058734,92.8019620783663,15.881070890667106,
1c827aca09,180,293,2051,20.51,3378.2933914907576,5.590472169668607,88.71789750177368,26.080748765396642,
1c827aca09,180,294,2058,20.58,3339.7219400380573,5.849790692781642,91.9284083145242,21.473532032748043,
1c827aca09,180,295,2065,20.65,3318.132981929225,4.094430808578633,100.07116038584856,10.961676401146923,
1c827aca09,180,296,2072,20.72,3288.3425481805884,5.220961949988332,87.35553478216323,21.919242316282677,
1c827aca09,180,297,2079,20.79,3274.879763473954,2.6463553969255385,104.52319559408086,16.263151871278595,
1c827aca09,180,298,2086,20.86,3244.2971360196834,3.5364712717476396,90.34699417039134,16.999268139896753,
1c827aca09,180,299,2093,20.93,3235.4162079924363,4.400137045452587,89.19909052159485,17.974580631930287,
1c827aca09,180,300,2100,21.0,3217.5929092384863,4.793181166223448,88.81837491997267,17.483901612211024,
1c827aca09,180,301,2107,21.07,3179.988548626186,3.4346360004589456,88.17056484174815,12.31817371868889,
1c827aca09,180,302,2114,21.14,3178.712651272113,2.3454732327978864,90.5726926776914,6.883778237857915,
1c827aca09,180,303,2121,21.21,3153.8376900717954,2.7941249111579034,81.30990554131647,9.862214988798922,
1c827aca09,180,304,2128,21.28,3152.08344097853,1.9798851840614322,82.0018815157973,3.576826670852249,
1c827aca09,180,305,2135,21.35,3132.124086287504,3.226766826922958,79.43411159420009,15.612251887092134,
1c827aca09,180,306,2142,21.42,3116.2092864512847,2.45763136565258,82.41685183129508,5.884538418373476,
1c827aca09,180,307,2149,21.49,3114.8541519997516,1.8113846481007094,83.49087185858444,14.566714751945943,
1c827aca09,180,308,2156,21.56,3099.668131752476,1.9749089834484401,80.90210510537445,8.151993337112387,
1c827aca09,180,309,2163,21.63,3097.3573946374686,1.1271004789610086,83.24719708908844,9.017801757023019,
1c827aca09,180,310,2170,21.7,3090.569854854932,3.0199967589531767,80.90757856433099,4.221039475494365,
1c827aca09,180,311,2177,21.77,3076.4980429097477,2.6241803315297907,82.86734216385578,23.892635913527336,
1c827aca09,180,312,2184,21.84,3043.946899625258,2.6343455876063504,82.15378611258326,7.940827106886703,
1c827aca09,180,313,2191,21.91,3036.1873344212295,3.627788473913194,83.54888356629834,15.126402740608137,
1c827aca09,180,314,2198,21.98,3025.966614442032,4.493385544599139,84.14296846256694,17.928819279374597,
1c827aca09,180,315,2205,22.05,3012.0321147464397,2.351295706943517,90.85758147016922,14.332742879570125,
1c827aca09,180,316,2212,22.12,2983.6387709676255,3.5243385584136413,82.1096419884806,16.317799711127172,
1c827aca09,180,317,2219,22.19,2964.7726825500827,2.4839182820211474,85.98365284528174,6.837789250395935,
1c827aca09,180,318,2226,22.26,2959.6553865087258,3.4218857712405586,86.5820714346551,12.489579531867715,
1c827aca09,180,319,2233,22.33,2959.294340176112,2.4304303550054613,90.36637258910132,17.28377277268057,
1c827aca09,180,320,2240,22.4,2934.151889726886,3.7118954045676364,87.67733681688019,13.079802007326895,
1c827aca09,180,321,2247,22.47,2926.951053556314,4.75710159586213,82.83750568736863,16.7256421142157,
1c827aca09,180,322,2254,22.54,2903.371405974627,2.106551667644798,85.0694786712106,14.11458752515978,
1c827aca09,180,323,2261,22.61,2881.5931157923337,1.7675189173516632,81.11746025667796,16.645255289413775,
1c827aca09,180,324,2268,22.68,2867.5839449270907,0.8808570186139121,82.1629493106328,6.468938545037138,
1c827aca09,180,325,2275,22.75,2864.2985064773416,1.3926730923900523,82.98263997628824,13.831611882775821,
1c827aca09,180,326,2282,22.82,2855.839188892487,1.7324506326971916,81.22622182184791,17.331280262763578,
1c827aca09,180,327,2289,22.89,2843.0108132836504,2.9604802839711435,77.1875618180976,14.847591167727648,
1c827aca09,180,328,2296,22.96,2835.646821357067,3.8000010580048458,84.06576130480198,14.435729310396724,
1c827aca09,180,329,2303,23.03,2824.4564120557984,4.468289390529463,78.5075444353237,10.234029893074252,
1c827aca09,180,330,2310,23.1,2816.93764519329,4.029918024808384,79.20426737728012,14.715344222123667,
1c827aca09,180,331,2317,23.17,2798.6545905036787,5.688727621260923,76.45068497356107,20.47492899543543,
1c827aca09,180,332,2324,23.24,2784.5494369775565,4.3414776974786085,88.08369677523181,10.745921250377856,
1c827aca09,180,333,2331,23.31,2774.3334323752533,2.9464345909901968,79.4117714313584,18.424003449792234,
1c827aca09,180,334,2338,23.38,2740.8436204662266,2.308235207264654,77.84402268160872,7.956682228462223,
1c827aca09,180,335,2345,23.45,2738.6586457255053,1.5812928363987204,74.87171082167356,9.51567966417234,
1c827aca09,180,336,2352,23.52,2728.2585198073366,3.1396983739706465,76.28946382690448,15.967276211414054,
1c827aca09,180,337,2359,23.59,2720.289831873199,3.288348458267536,82.90910929716979,11.468185125558643,
1c827aca09,180,338,2366,23.66,2697.8206856634515,0.8860065939193225,80.86475026287441,6.525978607851414,
1c827aca09,180,339,2373,23.73,2694.2030947361627,1.1071835147039795,80.93855321767744,6.850949019320984,
1c827aca09,180,340,2380,23.8,2688.7563598071033,5.334343885810166,80.16515046001318,26.89982503205023,
1c827aca09,180,341,2387,23.87,2651.561287902686,3.1978357717642596,100.35886544213376,8.868262852801578,
1c827aca09,180,342,2394,23.94,2610.599224322093,4.221229795363745,83.31325383249417,13.706242538973367,
1c827aca09,180,343,2401,24.01,2597.0189891607947,2.2894258243240895,90.81208015399,14.99263579814056,
1c827aca09,180,344,2408,24.08,2576.162851807677,2.268280965048112,80.3264016152391,10.167148482862983,
1c827aca09,180,345,2415,24.15,2574.643099415631,3.968829890134153,84.52486044360086,17.36099297694464,
1c827aca09,180,346,2422,24.22,2557.110226064135,3.310444272002682,87.83208948049148,12.79335643111054,
1c827aca09,180,347,2429,24.29,2543.111569888576,2.40213622546125,83.9176543184422,7.190091688981133,
1c827aca09,180,348,2436,24.36,2540.759758645204,3.11581445320475,80.52791632733451,8.146551087092748,
1c827aca09,180,349,2443,24.43,2530.1578673992854,2.385038557931395,88.42913864015826,18.967049455300913,
1c827aca09,180,350,2450,24.5,2502.70696745492,3.143668647342202,81.4194762025831,14.4004859096627,
1c827aca09,180,351,2457,24.57,2488.9323373586944,2.489377550937395,81.38394513068737,6.531498090831374,
1c827aca09,180,352,2464,24.64,2488.426702589637,3.07540149092603,77.65489272888655,9.635075890389643,
1c827aca09,180,353,2471,24.71,2483.7715059814086,1.962055707260944,83.28466935233374,13.708121257119737,
1c827aca09,180,354,2478,24.78,2464.4451272365723,1.978765009983193,77.64324704939756,7.21106018379548,
1c827aca09,180,355,2485,24.85,2460.0515447640155,1.8976125093466,79.7490524474087,18.138654721740583,
1c827aca09,180,356,2492,24.92,2446.416656755438,3.2726927276259166,76.87721346468695,12.576025206884326,
1c827aca09,180,357,2499,24.99,2444.9834943614333,1.9470837154292155,81.72805687019476,7.174638857742962,
1c827aca09,180,358,2506,25.06,2425.7533967955596,2.476015018644119,77.64640813463569,11.945997086665631,
1c827aca09,180,359,2513,25.13,2414.9298120677486,1.1746579412152374,81.77578059914542,9.066280124813526,
1c827aca09,180,360,2520,25.2,2408.761295045452,2.2305334333143065,82.77235352884668,17.54942685240407,
1c827aca09,180,361,2527,25.27,2389.400371814222,1.354227385093637,80.354809228722,7.536506991443001,
1c827aca09,180,362,2534,25.34,2379.830171678793,2.7118215761312165,76.09846675185604,11.561651424083404,
1c827aca09,180,363,2541,25.41,2378.907799782131,1.3539711510338779,76.42821356563796,3.546479003612179,
1c827aca09,180,364,2548,25.48,2370.0203845162496,1.8407456395435804,74.22533057951722,13.730186799832893,
1c827aca09,180,365,2555,25.55,2354.9187204148498,3.427753859312536,70.88183192743165,17.21990983996254,
1c827aca09,180,366,2562,25.62,2354.7401979267675,2.383280998145889,79.70595583753813,14.322232284667882,
1c827aca09,180,367,2569,25.69,2331.1549627998397,1.1438151785786923,70.64239602644274,8.456002327114623,
1c827aca09,180,368,2576,25.76,2324.3770118945017,1.2815887776190222,69.48324405016824,12.718346946530838,
1c827aca09,180,369,2583,25.83,2316.549809391031,1.5456759986405684,71.26665101962546,15.196952546516092,
1c827aca09,180,370,2590,25.9,2304.40253204868,1.7763076463722707,67.08935127613208,4.028605887777481,
1c827aca09,180,371,2597,25.97,2303.239213409474,3.116492622746744,67.96369496477445,13.169279489888828,
1c827aca09,180,372,2604,26.04,2300.3208997916245,2.0674537209726784,80.3035672504614,14.99529547631429,
1c827aca09,180,373,2611,26.11,2284.896115828973,2.952805209009302,67.46030013694482,12.036267371789988,
1c827aca09,180,374,2618,26.18,2283.634408721153,1.8474230401748883,78.4469801182448,11.522845166860122,
1c827aca09,180,375,2625,26.25,2267.89091821467,1.379474448282886,68.371196864971,12.67652854028741,
1c827aca09,180,376,2632,26.32,2258.513028662047,0.6440796272073825,70.32161316966128,5.470036913781237,
1c827aca09,180,377,2639,26.39,2256.555027219082,0.4786020222050472,69.74519043017858,2.405270539000334,
1c827aca09,180,378,2646,26.46,2255.4286047260907,1.4729286374516486,70.24785151748732,5.692450385367558,
1c827aca09,180,379,2653,26.53,2254.2736714324365,0.7015932840856063,69.62489161434989,2.14369941895132,
1c827aca09,180,380,2660,26.6,2251.772787498793,1.6746085740530348,69.26358041757491,10.181441041400374,
1c827aca09,180,381,2667,26.67,2238.756579974839,1.0048223031428563,67.697542504703,8.506422939667836,
1c827aca09,180,382,2674,26.74,2234.8218998032303,0.9186659905753326,69.55923496758602,4.243646094831701,
1c827aca09,180,383,2681,26.81,2230.8523426808297,1.4708164891227928,68.22664556767812,12.414294863386381,
1c827aca09,180,384,2688,26.88,2221.4736743711123,1.239750490751907,66.97705228873902,12.205250809820674,
1c827aca09,180,385,2695,26.95,2216.726847619482,1.270077809870729,66.68258604705632,10.298114991722702,
1c827aca09,180,386,2702,27.02,2210.4954851715124,1.3341139496034575,64.53465033828613,13.012518324470134,
1c827aca09,180,387,2709,27.09,2201.4529384533457,1.3706308334953212,64.54206096180405,13.707806556133477,
1c827aca09,180,388,2716,27.16,2194.5477914704447,1.5865011701350846,67.84945463510775,13.522990655597475,
1c827aca09,180,389,2723,27.23,2185.1940417226037,1.3359720214024537,62.65765330861618,12.690906434342375,
1c827aca09,180,390,2730,27.3,2175.755231210696,0.9086038915773641,63.10057825615996,8.860028050802564,
1c827aca09,180,391,2737,27.37,2172.150700752477,0.8121686883055407,62.50063017754783,8.175105074090002,
1c827aca09,180,392,2744,27.44,2169.5325876217753,1.1073678296178342,63.3454515366413,6.963401045851946,
1c827aca09,180,393,2751,27.51,2165.4876218688282,1.5371827385652581,61.725031731597426,12.892027985996698,
1c827aca09,180,394,2758,27.58,2158.1548697924404,1.9726167309999079,63.35738316448839,18.52350693483141,
1c827aca09,180,395,2765,27.65,2142.7603686369407,0.8008143664903173,64.83155360603166,5.042864975778523,
1c827aca09,180,396,2772,27.72,2140.0258549384853,2.0080421398010886,63.68346831329806,9.68639543779374,
1c827aca09,180,397,2779,27.79,2137.361331575892,1.7684322680846645,67.61316105175048,16.20921923893796,
1c827aca09,180,398,2786,27.86,2121.988114882571,1.5371389097192953,65.24591018867702,6.107239409318402,
1c827aca09,180,399,2793,27.93,2120.9331739821864,1.6141659082919215,68.00321821180516,13.290727294831763,
1c827aca09,180,400,2800,28.0,2112.995179654504,1.8075717447379354,69.23883399106838,16.2302592520512,
1c827aca09,180,401,2807,28.07,2101.996356957816,1.5273384364345652,68.46405118810765,11.253030437799666,
1c827aca09,180,402,2814,28.14,2090.6840837932664,1.2951442954791716,67.47467103365278,12.019703034542667,
1c827aca09,180,403,2821,28.21,2082.6361608313005,2.3439667632133085,67.85127524309051,10.647157741573702,
1c827aca09,180,404,2828,28.28,2082.3619436392773,1.876586687213891,70.28545264373908,15.352785845144412,
1c827aca09,180,405,2835,28.35,2067.9104729488217,1.3344056877797459,68.81365119502796,5.370144768158629,
1c827aca09,180,406,2842,28.42,2067.347221998982,1.5531664913984475,69.3653701499146,4.539457322783284,
1c827aca09,180,407,2849,28.49,2065.2338293211287,3.8690592462268487,69.53342734713465,13.7382413502615,
1c827aca09,180,408,2856,28.56,2040.3851939496756,1.7458412541260788,66.47529231002314,3.7201263120589734,
1c827aca09,180,409,2863,28.63,2039.995703795579,2.5883583605311267,65.79116855074729,9.425510057490424,
1c827aca09,180,410,2870,28.7,2035.2567703019347,1.4897233368174418,68.65536220357411,10.071846977683323,
1c827aca09,180,411,2877,28.77,2027.3996090571732,1.322588917756172,64.59107734987354,11.544699158533065,
1c827aca09,180,412,2884,28.84,2019.6940217099982,1.1217034149859868,61.3644721524256,8.705809793377378,
1c827aca09,180,413,2891,28.91,2013.734613309656,1.8337150842098575,59.769845580664,8.889379221190188,
1c827aca09,180,414,2898,28.98,2010.1896114621272,1.0883722986627566,61.4022909476292,9.08037971330102,
1c827aca09,180,415,2905,29.05,2004.6852353546285,1.66231031239596,58.438504625903605,8.310915933303798,
1c827aca09,180,416,2912,29.12,2003.5860267678913,0.9088028589295061,62.765216068077834,5.2402254781188,
1c827aca09,180,417,2919,29.19,2000.0187202062984,2.1124523058131293,61.124779274412944,16.318456602878097,
1c827aca09,180,418,2926,29.26,1980.0249437186008,0.9655841008273328,57.1029666666339,8.834262131907053,
1c827aca09,180,419,2933,29.33,1975.7410716235977,1.1425041231063924,55.56116044493071,11.07908553114132,
1c827aca09,180,420,2940,29.4,1970.5120324884692,1.0167983000269554,56.66157795818798,8.440433829797295,
1c827aca09,180,421,2947,29.47,1965.44890040719,3.38376755984505,57.084359924599134,14.817313747884718,
1c827aca09,180,422,2954,29.54,1959.9509453777448,2.059753042194837,68.48204630925053,13.638878471368551,
1c827aca09,180,423,2961,29.61,1943.8238616140125,1.4018879506002688,59.38000710065831,8.428343800418329,
1c827aca09,180,424,2968,29.68,1934.4786660553482,3.5014892702763274,56.79143853158025,14.359549071110282,
1c827aca09,180,425,2975,29.75,1918.9737733971403,2.0926978299300187,64.36490043675899,3.472061362701582,
1c827aca09,180,426,2982,29.82,1915.0382622138052,2.6057984548921542,56.005066237685156,11.068226752563108,
1c827aca09,180,427,2989,29.89,1910.9137916462114,1.7464994178849258,63.86214549609728,13.432455967880403,
1c827aca09,180,428,2996,29.96,1899.0638893190253,1.3808161990935703,59.85314539174233,11.465861392771275,
1c827aca09,180,429,3003,30.03,1892.7029304607618,2.8704546724841347,57.28719767590448,11.747759774079674,
1c827aca09,180,430,3010,30.1,1881.1645280411515,1.1890321191404258,62.24497778694597,8.220687237993115,
1c827aca09,180,431,3017,30.17,1877.4910799457614,1.1593213986010609,60.58075892250115,7.846719438246192,
1c827aca09,180,432,3024,30.24,1872.3754739068872,0.725364079227197,57.62033049783126,6.126400580504939,
1c827aca09,180,433,3031,30.31,1870.3100668633865,2.7148567836734236,57.87869654820323,13.021168651785558,
1c827aca09,180,434,3038,30.38,1868.2424444818698,1.5785051887093984,66.38475135226055,8.559449414810935,
1c827aca09,180,435,3045,30.45,1856.466056580282,2.208649456855891,59.824325448957865,10.07961012324187,
1c827aca09,180,436,3052,30.52,1853.5396373221688,2.784578354611914,61.318702935506536,11.433513191166947,
1c827aca09,180,437,3059,30.59,1853.3900858561335,3.0544819400485714,66.7633259285462,5.469550176887845,
1c827aca09,180,438,3066,30.66,1850.0961772437797,4.696587498520565,64.08426510162091,15.97267481692622,
1c827aca09,180,439,3073,30.73,1848.4169771178342,2.647057736207379,77.05813976836427,14.277881821441659,
1c827aca09,180,440,3080,30.8,1816.3507405869343,1.175053338257298,63.517914223260256,10.616868979735285,
1c827aca09,180,441,3087,30.87,1809.4299594841493,0.8460204227456833,59.90444316691414,5.7271094350246345,
1c827aca09,180,442,3094,30.94,1807.0774213779102,1.4914345520883898,58.93566564666935,10.454612451936235,
1c827aca09,180,443,3101,31.01,1795.8352531081935,1.5236920771834073,60.73457232922275,13.477323010889803,
1c827aca09,180,444,3108,31.08,1785.0220252298388,1.0549201982851715,58.537226951835514,4.261862400809175,
1c827aca09,180,445,3115,31.15,1784.5450383980074,0.8766710995848352,59.523078024743555,7.8319748607663175,
1c827aca09,180,446,3122,31.22,1780.8841671489588,1.6268087328812524,59.826050564576775,11.971556410819748,
1c827aca09,180,447,3129,31.29,1768.8571758405649,1.395207163884786,57.0851982090308,11.629026776541897,
1c827aca09,180,448,3136,31.36,1759.5637075818015,1.646357766598051,54.679930200928816,16.06762871184121,
1c827aca09,180,449,3143,31.43,1747.22455078848,1.4012114746037354,53.32438386588636,5.083779137480337,
1c827aca09,180,450,3150,31.5,1745.7124730968342,2.4081203380277634,50.94574404818517,10.842050509491958,
1c827aca09,180,451,3157,31.57,1740.8364939796454,1.7450013403852533,58.634360446211375,9.368991659972354,
1c827aca09,180,452,3164,31.64,1726.9675342407775,1.20452182708443,54.155556367368916,6.325823686018718,
1c827aca09,180,453,3171,31.71,1720.9205523344128,2.7162935501466583,52.54598328757809,9.482947320178061,
1c827aca09,180,454,3178,31.78,1711.587957864343,1.2822818293107237,58.09765352567405,8.19681569706172,
1c827aca09,180,455,3185,31.85,1703.7567734745223,0.9959610394820059,53.626278690329414,4.292289937549949,
1c827aca09,180,456,3192,31.92,1699.1565279993977,1.1275519917193724,52.61644576082529,6.817263843000932,
1c827aca09,180,457,3199,31.99,1692.668356821538,0.7356808290154246,50.88046936996377,6.657523097597066,
1c827aca09,180,458,3206,32.06,1690.4248293315766,1.2961767125028507,50.721139751888025,4.829697635257414,
1c827aca09,180,459,3213,32.13,1690.295480498211,1.6034692756172246,51.80446095227339,8.644322140217595,
1c827aca09,180,460,3220,32.2,1678.370903735347,0.7450820122008941,51.18535656028424,2.1686681063488895,
1c827aca09,180,461,3227,32.27,1675.8394815512677,2.3172352635142714,50.80274952829138,10.64076434203628,
1c827aca09,180,462,3234,32.34,1671.8789007853943,1.0734062209457709,56.0789157234507,5.793298904688386,
1c827aca09,180,463,3241,32.41,1666.4557928798242,2.0766340895324022,52.777489525276046,9.902997352331257,
1c827aca09,180,464,3248,32.48,1664.9722277011238,1.3430473285992421,53.047275757664686,6.142120207044725,
1c827aca09,180,465,3255,32.55,1659.032661157916,1.8515414024844483,51.31760203947292,7.914343892262637,
1c827aca09,180,466,3262,32.62,1658.9953457284814,2.150683845740132,50.015803871083186,19.49975915817176,
1c827aca09,180,467,3269,32.69,1644.438373381279,1.7701159151398849,56.93525990023089,5.84196270497058,
1c827aca09,180,468,3276,32.76,1632.3978668339332,1.007333981773819,46.61419370794062,7.080277095950004,
1c827aca09,180,469,3283,32.83,1627.7054452736643,0.7720829215048999,49.747525120129616,6.201033901523406,
1c827aca09,180,470,3290,32.9,1624.7783696021093,1.0533033159722742,48.146948019991804,8.292126292154691,
1c827aca09,180,471,3297,32.97,1619.3215860274647,0.7488711055318582,49.277640945389,6.869518112004314,
1c827aca09,180,472,3304,33.04,1616.510098624262,1.2651977231981584,49.28258729564698,9.687300510974964,
1c827aca09,180,473,3311,33.11,1611.1588757972804,2.424931601286069,52.09312020459471,8.382005734945341,
1c827aca09,180,474,3318,33.18,1611.0210834016782,1.6657405818884077,58.04855416053097,12.251730014010787,
1c827aca09,180,475,3325,33.25,1599.5812566576733,2.6695919539697277,49.1082274132259,8.652368299847106,
1c827aca09,180,476,3332,33.32,1599.3494592623435,1.4811640531650543,57.56075459135488,6.329700642422212,
1c827aca09,180,477,3339,33.39,1588.5545381041495,1.3124929104001366,50.711759281923776,12.376011579065313,
1c827aca09,180,478,3346,33.46,1579.735175181087,0.5304447081892041,47.707000656678616,3.6737857472210944,
1c827aca09,180,479,3353,33.53,1578.5132706707843,0.45534419881532157,47.87297596717425,3.8413304577558853,
1c827aca09,180,480,3360,33.6,1577.5712935015554,0.26802761387529206,47.57408306342853,2.2238634494995426,
1c827aca09,180,481,3367,33.67,1577.378559757615,0.7382983771610757,47.61891409793261,3.4778904902359717,
1c827aca09,180,482,3374,33.74,1577.29653189435,1.3628494334638082,48.68366676686476,11.5012855542408,
1c827aca09,180,483,3381,33.81,1567.9959784335376,1.4152821773209985,49.9009978843206,5.115956070127033,
1c827aca09,180,484,3388,33.88,1567.6081605556362,1.0272848121935327,50.97739008252921,7.097313842539449,
1c827aca09,180,485,3395,33.95,1564.5484868837216,1.2664102464501075,49.91576528246804,9.972000534014489,
1c827aca09,180,486,3402,34.02,1556.6908884676711,0.8201557093647264,46.29627011832391,7.691883991965508,
1c827aca09,180,487,3409,34.09,1554.2437995578514,0.7106428085359577,44.38150352887148,7.196116462878808,
1c827aca09,180,488,3416,34.16,1552.180016541905,0.8160746542122748,44.04743367735319,8.126875990123274,
1c827aca09,180,489,3423,34.23,1549.441043437611,0.4215199504568625,44.03008234132095,3.959201031356914,
1c827aca09,180,490,3430,34.3,1548.633912637171,0.957411768500284,43.9857315997884,9.074444958512542,
1c827aca09,180,491,3437,34.37,1544.1205969370142,0.882704080303808,44.43520699239264,8.246164898577025,
1c827aca09,180,492,3444,34.44,1541.2974890599858,0.7053205243662739,46.14163628700626,6.641846407770349,
1c827aca09,180,493,3451,34.51,1539.169127434281,0.706525613873212,45.953652758166534,3.3714143426244716,
1c827aca09,180,494,3458,34.58,1537.234115856741,1.39875778097499,45.87350421164293,6.954055481511709,
1c827aca09,180,495,3465,34.65,1537.0922337061668,1.0733161210325584,49.542330600650956,8.05801789386942,
1c827aca09,180,496,3472,34.72,1531.305179489112,3.093199821681364,48.11005357701424,12.922555491107266,
1c827aca09,180,497,3479,34.79,1528.6851027034825,1.7032172585365308,64.6923211549557,9.342645206124647,
1c827aca09,180,498,3486,34.86,1517.6717652440682,0.6048760201502698,52.06480396844835,3.491398246562266,
1c827aca09,180,499,3493,34.93,1516.0927791177348,0.7667558644855682,51.58091875729331,7.595725552035144,
1c827aca09,180,500,3500,35.0,1513.8402131831047,1.4246060781745589,53.05430751878567,6.200113687326589,
1c827aca09,180,501,3507,35.07,1503.7140311602416,1.5546777334592,48.154920196810686,7.163122816810053,
1c827aca09,180,502,3514,35.14,1501.7896562243077,0.9722597747359206,51.469503292396325,7.381647567597636,
1c827aca09,180,503,3521,35.21,1497.1473111285225,0.9342508359142913,49.69206358570597,7.69430947024418,
1c827aca09,180,504,3528,35.28,1493.3814930879778,0.8568020601498688,49.89172721507491,5.454127911243885,
1c827aca09,180,505,3535,35.35,1489.8669473923683,1.374668727441434,47.749922092532806,6.804191066276354,
1c827aca09,180,506,3542,35.42,1488.004014480795,1.1758193459373734,48.08999218654959,10.278965502288601,
1c827aca09,180,507,3549,35.49,1481.1676419724656,1.0510845148391361,47.59251672968275,9.371598914038193,
1c827aca09,180,508,3556,35.56,1477.2420025149545,1.1767279484838755,51.449849188664096,11.725314859642161,
1c827aca09,180,509,3563,35.63,1470.9411861070598,0.5563875862699301,48.788537810126805,4.713960964568023,
1c827aca09,180,510,3570,35.7,1469.7200584239201,0.6441945815496918,49.997667356963,6.093078324200721,
1c827aca09,180,511,3577,35.77,1467.6889941763868,0.8299635617769539,48.326017785605956,8.409195725564174,
1c827aca09,180,512,3584,35.84,1465.0848504800595,0.7635619642123432,48.87959223960961,6.492025533083867,
1c827aca09,180,513,3591,35.91,1462.254379048302,0.5961325911513418,47.44470957982719,2.140812939738858,
1c827aca09,180,514,3598,35.98,1462.203188200862,2.6503216728096404,47.844263427694436,6.339410608798945,
1c827aca09,180,515,3605,36.05,1458.3668550867712,1.4616442419845148,52.364967809554145,8.429926377761225,
1c827aca09,180,516,3612,36.12,1447.8475117678072,2.9672016015015057,50.911259300512505,14.20674266904078,
1c827aca09,180,517,3619,36.19,1440.1077659065536,1.3799867722115122,51.192312719903455,8.87230939091274,
1c827aca09,180,518,3626,36.26,1432.023606056664,0.5432606253769444,43.52959378393254,3.6904850805701663,
1c827aca09,180,519,3633,36.33,1430.639564273852,0.9992950686630762,44.690455674019496,7.246447364203307,
1c827aca09,180,520,3640,36.4,1426.261786589827,0.9653622502682458,47.503201160340296,9.842298872778535,
1c827aca09,180,521,3647,36.47,1422.2889587448042,1.1053698964964858,47.89819851865184,9.723910616514333,
1c827aca09,180,522,3654,36.54,1416.1988960695012,0.38736256843431305,48.19913027322513,3.880164304042067,
1c827aca09,180,523,3661,36.61,1415.4511835052488,1.1456291948272785,48.24709068327498,11.454226360729088,
1c827aca09,180,524,3668,36.68,1409.620775792696,0.903584694755149,46.47592408047823,8.158958309721523,
1c827aca09,180,525,3675,36.75,1407.3029866851075,0.7530751065266699,45.98538966891966,3.458554509439859,
1c827aca09,180,526,3682,36.82,1405.4785827087926,0.7162789537991255,43.52230526961613,5.869502203028069,
1c827aca09,180,527,3689,36.89,1403.8572763038085,0.8353157969166429,44.079556764520255,1.636279009851504,
1c827aca09,180,528,3696,36.96,1403.5475510445428,0.7512596216975438,42.82163682709114,5.937808632111983,
1c827aca09,180,529,3703,37.03,1400.8578052405253,0.7263411508674599,42.957342663362404,7.1157599526549165,
1c827aca09,180,530,3710,37.1,1398.2222447357842,0.45714631422937785,41.55432335731777,4.028428642389357,
1c827aca09,180,531,3717,37.17,1397.1902150825065,1.1481543055876615,41.4747192243363,11.431493783259246,
1c827aca09,180,532,3724,37.24,1391.7558841375148,1.0875869443297028,42.413889085594384,6.662420699915415,
1c827aca09,180,533,3731,37.31,1387.253918051318,0.7489150341975904,43.89970115347699,4.897738382313222,
1c827aca09,180,534,3738,37.38,1384.4571751557885,1.7491384642036447,43.05428563762176,3.1334337441205427,
1c827aca09,180,535,3745,37.45,1381.5858532895386,1.035851794790064,49.04545506218838,7.047402033310603,
1c827aca09,180,536,3752,37.52,1376.8712490850853,0.9128797910165508,42.80972704883755,8.896436126740172,
1c827aca09,180,537,3759,37.59,1374.0867014716446,0.9327092309265368,43.39324107092042,8.026035845582259,
1c827aca09,180,538,3766,37.66,1370.6264870071423,0.8031870952754729,42.698290583966255,6.824204783590425,
1c827aca09,180,539,3773,37.73,1367.6898221125684,1.0373065958398737,42.327423316411185,7.602341042297047,
1c827aca09,180,540,3780,37.8,1362.7713995313518,2.454756786464074,38.78966300835361,9.737848951070877,
1c827aca09,180,541,3787,37.87,1359.1103423001477,1.5766225497813122,48.05888020660421,11.177131175667673,
1c827aca09,180,542,3794,37.94,1349.448412706832,1.3324299642956654,39.2575346062815,4.756477453430502,
1c827aca09,180,543,3801,38.01,1349.3324083517457,0.8782674631916749,46.064317990687535,4.608336886183394,
1c827aca09,180,544,3808,38.08,1346.6321590031862,0.4453011710900939,42.783693753776255,2.3981444483779892,
1c827aca09,180,545,3815,38.15,1345.7917156258104,1.4102896237849205,42.749211682189454,7.084021649892471,
1c827aca09,180,546,3822,38.22,1336.3480334270573,0.725509551711219,40.93773400852953,6.89315980065312,
1c827aca09,180,547,3829,38.29,1334.0956618411476,1.110761311391114,39.47933262840191,10.605312975348886,
1c827aca09,180,548,3836,38.36,1328.7351534478357,0.9510953120787818,40.87017690337888,4.216245191050695,
1c827aca09,180,549,3843,38.43,1324.726297965791,0.8537390466857013,40.61877729736052,7.494214555149431,
1c827aca09,180,550,3850,38.5,1321.0147179547646,0.5479939714088918,41.801404566520596,5.444374610635928,
1c827aca09,180,551,3857,38.57,1319.7905946559047,1.6953945502431078,40.76294097273817,8.352743239025317,
1c827aca09,180,552,3864,38.64,1318.813631164577,1.076167210048497,44.23346988065475,4.133812093729202,
1c827aca09,180,553,3871,38.71,1313.7635037756427,1.524770235354703,40.59349484981821,7.119810515459434,
1c827aca09,180,554,3878,38.78,1313.5539605293325,1.0888137147126413,42.99902803568526,5.832427334142267,
1c827aca09,180,555,3885,38.85,1309.6554731597503,0.6930198229495118,41.74389644494907,2.138452086135596,
1c827aca09,180,556,3892,38.92,1308.033927093088,2.19996384728813,41.09597095349417,10.250717816013907,
1c827aca09,180,557,3899,38.99,1307.8224987684457,1.6152976951998992,48.19779495100814,11.126530269181726,
1c827aca09,180,558,3906,39.06,1300.3355244654133,0.9895589960929538,41.73777354904359,5.594354128896076,
1c827aca09,180,559,3913,39.13,1295.8417290585,1.0331696766442036,42.55118941022022,10.09736966620774,
1c827aca09,180,560,3920,39.2,1291.970307411049,0.5226231182801647,41.745751335156434,4.1151867735175545,
1c827aca09,180,561,3927,39.27,1290.7531441119627,1.318776394092023,42.63875369747534,7.502539240050544,
1c827aca09,180,562,3934,39.34,1283.4637385091755,1.0380107539228907,44.305912982762074,7.887192444394935,
1c827aca09,180,563,3941,39.41,1278.9228436935252,0.8700998069921425,44.22262124956801,6.580214205889117,
1c827aca09,180,564,3948,39.48,1276.5320808180743,0.9737308803710631,45.50334753180336,8.341796687942185,
1c827aca09,180,565,3955,39.55,1273.9074926573119,0.8751264457382898,46.70894371804956,6.555344946112376,
1c827aca09,180,566,3962,39.62,1271.5936031531787,0.4109257572185019,47.36288709994786,1.4957584172610372,
1c827aca09,180,567,3969,39.69,1271.1106039498445,0.8216209695261877,47.17114638913263,8.175611843580953,
1c827aca09,180,568,3976,39.76,1268.1975745061209,0.9277119665902905,44.46641685216469,8.236225776704146,
1c827aca09,180,569,3983,39.83,1265.3632091484294,1.5673903052745126,44.1603984264035,13.71814632606782,
1c827aca09,180,570,3990,39.9,1256.5851078550586,1.1446485250468101,45.36589272672464,7.691115800218063,
1c827aca09,180,571,3997,39.97,1252.6357038714648,0.770897417475609,43.75594375977467,3.6386523765903687,
1c827aca09,180,572,4004,40.04,1251.2187931597625,1.074172618179567,44.05781780555611,10.069810788585823,
1c827aca09,180,573,4011,40.11,1247.2840952849078,1.1492647029306824,42.88026816501979,10.304808729358333,
1c827aca09,180,574,4018,40.18,1243.9662082945056,1.0720599765845245,41.47202484343434,2.2977934667392335,
1c827aca09,180,575,4025,40.25,1242.021819728694,0.47673172542977976,44.254465324914364,4.973435583076471,
1c827aca09,180,576,4032,40.32,1239.7284812893063,0.9205638758705683,41.03575219558665,9.152393722706762,
1c827aca09,180,577,4039,40.39,1235.4826091580428,0.45536496423972916,40.19372825720476,2.869042258428793,
1c827aca09,180,578,4046,40.46,1234.7111921410628,0.3334305030789763,40.667969733985274,3.041458419983639,
1c827aca09,180,579,4053,40.53,1234.2782074993654,1.236686966701316,39.727084187517974,12.18548350757151,
1c827aca09,180,580,4060,40.6,1226.719968260328,1.5077315333646792,44.467851642866236,6.5983561513231805,
1c827aca09,180,581,4067,40.67,1226.5810544757564,1.0878447181445492,44.57391556325963,4.97916935538437,
1c827aca09,180,582,4074,40.74,1222.0973656443173,0.9766381370071683,44.32162154494314,8.629349898707275,
1c827aca09,180,583,4081,40.81,1218.1427253131417,0.6768795246534975,42.084577581216934,4.820860982094933,
1c827aca09,180,584,4088,40.88,1217.02448494384,0.8015305180957446,42.0648459769402,6.790122744389405,
1c827aca09,180,585,4095,40.95,1215.0292257017063,1.399207639574067,42.012247999637225,13.318466570582954,
1c827aca09,180,586,4102,41.02,1209.1258273336066,1.028648320801544,41.83127642765266,4.9974404736737466,
1c827aca09,180,587,4109,41.09,1207.5818965840724,1.2245963713074217,39.618740056873236,7.739648687876086,
1c827aca09,180,588,4116,41.16,1203.2726165054173,1.3948554450301507,41.31354179232612,5.266101766428759,
1c827aca09,180,589,4123,41.23,1195.6386413078474,0.5471745647974344,42.105546563095245,1.0522400567055443,
1c827aca09,180,590,4130,41.3,1194.8283249420329,2.197986576233938,42.34235502123883,6.7655652852705765,
1c827aca09,180,591,4137,41.37,1192.9322250115324,1.5539238408940406,45.08418383578711,12.312035510137761,
1c827aca09,180,592,4144,41.44,1183.8099345305725,1.2365465763440038,44.42414778301049,12.162557582879463,
1c827aca09,180,593,4151,41.51,1178.4719488214303,1.0168284938641265,40.408050219550105,8.159510403571115,
1c827aca09,180,594,4158,41.58,1174.1937720137898,0.8343113440790277,40.36248838195978,7.663165469549285,
1c827aca09,180,595,4165,41.65,1171.3771721579967,0.7972657049317424,39.69170014345841,7.899487896323371,
1c827aca09,180,596,4172,41.72,1169.296091037557,0.9420387240391024,38.91060241047123,8.008660873836861,
1c827aca09,180,597,4179,41.79,1164.9273777618282,1.0271180914573041,39.21484620202525,4.445281154164633,
1c827aca09,180,598,4186,41.86,1159.8402435470175,1.9582108764662018,40.27624714678445,8.46869196707436,
1c827aca09,180,599,4193,41.93,1158.2653260807356,1.2863267842643833,45.42705826018766,7.714016330207797,
1c827aca09,180,600,4200,42.0,1151.1931279312191,0.6818590894136211,41.94993289666369,3.804113515037324,
1c827aca09,180,601,4207,42.07,1149.3644754493307,0.5407488269098578,42.26838231372042,3.88120549248598,
1c827aca09,180,602,4214,42.14,1147.9812246655556,0.868162262289118,41.13507885452932,8.79260120828647,
1c827aca09,180,603,4221,42.21,1144.201997798686,0.4716161406137997,39.67586271114767,4.143581436469888,
1c827aca09,180,604,4228,42.28,1143.2412805543524,0.6914059792513801,40.0824368232649,3.535303179815155,
1c827aca09,180,605,4235,42.35,1141.1525308434475,1.3151898456480544,40.32298817291804,6.506917169445894,
1c827aca09,180,606,4242,42.42,1139.2749713259243,1.0828814484314393,44.67373046551373,3.1798339623364797,
1c827aca09,180,607,4249,42.49,1135.503698805051,1.104698848249066,42.247925076147176,8.75481391784191,
1c827aca09,180,608,4256,42.56,1130.1176066376684,0.9395978271690598,42.585777596273125,9.313756702258761,
1c827aca09,180,609,4263,42.63,1126.8606566421427,0.6803913632051006,41.89327412434404,5.875289940713263,
1c827aca09,180,610,4270,42.7,1125.0590034805978,1.0436511607313232,41.90180407402252,10.217247366260386,
1c827aca09,180,611,4277,42.77,1120.39636157554,0.910293998050287,42.00818502369677,8.120174692965305,
1c827aca09,180,612,4284,42.84,1116.7622563921125,0.4942126269913355,44.67977549400651,3.282127780885669,
1c827aca09,180,613,4291,42.91,1115.8062514649098,0.9192413770516676,44.06018345343166,6.0290784195087195,
1c827aca09,180,614,4298,42.98,1112.876036143166,0.5232215361525832,44.90098241391995,2.937142232528033,
1c827aca09,180,615,4305,43.05,1111.89947440945,0.42592112753408895,43.55765372532494,3.8688563598024763,
1c827aca09,180,616,4312,43.12,1111.019339417879,0.6605051788104112,43.08514479311661,5.868349218262474,
1c827aca09,180,617,4319,43.19,1109.411849549794,0.9891417939706836,45.03545396263545,7.076369383489041,
1c827aca09,180,618,4326,43.26,1105.9492722497343,1.0454305909730264,45.634325489237995,9.232194210880728,
1c827aca09,180,619,4333,43.33,1101.9218267725528,2.0278234473408894,43.104994922563314,5.3268463554931165,
1c827aca09,180,620,4340,43.4,1101.8942319664418,1.4493851794068322,49.20157166576032,9.042772929309153,
1c827aca09,180,621,4347,43.47,1093.7341033430027,0.9595689830137195,43.41031618103824,8.123860820965254,
1c827aca09,180,622,4354,43.54,1090.2068799352776,0.5357714321731242,44.21896487018379,4.460605581195503,
1c827aca09,180,623,4361,43.61,1089.1494836904662,1.3816626665923555,43.06432765839833,5.748630498755072,
1c827aca09,180,624,4368,43.68,1088.4666667305753,1.4767922803181943,42.37785477854146,13.59972428549944,
1c827aca09,180,625,4375,43.75,1077.8503570125736,1.1447183790335835,42.19827388731196,8.929111668718411,
1c827aca09,180,626,4382,43.82,1073.7180926700914,0.5922998744956124,45.191193059639545,2.1089120909646355,
1c827aca09,180,627,4389,43.89,1072.6025420164776,0.7507993689112449,42.22274622392608,4.27613379773711,
1c827aca09,180,628,4396,43.96,1070.1292661228517,1.2005345258696765,42.80349962881234,11.574840837826917,
1c827aca09,180,629,4403,44.03,1064.636855651823,0.8305890802193605,42.99517078238327,5.890545158206944,
1c827aca09,180,630,4410,44.1,1061.4278443213464,1.2410659807140871,40.712115059205495,11.442474669209565,
1c827aca09,180,631,4417,44.17,1057.0487869015267,1.0520196228233318,43.18530846028066,6.143079415005961,
1c827aca09,180,632,4424,44.24,1052.5906396679272,1.12387201659776,37.72309974569261,10.453323945594972,
1c827aca09,180,633,4431,44.31,1046.935481144959,1.2842564880677598,39.76066922195181,7.509301653412874,
1c827aca09,180,634,4438,44.38,1040.30245878048,0.9322953396796282,39.48582724925072,7.076017960533945,
1c827aca09,180,635,4445,44.45,1036.8515006135026,0.7645899748311454,39.53451827813385,5.0897561631774275,
1c827aca09,180,636,4452,44.52,1034.0654155683742,0.7290248498470351,38.557888677505424,7.232614811386732,
1c827aca09,180,637,4459,44.59,1032.5380343279412,0.4632300178534389,37.99849317479474,1.9825311596104154,
1c827aca09,180,638,4466,44.66,1031.6478327309178,0.7486031981038735,37.56297404218311,6.688592141283491,
1c827aca09,180,639,4473,44.73,1029.032225272599,0.5516639319073331,37.82820311050528,3.3682198994066987,
1c827aca09,180,640,4480,44.8,1028.2843317202987,0.9326116927689296,37.86700763353805,6.961733145423399,
1c827aca09,180,641,4487,44.87,1025.2804298550757,0.5395638918003156,38.398503122990185,1.652662197019391,
1c827aca09,180,642,4494,44.94,1024.6459996993997,0.5035670643420059,37.62376528574506,4.0321575594715195,
1c827aca09,180,643,4501,45.01,1023.7824949446252,0.7307907137627679,38.27650936125324,6.955520886698222,
1c827aca09,180,644,4508,45.08,1021.8497459380718,0.747275156430879,39.457180032202984,3.1654310806474335,
1c827aca09,180,645,4515,45.15,1021.820111601923,0.5902280925166096,37.656954630405295,3.92946340349671,
1c827aca09,180,646,4522,45.22,1020.5514221707409,0.7460623475659725,38.225129982344704,6.813035921842507,
1c827aca09,180,647,4529,45.29,1017.9028405810892,0.9144494635606455,37.82835791142707,7.814460839227533,
1c827aca09,180,648,4536,45.36,1015.3171463008545,0.5842889948315374,35.97740406924707,4.767180322925662,
1c827aca09,180,649,4543,45.43,1014.3550947754151,0.5324515442279175,36.83803568346784,4.534089292432898,
1c827aca09,180,650,4550,45.5,1013.088762716418,0.8679333184253912,35.23913257388712,3.288016520644847,
1c827aca09,180,651,4557,45.57,1012.0235898339282,0.5955836388282506,35.89878285872601,4.492828192498853,
1c827aca09,180,652,4564,45.64,1010.3550634924741,1.53981327740265,36.07298040542862,2.2156085102680936,
1c827aca09,180,653,4571,45.71,1009.9939996849448,0.859531461518552,42.054051406582836,4.806285658286708,
1c827aca09,180,654,4578,45.78,1007.1442466444323,1.0058521483621894,37.83066536477023,9.68029606122403,
1c827aca09,180,655,4585,45.85,1002.7908842364824,0.7043770802928182,38.207362501133396,3.973936001075449,
1c827aca09,180,656,4592,45.92,1001.7252630190311,1.31886658508652,36.39252455588932,4.979964594033519,
1c827aca09,180,657,4599,45.99,996.1352769765973,0.7440587358633245,37.77140655065334,0.8669764512147182,
1c827aca09,180,658,4606,46.06,995.2306031106075,0.9641977356758324,35.22149456590196,8.213659724653157,
1c827aca09,180,659,4613,46.13,992.0249316222596,0.6109718458504405,36.97850616249309,4.1371091971551905,
1c827aca09,180,660,4620,46.2,990.861476039565,0.8322827029527443,35.10082945129319,8.155866056936071,
1c827aca09,180,661,4627,46.27,988.4284263482919,0.6894022675257304,35.30038936074602,4.215231940235069,
1c827aca09,180,662,4634,46.34,987.6371921479865,0.5737846657715857,34.93910155066319,3.182199979518732,
1c827aca09,180,663,4641,46.41,987.1835106693982,0.8518700871490619,34.953679399173964,6.664522748253572,
1c827aca09,180,664,4648,46.48,985.1106379543023,1.102882464120978,35.91666252447449,7.89904472683967,
1c827aca09,180,665,4655,46.55,980.6636781765778,0.8801280597023046,37.19842049839666,4.383026476292722,
1c827aca09,180,666,4662,46.62,978.715339991296,1.1812465809586883,36.02041511813333,10.894249548085332,
1c827aca09,180,667,4669,46.69,973.7333982056431,0.6876265772950554,35.33358508947385,5.165412398449995,
1c827aca09,180,668,4676,46.76,972.1398370364078,1.1968337024105893,34.888642749604614,11.626765287258356,
1c827aca09,180,669,4683,46.83,966.7056498763039,0.9654239463453796,34.095135825952426,8.814035270970974,
1c827aca09,180,670,4690,46.9,964.0457276459632,0.6607473536181824,35.39075217801762,3.2894855174741604,
1c827aca09,180,671,4697,46.97,963.1385949948723,0.6508360052213887,34.41183008934992,4.548756425928156,
1c827aca09,180,672,4704,47.04,962.0949070272804,0.5842675824369407,34.001513453678164,4.191674260017235,
1c827aca09,180,673,4711,47.11,960.7098448312933,0.5791936536172381,33.47185444254318,3.4948324265411532,
1c827aca09,180,674,4718,47.18,959.7688991053311,0.4629318924298842,34.20546054734369,3.2775236870232494,
1c827aca09,180,675,4725,47.25,959.3123252578145,0.498527959715984,34.0038632369888,3.61986143829177,
1c827aca09,180,676,4732,47.32,958.4602251011655,0.516561693702536,34.89615633034871,4.723280367022315,
1c827aca09,180,677,4739,47.39,957.7505367252805,0.5484095615323173,35.027938845308306,5.18975515488531,
1c827aca09,180,678,4746,47.46,956.9744693737588,0.6635633071345746,33.83392491407851,5.66594097436902,
1c827aca09,180,679,4753,47.53,954.8842227981264,0.31466916509502285,33.71405095191545,1.992981416479618,
1c827aca09,180,680,4760,47.6,954.5557825046349,0.7110088149853528,33.58172800708252,5.116622226244089,
1c827aca09,180,681,4767,47.67,952.7069539976983,0.7050094202163758,32.88034472406715,6.338345133848452,
1c827aca09,180,682,4774,47.74,951.5444660380505,0.6361353372085614,32.22981629678387,2.5682320843881765,
1c827aca09,180,683,4781,47.81,950.8478246661383,0.8150025174203128,32.519372870573974,7.279152780266084,
1c827aca09,180,684,4788,47.88,948.0103493117599,0.29265925408262394,31.894558195773175,1.1835729745632693,
1c827aca09,180,685,4795,47.95,947.7617125934629,0.6286212628771848,31.611737445286728,6.050096310088956,
1c827aca09,180,686,4802,48.02,945.8396533269113,0.47627300095104247,32.04993965285199,3.544357798548136,
1c827aca09,180,687,4809,48.09,945.1151528986479,0.7615349990967931,31.702970022326202,5.463002618716819,
1c827aca09,180,688,4816,48.16,942.9018051854988,0.6695063047081847,32.48344979991742,6.34913769774903,
1c827aca09,180,689,4823,48.23,941.24235621709,1.1573202449752122,31.301325078893235,4.751675135419148,
1c827aca09,180,690,4830,48.3,940.0165742209667,1.2679861874923386,33.84756799431988,4.174190437021643,
1c827aca09,180,691,4837,48.37,939.8165099062468,1.2734380089569404,35.08798716748108,10.278299114425021,
1c827aca09,180,692,4844,48.44,932.3120410730035,0.48682228556997864,34.698571105958926,4.582141019162304,
1c827aca09,180,693,4851,48.51,931.2558325905218,0.5550604358804558,33.4026233379381,4.7268903120873,
1c827aca09,180,694,4858,48.58,929.8002157360293,1.203608801285044,32.487661024639834,12.179043609433092,
1c827aca09,180,695,4865,48.65,925.183881087186,0.5752069417879777,36.621979647769955,3.2832742411572613,
1c827aca09,180,696,4872,48.72,924.2666688785006,0.5634728306406162,33.28475145918809,5.018896632243152,
1c827aca09,180,697,4879,48.79,922.7312494849544,0.6218826130300585,34.18031937359763,6.20747053864704,
1c827aca09,180,698,4886,48.86,921.029380519777,1.1487292681864758,35.40589843926635,8.629043048517122,
1c827aca09,180,699,4893,48.93,915.640896214288,0.5938391107298258,36.44800676661932,2.9550565505435227,
1c827aca09,180,700,4900,49.0,914.6201050167557,1.1679720158522522,35.40337379634951,5.468676817273862,
1c827aca09,180,701,4907,49.07,913.6518689718899,0.8069720126986845,36.97286793531566,6.5464967013747755,
1c827aca09,180,702,4914,49.14,911.5390827317401,1.1175316541116254,35.77129502110304,6.4246925811154405,
1c827aca09,180,703,4921,49.21,906.849219269468,0.6974793417570592,35.75001428015486,5.410370002638298,
1c827aca09,180,704,4928,49.28,904.544324808531,0.5610099244582558,34.47170814708737,5.412015444527973,
1c827aca09,180,705,4935,49.35,903.0034825209119,0.8319250296777438,35.017483980489985,6.979304471820036,
1c827aca09,180,706,4942,49.42,900.3499850138583,0.4334282412350307,34.33114396947061,2.823585013933447,
1c827aca09,180,707,4949,49.49,899.4594703986525,0.9438068545838488,33.51916389807349,9.480921664188832,
1c827aca09,180,708,4956,49.56,895.2703675874179,0.7250938520744525,34.20800583596469,6.944831105740893,
1c827aca09,180,709,4963,49.63,892.8215435775676,0.4280954683285137,34.92649294631017,4.015325428767888,
1c827aca09,180,710,4970,49.7,892.0989837065596,0.5630261240734059,36.262674674271025,5.594399237432967,
1c827aca09,180,711,4977,49.77,890.8336084262145,0.6099839204003241,36.819476093424946,6.077478045794299,
1c827aca09,180,712,4984,49.84,889.5100268881778,0.6307686274111457,35.21264442794035,4.67296663489162,
1c827aca09,180,713,4991,49.91,887.8107645654114,0.6891256065554636,35.69049724472606,6.39802552005178,
1c827aca09,180,714,4998,49.98,885.3810842105579,0.6061575410664521,36.198748762936006,4.402491618324732,
1c827aca09,180,715,5005,50.05,884.3391688773772,0.7053491960132978,35.443419594038566,2.7509208358708648,
1c827aca09,180,716,5012,50.12,882.1867421721619,0.7095443499393611,34.86748619138531,6.172664278667259,
1c827aca09,180,717,5019,50.19,880.4292632018195,0.5908609318589385,34.77466103098622,5.5765960397101075,
1c827aca09,180,718,5026,50.26,879.2838032392557,1.2622571704024814,35.515914146291344,12.057308799665007,
1c827aca09,180,719,5033,50.33,875.1407035555679,0.7711746987617989,38.17076164192964,4.43587678648263,
1c827aca09,180,720,5040,50.4,874.0756038301314,0.7141621437344378,35.71970172863872,4.974264077686354,
1c827aca09,180,721,5047,50.47,871.9369646437616,0.905240376522372,35.96936298612135,9.05607261664841,
1c827aca09,180,722,5054,50.54,868.583846023855,0.8526346751010582,34.42391172716018,5.235560518975101,
1c827aca09,180,723,5061,50.61,865.6420341154944,0.8062737916058368,35.98713796970286,2.9095171331745657,
1c827aca09,180,724,5068,50.68,863.3644243890994,1.1526664224451266,36.641038625786564,10.262338826573018,
1c827aca09,180,725,5075,50.75,856.7213893031575,0.4616408163964263,33.32100910193005,3.1724033548121535,
1c827aca09,180,726,5082,50.82,855.7665235529615,0.8017722173082458,33.66962411056641,4.717799600569509,
1c827aca09,180,727,5089,50.89,852.8625482383064,0.31741210718419743,36.64100766376409,1.3076658691064857,
1c827aca09,180,728,5096,50.96,852.3615568351519,0.9455083702047445,35.48607221104728,8.506212023686336,
1c827aca09,180,729,5103,51.03,848.3211743932168,0.5467483374811374,36.18892227824997,5.260052193975994,
1c827aca09,180,730,5110,51.1,847.3921153345484,0.43812789813751757,35.8182768161781,3.5941525839350783,
1c827aca09,180,731,5117,51.17,846.6060043720636,0.8470921312913968,35.87638548304276,6.628785458618411,
1c827aca09,180,732,5124,51.24,843.1126570302408,1.4291914930774552,36.966086792428925,10.758501421455655,
1c827aca09,180,733,5131,51.31,833.2033048372434,1.0781304288461875,36.78326674916024,3.9527944805708883,
1c827aca09,180,734,5138,51.38,833.1377460790189,1.87425009333835,38.543042115467294,4.376337783463038,
1c827aca09,180,735,5145,51.45,830.4502622503421,1.9827223876663012,38.94004999012492,7.588811137010648,
1c827aca09,180,736,5152,51.52,826.779636932026,1.7791654650714732,39.197949338523735,4.132130609816949,
1c827aca09,180,737,5159,51.59,826.5200385430988,1.0554553701093576,37.73947540409755,4.751800566456811,
1c827aca09,180,738,5166,51.66,821.9276319231559,0.4425627873549052,35.47709493524694,4.071762139306836,
1c827aca09,180,739,5173,51.73,821.0248710619321,0.29926386780689024,35.07555817209139,2.8883956410896743,
1c827aca09,180,740,5180,51.8,820.6905983306888,0.5905732338718692,35.88804821074664,4.747712706671958,
1c827aca09,180,741,5187,51.87,819.4965670054588,0.598080941063617,35.91452010619727,4.870702820537201,
1c827aca09,180,742,5194,51.94,818.3142242309921,0.8821013421770206,36.35160914964104,6.734641061315027,
1c827aca09,180,743,5201,52.01,814.9504162955241,0.5562672456073987,34.95802057353608,4.404088783194852,
1c827aca09,180,744,5208,52.08,813.7495153095884,0.7140390449827078,34.40460330349152,6.16393483399535,
1c827aca09,180,745,5215,52.15,811.7024879456224,0.46565800219929915,34.45213329096126,2.452592555838163,
1c827aca09,180,746,5222,52.22,811.1498007527995,0.572471790172476,33.78078141047311,5.066783031135251,
1c827aca09,180,747,5229,52.29,810.0012245701864,1.042977251729911,32.978048824506224,4.893125906802065,
1c827aca09,180,748,5236,52.36,809.2895477014963,0.4466331602822357,34.93545332684006,2.2369287563864684,
1c827aca09,180,749,5243,52.43,808.3813353087982,0.43540322027352274,33.722368543567846,2.8168994447707365,
1c827aca09,180,750,5250,52.5,807.7583472180398,1.8535904871255158,33.79176163939803,6.557304458927323,
1c827aca09,180,751,5257,52.57,807.038645054751,1.1194869826793115,36.54978194120243,5.172409544056374,
1c827aca09,180,752,5264,52.64,801.20063990466,0.21321556483253465,33.673079915265355,0.9797901689912354,
1c827aca09,180,753,5271,52.71,801.0357572135334,0.8750188613963896,33.57746782023131,8.667427308283203,
1c827aca09,180,754,5278,52.78,798.3700435661654,0.42200680523086426,33.614107995372656,2.7893808680150762,
1c827aca09,180,755,5285,52.85,797.4785988662019,0.8321395832483992,32.546702596759594,7.392681001893904,
1c827aca09,180,756,5292,52.92,794.1353339106844,0.9335077305612339,33.620145710845165,5.395231163620423,
1c827aca09,180,757,5299,52.99,790.3238931933953,1.024014897745569,33.15471706444831,7.774263802645301,
1c827aca09,180,758,5306,53.06,785.0770677077501,0.8952914396475168,31.970071300439574,7.918339163310108,
1c827aca09,180,759,5313,53.13,781.5622373480873,0.586242013156783,30.906553293208226,2.8652225432320746,
1c827aca09,180,760,5320,53.2,780.1401845411926,0.772620248104855,30.72564147808958,7.574121469734565,
1c827aca09,180,761,5327,53.27,777.600643846875,0.6675761429912457,30.87142904551165,5.522624448384858,
1c827aca09,180,762,5334,53.34,776.4260214190728,0.9269577149057672,30.823632840062444,7.4924826476306805,
1c827aca09,180,763,5341,53.41,773.3336764338103,0.8464338866667092,32.27315201513776,7.569626057865537,
1c827aca09,180,764,5348,53.48,771.1928753916144,0.6756300527956605,30.602404260768466,4.642475584019472,
1c827aca09,180,765,5355,53.55,770.0169916710366,0.6526554458426831,32.58539923530827,4.09327038279772,
1c827aca09,180,766,5362,53.62,768.6971393778268,1.1606997119975295,30.814518157542192,10.178211326643996,
1c827aca09,180,767,5369,53.69,762.4023300813923,0.4496686261202237,32.2208198870428,4.206687590748367,
1c827aca09,180,768,5376,53.76,761.4159065933515,1.278110428673748,31.816141889697448,4.8793483883485695,
1c827aca09,180,769,5383,53.83,761.0938937099833,1.7027789688025476,39.24063361075445,5.972698127121238,
1c827aca09,180,770,5390,53.9,760.4298820657928,2.4347378291353667,31.52533023900378,2.622930234616032,
1c827aca09,180,771,5397,53.97,760.0579377427832,1.327127916911369,40.43249540923706,5.399718977497017,
1c827aca09,180,772,5404,54.04,753.0362771637006,0.725497293873749,33.228632566571775,3.7632768190492047,
1c827aca09,180,773,5411,54.11,750.4726925265206,0.9069962678199699,31.166177000341396,3.197955418327084,
1c827aca09,180,774,5418,54.18,747.3040632558858,1.060042216749386,31.41600948899641,10.175556368656808,
1c827aca09,180,775,5425,54.25,742.54217259515,0.7919649681024185,31.232946146884924,6.942167007742681,
1c827aca09,180,776,5432,54.32,739.5067047840071,0.47083785201014344,29.97590595647996,4.514649503231948,
1c827aca09,180,777,5439,54.39,738.418153841205,0.7632005780084077,30.18633708724436,5.518948445521498,
1c827aca09,180,778,5446,54.46,735.9631083993395,0.2425029512070852,30.472079777283504,1.7203093740810667,
1c827aca09,180,779,5453,54.53,735.7107030325412,0.2729642839028158,30.338904064119564,2.7518326223625222,
1c827aca09,180,780,5460,54.6,735.4284998480963,0.4988495448347026,31.19182737555431,3.4545379370708806,
1c827aca09,180,781,5467,54.67,734.5942866842233,0.5346723974408296,31.71670330679641,4.955483842728173,
1c827aca09,180,782,5474,54.74,733.3209256297533,0.4091471965375287,30.591760055248507,2.8748387822683865,
1c827aca09,180,783,5481,54.81,732.5999077041423,0.5701945028789707,31.110108259281706,5.641949344856499,
1c827aca09,180,784,5488,54.88,731.1186426888273,0.9830083852971673,30.15570358531454,9.17134980502142,
1c827aca09,180,785,5495,54.95,726.5818227073789,0.2550203908959641,31.928629865802055,1.8763431343070098,
1c827aca09,180,786,5502,55.02,726.3143488031312,0.45990813533466596,31.067642639051552,4.400850664645333,
1c827aca09,180,787,5509,55.09,725.284799198741,1.552378563691598,31.487660875429775,7.757083456959279,
1c827aca09,180,788,5516,55.16,724.4868191401509,0.792982044461051,34.401130451512515,2.451682782793021,
1c827aca09,180,789,5523,55.23,721.4742549031964,0.6770309510393666,31.028169331266955,5.54511524915945,
1c827aca09,180,790,5530,55.3,719.709665419312,0.6904473784014892,31.154718431507042,6.374158194763838,
1c827aca09,180,791,5537,55.37,717.9200821724454,0.38292402853367014,29.05880103987905,2.0120884269094783,
1c827aca09,180,792,5544,55.44,717.466094252382,0.721965753418267,29.923491231669228,5.598836362954512,
1c827aca09,180,793,5551,55.51,714.9075389032199,0.6620077820424652,29.29133274926012,5.281263413609827,
1c827aca09,180,794,5558,55.58,713.2579530098543,0.4911217703574151,28.479061647808354,3.7697426773445315,
1c827aca09,180,795,5565,55.65,712.1999627591873,0.7612252338496283,28.740939235098224,7.2594665399515845,
1c827aca09,180,796,5572,55.72,709.2761343382713,0.4659429602757978,28.313842545991346,2.0687763576948104,
1c827aca09,180,797,5579,55.79,709.241931402135,0.5184285194046682,28.388032297521658,4.322435937045458,
1c827aca09,180,798,5586,55.86,708.0007730781646,0.492023815883439,28.33237443639986,2.9814943078339335,
1c827aca09,180,799,5593,55.93,707.6728611898935,0.6257310167839278,29.114390164625696,5.798162536391493,
1c827aca09,180,800,5600,56.0,706.5459919187175,0.5511398422210193,28.394320411619944,3.9162548644499178,
1c827aca09,180,801,5607,56.07,705.4100270761605,0.7599524352271795,29.286595263713597,6.923683158745537,
1c827aca09,180,802,5614,56.14,703.2677353005804,0.6488146420496781,27.944071067334598,5.4065787261833,
1c827aca09,180,803,5621,56.21,701.5276850497753,1.416528086501739,28.32792757734003,6.919096142508867,
1c827aca09,180,804,5628,56.28,701.1351741331322,1.009671591280767,30.69008700460678,7.220925529749549,
1c827aca09,180,805,5635,56.35,698.6743710760177,0.7029735532300972,30.030237086804252,3.7503609770302155,
1c827aca09,180,806,5642,56.42,697.6696567606286,0.6817683906774117,28.559131508811188,3.905224403296973,
1c827aca09,180,807,5649,56.49,696.4428230859238,0.5801598111655468,29.883022917109123,4.304771560180159,
1c827aca09,180,808,5656,56.56,695.4615321583814,0.6935835759305743,29.171935649656316,5.604572003295681,
1c827aca09,180,809,5663,56.63,693.5803733294947,0.4389852431216763,28.326775880599,2.569691235922341,
1c827aca09,180,810,5670,56.7,692.9635115042382,0.4030963965578389,27.757514651724794,3.405794287382701,
1c827aca09,180,811,5677,56.77,692.1669881544125,0.5031875954585294,27.569122569959625,4.641795282965997,
1c827aca09,180,812,5684,56.84,691.0833217118868,0.27832676230435943,27.591919688998363,2.653209254440573,
1c827aca09,180,813,5691,56.91,690.8370132342825,0.38295128397987077,27.319222952492687,3.649644364517992,
1c827aca09,180,814,5698,56.98,690.4321729119315,0.37285790299363003,27.55684052644863,3.220700256616137,
1c827aca09,180,815,5705,57.05,690.0768234749002,0.6254398336892874,27.90114751546504,4.648595215166448,
1c827aca09,180,816,5712,57.12,688.4733656149875,0.3922122907929788,27.2644697323648,3.577216779156392,
1c827aca09,180,817,5719,57.19,687.7339434509636,0.38761552015355455,28.08445610768411,3.744957911155167,
1c827aca09,180,818,5726,57.26,687.1898019650321,0.7990252604537101,28.194673385394193,5.7958469365095935,
1c827aca09,180,819,5733,57.33,686.261449889285,0.610438572178819,29.995525098727796,1.776243420857365,
1c827aca09,180,820,5740,57.4,685.6995534591766,0.6523094950554436,28.130513400609818,4.575010187621847,
1c827aca09,180,821,5747,57.47,684.6337212220715,0.6333199869883482,29.416282988100264,2.423557431613752,
1c827aca09,180,822,5754,57.54,684.5294608636037,0.954984843824652,28.639548667195513,7.38171009188013,
1c827aca09,180,823,5761,57.61,682.1676195195441,0.7900621298508803,29.569404760520015,5.395192334118731,
1c827aca09,180,824,5768,57.68,682.1577244259975,0.46180017353537084,29.67008367224021,2.90204419484447,
1c827aca09,180,825,5775,57.75,680.0324232790869,0.5668031030421676,27.530020449490518,3.7586959677697127,
1c827aca09,180,826,5782,57.82,678.7235211379955,0.5344853410860263,28.77580132347588,5.099481531258266,
1c827aca09,180,827,5789,57.89,677.51543441452,0.5108335150748278,28.14784558337118,5.010425157780017,
1c827aca09,180,828,5796,57.96,676.5038328498221,0.7064942455436275,29.463886683253506,2.9694375260226513,
1c827aca09,180,829,5803,58.03,674.9686235724974,0.6959282850714865,29.735653773288583,6.60533047854312,
1c827aca09,180,830,5810,58.1,673.0476385821692,0.29896502573295475,29.22218014244847,2.4288100981370246,
1c827aca09,180,831,5817,58.17,672.6537574304914,0.25892221157238554,28.86572335381976,2.506635517531575,
1c827aca09,180,832,5824,58.24,672.4037593434415,0.43124688753815854,29.1421242925311,3.521067434927088,
1c827aca09,180,833,5831,58.31,671.8535950994666,0.48775867171475357,29.77416070134998,4.119134005307847,
1c827aca09,180,834,5838,58.38,670.6918876770119,0.34153226577029333,29.37161127903441,3.343195365468227,
1c827aca09,180,835,5845,58.45,670.2225929774202,0.47694553407790685,29.604086188270077,1.2700123921593787,
1c827aca09,180,836,5852,58.52,669.135951378727,0.5800150901572114,30.099384266941883,5.332373586939177,
1c827aca09,180,837,5859,58.59,668.0744366346031,0.4404922945670624,29.461468601051056,3.092014202827743,
1c827aca09,180,838,5866,58.66,667.2852923197305,0.4802216743293988,28.460983647243182,3.190244635009576,
1c827aca09,180,839,5873,58.73,666.273020939926,0.6537475215352665,27.68742835818909,6.132039573742578,
1c827aca09,180,840,5880,58.8,664.3373805507063,0.5008973428130834,27.831055132693457,4.9312067299877205,
1c827aca09,180,841,5887,58.87,663.3521767187893,0.33592849988998635,28.72600674344265,2.831965637010778,
1c827aca09,180,842,5894,58.94,662.9620799686782,0.46495256075495806,27.905453171837205,1.0899439035542302,
1c827aca09,180,843,5901,59.01,662.7619754261976,0.9207069571224873,28.49387406650258,8.891662682517786,
1c827aca09,180,844,5908,59.08,659.3659905066364,0.9763051634365056,33.74649191245838,9.663541543088407,
1c827aca09,180,845,5915,59.15,656.637473928371,0.9013438066567555,30.395052981365943,5.319639915985546,
1c827aca09,180,846,5922,59.22,654.5233412952724,0.6566776411636907,33.11334786054182,3.3730143414322193,
1c827aca09,180,847,5929,59.29,653.308742849379,0.8231405259011895,30.237612011983277,7.864814956433838,
1c827aca09,180,848,5936,59.36,650.6675419629678,1.081139364147251,30.574746305815726,9.334169074722407,
1c827aca09,180,849,5943,59.43,646.4675171751211,0.5761687081934217,29.602997257113092,2.862710992621499,
1c827aca09,180,850,5950,59.5,645.1584223113817,0.34672288408372715,27.866390792264724,3.1552701272799064,
1c827aca09,180,851,5957,59.57,644.7427915974405,0.4251211117058142,28.16967345206048,3.0484186618738502,
1c827aca09,180,852,5964,59.64,644.0633801475332,0.6272059626260541,26.489391986489036,6.307902962445197,
1c827aca09,180,853,5971,59.71,642.2115656515168,0.5500932603316957,26.300041696306238,4.899089747223648,
1c827aca09,180,854,5978,59.78,641.0441549964128,0.3855535916249376,27.745827133981358,2.4007326260744875,
1c827aca09,180,855,5985,59.85,640.6217878114322,0.7520832397209785,26.781602303468514,6.421691857184704,
1c827aca09,180,856,5992,59.92,638.5373267707731,0.7592442316947541,26.445313053123787,5.258825950249615,
1c827aca09,180,857,5999,59.99,636.0666379931306,0.510145627527101,26.23913470117529,2.3634963174372596,
1c827aca09,180,858,6006,60.06,635.3562508944475,0.5157776879676755,25.908025139705316,4.3171638849600535,
1c827aca09,180,859,6013,60.13,634.5440106422775,0.3176060220148935,23.92561187588421,2.4115345938606074,
1c827aca09,180,860,6020,60.2,634.1699035035666,1.0920808142721277,24.8052743486911,5.372095154944202,
1c827aca09,180,861,6027,60.27,633.8384380504853,0.7526172747750887,26.488427964653724,5.716286959162691,
1c827aca09,180,862,6034,60.34,631.1832340271583,0.41156771630854005,25.382476173461527,3.825124848418312,
1c827aca09,180,863,6041,60.41,630.3412687649596,0.5661092534366325,26.129369362574234,4.553792362996085,
1c827aca09,180,864,6048,60.48,629.1924036771834,0.6602630865566779,25.29419025744477,4.974067858969499,
1c827aca09,180,865,6055,60.55,627.3878379115622,0.4173582285358249,25.92645727248224,4.172616254235214,
1c827aca09,180,866,6062,60.62,626.8967490814991,0.4035477542883056,24.933856190384226,3.4793785027001825,
1c827aca09,180,867,6069,60.69,626.4158838240293,0.4492122062309166,25.478887672364745,3.7885231716942607,
1c827aca09,180,868,6076,60.76,625.7450923078103,0.6389389684972029,25.893937931105746,6.162470448451255,
1c827aca09,180,869,6083,60.83,623.6956146831587,0.5257144818821632,24.567419737522275,4.547812862723923,
1c827aca09,180,870,6090,60.9,622.3843174058356,0.40789577203656435,25.53262162106469,3.3185210950547477,
1c827aca09,180,871,6097,60.97,621.5691377873494,0.5310371683948791,25.588758086816167,4.991776468810771,
1c827aca09,180,872,6104,61.04,620.5122736692564,0.578465531929454,24.74100390931058,5.286196988254819,
1c827aca09,180,873,6111,61.11,619.1581011410697,0.6463092168840089,25.289206872137612,2.106706047282109,
1c827aca09,180,874,6118,61.18,617.3712583697559,0.4450575325964396,24.41476704028168,2.440290800777861,
1c827aca09,180,875,6125,61.25,616.7347331824701,0.23270288612274656,24.991367470739142,0.8250186004498054,
1c827aca09,180,876,6132,61.32,616.5484257887458,0.44989961813168683,24.73440322842699,4.325242943570782,
1c827aca09,180,877,6139,61.39,615.541242416532,0.7745990675391166,24.997277448555394,5.606845106337408,
1c827aca09,180,878,6146,61.46,613.6342690512473,0.6118733066204842,24.85002022805904,5.385340429901815,
1c827aca09,180,879,6153,61.53,612.0300960757726,0.2796709836140547,25.19872362846793,2.4049120092748146,
1c827aca09,180,880,6160,61.6,611.7194443066986,0.4984027928582692,25.37771560252228,4.333254796667309,
1c827aca09,180,881,6167,61.67,610.887020595045,0.7085275401807879,25.177995497346803,4.950355637445736,
1c827aca09,180,882,6174,61.74,609.0490311022522,0.3143842050571304,26.056766822172484,2.2049563752346524,
1c827aca09,180,883,6181,61.81,608.8168084269455,0.34472067300893056,25.969701126706248,1.7944011785821243,
1c827aca09,180,884,6188,61.88,608.4152200187483,0.4292174138150307,25.503660583765882,3.180034746099376,
1c827aca09,180,885,6195,61.95,607.5849996993412,0.529466558475007,25.010022174288004,2.275381901406264,
1c827aca09,180,886,6202,62.02,606.5758588108002,0.4185987981233329,24.185354815394756,3.4771207339315584,
1c827aca09,180,887,6209,62.09,605.7768549061766,0.452904018602081,24.021241423643268,4.406935014106505,
1c827aca09,180,888,6216,62.16,604.8326394562797,0.616480143365831,24.123120410009708,5.813168536073119,
1c827aca09,180,889,6223,62.23,602.9428937797217,0.5331415901375707,26.014662332647763,5.057231430116544,
1c827aca09,180,890,6230,62.3,601.7951399716793,0.6043814624941712,26.328269562333787,4.56569736068613,
1c827aca09,180,891,6237,62.37,600.3270077344645,0.30504104803883225,26.812940535450075,2.4568203517557943,
1c827aca09,180,892,6244,62.44,599.9117890075566,0.4490391161062229,26.892908351489627,3.803112951864522,
1c827aca09,180,893,6251,62.51,599.5192571722597,0.5381105853933948,27.127312759742264,4.33300202371073,
1c827aca09,180,894,6258,62.58,598.5681238924591,0.9131384876997453,27.652647585013476,8.51084510140846,
1c827aca09,180,895,6265,62.65,596.2889085432706,0.6950522887701426,26.677244907851783,4.694214158535715,
1c827aca09,180,896,6272,62.72,594.537630806503,0.3787878628636326,26.468105316364053,1.568977622955733,
1c827aca09,180,897,6279,62.79,594.1595175826124,0.36212909752407746,26.632044319012493,2.864191433786066,
1c827aca09,180,898,6286,62.86,593.6755211657135,0.5427477342196403,25.613738189854896,5.018035035831478,
1c827aca09,180,899,6293,62.93,592.5454671324211,0.7565323973365223,26.304786545029277,5.526328889139419,
1c827aca09,180,900,6300,63.0,590.5315974544843,0.384277408404412,25.815645089617316,2.555236869950539,
1c827aca09,180,901,6307,63.07,590.0591814873286,0.5602298496061676,25.25103238112138,4.817825344896161,
1c827aca09,180,902,6314,63.14,588.6019715371024,0.4452312103335488,25.570706168801824,3.0559662444517546,
1c827aca09,180,903,6321,63.21,587.6046525963571,0.5286075312332288,25.835043026582742,4.893511924777213,
1c827aca09,180,904,6328,63.28,586.4065991605353,0.609782459796602,26.11151610181369,6.1275232154489245,
1c827aca09,180,905,6335,63.35,584.7395285591493,0.4282403344892754,24.843485272761665,3.6539725193377905,
1c827aca09,180,906,6342,63.42,583.8500569861662,0.5076615636133652,25.438908302142217,4.125008199199343,
1c827aca09,180,907,6349,63.49,582.8342561727715,0.5132330356330483,25.128575046754857,4.9189651115723505,
1c827aca09,180,908,6356,63.56,582.2925744794328,0.398200847107372,24.935662650827975,2.74237929757568,
1c827aca09,180,909,6363,63.63,581.7131960616844,0.30218277998276455,24.326510244301435,1.9718166547002518,
1c827aca09,180,910,6370,63.7,581.3728129182081,0.22928056789712103,24.422652188868174,1.7630732742689519,
1c827aca09,180,911,6377,63.77,581.1885418686705,0.20670833829792368,24.507189367790836,1.3795476866859158,
1c827aca09,180,912,6384,63.84,581.0242225808505,0.21918543945167573,24.368333836025545,1.938269424951012,
1c827aca09,180,913,6391,63.91,580.8126413788827,0.4631773485890709,24.433822131806966,4.579369898317224,
1c827aca09,180,914,6398,63.98,579.935982116907,0.637312305031511,24.699364863208473,5.907192712372597,
1c827aca09,180,915,6405,64.05,578.3095190351784,0.6340161251691305,25.36209429256607,1.454184900581957,
1c827aca09,180,916,6412,64.12,576.5733791935738,0.31326576874747886,24.228615601710395,2.3182736347480892,
1c827aca09,180,917,6419,64.19,576.2529079388596,0.9516761864991977,24.41049533398524,4.1522110417192994,
1c827aca09,180,918,6426,64.26,574.5219584970355,0.846597534042552,25.61853870899196,1.6997098053049169,
1c827aca09,180,919,6433,64.33,573.6017260623861,0.47167459319190536,27.26736558082064,4.29511955072779,
1c827aca09,180,920,6440,64.4,572.5160272472862,0.37249496060759313,25.880984555179996,3.7258399882048474,
1c827aca09,180,921,6447,64.47,571.9076036066089,0.3938059688094994,25.021780498195966,3.8707460409304244,
1c827aca09,180,922,6454,64.54,571.2182804662083,0.3968009574333112,24.72139539862656,3.7606632797128783,
1c827aca09,180,923,6461,64.61,570.5444324329959,0.45724274228884665,24.628330026320867,4.5122742219436605,
1c827aca09,180,924,6468,64.68,569.5684819839125,1.1769267615344772,25.3511883078523,5.344435208126237,
1c827aca09,180,925,6475,64.75,569.3471484440481,0.7128975892464943,27.558262770061788,5.1335549757162084,
1c827aca09,180,926,6482,64.82,566.7461975241617,0.486481754339722,25.357814732195184,1.825718474215478,
1c827aca09,180,927,6489,64.89,566.738994003535,0.2910205542456349,25.884233466897392,0.9502033689278222,
1c827aca09,180,928,6496,64.96,566.3708440015228,0.44937124214103613,25.097197694953376,4.19537845151108,
1c827aca09,180,929,6503,65.03,565.4701434822283,0.40182142876803334,24.453857933044834,3.7279355334908857,
1c827aca09,180,930,6510,65.1,564.7781018341857,0.4696769790948152,25.16608568542248,4.534087759154359,
1c827aca09,180,931,6517,65.17,563.7795767109021,0.5690797477897849,24.37651189129943,4.4435263079574066,
1c827aca09,180,932,6524,65.24,562.9519584063078,0.538620462568167,24.51463125554957,4.504745116017351,
1c827aca09,180,933,6531,65.31,561.8868537331701,0.6108933506233954,24.019451855023433,4.998547589947612,
1c827aca09,180,934,6538,65.38,560.4068232397212,0.3591684260952454,24.850497862755525,3.0010615327326065,
1c827aca09,180,935,6545,65.45,559.9185913781116,0.6709324755720744,24.673229888380348,5.2101133149590595,
1c827aca09,180,936,6552,65.52,557.8123229041662,0.41980383383942704,24.25342260752464,3.577793093448426,
1c827aca09,180,937,6559,65.59,557.0961764758578,0.33874350241046053,24.220395360916605,3.1255316355437786,
1c827aca09,180,938,6566,65.66,556.6251539198959,0.4402375517548575,23.810328756364736,4.1427517194578005,
1c827aca09,180,939,6573,65.73,556.0623587572722,0.3082449979746912,24.521331022077092,1.370343669479918,
1c827aca09,180,940,6580,65.8,555.630223567801,0.5901203677221588,23.99407868066501,4.2747825457162865,
1c827aca09,180,941,6587,65.87,554.1721289068289,0.5247767943937602,24.550956176891724,4.826622354361654,
1c827aca09,180,942,6594,65.94,552.8439156830881,0.5267655964445687,23.94103879015898,2.149088265007902,
1c827aca09,180,943,6601,66.01,551.7458861611585,0.39707614535952984,24.345848116860964,3.5921652327208,
1c827aca09,180,944,6608,66.08,551.1324199396504,0.6578256698294408,25.3359334876762,6.2795473565740005,
1c827aca09,180,945,6615,66.15,549.2922974331333,0.7654344382949636,24.32290898485797,1.2696882079375504,
1c827aca09,180,946,6622,66.22,549.15330180545,0.7544313509930265,26.64897294690329,6.325761049938172,
1c827aca09,180,947,6629,66.29,546.8641025960902,0.6783161223375179,24.290046628722617,5.954787849964358,
1c827aca09,180,948,6636,66.36,544.7308485183538,0.2151605500775225,24.624079771578444,1.5339474538504791,
1c827aca09,180,949,6643,66.43,544.5538085898969,1.3352177580735556,24.343418792284584,4.512378870015921,
1c827aca09,180,950,6650,66.5,543.9767660855222,0.9145986300549125,29.872133481975148,6.6052689133583815,
1c827aca09,180,951,6657,66.57,540.1729834149814,0.2523331214170025,24.298614300382035,0.7787854558141866,
1c827aca09,180,952,6664,66.64,539.9316616847074,0.40899275393004875,23.952394630020688,3.5988825896100733,
1c827aca09,180,953,6671,66.71,539.2697150822901,0.3739583470474006,24.440553369784624,3.3766008030937686,
1c827aca09,180,954,6678,66.78,538.743575980647,0.4482278993133669,24.507442597563674,4.268596894212844,
1c827aca09,180,955,6685,66.85,537.8286556956689,0.27419509444641776,24.073669571781057,2.6581712237130395,
1c827aca09,180,956,6692,66.92,537.4880425303983,0.570096948082274,24.64018934799508,5.236230646207526,
1c827aca09,180,957,6699,66.99,536.2223819958052,0.24469452627417818,23.725346306658867,1.3166326596799485,
1c827aca09,180,958,6706,67.06,535.9934402610459,0.5479815851283277,24.02645702413333,5.499321483712628,
1c827aca09,180,959,6713,67.13,534.5959935140058,0.7814011720549078,24.43395339455986,4.187024215537607,
1c827aca09,180,960,6720,67.2,532.5953733308987,0.37457929992326,26.593411014876292,1.2064604209354222,
1c827aca09,180,961,6727,67.27,532.0875521745054,1.0214623908295857,25.137276325505585,4.761031401131008,
1c827aca09,180,962,6734,67.34,532.0780632365951,0.7086494832469858,29.06682894595512,2.324288889670083,
1c827aca09,180,963,6741,67.41,530.1981230084112,0.6245224091539258,26.86989231547231,4.723858464840987,
1c827aca09,180,964,6748,67.48,528.3012514762071,0.6103823827713978,27.858106580993674,6.011012359335454,
1c827aca09,180,965,6755,67.55,527.1876520111126,0.4757559151803368,25.78893382488305,3.5799834513437983,
1c827aca09,180,966,6762,67.62,526.4103874032578,0.3529386543572199,26.645219770109378,1.849100167027886,
1c827aca09,180,967,6769,67.69,525.8609948040538,0.6754569742026821,25.973509554228972,6.8752680266710815,
1c827aca09,180,968,6776,67.76,523.9123401685872,0.346896537694034,26.92103561105365,2.7841130918242767,
1c827aca09,180,969,6783,67.83,523.4196976813664,0.5417681209122228,26.164523759707997,4.034613774237692,
1c827aca09,180,970,6790,67.9,522.1729166607782,0.328069994709199,25.615200758556792,2.2151952827945016,
1c827aca09,180,971,6797,67.97,521.7644694657833,0.7259871996420312,25.536513577732663,3.8508317325229418,
1c827aca09,180,972,6804,68.04,519.7449476649764,0.6546536277237076,24.917707213297653,5.374661547051127,
1c827aca09,180,973,6811,68.11,518.1681661563479,0.2471499123977377,23.618682940040006,1.2363540348680844,
1c827aca09,180,974,6818,68.18,517.9757874929568,0.46002234596108993,23.70825076422006,4.025244096587997,
1c827aca09,180,975,6825,68.25,516.9226549942194,0.30366392602627523,23.711674863252995,3.0015346334113264,
1c827aca09,180,976,6832,68.32,516.7151686744687,0.2804319652277129,24.108720659670052,1.9738077706547112,
1c827aca09,180,977,6839,68.39,516.4398913180991,0.663583734327981,23.698976427871955,4.628060385682001,
1c827aca09,180,978,6846,68.46,514.398989713271,0.41527660722412013,23.25065091844447,3.517685167781704,
1c827aca09,180,979,6853,68.53,513.660760641839,0.4724633384345503,23.280285668734695,4.091514714396396,
1c827aca09,180,980,6860,68.6,512.8316848313822,0.5701506560764839,22.95772566793072,5.055512511382832,
1c827aca09,180,981,6867,68.67,511.57771117576226,0.3526341546554537,23.365701285308678,2.7381342589399944,
1c827aca09,180,982,6874,68.74,511.3287051115784,0.452989257644567,23.23209220186948,4.090135462112764,
1c827aca09,180,983,6881,68.81,510.4712197157271,0.4693777065235494,22.70616147411763,3.93349748665331,
1c827aca09,180,984,6888,68.88,510.00913330155015,0.3281470790338588,22.78129374207828,1.1722992681121325,
1c827aca09,180,985,6895,68.95,509.7521216738922,0.4595151783387083,22.335936197228673,4.35078533106891,
1c827aca09,180,986,6902,69.02,508.7296407085346,0.4869690933877138,23.499842815076725,4.596893521477158,
1c827aca09,180,987,6909,69.09,507.6264352959934,0.43981722955951436,22.857612391529806,4.075566826523585,
1c827aca09,180,988,6916,69.16,507.10676765043075,0.3969051478728779,25.010007883239606,3.330189308067174,
1c827aca09,180,989,6923,69.23,506.84400648766245,0.45438858618049177,23.133102512523386,3.7956724755386624,
1c827aca09,180,990,6930,69.3,505.96347721747964,0.5168366222257971,23.343806563895786,5.067254884841193,
1c827aca09,180,991,6937,69.37,504.9425599662517,0.32821988601252844,24.133049848493634,2.6198276195810615,
1c827aca09,180,992,6944,69.44,504.57467072192463,0.5853985291346359,23.992037994118277,5.4989554210020035,
1c827aca09,180,993,6951,69.51,502.9076581201685,0.563020922822787,23.70378809188356,5.095369679660966,
1c827aca09,180,994,6958,69.58,501.43840992655674,0.27560458134784876,25.02574744740178,2.538141389640046,
1c827aca09,180,995,6965,69.65,501.1401952332118,0.38693120933767455,25.61064881943725,3.662951939400253,
1c827aca09,180,996,6972,69.72,500.49124362467035,0.633490041102927,24.266703567058602,1.7255507554868366,
1c827aca09,180,997,6979,69.79,499.0178093965855,1.0130418181112995,23.62056757905526,4.737443467349392,
1c827aca09,180,998,6986,69.86,498.9285148221086,0.7219016590532119,22.564710680394647,4.414819883352731,
1c827aca09,180,999,6993,69.93,496.90232063174136,0.4603572402386506,22.252677064767518,4.312091713982217,
1c827aca09,180,1000,7000,70.0,496.21607205610076,0.7791324054515641,22.090965349487888,3.3760610803093365,
1c827aca09,180,1001,7007,70.07,493.40910255929083,0.37121683179431764,21.194630718264754,2.74674467360454,
1c827aca09,180,1002,7014,70.14,492.897853662409,0.3178504106296146,20.94447071871771,2.583688201049208,
1c827aca09,180,1003,7021,70.21,492.54100433301784,0.9336903115460907,21.493016414628404,4.230246159630345,
1c827aca09,180,1004,7028,70.28,492.24579439596033,0.6178965528093981,23.399967935438124,3.7436630675899534,
1c827aca09,180,1005,7035,70.35,490.57503986427906,0.46248977463803614,22.443863411889648,3.3390370242231207,
1c827aca09,180,1006,7042,70.42,489.5344448128327,0.4962492813802533,22.791513310508446,5.075923590700235,
1c827aca09,180,1007,7049,70.49,488.2810047030385,0.3413648384205975,24.123462991892715,3.0814935147677676,
1c827aca09,180,1008,7056,70.56,487.9925438247243,1.6394329632315634,24.941966232419105,8.008701931867762,
1c827aca09,180,1009,7063,70.63,487.68425855594785,1.0957812776426128,33.576268444245606,7.167735297098365,
1c827aca09,180,1010,7070,70.7,483.7976401698912,1.376271904777073,26.05391573630406,5.432798202933769,
1c827aca09,180,1011,7077,70.77,483.369072615954,0.871298500415448,26.986507376620253,4.843337270906687,
1c827aca09,180,1012,7084,70.84,481.0378295027919,0.638605346181653,23.380035467243374,4.193454980135767,
1c827aca09,180,1013,7091,70.91,479.80031774698244,0.3753540203950692,23.28007824737349,1.9512489115097602,
1c827aca09,180,1014,7098,70.98,479.41133530835276,1.3162853642490022,22.380671252392172,2.019235120069047,
1c827aca09,180,1015,7105,71.05,478.577109180562,0.7045459605765927,25.889041671845355,2.9926867851786914,
1c827aca09,180,1016,7112,71.12,476.88600970007855,0.5055197662137707,23.327072920573887,0.5089152913508745,
1c827aca09,180,1017,7119,71.19,475.74907575057773,0.6872144190878411,22.528556753364285,2.9300926740184297,
1c827aca09,180,1018,7126,71.26,475.67923798105335,0.8594514952292693,22.525500619946822,3.0560972674510296,
1c827aca09,180,1019,7133,71.33,475.6549852736698,0.5668250817608568,22.66340621859214,2.915038319236003,
1c827aca09,180,1020,7140,71.4,474.18336324542906,0.5305457987087591,21.56319220923242,4.983203580121618,
1c827aca09,180,1021,7147,71.47,473.0143734503793,1.3651579233826694,21.711464593082763,5.923899060738955,
1c827aca09,180,1022,7154,71.54,472.58102588382116,0.8032311811049287,24.893294446820757,5.619002717840771,
1c827aca09,180,1023,7161,71.61,470.12661557743417,0.556036847250517,21.963584773033123,3.750670997181923,
1c827aca09,180,1024,7168,71.68,469.02043021387817,0.5200663493762879,20.920533037326205,4.798874545176314,
1c827aca09,180,1025,7175,71.75,468.1278729405475,0.6721188091565226,20.34750439787629,6.650706778490516,
1c827aca09,180,1026,7182,71.82,466.24658541492477,0.621839975554178,22.355156839818296,5.562644749067916,
1c827aca09,180,1027,7189,71.89,464.7560924916965,0.5211381323858604,20.56272741504745,4.355231394656951,
1c827aca09,180,1028,7196,71.96,463.5783927865163,0.5965173230497505,20.597379808895894,5.897900922231892,
1c827aca09,180,1029,7203,72.03,462.158771117704,0.23400472832355682,19.57312196390266,1.3642425531573639,
1c827aca09,180,1030,7210,72.1,461.9146343114105,0.2510806927563399,19.737074973295545,1.7215952342257406,
1c827aca09,180,1031,7217,72.17,461.6765751013543,0.18782094331177474,19.35380252038716,1.75948783915289,
1c827aca09,180,1032,7224,72.24,461.52232448157326,0.1768254729925304,19.302546449916516,1.4286980868222847,
1c827aca09,180,1033,7231,72.31,461.42642899748495,0.3736724809344347,19.779132846722266,2.114655995166455,
1c827aca09,180,1034,7238,72.38,460.7194290553963,0.1660754437976993,19.705769943789825,1.6294705202240414,
1c827aca09,180,1035,7245,72.45,460.61757153405284,0.30102815974471137,19.64195040115669,2.801648479775885,
1c827aca09,180,1036,7252,72.52,460.296007881042,0.3833873835619623,20.567047105613273,2.968533125738286,
1c827aca09,180,1037,7259,72.59,459.7565264594209,0.40247884135431694,20.160491110185824,2.406565997278014,
1c827aca09,180,1038,7266,72.66,459.21680253492985,0.2659812644555499,20.85574358796266,1.7967524926631695,
1c827aca09,180,1039,7273,72.73,458.9390786694552,0.1785543446625314,20.424912928691654,1.628203285668406,
1c827aca09,180,1040,7280,72.8,458.8375006208603,0.43943691445683053,20.503097912300603,3.304281646742329,
1c827aca09,180,1041,7287,72.87,458.0968694290425,0.5498007337531372,19.876683335586467,4.782582389722159,
1c827aca09,180,1042,7294,72.94,457.197558299044,0.3348636841571326,19.9613410270945,1.713892746315949,
1c827aca09,180,1043,7301,73.01,456.8432539543044,0.23741383204473385,19.075149098017203,1.8118994501418622,
1c827aca09,180,1044,7308,73.08,456.6218509293064,0.3275470679004273,19.0868845284157,1.8529488370979714,
1c827aca09,180,1045,7315,73.15,456.2603624594774,0.27034929497712046,19.493928222055956,2.3024035561116243,
1c827aca09,180,1046,7322,73.22,456.0755426808566,0.1912759388240455,18.928336003314666,0.6150826683617548,
1c827aca09,180,1047,7329,73.29,456.00914631746656,0.31771456575382545,19.180101436279276,1.485468498813129,
1c827aca09,180,1048,7336,73.36,455.7333159848079,0.5600567812501281,19.18556607012497,4.046004749366956,
1c827aca09,180,1049,7343,73.43,454.8549813765028,0.5144795879965484,19.169986239272085,3.7900941939864254,
1c827aca09,180,1050,7350,73.5,454.1263190832203,0.486021991336493,18.651395881226698,2.3043419860649377,
1c827aca09,180,1051,7357,73.57,453.62923627267946,0.3981330858558256,17.56078604647801,2.317539732541258,
1c827aca09,180,1052,7364,73.64,453.094012383653,0.22470468532831386,17.47423820550886,1.3772899425098937,
1c827aca09,180,1053,7371,73.71,453.0152862724499,0.28130283856548977,17.200265385855985,0.7497509541880077,
1c827aca09,180,1054,7378,73.78,452.76011977113745,0.3442213813844911,17.10948654830943,3.089416766357839,
1c827aca09,180,1055,7385,73.85,452.41357747377066,0.439677408300332,17.666369315108092,3.2016617349766077,
1c827aca09,180,1056,7392,73.92,451.70756057249713,0.41406311104542726,17.86316838805538,2.043101413284102,
1c827aca09,180,1057,7399,73.99,450.9142629697718,0.2773789109940462,18.26726575618614,2.0347688241235953,
1c827aca09,180,1058,7406,74.06,450.5880785264069,0.42243419793223197,18.778532333155397,1.9828903415801062,
1c827aca09,180,1059,7413,74.13,450.5338965067544,0.2987463310320205,19.585214948200164,1.4759037745779102,
1c827aca09,180,1060,7420,74.2,450.13203794273704,0.3868453417705724,18.94619856663153,3.5406897211011534,
1c827aca09,180,1061,7427,74.27,449.6186429819577,0.4561894730701522,19.150722437172877,4.332542207157595,
1c827aca09,180,1062,7434,74.34,449.3318634081775,0.5890898745914273,19.862853540688025,5.345191360972813,
1c827aca09,180,1063,7441,74.41,448.71970058058037,0.633573276384697,19.435891224709813,5.168353342956901,
1c827aca09,180,1064,7448,74.48,447.41307258197014,0.6088105208037935,18.103187748395953,4.470938701315732,
1c827aca09,180,1065,7455,74.55,445.72732212175146,0.3609267113635117,18.560304480624115,3.1248429628831564,
1c827aca09,180,1066,7462,74.62,445.30318611614473,0.23741710607039407,19.593072111359174,1.2093333335668877,
1c827aca09,180,1067,7469,74.69,445.10544087352025,0.5904298124856175,19.075002155173312,5.936186783672843,
1c827aca09,180,1068,7476,74.76,444.1660479820307,0.3423164655130467,19.817125038573668,2.3491398823730036,
1c827aca09,180,1069,7483,74.83,443.84204941854586,0.8426043613060347,18.947345360831818,3.713313537894977,
1c827aca09,180,1070,7490,74.9,443.7857090061331,0.603247306081219,21.618212124630514,4.5257385637902585,
1c827aca09,180,1071,7497,74.97,442.7590546237971,0.44130259410445527,18.851943954221454,3.500260697916275,
1c827aca09,180,1072,7504,75.04,442.0332608587602,0.3397075199040508,18.854910476964196,2.380426676202627,
1c827aca09,180,1073,7511,75.11,441.6192878532451,0.3110765694799163,19.112471864643073,2.986334996903239,
1c827aca09,180,1074,7518,75.18,441.28269716096986,0.43214416002214834,18.70624185809689,3.533866697905321,
1c827aca09,180,1075,7525,75.25,440.98991285495333,0.3887400225982802,18.47980063153573,2.0202724055847106,
1c827aca09,180,1076,7532,75.32,440.88773338991854,0.45874427679358537,18.520406814509187,3.919126283793886,
1c827aca09,180,1077,7539,75.39,440.5379608531941,0.46336809949084956,18.548040457429337,3.3512207541747046,
1c827aca09,180,1078,7546,75.46,440.04911727719724,0.46766488781144155,18.29653266238964,3.6036926954653645,
1c827aca09,180,1079,7553,75.53,439.34933977895474,0.41512508191769,18.124671680047747,2.3629695819751007,
1c827aca09,180,1080,7560,75.6,438.71935024613435,0.24030934340557497,17.90255469590978,1.7886366677341794,
1c827aca09,180,1081,7567,75.67,438.5456286080766,0.2461045551912054,17.976471031418626,1.696031536351521,
1c827aca09,180,1082,7574,75.74,438.4428485223016,0.9168991800152227,17.816472563989127,3.2564651242568066,
1c827aca09,180,1083,7581,75.81,438.31649706881484,0.604155047338791,20.620177728319863,3.071762294780857,
1c827aca09,180,1084,7588,75.88,437.31169241276535,0.48595397711754557,19.104041184414147,3.1253288031932636,
1c827aca09,180,1085,7595,75.95,436.80003371764803,0.5151739603734301,19.011194198257307,2.9086701269447763,
1c827aca09,180,1086,7602,76.02,435.77281517446056,0.38133066010871003,18.510993502450344,3.1173404525799127,
1c827aca09,180,1087,7609,76.09,435.3909932340367,0.43248413128509644,17.516831977322692,3.178133155680151,
1c827aca09,180,1088,7616,76.16,434.66475537689917,0.3626109263434007,18.573492794076337,3.348739670685704,
1c827aca09,180,1089,7623,76.23,434.2661430908754,0.30026028608897165,18.013871386279764,2.5644073149025113,
1c827aca09,180,1090,7630,76.3,433.91654574913633,0.5145860682025344,17.817650636388475,4.748939330911645,
1c827aca09,180,1091,7637,76.37,432.7808360724408,0.5062831237559988,18.428757284821113,4.609130591180611,
1c827aca09,180,1092,7644,76.44,431.66002992897756,0.27289424162036985,18.07686390000125,1.901486709499224,
1c827aca09,180,1093,7651,76.51,431.42095019746495,0.4563207583159285,18.39250771092395,3.9594850348002333,
1c827aca09,180,1094,7658,76.58,430.73258841029804,0.34325522763116134,17.77870691322617,2.035269679336213,
1c827aca09,180,1095,7665,76.65,430.3023233599223,0.18848549278364551,17.88015756441672,0.9780771689405696,
1c827aca09,180,1096,7672,76.72,430.20300450702956,0.37251373807768945,17.457155577996925,3.254245581327069,
1c827aca09,180,1097,7679,76.79,429.8250389563736,0.3443659684244774,18.500183920362804,2.3034872685480483,
1c827aca09,180,1098,7686,76.86,429.45184615312826,0.5581605576372407,17.43517855954389,5.5176059102040345,
1c827aca09,180,1099,7693,76.93,427.94221429433435,0.17051918349364237,18.865977409996066,1.4585891987508397,
1c827aca09,180,1100,7700,77.0,427.82091095525243,0.37513942138054235,18.822541846819764,3.6843806113695248,
1c827aca09,180,1101,7707,77.07,427.4881379045128,0.4615364467268148,20.27681341270189,3.832993453261533,
1c827aca09,180,1102,7714,77.14,426.6989873791499,0.16761633191215747,18.42333212636481,0.9165444037998776,
1c827aca09,180,1103,7721,77.21,426.6004307679655,0.44903995754217313,19.190778046641256,2.585503771366171,
1c827aca09,180,1104,7728,77.28,425.720125100398,0.2737887491948655,18.36313757378681,2.059746104458913,
1c827aca09,180,1105,7735,77.35,425.35744103911463,0.21741234231410364,18.56986362426337,1.6935488018160636,
1c827aca09,180,1106,7742,77.42,425.2176558935116,0.34509909980850473,18.628464281566973,3.4362283209062596,
1c827aca09,180,1107,7749,77.49,424.93101672476587,0.29100721918314904,18.778638615696227,1.9899423626456638,
1c827aca09,180,1108,7756,77.56,424.7240913559042,0.4761332688355863,18.368028681482766,3.5916052902512963,
1c827aca09,180,1109,7763,77.63,423.98679895839433,0.48328595358189613,18.585384253511453,3.957661330036915,
1c827aca09,180,1110,7770,77.7,423.3238078114875,0.4556362742240889,18.315172062051367,2.562663011490049,
1c827aca09,180,1111,7777,77.77,422.46359919512855,0.5827655008470443,17.92530586941145,3.4100855123617952,
1c827aca09,180,1112,7784,77.84,421.29992716352854,0.38154932674069675,17.59511546583942,1.9919723265197706,
1c827aca09,180,1113,7791,77.91,420.96007296798234,0.26074183056821143,17.686527060871438,1.529347435289835,
1c827aca09,180,1114,7798,77.98,420.74091946850825,0.5151609383762041,17.40206562997919,5.094927792326852,
1c827aca09,180,1115,7805,78.05,419.8050526058907,0.2990773010270406,17.908512834524906,2.4107475514187096,
1c827aca09,180,1116,7812,78.12,419.5375239503591,0.5476410587655163,17.787784709961638,5.411284683163052,
1c827aca09,180,1117,7819,78.19,418.44664477316235,0.3452080007168284,18.13667348520208,1.2068865275516627,
1c827aca09,180,1118,7826,78.26,418.1621428942268,0.42864493267654946,17.08528343236712,3.066196781147474,
1c827aca09,180,1119,7833,78.33,417.3419677380688,0.3412150826148026,18.29336062670589,2.8716099507329558,
1c827aca09,180,1120,7840,78.4,417.05506753603066,0.3333203271994073,18.20115070227345,2.159844036907829,
1c827aca09,180,1121,7847,78.47,416.6304877649135,0.47676282319869906,18.29615518025658,4.532478504956684,
1c827aca09,180,1122,7854,78.54,415.6354986599124,0.5540232397680023,18.396109086462584,3.0512914251044787,
1c827aca09,180,1123,7861,78.61,414.829648946268,0.3564603025123518,20.635568280636765,2.189338043663389,
1c827aca09,180,1124,7868,78.68,414.5652668863657,0.3495263874693954,18.6208157768906,1.5402283496130775,
1c827aca09,180,1125,7875,78.75,414.11814590754386,0.4791975455717919,19.291870349902155,4.221483046419586,
1c827aca09,180,1126,7882,78.82,413.05821885491935,0.49192745978663743,19.67847104936444,4.340725137465612,
1c827aca09,180,1127,7889,78.89,412.5185613140157,0.5436224982804069,18.788750386066198,2.750012569487539,
1c827aca09,180,1128,7896,78.96,411.6745234600762,0.4671355625194549,19.13730525281731,3.924028147627371,
1c827aca09,180,1129,7903,79.03,410.98123122055244,0.3590960246617711,18.901850755911674,2.36339065962893,
1c827aca09,180,1130,7910,79.1,410.7150725539479,0.4246601615700293,18.28816312871646,3.7341927171503326,
1c827aca09,180,1131,7917,79.17,409.91870405357645,0.2711037769486485,18.744299845993684,0.6606711797884891,
1c827aca09,180,1132,7924,79.24,409.5841357532912,0.34680103230894027,19.404987380169274,2.8675385720461364,
1c827aca09,180,1133,7931,79.31,409.2172097644547,0.7250438658299797,18.911963093631762,3.5466320401625633,
1c827aca09,180,1134,7938,79.38,409.1856878912983,0.41966800374689306,18.92450864296687,2.262298310830273,
1c827aca09,180,1135,7945,79.45,408.39557826776115,0.2412782342439617,18.67090338605989,2.321629354598625,
1c827aca09,180,1136,7952,79.52,408.1126623556434,0.18418266960547594,18.502404894353305,1.6363447924426755,
1c827aca09,180,1137,7959,79.59,407.9694803365554,0.6011335578916599,18.759250491211894,5.69953711404083,
1c827aca09,180,1138,7966,79.66,407.2353870008933,0.6619009372867314,17.6924216404492,1.8411218618688887,
1c827aca09,180,1139,7973,79.73,406.0114012764176,0.37556843870476,17.819853864133414,1.0535677808067114,
1c827aca09,180,1140,7980,79.8,405.717913204719,0.3440479234434913,16.599682532339713,2.4408767692976356,
1c827aca09,180,1141,7987,79.87,405.53769729331987,0.41005005646770776,17.82514728266881,3.6653136366568826,
1c827aca09,180,1142,7994,79.94,405.0506453069043,0.26782897896513147,17.171185361084426,1.526888759193321,
1c827aca09,180,1143,8001,80.01,404.7826250679793,0.9571612722525203,17.660119266535954,4.692301881984496,
1c827aca09,180,1144,8008,80.08,404.77295840195086,0.5792117126557808,19.54814498395663,1.829720744178387,
1c827aca09,180,1145,8015,80.15,403.5848952281667,0.4289383435350088,18.337258463018607,4.027480258906513,
1c827aca09,180,1146,8022,80.22,402.958113102574,0.5412278611150358,17.04322071007043,5.020485564702278,
1c827aca09,180,1147,8029,80.29,401.81056052887334,0.38905627386191205,16.72596406217022,3.5518701100791494,
1c827aca09,180,1148,8036,80.36,401.2070732305786,0.3446030402761019,16.644015157757472,3.4104660238144264,
1c827aca09,180,1149,8043,80.43,400.8125404413424,0.3447828332313104,16.938285280423106,2.892926182468302,
1c827aca09,180,1150,8050,80.5,400.3999335799388,0.6227279376836609,16.425390798567047,5.651163219171573,
1c827aca09,180,1151,8057,80.57,399.1303108998847,0.35081635514779885,17.060933360327144,1.7458843146711638,
1c827aca09,180,1152,8064,80.64,398.71808281587386,0.3382215958333001,16.006810862780007,1.5234215064357892,
1c827aca09,180,1153,8071,80.71,398.37859869280203,0.2548520283334248,16.412571564972627,1.5946851064117624,
1c827aca09,180,1154,8078,80.78,398.05051346384045,0.2995900470387437,15.618675984871626,1.8481124663399344,
1c827aca09,180,1155,8085,80.85,397.6669523735945,0.25458161669340884,16.37278761582811,2.28738027061601,
1c827aca09,180,1156,8092,80.92,397.46995676393783,0.42807753592186626,16.600156874996433,3.997953321300915,
1c827aca09,180,1157,8099,80.99,396.67310070925,0.2729796140232307,16.30455052261277,1.931662710358764,
1c827aca09,180,1158,8106,81.06,396.2958043349353,0.36024635056733284,16.46804805317431,2.8402187049918624,
1c827aca09,180,1159,8113,81.13,395.85049151348943,0.25715495824274776,16.620381855071845,2.2709710111445185,
1c827aca09,180,1160,8120,81.2,395.7176349013113,0.32504841226146625,16.359099604860752,2.9007390837611817,
1c827aca09,180,1161,8127,81.27,395.3318407677297,0.24791804627688233,16.648228157211054,1.437218201525934,
1c827aca09,180,1162,8134,81.34,395.0708351584364,0.20542304150082358,16.484136528896578,1.8479020464826479,
1c827aca09,180,1163,8141,81.41,394.8569609471561,0.40895369608733956,16.553196561512973,4.087089752226953,
1c827aca09,180,1164,8148,81.48,394.1542527098498,0.3944980614627855,16.48400588807627,3.2944379082712176,
1c827aca09,180,1165,8155,81.55,393.36509497288154,0.2609731620252404,16.552966385853146,2.450006575411155,
1c827aca09,180,1166,8162,81.62,393.1664135146575,0.2304501641397243,17.093102413843788,1.260407973576683,
1c827aca09,180,1167,8169,81.69,393.0298220024991,0.4016370984397934,17.22697897425439,3.8121770400613677,
1c827aca09,180,1168,8176,81.76,392.2816639576185,0.3312374792028908,17.121556166452844,2.921596824374832,
1c827aca09,180,1169,8183,81.83,391.8411337561071,0.39707924845869746,16.95141148913337,2.7552399119098268,
1c827aca09,180,1170,8190,81.9,391.275133182899,0.391490214618658,16.689118694293832,1.7847965568537083,
1c827aca09,180,1171,8197,81.97,390.91647562555164,0.4272990303308982,16.907452236395855,3.282253546446646,
1c827aca09,180,1172,8204,82.04,390.37932457069303,0.31758955083122375,16.354382660427436,2.013971330416001,
1c827aca09,180,1173,8211,82.11,390.1950357239525,0.3099322698877607,16.4704139796771,2.1018529444267884,
1c827aca09,180,1174,8218,82.18,389.88000712484484,0.3277211851479889,15.910137486272442,3.0965853928354785,
1c827aca09,180,1175,8225,82.25,389.5635175113265,0.19846613973816107,16.41486776960082,1.3667431461483317,
1c827aca09,180,1176,8232,82.32,389.46630323897097,0.18460696730250853,15.838133109867947,0.7823931588173899,
1c827aca09,180,1177,8239,82.39,389.32720929687525,0.15955565799014174,15.929632608775762,1.2216294838555193,
1c827aca09,180,1178,8246,82.46,389.2395251682432,0.23248561293653744,15.93694222177794,1.9190671940931598,
1c827aca09,180,1179,8253,82.53,389.07145150445007,0.4102185133547382,16.10065385499175,2.3801097857177758,
1c827aca09,180,1180,8260,82.6,388.44949597999397,0.21478315071875217,16.144936592583157,1.8425223575016059,
1c827aca09,180,1181,8267,82.67,388.24992235479925,0.19097481219036178,15.886428192054094,1.78684905944182,
1c827aca09,180,1182,8274,82.74,388.07850211521816,0.22751142496662993,16.057282933749022,1.9474155138499116,
1c827aca09,180,1183,8281,82.81,387.8969427198792,0.4159017554326887,15.982368530526557,1.7625276129812615,
1c827aca09,180,1184,8288,82.88,387.34605692117077,0.2740442475329585,15.787181048593125,2.371368519722412,
1c827aca09,180,1185,8295,82.95,387.06972367231464,0.3178724346008998,15.507987057208386,2.948108932579164,
1c827aca09,180,1186,8302,83.02,386.6833278120908,0.1947368878336325,15.729588787170188,1.7868632546760839,
1c827aca09,180,1187,8309,83.09,386.52760549414313,0.3613093589507792,15.67938399350141,3.5888762259068336,
1c827aca09,180,1188,8316,83.16,385.9501154998996,0.3619745068809415,16.01907440893854,3.3445262152868924,
1c827aca09,180,1189,8323,83.23,385.66206310079656,0.574115867031407,16.06039986398516,5.307186951747183,
1c827aca09,180,1190,8330,83.3,384.543351118267,0.4849637992318682,16.494938766805742,4.108267689571961,
1c827aca09,180,1191,8337,83.37,383.60698735494793,0.28822620946020355,15.457086403950797,1.6086741798535997,
1c827aca09,180,1192,8344,83.44,383.24781577704204,0.35821025245711763,15.982813066453927,3.3240195925829874,
1c827aca09,180,1193,8351,83.51,382.8087133282639,0.39976749769792685,16.216098318941413,3.921079404178677,
1c827aca09,180,1194,8358,83.58,382.0517691885841,0.3316022916621233,15.976584831153113,3.0724285142575614,
1c827aca09,180,1195,8365,83.65,381.80604420070154,0.3004935176758273,15.919379929648779,2.1946944122350622,
1c827aca09,180,1196,8372,83.72,381.5364459694681,0.2571802127979471,15.641346056666153,0.8369087979820812,
1c827aca09,180,1197,8379,83.79,381.35729800422155,0.4757809428586519,15.868964937535344,3.747783241567657,
1c827aca09,180,1198,8386,83.86,380.3304290497954,0.39066418364295724,15.692104862384417,3.8576791479980628,
1c827aca09,180,1199,8393,83.93,379.64995116231,0.4939311102293226,15.75872867265548,4.529608056004561,
1c827aca09,180,1200,8400,84.0,378.78435907671343,0.2744016468634674,16.53705459283397,2.245631878008963,
1c827aca09,180,1201,8407,84.07,378.4896246104996,0.35015558746382713,15.668595826679656,2.0741983853594275,
1c827aca09,180,1202,8414,84.14,377.9787147445108,0.4003358346336811,15.813916673399213,3.4681473542347163,
1c827aca09,180,1203,8421,84.21,377.54909844415147,0.414367226719666,15.564492217119753,2.340325078554159,
1c827aca09,180,1204,8428,84.28,377.0399813023177,0.3107662629222271,15.816514325416161,1.3115362223253484,
1c827aca09,180,1205,8435,84.35,376.664612066308,0.3004474904212296,15.611676879511426,1.955133138711924,
1c827aca09,180,1206,8442,84.42,376.22427756602383,0.2374988368844019,15.43177759470064,2.2164845719241004,
1c827aca09,180,1207,8449,84.49,376.0181226654547,0.17985329791996685,15.088297602244827,1.5518468473269433,
1c827aca09,180,1208,8456,84.56,375.94472662809113,0.4116433929083735,15.938727475246587,1.9582509117502598,
1c827aca09,180,1209,8463,84.63,375.36847432363055,0.27337594699300194,15.267980961369371,1.7946181669006684,
1c827aca09,180,1210,8470,84.7,375.06135257119684,0.513762326358455,15.297050727295387,2.269179780013246,
1c827aca09,180,1211,8477,84.77,374.9800223169793,0.33447063207327543,15.889762528099395,1.8335658637966468,
1c827aca09,180,1212,8484,84.84,374.50835248314024,0.31145065976190905,15.713443656789417,3.0863501935039803,
1c827aca09,180,1213,8491,84.91,374.33411649209773,0.3266077146957651,15.593786766650052,1.878876115156906,
1c827aca09,180,1214,8498,84.98,374.03197381921547,0.4048352326262152,15.477001626403469,3.3183195256932496,
1c827aca09,180,1215,8505,85.05,373.5437077353522,0.3298172252253438,15.325253328191184,2.881735922615813,
1c827aca09,180,1216,8512,85.12,373.21076642817997,0.297557420516402,15.105149301738809,2.148031544814487,
1c827aca09,180,1217,8519,85.19,372.8333053941852,0.3046993335437318,14.991041955257526,2.8096438493969766,
1c827aca09,180,1218,8526,85.26,372.5176245039263,0.22936914739729178,15.37491181247528,1.9659516036223519,
1c827aca09,180,1219,8533,85.33,372.3762361990414,0.5032805390714512,15.305783057814857,3.9417646313275845,
1c827aca09,180,1220,8540,85.4,371.32967270821894,0.35122390348746224,14.466753686063768,0.5447086420641554,
1c827aca09,180,1221,8547,85.47,370.845333108743,0.22521994013536623,14.947470162175112,1.506583782099349,
1c827aca09,180,1222,8554,85.54,370.7003874856439,0.24380579227762914,15.045606774239342,2.1343294657837326,
1c827aca09,180,1223,8561,85.61,370.53414003651454,0.29785894585529105,15.068115899160585,2.6600700018932417,
1c827aca09,180,1224,8568,85.68,370.24757797211805,0.19638029554437206,15.779496274176186,1.303668886162614,
1c827aca09,180,1225,8575,85.75,370.12285782878143,0.33823999071681604,15.377097610178167,3.087458892605172,
1c827aca09,180,1226,8582,85.82,369.64135128584246,0.3810063150540384,15.43993901483157,3.412072158069839,
1c827aca09,180,1227,8589,85.89,369.0288254217236,0.24759872576002326,14.773320234284984,2.059798226533752,
1c827aca09,180,1228,8596,85.96,368.7342664745529,0.2779020232108699,15.197743622254562,2.6720799404185818,
1c827aca09,180,1229,8603,86.03,368.3764970701066,0.29534270086372005,15.567835966554915,2.320495296117864,
1c827aca09,180,1230,8610,86.1,368.04934736054764,0.1668317579173827,16.13725519893325,1.3385525898029198,
1c827aca09,180,1231,8617,86.17,367.9318852228972,0.1282297042611886,15.605887237063449,1.2032918572843299,
1c827aca09,180,1232,8624,86.24,367.8524953735064,0.19034418923671842,15.934883397562068,1.7643170855664734,
1c827aca09,180,1233,8631,86.31,367.6990674546822,0.20896359821493984,15.799946379151807,1.3187645389262104,
1c827aca09,180,1234,8638,86.38,367.49549954956484,0.23263741491900608,15.992753255879592,2.04289049597169,
1c827aca09,180,1235,8645,86.45,367.2799473701961,0.23399438928378558,15.338295030390517,2.34528331701428,
1c827aca09,180,1236,8652,86.52,367.05900258549786,0.31471335031583975,15.274812256900562,2.2131123765047507,
1c827aca09,180,1237,8659,86.59,366.82747192031786,0.28957549546122974,15.015597424180436,0.9197623624015799,
1c827aca09,180,1238,8666,86.66,366.52817008435665,0.3086238529757692,14.767613944161903,2.0712178948880955,
1c827aca09,180,1239,8673,86.73,366.07877292632503,0.25134446901959095,14.777861375987774,2.484118368796963,
1c827aca09,180,1240,8680,86.8,365.79702764135834,0.25862146747976494,15.100363737664116,2.1892090795170844,
1c827aca09,180,1241,8687,86.87,365.49401941646613,0.48067617392244055,14.94432234502921,2.397380063684153,
1c827aca09,180,1242,8694,86.94,365.4603403348497,0.323492491548887,15.919324816886942,2.1688197983117874,
1c827aca09,180,1243,8701,87.01,364.97352820884083,0.19352024364420434,15.348779567379001,1.732245583233827,
1c827aca09,180,1244,8708,87.08,364.7878747653871,0.2009811818550208,15.3820397000534,1.8543997038041509,
1c827aca09,180,1245,8715,87.15,364.6449855192113,0.24820016610071632,15.500102604853847,2.2738682501113905,
1c827aca09,180,1246,8722,87.22,364.3659489118521,0.23093458599831213,15.238264117553033,1.9173592615036164,
1c827aca09,180,1247,8729,87.29,364.1456685956934,0.25291603836166404,15.2192649162376,2.3358563884723287,
1c827aca09,180,1248,8736,87.36,363.82315780562544,0.3105436984400532,14.845493193287773,1.7592890697052725,
1c827aca09,180,1249,8743,87.43,363.4664332982958,0.263191250824237,14.978326322677793,1.3425331110695975,
1c827aca09,180,1250,8750,87.5,363.2123959079472,0.36305608863703626,14.42304573113804,3.4747567352205313,
1c827aca09,180,1251,8757,87.57,362.65661711923593,0.24467342844633294,14.437281708524692,1.9762426940678393,
1c827aca09,180,1252,8764,87.64,362.48336030281587,0.3092347654102886,14.501995952100813,2.6917694796929075,
1c827aca09,180,1253,8771,87.71,362.2090516888381,0.40560279345347144,13.795879460423983,2.3265704142982266,
1c827aca09,180,1254,8778,87.78,361.4984513666071,0.18509465927381724,13.499250187558943,0.9999477357807709,
1c827aca09,180,1255,8785,87.85,361.3864147269085,0.3489269941893753,13.379453540510655,3.432979342454686,
1c827aca09,180,1256,8792,87.92,360.8472433998172,0.356555096285643,14.238685318712651,2.692281277062862,
1c827aca09,180,1257,8799,87.99,360.2670786857838,0.5238827612414491,14.17556245015456,4.412693584486559,
1c827aca09,180,1258,8806,88.06,358.9059902191455,0.3447733050060518,15.275575626946562,3.4874106637693907,
1c827aca09,180,1259,8813,88.13,358.4775391705095,0.21560659917291625,14.966421978105801,1.3200788414218432,
1c827aca09,180,1260,8820,88.2,358.3886468859282,0.350500300086246,15.449113121675703,3.145116902115292,
1c827aca09,180,1261,8827,88.27,357.9637861598831,0.4077328643454553,14.509099432760168,3.544212208218469,
1c827aca09,180,1262,8834,88.34,357.3174054069416,0.4650805483751741,15.055743037721792,2.4713578835424057,
1c827aca09,180,1263,8841,88.41,356.5865844455509,0.3333219923949981,14.426179078569778,2.4437418779902504,
1c827aca09,180,1264,8848,88.48,356.1067246856595,0.37820416922446204,13.714442436973682,3.3201930253104908,
1c827aca09,180,1265,8855,88.55,355.56137305026965,0.26752041615058886,14.167653852214805,2.5092494511324026,
1c827aca09,180,1266,8862,88.62,355.46339775264164,0.48173065698612655,14.400179994157414,2.350899506102191,
1c827aca09,180,1267,8869,88.69,354.86932976052924,0.5367982853595714,14.279934020137086,4.517047929344714,
1c827aca09,180,1268,8876,88.76,354.33894138473016,0.4479896793259713,14.890772186610906,2.1523714377330854,
1c827aca09,180,1269,8883,88.83,353.96908217388875,0.3688068144370686,14.514590407900522,1.9372372807090674,
1c827aca09,180,1270,8890,88.9,353.65815275509715,0.4167943842088845,14.637477170050678,3.4945043184899456,
1c827aca09,180,1271,8897,88.97,352.9905152567798,0.28129829107491006,14.300978737165423,1.2945065304073595,
1c827aca09,180,1272,8904,89.04,352.6870442744091,0.28604448271907074,14.608583735401123,1.7052742899654865,
1c827aca09,180,1273,8911,89.11,352.3236118268133,0.3846958951714959,14.685990517690668,3.43080542066306,
1c827aca09,180,1274,8918,89.18,351.70202959150004,0.3632094444676459,14.741845045912388,3.250494817711264,
1c827aca09,180,1275,8925,89.25,351.2756797585801,0.7664195810991322,13.772824098720898,2.5503569107829,
1c827aca09,180,1276,8932,89.32,351.1672286486874,0.4670961827429729,15.589818299684392,2.663061593086578,
1c827aca09,180,1277,8939,89.39,350.1977912551591,0.30705430711878895,13.495673489971374,2.239221712515168,
1c827aca09,180,1278,8946,89.46,349.8631321371394,0.334666486284302,13.652974008517798,3.2966003637359647,
1c827aca09,180,1279,8953,89.53,349.5327577240258,0.3830415161722259,13.740144912694964,3.4288702968410116,
1c827aca09,180,1280,8960,89.6,348.9237077433598,0.29953031965583155,13.64960279635166,2.0845753489228973,
1c827aca09,180,1281,8967,89.67,348.46858888375004,0.1886344449528088,13.292920257583738,1.8459351408236888,
1c827aca09,180,1282,8974,89.74,348.2969407274046,0.38938489688828215,13.329446639885143,3.8569520125625725,
1c827aca09,180,1283,8981,89.81,347.64983221892845,0.20991742329216934,12.754121035234691,1.7861875684937383,
1c827aca09,180,1284,8988,89.88,347.5063822937301,0.18928951588599896,13.087978622593504,1.6845229448637273,
1c827aca09,180,1285,8995,89.95,347.40110522710376,0.2264227173800742,12.851247175434718,2.0677679802099447,
1c827aca09,180,1286,9002,90.02,347.1733810681882,0.22568211641658192,13.043658213306125,1.6869991553937764,
1c827aca09,180,1287,9009,90.09,346.99531740962544,0.5847028853727597,12.899254709183753,2.1463639240080803,
1c827aca09,180,1288,9016,90.16,346.8986857818909,0.38077796159883154,14.096763352036385,1.5356761296120043,
1c827aca09,180,1289,9023,90.23,346.1812456895581,0.16009616681205707,13.789608842044736,1.5528777064554429,
1c827aca09,180,1290,9030,90.3,346.09221097647145,0.23648944151368625,13.281891453304132,1.7841410081647358,
1c827aca09,180,1291,9037,90.37,345.89918721381474,0.3508560796399694,13.274231637570153,2.7538502836682413,
1c827aca09,180,1292,9044,90.44,345.27514450275254,0.19087130596462337,12.763502407305886,1.428126976249596,
1c827aca09,180,1293,9051,90.51,345.14900262122626,0.22707093359484196,13.234782205290312,1.9410359433850615,
1c827aca09,180,1294,9058,90.58,344.956958771558,0.2989812988284327,13.184309427723539,0.8948592897281765,
1c827aca09,180,1295,9065,90.65,344.61241638353533,0.16240926932689387,13.016015811237931,1.354503704470415,
1c827aca09,180,1296,9072,90.72,344.52470872714247,0.23936776783379626,12.901563894828923,2.363149749235336,
1c827aca09,180,1297,9079,90.79,344.30491271089454,0.2637005073883037,12.754691134702545,1.9819184162598251,
1c827aca09,180,1298,9086,90.86,343.95774080311975,0.2539470481783247,12.576564711192976,2.181558572008237,
1c827aca09,180,1299,9093,90.93,343.65482276178307,0.23395967769277515,11.974077147090446,2.2655434298888513,
1c827aca09,180,1300,9100,91.0,343.40312798921445,0.2951078191624949,11.953091831388308,2.9780724885490724,
1c827aca09,180,1301,9107,91.07,342.9665789443052,0.2938441780609856,12.000582370314032,2.891076016430056,
1c827aca09,180,1302,9114,91.14,342.6276846751104,0.11920242878587403,12.285766323315551,0.5391779207153972,
1c827aca09,180,1303,9121,91.21,342.5787910380516,0.611487542916731,12.367959046945694,3.097631833942346,
1c827aca09,180,1304,9128,91.28,342.4322626610788,0.37939302509899636,14.22385017886193,2.195313055335301,
1c827aca09,180,1305,9135,91.35,341.8201628544165,0.2963964634277813,12.385716318708534,2.8498107903787053,
1c827aca09,180,1306,9142,91.42,341.46216167627813,0.4004600598760869,12.155801874329216,1.3546948361249038,
1c827aca09,180,1307,9149,91.49,341.4466717314368,0.27652858270677694,12.759097194066072,1.0961667695992943,
1c827aca09,180,1308,9156,91.56,341.1778333283926,0.4723885161538108,12.245479945676284,4.4403454957667705,
1c827aca09,180,1309,9163,91.63,340.2283999330598,0.36322808933969275,12.728796753775141,2.906024974896781,
1c827aca09,180,1310,9170,91.7,339.6196549690715,0.29242020855078454,12.5314148072213,1.1528615367666466,
1c827aca09,180,1311,9177,91.77,339.57098332930786,0.33644044417201097,13.055468549123027,2.6493208338621357,
1c827aca09,180,1312,9184,91.84,339.10877817026676,0.19120152611035934,12.316385130916316,1.776254600841155,
1c827aca09,180,1313,9191,91.91,338.93721261310407,0.12928448818124927,12.604953107603263,1.1685126634588718,
1c827aca09,180,1314,9198,91.98,338.87005378624093,0.11658210934297021,12.430778302166297,0.8498255766889155,
1c827aca09,180,1315,9205,92.05,338.8094034888105,0.05476190538805202,12.599930649007861,0.4509362135995381,
1c827aca09,180,1316,9212,92.12,338.79647056891025,0.3104924215250654,12.650284461490909,3.133446460962766,
1c827aca09,180,1317,9219,92.19,338.3584530791297,0.23756706350497753,12.159528913747023,1.027473981358173,
1c827aca09,180,1318,9226,92.26,338.1034025435954,0.18179623046647342,12.168448563875176,1.4654430256259756,
1c827aca09,180,1319,9233,92.33,337.9711557488954,0.08975893247011234,11.876649785463174,0.707546554073837,
1c827aca09,180,1320,9240,92.4,337.93522025251195,0.22467641299946522,11.926425577311253,2.0833068845634335,
1c827aca09,180,1321,9247,92.47,337.76483377391,0.1732085441002441,11.879278391058405,1.3674248059385803,
1c827aca09,180,1322,9254,92.54,337.6729548422056,0.28613862306604193,11.9253030726834,2.4921189105349355,
1c827aca09,180,1323,9261,92.61,337.60454098358804,0.2899387274760872,12.504998331479863,0.854243704041478,
1c827aca09,180,1324,9268,92.68,337.47566635866025,0.34314377918553834,12.20950116008098,1.8611274053693805,
1c827aca09,180,1325,9275,92.75,337.33938848639656,0.3371626177766253,13.790601928243218,1.8471721234384038,
1c827aca09,180,1326,9282,92.82,337.3208973480357,0.3823482490189739,12.702819487959731,2.1881284680339133,
1c827aca09,180,1327,9289,92.89,337.2295392671486,0.39588892866085706,14.112107868299843,0.8192529921246336,
1c827aca09,180,1328,9296,92.96,337.05973962719094,0.5047828683599496,12.391673764874486,1.6380799237548376,
1c827aca09,180,1329,9303,93.03,336.549146715678,0.49118874296669107,14.548736868896896,2.7216256912183576,
1c827aca09,180,1330,9310,93.1,336.237313456989,0.4038802447964223,12.465701708833826,1.0589039757192413,
1c827aca09,180,1331,9317,93.17,336.14643321298473,0.4986832640867375,14.220781817819239,3.307985361983073,
1c827aca09,180,1332,9324,93.24,336.053086457093,0.5017108791865216,13.40326250273488,0.8535739860155079,
1c827aca09,180,1333,9331,93.31,336.01902965501,0.5508135107279918,14.37886732590194,2.223806183113001,
1c827aca09,180,1334,9338,93.38,335.831487783886,0.6416194361485842,13.891458172854588,4.312311420751177,
1c827aca09,180,1335,9345,93.45,335.50591776844874,0.6374478332732562,15.569097200503222,2.9521489552232447,
1c827aca09,180,1336,9352,93.52,335.33125970593994,0.32407324904061463,13.594103792323386,2.223089898123795,
1c827aca09,180,1337,9359,93.59,334.28502644496086,0.3254654717732997,12.197459837206695,1.6860622801864955,
1c827aca09,180,1338,9366,93.66,333.8261761114204,0.3066728765095755,12.038976634088833,2.7935663394056474,
1c827aca09,180,1339,9373,93.73,333.5839963481317,0.22262930148659665,12.109339860344829,1.0525889154779788,
1c827aca09,180,1340,9380,93.8,333.5279587290864,0.18274997385485134,12.075144012543298,0.5508472866070532,
1c827aca09,180,1341,9387,93.87,333.50949691845943,0.22409799837569072,12.042221588784361,1.6525332353100302,
1c827aca09,180,1342,9394,93.94,333.41152297581505,0.2674226988723185,11.609534983428805,1.726801242915158,
1c827aca09,180,1343,9401,94.01,333.1671977918397,0.29150291004854817,11.7915879652478,2.608572563846167,
1c827aca09,180,1344,9408,94.08,332.7877796645052,0.5979471819853688,11.9998499427104,2.8637357731685267,
1c827aca09,180,1345,9415,94.15,332.5138406089541,0.29640247254944563,13.100234092922943,1.9876746515255248,
1c827aca09,180,1346,9422,94.22,332.1130296581306,0.6051891606655335,12.448081605030705,2.20017790583901,
1c827aca09,180,1347,9429,94.29,332.06437626303455,0.3300877189181021,13.231635083043026,1.2412620808878323,
1c827aca09,180,1348,9436,94.36,331.64065563310317,0.627184644622373,12.279366503107509,2.8291690169428607,
1c827aca09,180,1349,9443,94.43,331.47526952398965,0.7312889044133033,13.671376567056576,1.614386488805268,
1c827aca09,180,1350,9450,94.5,331.45230288586737,0.46987748429828086,14.551699513737786,2.3570068539056224,
1c827aca09,180,1351,9457,94.57,330.7594377722124,0.2497434975291351,13.056615688241619,1.471593324067957,
1c827aca09,180,1352,9464,94.64,330.58346753988906,0.18211474986998258,13.208420088781878,0.7283125028108631,
1c827aca09,180,1353,9471,94.71,330.4513699533377,0.20435388829530868,12.967416296591887,1.7511315878530984,
1c827aca09,180,1354,9478,94.78,330.2605561688709,0.24583657099545378,13.015491500919254,0.9954705246608607,
1c827aca09,180,1355,9485,94.85,330.2570987881427,0.23218802278118217,13.46195625466942,1.8561648834541893,
1c827aca09,180,1356,9492,94.92,330.06071576233506,0.44147207373270925,13.056951263846498,4.206407907829973,
1c827aca09,180,1357,9499,94.99,329.08359628860455,0.35821287895510345,13.29891562562256,3.2051770414151624,
1c827aca09,180,1358,9506,95.06,328.4493563643873,0.5157021412892729,12.577713050438325,2.492911924667306,
1c827aca09,180,1359,9513,95.13,328.38638262173373,0.30137594864256156,13.36939036659472,1.016283066698547,
1c827aca09,180,1360,9520,95.2,328.03270254930925,0.2134210081950933,12.94167137173448,1.9397989080379983,
1c827aca09,180,1361,9527,95.27,327.8897988007626,0.36619658137977823,12.36950886042608,3.520585438705118,
1c827aca09,180,1362,9534,95.34,327.2865450651428,0.43125708298786725,12.838557784548156,4.104798246088261,
1c827aca09,180,1363,9541,95.41,326.7471868797056,0.30787931919399136,13.324228921892965,2.3498732323701086,
1c827aca09,180,1364,9548,95.48,326.3017863225268,0.2226302055947744,13.009764696041024,1.1334389101621336,
1c827aca09,180,1365,9555,95.55,326.1459494242963,0.35553212839224646,13.639402504080367,3.028405981741155,
1c827aca09,180,1366,9562,95.62,325.66418194519383,0.20153545394674932,12.920594068558671,1.384843933901869,
1c827aca09,180,1367,9569,95.69,325.548340964961,0.27999807264265536,13.266064109288166,2.053064430113248,
1c827aca09,180,1368,9576,95.76,325.3170488565747,0.3258044544007818,12.849249515158405,2.9550645098777717,
1c827aca09,180,1369,9583,95.83,324.7996825428661,0.3036978653504103,13.340706763116922,2.9919908546384852,
1c827aca09,180,1370,9590,95.9,324.42427161820723,0.2574677008968392,13.54683343393023,2.135136596976697,
1c827aca09,180,1371,9597,95.97,324.10459346577295,0.21700797147653467,12.647205852916514,1.9949093230053876,
1c827aca09,180,1372,9604,96.04,323.9297371802042,0.36221360852977796,12.261223368342423,1.8347868288927496,
1c827aca09,180,1373,9611,96.11,323.4775464630647,0.1902392215392677,13.195821095601802,0.8853290960193227,
1c827aca09,180,1374,9618,96.18,323.3809207333618,0.3080170519176205,12.662259264166767,2.1562721152712165,
1c827aca09,180,1375,9625,96.25,322.9699331077945,0.18287288004140148,12.667182316776127,1.7386579017600272,
1c827aca09,180,1376,9632,96.32,322.8883659144817,0.3297217503393118,12.359454713953019,3.0366910061346695,
1c827aca09,180,1377,9639,96.39,322.59498089600083,0.2650975725383407,12.973047848626772,2.06885184824167,
1c827aca09,180,1378,9646,96.46,322.3592239940324,0.3065314862930335,12.413244456641117,1.3551199060459218,
1c827aca09,180,1379,9653,96.53,321.88431544335043,0.29553204687901424,12.91325419789637,1.828198548394172,
1c827aca09,180,1380,9660,96.6,321.63530769902223,0.31891748750031157,13.044846190005241,2.6045042931547533,
1c827aca09,180,1381,9667,96.67,321.25645006745,0.18094019632542918,13.064494152532763,0.34383506229753996,
1c827aca09,180,1382,9674,96.74,321.173982602364,0.2970637483529237,12.753869404660765,1.9398040150901907,
1c827aca09,180,1383,9681,96.81,320.8423099589378,0.35255941133516,13.019237824498807,2.6412375397824372,
1c827aca09,180,1384,9688,96.88,320.2729129151873,0.16660189714464907,12.571876356590153,1.4887976746706537,
1c827aca09,180,1385,9695,96.95,320.1328381654387,0.16439144247314244,12.67396113079902,1.1302272377525828,
1c827aca09,180,1386,9702,97.02,320.01559606130854,0.22085768219665633,12.444047278474759,1.9036200914417163,
1c827aca09,180,1387,9709,97.09,319.79018415020397,0.20733460085450545,12.387295571574626,1.8016604808867447,
1c827aca09,180,1388,9716,97.16,319.659912419336,0.21704914357891458,12.773441697691847,1.5480850623688616,
1c827aca09,180,1389,9723,97.23,319.49282276922594,0.2704938635974962,12.947226817948367,2.4900114386540317,
1c827aca09,180,1390,9730,97.3,319.2283252208367,0.12086848187954277,13.54094446926636,0.5492508276310797,
1c827aca09,180,1391,9737,97.37,319.16041683731396,0.1603770470567049,13.429221608474021,1.3679679839470904,
1c827aca09,180,1392,9744,97.44,319.0630755211511,0.3468369411907737,13.322598335398297,2.354440420803658,
1c827aca09,180,1393,9751,97.51,318.69527942517755,0.3447143738486306,12.925138473889131,2.0860584527018005,
1c827aca09,180,1394,9758,97.58,318.18907363336075,0.19499778867377213,13.135164579819902,1.5603416227830689,
1c827aca09,180,1395,9765,97.65,318.09775646003345,0.4094657517362943,12.967061180545711,3.6665527464527603,
1c827aca09,180,1396,9772,97.72,317.3847175333315,0.5589826658350662,13.08873181583573,2.2101531408059376,
1c827aca09,180,1397,9779,97.79,317.3453962063147,0.35885257019279354,13.001890705317171,0.5129621359208505,
1c827aca09,180,1398,9786,97.86,316.969307557221,0.3514070197143183,13.544237532220732,2.9583653675589394,
1c827aca09,180,1399,9793,97.93,316.50235005181503,0.32177190186546606,12.449923488564938,2.6143197166347463,
1c827aca09,180,1400,9800,98.0,316.00311155068994,0.20849264931467834,12.920399483910192,1.6585035367523042,
1c827aca09,180,1401,9807,98.07,315.82872427748185,0.22659359800211926,12.532914760048968,2.176975331092959,
1c827aca09,180,1402,9814,98.14,315.66124737129815,0.20479972089560758,12.796614571918964,1.8007712989499034,
1c827aca09,180,1403,9821,98.21,315.6262968604811,0.41553349008421797,12.818285684043826,2.2609948788181935,
1c827aca09,180,1404,9828,98.28,315.09619699210486,0.31138731765781796,12.815365415025488,1.348772792823249,
1c827aca09,180,1405,9835,98.35,314.8918097329844,0.295054189918522,12.410117727053587,1.7062030809747026,
1c827aca09,180,1406,9842,98.42,314.58076173444954,0.32906745116742897,12.200075371206685,3.0911904432091095,
1c827aca09,180,1407,9849,98.49,314.26842116664733,0.20286205977238378,11.85287508251148,0.7044756805478326,
1c827aca09,180,1408,9856,98.56,314.20284013068505,0.1798893774722392,11.816985330385378,0.9916259636945671,
1c827aca09,180,1409,9863,98.63,314.12248534794674,0.24056082440076126,11.668094101220635,1.9940128240705006,
1c827aca09,180,1410,9870,98.7,313.939186431097,0.13420910823408894,11.218001716808589,0.7227129048619565,
1c827aca09,180,1411,9877,98.77,313.8858341188565,0.2121000948776928,11.095678193706872,1.259329811862807,
1c827aca09,180,1412,9884,98.84,313.69859399235554,0.1990920151672164,11.178297830066859,1.1055333952450266,
1c827aca09,180,1413,9891,98.91,313.5246385549955,0.2671261229457813,11.080395214832429,2.64268000876452,
1c827aca09,180,1414,9898,98.98,313.2002391921815,0.07813244863214361,11.589505186053852,0.6549951145373402,
1c827aca09,180,1415,9905,99.05,313.176057839998,0.09730725985810212,11.669914657274981,0.9233648584504555,
1c827aca09,180,1416,9912,99.12,313.1286560374444,0.17232946432148336,11.740351357083103,1.675723495641563,
1c827aca09,180,1417,9919,99.19,313.0249440577475,0.2902296749128214,11.538619181889953,2.260697161466024,
1c827aca09,180,1418,9926,99.26,312.61818581624397,0.24457649021357497,12.028170790689765,2.37403148541352,
1c827aca09,180,1419,9933,99.33,312.3260993510983,0.23139420558842752,12.036659249398483,1.9375356332946378,
1c827aca09,180,1420,9940,99.4,312.1408607258919,0.23308538496588627,12.449496999050325,2.3443680180485824,
1c827aca09,180,1421,9947,99.47,311.9044701284932,0.16023036953635056,12.19537978558046,1.4733145600180357,
1c827aca09,180,1422,9954,99.54,311.7923170690181,0.04911120130327887,12.537575863717331,0.39944034098459325,
1c827aca09,180,1423,9961,99.61,311.78202148441903,0.2018346654584522,12.417759741121277,1.9056614519143849,
1c827aca09,180,1424,9968,99.68,311.6220516962366,0.1444821838190546,11.900872986925867,1.2636488934982895,
1c827aca09,180,1425,9975,99.75,311.54584372105865,0.29453258923950887,11.432458775464845,0.7163572878546857,
1c827aca09,180,1426,9982,99.82,311.17668183166217,0.26569369315453645,12.71264087906165,1.833767262293579,
1c827aca09,180,1427,9989,99.89,310.86661077121977,0.1789488145891451,12.695860789761355,1.224832105827685,
1c827aca09,180,1428,9996,99.96,310.76993966341297,0.25594904332537954,12.887286076158741,2.36254630369743,
1c827aca09,180,1429,10003,100.03,310.4605172991979,0.16586587364318403,12.980585467350828,1.546608837943831,
1c827aca09,180,1430,10010,100.1,310.3663206504815,0.17417030118332646,13.219862089977498,1.1965145744219814,
1c827aca09,180,1431,10017,100.17,310.2519029817353,0.2560969558737714,13.341952406190389,2.4450796022013397,
1c827aca09,180,1432,10024,100.24,310.0256624238558,0.2687500548086737,12.883739941835804,2.3256755342619853,
1c827aca09,180,1433,10031,100.31,309.8681081200647,0.20684409451434932,12.901642093520543,1.0636863206760363,
1c827aca09,180,1434,10038,100.38,309.7509669851489,0.3431980725081037,12.387337842840486,2.902034853881024,
1c827aca09,180,1435,10045,100.45,309.2199990473849,0.21264087876556043,12.135579140141855,1.2990703517462634,
1c827aca09,180,1436,10052,100.52,309.0306549982516,0.4017271804217154,11.872322442518168,3.5806104606575655,
1c827aca09,180,1437,10059,100.59,308.6801314270361,0.3790905137268219,13.142984848475637,2.492757344595991,
1c827aca09,180,1438,10066,100.66,308.1758272765584,0.32829617311746456,12.246332846583682,2.8063179472880764,
1c827aca09,180,1439,10073,100.73,307.6914401777996,0.24157956857184743,12.712372241913519,0.7732257996263707,
1c827aca09,180,1440,10080,100.8,307.5635060473136,0.3448042179437349,12.536806360443062,2.282068438658776,
1c827aca09,180,1441,10087,100.87,307.1848701346938,0.3646248642182315,13.000476885581902,3.061446635584304,
1c827aca09,180,1442,10094,100.94,306.55719048108676,0.3003180673213659,12.058331189975542,2.6976624529901256,
1c827aca09,180,1443,10101,101.01,306.15412347347075,0.2753222481121429,13.299592079413362,1.2412760356471315,
1c827aca09,180,1444,10108,101.08,305.9230774765854,0.27159555832754484,12.311722810580674,0.8908906272607888,
1c827aca09,180,1445,10115,101.15,305.6664378896131,0.4950730943706164,13.237078937212491,0.6364812831941019,
1c827aca09,180,1446,10122,101.22,305.5673977365759,0.2249844494219917,13.679863559812738,0.6205214500372725,
1c827aca09,180,1447,10129,101.29,305.3129844733883,0.27705405723103665,13.024626637746097,2.812345822527116,
1c827aca09,180,1448,10136,101.36,305.0214020475041,0.1578007552969379,12.828214825525972,0.7180612700129326,
1c827aca09,180,1449,10143,101.43,304.91363954324606,0.314025295331276,12.649024263121456,2.9163666732113422,
1c827aca09,180,1450,10150,101.5,304.47322840835596,0.12344954093128421,12.285494986595397,0.9362440899685877,
1c827aca09,180,1451,10157,101.57,304.4160231921249,0.31160337389781406,12.185854821842355,2.9923927841499864,
1c827aca09,180,1452,10164,101.64,303.92058238714117,0.21347266336862095,11.897124326687894,0.8187242119946123,
1c827aca09,180,1453,10171,101.71,303.7001740084359,0.25324675265397745,11.788411937951865,2.354061837915265,
1c827aca09,180,1454,10178,101.78,303.39487086438663,0.40722558637436934,12.04838979192751,1.3939854157916083,
1c827aca09,180,1455,10185,101.85,303.31854155469597,0.22005063924746224,12.502704778616376,0.48344970803876014,
1c827aca09,180,1456,10192,101.92,303.111771871995,0.19569008913629607,12.391738846932265,0.7937024597466811,
1c827aca09,180,1457,10199,101.99,302.9496057134603,0.19881960822468117,12.184849319928544,1.9860294130127178,
1c827aca09,180,1458,10206,102.06,302.76643221980873,0.4650544875814126,12.460310904842974,2.3146652279803765,
1c827aca09,180,1459,10213,102.13,302.57283941751433,0.18553321482086835,13.317230013571308,0.9345304330519801,
1c827aca09,180,1460,10220,102.2,302.40447059202137,0.27882549281242686,12.790926061020768,2.6036516553780293,
1c827aca09,180,1461,10227,102.27,302.0761933455855,0.339384595366844,12.560493259230482,1.3669554967087625,
1c827aca09,180,1462,10234,102.34,302.0337164011766,0.32607313913981556,12.986640631601048,3.0747130058636305,
1c827aca09,180,1463,10241,102.41,301.7047653390357,0.24605136980425343,13.225024315099219,1.2105897945119066,
1c827aca09,180,1464,10248,102.48,301.4867875611998,0.3808805968010796,12.17278342230431,3.765724738783539,
1c827aca09,180,1465,10255,102.55,300.79280384221386,0.21967901943867674,12.339727580484697,1.9596600584405663,
1c827aca09,180,1466,10262,102.62,300.66407440423154,0.23144674554472733,12.335226534532637,1.93362767623974,
1c827aca09,180,1467,10269,102.69,300.42623741873575,0.15982138667515525,12.108774813568678,1.4250195899700007,
1c827aca09,180,1468,10276,102.76,300.32558391532706,0.24866290152181153,12.5296250369241,1.8404090002523383,
1c827aca09,180,1469,10283,102.83,300.05685160168156,0.1090585034843406,12.287730983042671,0.7883355468575186,
1c827aca09,180,1470,10290,102.9,300.0163247820904,0.10264537748381936,12.410095821624711,0.9232851539096474,
1c827aca09,180,1471,10297,102.97,299.971568237852,0.10572194595112784,12.107856832735104,0.6584260103286744,
1c827aca09,180,1472,10304,103.04,299.9190722859439,0.36566411722421943,12.122428634364212,2.587533216935794,
1c827aca09,180,1473,10311,103.11,299.32479287797,0.25851583034537773,13.116864316048767,2.144845745313309,
1c827aca09,180,1474,10318,103.18,299.02185649372166,0.2618697070601148,12.587535136416166,2.4521453527293655,
1c827aca09,180,1475,10325,103.25,298.7206128638488,0.41202786528120355,12.306957908482838,2.1115104855193727,
1c827aca09,180,1476,10332,103.32,298.19418352391097,0.23279106439968988,11.956952000292576,1.1993179709965744,
1c827aca09,180,1477,10339,103.39,298.03550485173054,0.29159540505570497,11.66637629747402,2.0503393983620892,
1c827aca09,180,1478,10346,103.46,297.71175266835286,0.31471073343017014,11.557962122471562,2.833660970859656,
1c827aca09,180,1479,10353,103.53,297.29592748378093,0.21711863539406426,11.530120642412312,1.7900293081259724,
1c827aca09,180,1480,10360,103.6,297.121451840455,0.17975301424842408,11.456757228023898,1.2190012036737496,
1c827aca09,180,1481,10367,103.67,296.95964295197024,0.17973480057289024,11.236311759950832,1.5320527986098635,
1c827aca09,180,1482,10374,103.74,296.8055820186305,0.17373529215358777,11.023115751918356,0.2209735004932337,
1c827aca09,180,1483,10381,103.81,296.6784484334784,0.27743431422727804,11.389026825827864,2.8136041417896425,
1c827aca09,180,1484,10388,103.88,296.40616207843215,0.3678742035880276,11.489797712006776,2.7424469073292537,
1c827aca09,180,1485,10395,103.95,295.97102203741827,0.43273508380863807,11.267847136155419,3.00219182743376,
1c827aca09,180,1486,10402,104.02,295.45467619170205,0.5008952057781895,12.386106534523158,3.52671760088113,
1c827aca09,180,1487,10409,104.09,294.60830275306284,0.28467720534394697,11.685924821238897,1.3516679504111284,
1c827aca09,180,1488,10416,104.16,294.58798846152604,0.29078173832612786,12.170384295539913,1.0612612449654648,
1c827aca09,180,1489,10423,104.23,294.5774119500364,0.33961481928592635,12.088328092655685,1.7300288278082843,
1c827aca09,180,1490,10430,104.3,294.37605911674444,0.4077124407682532,12.00445754801041,3.262409352612027,
1c827aca09,180,1491,10437,104.37,294.15488145694565,0.3679245027112971,12.46470850638594,1.4621659692738336,
1c827aca09,180,1492,10444,104.44,293.9656261973887,0.3212571375207643,11.700010691029492,1.511175161620383,
1c827aca09,180,1493,10451,104.51,293.8842972611965,0.32419941004442104,11.85090022374708,1.530552185477403,
1c827aca09,180,1494,10458,104.58,293.76560270196995,0.4312090940977253,11.362572459930735,3.1220433478957297,
1c827aca09,180,1495,10465,104.65,293.5093208615512,0.34331536050140593,11.559741542576377,0.8117455999676125,
1c827aca09,180,1496,10472,104.72,293.38280680713285,0.29802673640652866,10.955358454508046,1.6020176274103595,
1c827aca09,180,1497,10479,104.79,293.22732558089405,0.3488953019061927,10.865345670756685,2.8117820603256205,
1c827aca09,180,1498,10486,104.86,292.89728187095125,0.34357414357149096,10.95236762735012,3.068407344395767,
1c827aca09,180,1499,10493,104.93,292.4364985455904,0.20169103029687505,10.648804342655387,1.7731343852550188,
1c827aca09,180,1500,10500,105.0,292.33877095498616,0.2012250039920166,10.35167514354441,1.4730037469163373,
1c827aca09,180,1501,10507,105.07,292.1855008377343,0.0983780054192841,10.254068537793108,0.6743805939805919,
1c827aca09,180,1502,10514,105.14,292.1362136477703,0.24336949837343483,10.057352308910382,1.888795044424101,
1c827aca09,180,1503,10521,105.21,291.97847734893344,0.14864245468027862,10.30738702405203,0.7686691051404424,
1c827aca09,180,1504,10528,105.28,291.89935366960736,0.2293355457911253,9.673039137951891,1.3459774542836003,
1c827aca09,180,1505,10535,105.35,291.6713378030879,0.09045311708753767,9.802083466598019,0.6130611818255493,
1c827aca09,180,1506,10542,105.42,291.6317891371815,0.0961863233991789,9.661081835494452,0.8032849143356016,
1c827aca09,180,1507,10549,105.49,291.6110066867928,0.2688706488207907,9.498239310242809,2.6708323995354677,
1c827aca09,180,1508,10556,105.56,291.3356302839568,0.23992672589821545,9.938475149674042,1.1437502933579022,
1c827aca09,180,1509,10563,105.63,291.1543375400173,0.1958687821099135,10.273085725302138,1.6803995857754104,
1c827aca09,180,1510,10570,105.7,290.9831020994374,0.09568370815956186,10.207036372873588,0.8469632164694307,
1c827aca09,180,1511,10577,105.77,290.9473748841338,0.24744693810580504,10.256279060100562,2.4312664025940327,
1c827aca09,180,1512,10584,105.84,290.78069079174355,0.22921455727063034,10.630367124449831,1.853186258552098,
1c827aca09,180,1513,10591,105.91,290.65719218288245,0.24421186342271722,10.250609287171345,1.9716138273155799,
1c827aca09,180,1514,10598,105.98,290.51837156454604,0.24943454541764626,10.648822562062557,1.8555590282498666,
1c827aca09,180,1515,10605,106.05,290.2921693620491,0.2961565867956187,10.197510580872533,2.3541810807584707,
1c827aca09,180,1516,10612,106.12,289.88433406281627,0.23773119938853837,10.637989949925679,0.7118616578570337,
1c827aca09,180,1517,10619,106.19,289.6637120736274,0.3184039533354516,10.22074422047922,3.148059814572369,
1c827aca09,180,1518,10626,106.26,289.21516718632824,0.23182667990162445,9.923610910117837,1.894805627526279,
1c827aca09,180,1519,10633,106.33,289.03725140051995,0.2511145117714181,9.933924192596734,2.1955264096411193,
1c827aca09,180,1520,10640,106.4,288.85483056188485,0.23994136766719354,9.79906852230201,2.3367907850625005,
1c827aca09,180,1521,10647,106.47,288.66904927286026,0.24489229948487642,9.704090752972885,1.9056086408821118,
1c827aca09,180,1522,10654,106.54,288.4134489203817,0.20185054239957193,10.014288704058451,1.93670230768721,
1c827aca09,180,1523,10661,106.61,288.27396636663644,0.22455461124078208,9.750444786236521,1.7576001664993175,
1c827aca09,180,1524,10668,106.68,288.07667768256476,0.22140575464100226,9.722289213370667,2.022439776278409,
1c827aca09,180,1525,10675,106.75,287.85333452025884,0.28681397018399396,9.965760750461602,2.849947251531343,
1c827aca09,180,1526,10682,106.82,287.5835292036566,0.16608500426189918,9.346535383006744,1.0990290027968335,
1c827aca09,180,1527,10689,106.89,287.4994146638444,0.2805700842119524,9.17500601719315,2.693016930342721,
1c827aca09,180,1528,10696,106.96,287.16704708202053,0.12219505196249743,8.892460231392766,0.8458052412011389,
1c827aca09,180,1529,10703,107.03,287.0982194323842,0.4303465115453133,8.97419320140317,2.0107626217995906,
1c827aca09,180,1530,10710,107.1,287.0742303531181,0.30052044617798224,10.458271007341544,2.2139276271668287,
1c827aca09,180,1531,10717,107.17,286.80686613779017,0.20896161270679262,9.530250174505944,1.586991924754187,
1c827aca09,180,1532,10724,107.24,286.61435684754656,0.19574589844740076,9.315257846767112,1.9140737283459186,
1c827aca09,180,1533,10731,107.31,286.44001419935285,0.15657241529467683,9.106601988380536,1.4961244282022967,
1c827aca09,180,1534,10738,107.38,286.36312777607054,0.2961241632243709,9.202306745333146,2.437090308013532,
1c827aca09,180,1535,10745,107.45,286.0581027392825,0.2394958497733239,9.455410634857664,1.4297103410227388,
1c827aca09,180,1536,10752,107.52,285.98949691729274,0.21365524240118533,9.395310400989768,0.6551545938131456,
1c827aca09,180,1537,10759,107.59,285.95678672697875,0.21462020415404776,9.661353156217205,0.43702035495988234,
1c827aca09,180,1538,10766,107.66,285.92825105160665,0.2171362160395702,9.2105540310896,1.0592094334718136,
1c827aca09,180,1539,10773,107.73,285.8790108871593,0.18500652271771043,9.399460204951392,0.3675061983949364,
1c827aca09,180,1540,10780,107.8,285.8290455284035,0.21986873640868787,9.018140429806717,0.5183952938704607,
1c827aca09,180,1541,10787,107.87,285.7226692335178,0.2757911850503056,9.621188634973207,2.1898676594318256,
1c827aca09,180,1542,10794,107.94,285.4900612281036,0.1412825750219683,9.311099171123974,2.002347281314617,
1c827aca09,180,1543,10801,108.01,285.29099612800377,0.28796414957462707,9.052675661715742,1.1256462802980565,
1c827aca09,180,1544,10808,108.08,285.259534414101,0.3003862957082725,9.567645318394131,2.7555159935501274,
1c827aca09,180,1545,10815,108.15,284.8985037535369,0.29880086478125795,9.749931207085668,2.8470239682775205,
1c827aca09,180,1546,10822,108.22,284.4805501073456,0.17816916787534348,9.56688186677353,1.5435521338758234,
1c827aca09,180,1547,10829,108.29,284.4141328940731,0.14755624404723705,9.684490514805594,0.9443008563086448,
1c827aca09,180,1548,10836,108.36,284.36444436149435,0.21815700892141776,9.510089125332886,1.7104086046832279,
1c827aca09,180,1549,10843,108.43,284.134183641897,0.17831744293029445,9.500228563612483,1.4147793292734714,
1c827aca09,180,1550,10850,108.5,283.9894328944767,0.25484126009650987,9.276900332038158,2.53857969947413,
1c827aca09,180,1551,10857,108.57,283.6926577831765,0.16499302908420826,9.2520671398871,1.5603828269302245,
1c827aca09,180,1552,10864,108.64,283.61785604823933,0.2415884222896419,8.982772725817618,2.181462270839273,
1c827aca09,180,1553,10871,108.71,283.3814179540178,0.26513441988760533,9.045405125216696,2.4653324063138458,
1c827aca09,180,1554,10878,108.78,283.183461746969,0.21142649730964638,9.301232536894242,1.737100984303677,
1c827aca09,180,1555,10885,108.85,283.04683527106806,0.2682304227429445,8.825937668778147,2.2934361477549565,
1c827aca09,180,1556,10892,108.92,282.8728225126783,0.24256719022280035,9.032233029855515,2.0151580534622515,
1c827aca09,180,1557,10899,108.99,282.779520295937,0.2768793031482761,8.717706689193964,2.040829863704395,
1c827aca09,180,1558,10906,109.06,282.5682638977207,0.16810072212838162,9.528291701811854,0.9834507476763611,
1c827aca09,180,1559,10913,109.13,282.4882089734076,0.1047520387386106,9.137273237202166,0.3203381355275065,
1c827aca09,180,1560,10920,109.2,282.4577995411056,0.17921971465501724,9.235836520890816,1.2553971165790425,
1c827aca09,180,1561,10927,109.27,282.3207700074158,0.1015378942823995,9.327316883694799,0.8015831181227739,
1c827aca09,180,1562,10934,109.34,282.2777142093693,0.10453521503455056,9.382502019690081,0.7256453915167967,
1c827aca09,180,1563,10941,109.41,282.2320203446051,0.13380571571210306,9.012742027990093,0.9821571398228315,
1c827aca09,180,1564,10948,109.48,282.1620409816175,0.18731981505432696,8.77617066776366,1.8334677692726256,
1c827aca09,180,1565,10955,109.55,282.004089773313,0.10267059136035893,8.769571440922551,0.9986016738293981,
1c827aca09,180,1566,10962,109.62,281.9526130268966,0.07786897675561846,8.803825298808542,0.7532804159760953,
1c827aca09,180,1567,10969,109.69,281.9258943612142,0.1696754365183216,8.895109684434479,1.6625289714067895,
1c827aca09,180,1568,10976,109.76,281.81379396473534,0.13938643422722297,8.718425324855028,1.280031418033584,
1c827aca09,180,1569,10983,109.83,281.7318968040842,0.08202883260901842,8.708425613780959,0.6591640472981066,
1c827aca09,180,1570,10990,109.9,281.70590682912007,0.2418323744447806,8.739034112250502,1.4948608426396697,
1c827aca09,180,1571,10997,109.97,281.453765081745,0.1679218474708185,9.052533968107435,1.5884500044513423,
1c827aca09,180,1572,11004,110.04,281.3423587713467,0.18654313455295118,9.17482873122269,1.6912680367330355,
1c827aca09,180,1573,11011,110.11,281.20433469878867,0.17677638126390072,9.0115798108404,1.592016878590384,
1c827aca09,180,1574,11018,110.18,281.06530716589106,0.27757208114404225,8.946382425069334,1.468083624480931,
1c827aca09,180,1575,11025,110.25,280.697986753465,0.22714441601468127,8.833176125664846,2.125450445864211,
1c827aca09,180,1576,11032,110.32,280.54354997223,0.14890257467962015,8.552045185296492,1.2266453587368373,
1c827aca09,180,1577,11039,110.39,280.4799798161601,0.15310005684114128,8.746913556279884,1.1863323137119228,
1c827aca09,180,1578,11046,110.46,280.404157028181,0.1552173016104221,8.649912853716607,1.44980371744102,
1c827aca09,180,1579,11053,110.53,280.3360630609181,0.11855085985256539,8.810092712064295,0.8964753101281959,
1c827aca09,180,1580,11060,110.6,280.28654882775925,0.15510695709497596,8.668844883827083,0.659646471699351,
1c827aca09,180,1581,11067,110.67,280.1899140878331,0.20146228737562422,8.721732807282926,0.44090221524447815,
1c827aca09,180,1582,11074,110.74,280.01960442215903,0.17808844001815174,8.47444911649787,1.4067836042894624,
1c827aca09,180,1583,11081,110.81,279.88236312602817,0.4409575469145741,8.477158103605586,0.8844399381467771,
1c827aca09,180,1584,11088,110.88,279.86891970859216,0.3339497535615201,9.636197298999056,2.1807032540827715,
1c827aca09,180,1585,11095,110.95,279.45978839245896,0.15929354372469473,8.74771882218133,0.9141005286607033,
1c827aca09,180,1586,11102,111.02,279.40213273241227,0.1716472052437036,8.79440627027113,1.6023810644427636,
1c827aca09,180,1587,11109,111.09,279.2803608864783,0.1673510966146945,8.768289171202609,1.6382882293804535,
1c827aca09,180,1588,11116,111.16,279.1949981413651,0.23326754258015478,8.328273631973211,2.295011160175069,
1c827aca09,180,1589,11123,111.23,279.0348067814968,0.19317827244475516,8.760305875092243,1.269812506022954,
1c827aca09,180,1590,11130,111.3,278.95704755482933,0.15941503752805725,8.48502573028968,1.0702014413680168,
1c827aca09,180,1591,11137,111.37,278.9011354457816,0.17875868848649973,8.39772589458377,0.8791468090859308,
1c827aca09,180,1592,11144,111.44,278.7700728504399,0.17316974816562952,8.268742177728695,1.420613131596286,
1c827aca09,180,1593,11151,111.51,278.64614163328116,0.30291276294965686,8.369508579823226,2.1731505953552186,
1c827aca09,180,1594,11158,111.58,278.268955681449,0.21860235383182755,8.493075019338546,2.000512927596581,
1c827aca09,180,1595,11165,111.65,278.12229970350796,0.1743140073704512,8.399318598865214,1.545511373580016,
1c827aca09,180,1596,11172,111.72,277.99652991362586,0.1357289906951161,8.419911884395447,0.8675004180555554,
1c827aca09,180,1597,11179,111.79,277.91359122691165,0.2237582252571636,8.444384105925893,2.1024489752113986,
1c827aca09,180,1598,11186,111.86,277.7313703879646,0.480413841524593,8.128603670264555,2.1400963522405196,
1c827aca09,180,1599,11193,111.93,277.5947756044223,0.3009439282031649,9.502761433780138,2.3388519456457852,
1c827aca09,180,1600,11200,112.0,277.19751345630567,0.24910054459547504,8.948010375511354,1.042704178600922,
1c827aca09,180,1601,11207,112.07,277.1428814117892,0.15579055438234662,9.201632518757272,1.2803707943856941,
1c827aca09,180,1602,11214,112.14,277.0350328885676,0.16609556461347488,9.174459637122347,0.8241387014572786,
1c827aca09,180,1603,11221,112.21,276.9061197364452,0.18022263208244804,8.864109748618432,1.6091244507431606,
1c827aca09,180,1604,11228,112.28,276.7972677564419,0.17748185088450674,8.475147750280426,1.6384679877145285,
1c827aca09,180,1605,11235,112.35,276.6962983669334,0.15866369374252426,8.789618998905896,0.564170775017313,
1c827aca09,180,1606,11242,112.42,276.6226037664098,0.13907384865276845,8.844842014524419,1.0605251993457763,
1c827aca09,180,1607,11249,112.49,276.52978533476244,0.09940386401091629,9.143323079670457,0.9300196069871574,
1c827aca09,180,1608,11256,112.56,276.49524708843245,0.08665206896167446,8.762795981067308,0.8021661363510765,
1c827aca09,180,1609,11263,112.63,276.4603159178163,0.04908503839553064,8.601889351170326,0.3746161550592403,
1c827aca09,180,1610,11270,112.7,276.45556207023355,0.1489790339846354,8.43737892914521,1.4728314521826766,
1c827aca09,180,1611,11277,112.77,276.37432958671855,0.410843013159479,8.616045977099441,1.9682912542754274,
1c827aca09,180,1612,11284,112.84,276.35331300848867,0.2651707456636387,8.952975042309268,2.0328174841356574,
1c827aca09,180,1613,11291,112.91,276.0826603492642,0.11487680684159444,8.661552706802635,0.7932791374435292,
1c827aca09,180,1614,11298,112.98,276.0346434276904,0.0820940813736372,8.495340659146375,0.2885840131740592,
1c827aca09,180,1615,11305,113.05,276.0071015655495,0.36467663568417985,8.683450629983954,1.3596885319635632,
1c827aca09,180,1616,11312,113.12,275.98480581547113,0.3018149041597984,8.967077207824907,1.6799809620869353,
1c827aca09,180,1617,11319,113.19,275.646400584902,0.11220174778074478,8.945348522291876,0.6961948073014549,
1c827aca09,180,1618,11326,113.26,275.58851816172364,0.17571954739562803,8.485527423919477,0.9845018516398684,
1c827aca09,180,1619,11333,113.33,275.4793013911523,0.2461631502267269,8.664175688778496,2.014006115856572,
1c827aca09,180,1620,11340,113.4,275.2626187449778,0.11475701142806301,8.353552730571309,0.7970340906323654,
1c827aca09,180,1621,11347,113.47,275.2041051211914,0.26030922802233525,8.098687212375479,2.284436365684402,
1c827aca09,180,1622,11354,113.54,274.9081084527072,0.11795706629365384,7.97241187073262,0.8488209325989997,
1c827aca09,180,1623,11361,113.61,274.85688081977594,0.15317511029920486,7.758874287834398,1.1092324744818505,
1c827aca09,180,1624,11368,113.68,274.778103084434,0.09221422022141033,7.743294082660243,0.7160725771123505,
1c827aca09,180,1625,11375,113.75,274.7489642799753,0.2035490721257441,7.634972691703117,1.7009853999542197,
1c827aca09,180,1626,11382,113.82,274.56370625099953,0.08159135590884682,7.702034916454235,0.640002607006382,
1c827aca09,180,1627,11389,113.89,274.54820684007717,0.12076198043188124,7.743825021782126,0.8851752196313577,
1c827aca09,180,1628,11396,113.96,274.49472713967816,0.11613428163979167,7.72573340528934,1.0903335936189473,
1c827aca09,180,1629,11403,114.03,274.45818600870024,0.1251775475308744,7.705122906942557,0.8164203624956093,
1c827aca09,180,1630,11410,114.1,274.3851552940496,0.1303486991798733,7.666066750363922,1.2301941995268457,
1c827aca09,180,1631,11417,114.17,274.31590771598036,0.12322790096660236,7.943042683965749,1.0332951303910125,
1c827aca09,180,1632,11424,114.24,274.2474903336687,0.36526061171381774,7.72998381234772,1.587353747053025,
1c827aca09,180,1633,11431,114.31,274.16239305280953,0.28655202600948615,8.194906619521035,2.220242329469413,
1c827aca09,180,1634,11438,114.38,273.8241975389071,0.13586292256756416,8.16241999802156,0.8314554546472089,
1c827aca09,180,1635,11445,114.45,273.7600077901495,0.12151436099378049,7.429633456445258,0.5134568310411384,
1c827aca09,180,1636,11452,114.52,273.6974709050151,0.16974170361953575,7.4048603996695705,1.4316373788345773,
1c827aca09,180,1637,11459,114.59,273.6091548877489,0.14040317540493405,7.7044948173269185,1.181742964950404,
1c827aca09,180,1638,11466,114.66,273.52727017444874,0.15867046283092381,7.333023049299264,1.545989968545979,
1c827aca09,180,1639,11473,114.73,273.4460731075111,0.10122018099948145,7.407825838691133,0.23057994060212708,
1c827aca09,180,1640,11480,114.8,273.42735425050773,0.14874619080166457,7.253872292390563,0.9274637463900134,
1c827aca09,180,1641,11487,114.87,273.3423752338934,0.11630456168832654,7.2550311853114815,0.939189403565907,
1c827aca09,180,1642,11494,114.94,273.28970213180133,0.11310975294779788,7.22789328869586,0.9720643281266705,
1c827aca09,180,1643,11501,115.01,273.24964253830416,0.188191405261565,6.956777174933331,1.683507853036782,
1c827aca09,180,1644,11508,115.08,273.1547571789158,0.25686397361139585,7.387711691126818,1.7012448145768837,
1c827aca09,180,1645,11515,115.15,272.99630017041585,0.18687012840703274,7.102999499821098,0.81711722980274,
1c827aca09,180,1646,11522,115.22,272.9670051470423,0.25282017595666717,7.531999587164878,1.0960197212764078,
1c827aca09,180,1647,11529,115.29,272.7636387763488,0.22742499090993507,7.034565587770172,1.2066659401621929,
1c827aca09,180,1648,11536,115.36,272.67880663776236,0.2124521699706405,7.665339002494355,1.3231370153246083,
1c827aca09,180,1649,11543,115.43,272.6018104702733,0.19762586254428038,7.127917735815494,1.289415814912451,
1c827aca09,180,1650,11550,115.5,272.4736153928027,0.15365224974973363,7.374468348446111,1.0995767311940874,
1c827aca09,180,1651,11557,115.57,272.46441976094013,0.22228183520828695,7.425464557571356,1.9463144812566313,
1c827aca09,180,1652,11564,115.64,272.3785360605023,0.23629083000658369,7.597534484921627,1.3625171451650593,
1c827aca09,180,1653,11571,115.71,272.2964291078759,0.23849651190741597,7.511637362948968,1.5658189950671566,
1c827aca09,180,1654,11578,115.78,272.22363585788463,0.1065527884460771,7.815095404058875,0.8671628991399868,
1c827aca09,180,1655,11585,115.85,272.111123072552,0.17919712655749662,7.131303950692495,1.7498635284727955,
1c827aca09,180,1656,11592,115.92,271.9642058318126,0.11384520077947897,6.66982473651267,0.4864532505216592,
1c827aca09,180,1657,11599,115.99,271.91690133834635,0.3056202432890661,6.841097694466123,1.4999461891305292,
1c827aca09,180,1658,11606,116.06,271.8534984466042,0.24566352254969226,7.620287483423974,2.288712957850127,
1c827aca09,180,1659,11613,116.13,271.5752882995466,0.1417419755407306,7.119337949533469,1.175530762121649,
1c827aca09,180,1660,11620,116.2,271.48981627913656,0.16007633932521775,7.068261874311051,1.4944039240140514,
1c827aca09,180,1661,11627,116.27,271.39144652757375,0.15988675816677086,6.775693618721079,1.5474285224935582,
1c827aca09,180,1662,11634,116.34,271.2848086494795,0.1314644700176345,6.746353800388703,0.6432997070221854,
1c827aca09,180,1663,11641,116.41,271.25845135903177,0.1645621646539165,6.833509650810552,1.302028675635803,
1c827aca09,180,1664,11648,116.48,271.19232028477586,0.1503136371048242,6.938976862285322,0.5519721398697635,
1c827aca09,180,1665,11655,116.55,271.1337037583552,0.17107257866958953,6.67230360074571,1.389408445974005,
1c827aca09,180,1666,11662,116.62,271.0044228936026,0.1878435338480185,6.648416922616513,1.5540166775033475,
1c827aca09,180,1667,11669,116.69,270.9356882898552,0.14565354134954153,7.055591564999861,0.7074977266002717,
1c827aca09,180,1668,11676,116.76,270.90378150494416,0.13506495665539442,6.454031468208542,0.3855472037866768,
1c827aca09,180,1669,11683,116.83,270.84463933295564,0.08105217655915078,6.740180196655591,0.5706636738458891,
1c827aca09,180,1670,11690,116.9,270.82439766176515,0.11226860070640593,6.4683665683869025,0.9983716429025373,
1c827aca09,180,1671,11697,116.97,270.7642675745191,0.21831974170008064,6.597506250493207,1.0938902110442499,
1c827aca09,180,1672,11704,117.04,270.73713274761275,0.13669703566947752,7.099944858907454,1.0149346677899818,
1c827aca09,180,1673,11711,117.11,270.66332419787284,0.05442470916115235,6.629430976534033,0.33485937679786226,
1c827aca09,180,1674,11718,117.18,270.6505672909573,0.08461273675358054,6.585590941590126,0.8432158324084443,
1c827aca09,180,1675,11725,117.25,270.61509872853765,0.1964447248583915,6.576841903932514,1.9736637066105873,
1c827aca09,180,1676,11732,117.32,270.50598354779646,0.13116607300563315,6.913022621120384,0.6582575532208799,
1c827aca09,180,1677,11739,117.39,270.44481184855573,0.09878354859368987,6.590735963467709,0.7979382717220675,
1c827aca09,180,1678,11746,117.46,270.3988956578848,0.059812405054630084,6.817254831839225,0.4520690834501774,
1c827aca09,180,1679,11753,117.53,270.38134021389425,0.26237088936389186,6.8389313208709375,1.127029279943042,
1c827aca09,180,1680,11760,117.6,270.3656606344824,0.20114560656284716,7.080460232037507,0.7405802428024386,
1c827aca09,180,1681,11767,117.67,270.15809530068407,0.18799890140019224,6.835389862368319,1.6533217845274468,
1c827aca09,180,1682,11774,117.74,269.98333704170324,0.09611986188260924,7.176823231710451,0.9139167881885301,
1c827aca09,180,1683,11781,117.81,269.9657259171469,0.11937165486271586,7.180949997511021,1.124107339410703,
1c827aca09,180,1684,11788,117.88,269.90422372890947,0.18729125548861916,7.081613016719634,1.7793253872607098,
1c827aca09,180,1685,11795,117.95,269.73252709815597,0.11003918553839695,7.4831695706544465,1.0922936535576606,
1c827aca09,180,1686,11802,118.02,269.6739757648322,0.11880735011846137,7.571633333410715,1.0162181327984954,
1c827aca09,180,1687,11809,118.09,269.6179251707624,0.1575094037142377,7.630476961854062,1.3863750383856568,
1c827aca09,180,1688,11816,118.16,269.5266321209488,0.14324681075399145,7.262317361613203,1.1249919324403672,
1c827aca09,180,1689,11823,118.23,269.4536796735189,0.11085998065644312,6.8221119756103255,0.6863589633776032,
1c827aca09,180,1690,11830,118.3,269.4125363400418,0.12914022603196432,7.100658436301557,1.1439213933966481,
1c827aca09,180,1691,11837,118.37,269.3593372314708,0.16523985546316322,6.897708157038996,1.3665307142437024,
1c827aca09,180,1692,11844,118.44,269.2345496371091,0.07827399277330357,6.989931404131196,0.6020956105535631,
1c827aca09,180,1693,11851,118.51,269.20541905482656,0.04391936150986081,6.979968737690394,0.38790544121731524,
1c827aca09,180,1694,11858,118.58,269.1974068026144,0.1901120450423016,6.881212616957739,1.6675707672582647,
1c827aca09,180,1695,11865,118.65,269.0476216700376,0.08709774495984068,6.576618882073689,0.8154478970192625,
1c827aca09,180,1696,11872,118.72,269.0094875218379,0.048044596861865595,6.474364125371653,0.29410546765539636,
1c827aca09,180,1697,11879,118.79,268.9998789912992,0.15468115295189025,6.457434598337666,1.4724731678594378,
1c827aca09,180,1698,11886,118.86,268.9053839828466,0.082404321821358,6.435266096388762,0.7003952866597312,
1c827aca09,180,1699,11893,118.93,268.87288452712176,0.12498399664760751,6.377521065327099,0.8242730231100637,
1c827aca09,180,1700,11900,119.0,268.80807964248436,0.24914644829284244,6.442004690935472,1.622792084285266,
1c827aca09,180,1701,11907,119.07,268.55274498656615,0.18131158045785556,6.391200764913814,1.1138801508133305,
1c827aca09,180,1702,11914,119.14,268.4454423151857,0.17699509531200108,6.4649045197797514,1.4391720914192814,
1c827aca09,180,1703,11921,119.21,268.3321469168202,0.13764512846109925,6.450423223666663,1.2694490885186729,
1c827aca09,180,1704,11928,119.28,268.23636709226355,0.13997976032074544,6.389513762017749,1.3896131402382261,
1c827aca09,180,1705,11935,119.35,268.1452242619744,0.1442867325764787,6.217717053533255,0.7609187941181921,
1c827aca09,180,1706,11942,119.42,268.0528056045838,0.05079234445558186,6.115443440806668,0.2853394498671491,
1c827aca09,180,1707,11949,119.49,268.0457419733991,0.09629156503047037,6.1749004630652164,0.8880845241188917,
1c827aca09,180,1708,11956,119.56,268.0043900649837,0.10435556148984193,6.1135273221991016,0.8923229138775761,
1c827aca09,180,1709,11963,119.63,267.9608050275793,0.2005559384289369,5.83164126276884,1.804049725785623,
1c827aca09,180,1710,11970,119.7,267.76088194701913,0.07085667025681106,5.5980193222364685,0.6607900144941273,
1c827aca09,180,1711,11977,119.77,267.7403815151972,0.13242641530143978,5.5356069160595975,0.6004618194452608,
1c827aca09,180,1712,11984,119.84,267.73502831983586,0.20049975230664974,5.768801582643319,0.8112313567285535,
1c827aca09,180,1713,11991,119.91,267.70601471924755,0.14865860887092147,5.602178338876989,1.195528803617129,
1c827aca09,180,1714,11998,119.98,267.60677082254415,0.09196844156806946,5.7507807394590955,0.8114367142975863,
1c827aca09,180,1715,12005,120.05,267.5744071140538,0.10294565416354005,5.568517498645092,0.7704874255004674,
1c827aca09,180,1716,12012,120.12,267.5391402446059,0.13089315201755025,5.770163834502219,1.3023985500584982,
1c827aca09,180,1717,12019,120.19,267.4657605459501,0.16038603537004578,5.763613770309425,1.152635610912963,
1c827aca09,180,1718,12026,120.26,267.3465163063081,0.13316730250709385,5.661150022045096,1.3201438596487853,
1c827aca09,180,1719,12033,120.33,267.2738435218485,0.21607416969116666,5.736056072347213,0.953032314703179,
1c827aca09,180,1720,12040,120.4,267.25305773350544,0.14133948027911106,5.496075742843659,0.5924233523586093,
1c827aca09,180,1721,12047,120.47,267.1721359772885,0.1219573923029448,5.7240399700603986,1.1261317752426456,
1c827aca09,180,1722,12054,120.54,267.0994073641836,0.1170374454215826,5.65558957793149,0.5557365396756083,
1c827aca09,180,1723,12061,120.61,267.0459351838304,0.0835704011592567,5.6478561318396965,0.16723383616270698,
1c827aca09,180,1724,12068,120.68,267.01381643833605,0.15506679900907777,5.671040296578257,0.8959319211991174,
1c827aca09,180,1725,12075,120.75,266.9095979762028,0.27513966664523226,5.876899984838071,1.2855118852676588,
1c827aca09,180,1726,12082,120.82,266.8968296001645,0.19708991928295283,6.473461536865308,1.3404535781797018,
1c827aca09,180,1727,12089,120.89,266.6997265526789,0.10572969986586218,5.807432786780273,1.030969927587608,
1c827aca09,180,1728,12096,120.96,266.6568801015434,0.11278637021658143,5.785604392632431,1.060511004423,
1c827aca09,180,1729,12103,121.03,266.60010319700024,0.07702069344844328,5.701034650775447,0.75975522535718,
1c827aca09,180,1730,12110,121.1,266.57410767927155,0.08837151461134991,5.701448412489483,0.854056747621974,
1c827aca09,180,1731,12117,121.17,266.5496175441146,0.17409519685946484,5.9754279024409005,1.5374724096611332,
1c827aca09,180,1732,12124,121.24,266.434872426382,0.11581856312310546,6.033651239362139,0.6601871030176658,
1c827aca09,180,1733,12131,121.31,266.37644933183134,0.17436020728778132,5.907024552156125,0.7606098778015077,
1c827aca09,180,1734,12138,121.38,266.36971709267345,0.1534306370993895,6.04782190154894,1.354420052766581,
1c827aca09,180,1735,12145,121.45,266.25514047151717,0.04600977196921301,6.132291886923637,0.37984351646382036,
1c827aca09,180,1736,12152,121.52,266.2483960175012,0.07218599972803778,6.180872147743238,0.6545158008574827,
1c827aca09,180,1737,12159,121.59,266.2300687266483,0.10698060179709422,6.360915405554675,0.990901290784399,
1c827aca09,180,1738,12166,121.66,266.17399645721696,0.13290322337260113,6.206756365307147,1.1119178749188987,
1c827aca09,180,1739,12173,121.73,266.0865862563575,0.13025791293465475,6.429434504449484,1.2874890553421152,
1c827aca09,180,1740,12180,121.8,266.0139337893131,0.21223134943356398,6.279131343400358,1.9761746384849321,
1c827aca09,180,1741,12187,121.87,265.83458535916765,0.22499235110836285,6.16882691457882,2.081050490426334,
1c827aca09,180,1742,12194,121.94,265.6159660686619,0.13912838666022587,5.94276779955912,0.7947417669413244,
1c827aca09,180,1743,12201,122.01,265.52293955238855,0.11650872301924162,5.814962823172132,0.9342046721462697,
1c827aca09,180,1744,12208,122.08,265.4579360992477,0.09327790455134588,5.9078956020081606,0.8660609080063195,
1c827aca09,180,1745,12215,122.15,265.42383145400214,0.16418715523750485,5.922383574111657,0.27987447871820753,
1c827aca09,180,1746,12222,122.22,265.40747235291315,0.10399510501479109,6.033030536444421,0.7606719461640227,
1c827aca09,180,1747,12229,122.29,265.35871947501937,0.1256714091502402,6.014803946987889,1.021050584943145,
1c827aca09,180,1748,12236,122.36,265.28625621139065,0.09340125278712559,5.947577952104804,0.40152312703725973,
1c827aca09,180,1749,12243,122.43,265.25371380471523,0.14276559795423174,6.122513452493625,1.4114022870356027,
1c827aca09,180,1750,12250,122.5,265.16097769097905,0.2740155614887587,5.806772214940398,1.3016609001150077,
1c827aca09,180,1751,12257,122.57,265.14433253694335,0.1723880140399572,6.2955866029053205,0.9127597134153476,
1c827aca09,180,1752,12264,122.64,265.0135666162891,0.14501323123772542,5.521828976324805,1.4238578090924041,
1c827aca09,180,1753,12271,122.71,264.938498597277,0.14624254826161448,5.843711858011088,1.1997760721033743,
1c827aca09,180,1754,12278,122.78,264.8648292159089,0.21391339814637528,5.64979559366221,0.7498144790712354,
1c827aca09,180,1755,12285,122.85,264.8504041730028,0.12966762310298302,6.057837358482649,0.6515779553084305,
1c827aca09,180,1756,12292,122.92,264.781998678674,0.24867136413024463,5.727850913383104,1.1966534506662931,
1c827aca09,180,1757,12299,122.99,264.75551022805655,0.13983372425336904,5.955004959113857,0.445455441320224,
1c827aca09,180,1758,12306,123.06,264.66579278120975,0.10573682582849356,5.674835206529345,0.9248001391974429,
1c827aca09,180,1759,12313,123.13,264.61986356185906,0.0442643119856289,5.539244748420905,0.3449860748181494,
1c827aca09,180,1760,12320,123.2,264.6106032885256,0.13392307938939893,5.51308794356915,1.2122374582632438,
1c827aca09,180,1761,12327,123.27,264.53785603773264,0.22743370681331268,5.711439968713174,0.9487567337547248,
1c827aca09,180,1762,12334,123.34,264.5273165648952,0.11670360435835934,6.313711622224238,0.6374533987869894,
1c827aca09,180,1763,12341,123.41,264.4641426641964,0.08485347486702943,5.8565606843967855,0.7422251181914785,
1c827aca09,180,1764,12348,123.48,264.43260521672516,0.10572260127390685,5.9355774551081755,1.0323164177204496,
1c827aca09,180,1765,12355,123.55,264.3848343698058,0.1131711878509514,6.275748406381884,1.1281573577980673,
1c827aca09,180,1766,12362,123.62,264.34246524758794,0.1582342157184637,6.282130845779887,1.3316620523330724,
1c827aca09,180,1767,12369,123.69,264.2231039889532,0.29355590497510836,6.34521727645835,0.34648798186011637,
1c827aca09,180,1768,12376,123.76,264.1919675668655,0.18543934500991546,5.890382940703923,1.3079357202085984,
1c827aca09,180,1769,12383,123.83,264.03852424284406,0.10182900326118344,6.038750465811842,0.5167378767070852,
1c827aca09,180,1770,12390,123.9,263.99692664018323,0.197599324125078,6.206842245923617,2.00922334522001,
1c827aca09,180,1771,12397,123.97,263.8122835061617,0.03647283807989102,5.918435960586883,0.21413612350273836,
1c827aca09,180,1772,12404,124.04,263.807357709029,0.10801008000671493,5.8141093830251815,0.9831841577923081,
1c827aca09,180,1773,12411,124.11,263.7519665273126,0.07825636884145008,5.791636027206495,0.696806005889312,
1c827aca09,180,1774,12418,124.18,263.7226532481586,0.23021858459432654,5.575426072481716,2.130220831655743,
1c827aca09,180,1775,12425,124.25,263.5081323949608,0.10693843216272601,5.820136746362234,0.8987796339325677,
1c827aca09,180,1776,12432,124.32,263.4688359767677,0.08200372027146037,5.849396278266631,0.7265778653794229,
1c827aca09,180,1777,12439,124.39,263.4377039590595,0.15793752728216626,5.623362552085752,1.3041783550947852,
1c827aca09,180,1778,12446,124.46,263.3345734127971,0.10818703735188334,5.668636950389182,0.49338041892543333,
1c827aca09,180,1779,12453,124.53,263.27939940973306,0.21423048910848733,5.49541419118792,0.9730284860938265,
1c827aca09,180,1780,12460,124.6,263.2541209387905,0.19815995963165692,6.151860267163828,0.6421461754123484,
1c827aca09,180,1781,12467,124.67,263.07689106967945,0.21620621604463205,5.435505389895411,1.0326418422207464,
1c827aca09,180,1782,12474,124.74,263.06813852152175,0.12860644254928336,5.90521462629087,0.8414389835600636,
1c827aca09,180,1783,12481,124.81,262.9874572304907,0.27486854793329757,5.6695725507979935,1.1491114339668937,
1c827aca09,180,1784,12488,124.88,262.9710755943547,0.14373335003082763,5.990059155442825,0.5621992393859706,
1c827aca09,180,1785,12495,124.95,262.88213667616327,0.2556414828298614,5.549286875564968,0.9444622115713339,
1c827aca09,180,1786,12502,125.02,262.83937363236384,0.14796619267418748,5.945760351130561,0.6978918572915502,
1c827aca09,180,1787,12509,125.09,262.7395102582689,0.07827828612280308,5.589017419745338,0.7520415607184432,
1c827aca09,180,1788,12516,125.16,262.7100033878407,0.19768419683378147,5.601670107929913,1.5488297240441793,
1c827aca09,180,1789,12523,125.23,262.53866890131457,0.1318710058144456,5.617006747548675,1.2049898014040175,
1c827aca09,180,1790,12530,125.3,262.45142457251063,0.05624450727034193,5.384764242680533,0.5302489698955268,
1c827aca09,180,1791,12537,125.37,262.4361106657271,0.2963023283739961,5.454716134721853,1.4737041039259633,
1c827aca09,180,1792,12544,125.44,262.39905290693883,0.14925500609332598,6.447935017109919,0.3823525943557753,
1c827aca09,180,1793,12551,125.51,262.2866556347407,0.10676207985439784,5.642381906237311,0.9651109916481352,
1c827aca09,180,1794,12558,125.58,262.23531694318245,0.13085241188445854,5.784260997745646,1.139005219963042,
1c827aca09,180,1795,12565,125.65,262.15210024988244,0.19680922785958588,5.754158510525275,1.7425040909906264,
1c827aca09,180,1796,12572,125.72,261.98270006837765,0.1311192743792593,5.759253182246788,0.9534739160508974,
1c827aca09,180,1797,12579,125.79,261.8965091674726,0.10760091065637195,5.625578992805243,0.9923524960569718,
1c827aca09,180,1798,12586,125.86,261.84399594662807,0.09442542045080787,5.657072205774952,0.6015461796184567,
1c827aca09,180,1799,12593,125.93,261.8060845036665,0.1502769630349252,5.6181333560783395,0.6498580251442433,
1c827aca09,180,1800,12600,126.0,261.804932198859,0.13870484469054623,6.048688721456458,1.1698443523439455,
1c827aca09,180,1801,12607,126.07,261.7117533235938,0.14487836310364566,5.920774803372223,1.0662178161669655,
1c827aca09,180,1802,12614,126.14,261.6209551648416,0.04922283930827535,5.4929404813430605,0.27255870839108165,
1c827aca09,180,1803,12621,126.21,261.6090626728435,0.04310701274460543,5.489665524490744,0.3228068996346949,
1c827aca09,180,1804,12628,126.28,261.60131199367964,0.13636872518648138,5.427739572468627,1.0083440369581878,
1c827aca09,180,1805,12635,126.35,261.5405875421747,0.09778462844973239,5.5760591583994605,0.36586997951792477,
1c827aca09,180,1806,12642,126.42,261.491781921103,0.03279326500978773,5.376724617720164,0.2398669570320952,
1c827aca09,180,1807,12649,126.49,261.4884348991075,0.06812781042680974,5.480544632480599,0.6845474091095899,
1c827aca09,180,1808,12656,126.56,261.4661609549067,0.22850931608868214,5.492649536254932,1.1465192461037537,
1c827aca09,180,1809,12663,126.63,261.46249148662616,0.12495670358959671,5.55045570861206,0.3498704654653813,
1c827aca09,180,1810,12670,126.7,261.39817320369986,0.09387596127523298,5.360731269625688,0.8680239509109378,
1c827aca09,180,1811,12677,126.77,261.35534265202887,0.11630457966348205,5.252222319828666,1.1355063027927252,
1c827aca09,180,1812,12684,126.84,261.2892517862376,0.10390888260059859,5.218365298965712,0.7847638235404649,
1c827aca09,180,1813,12691,126.91,261.24231516792236,0.1550316013989667,5.3178037605934,0.7209062483958195,
1c827aca09,180,1814,12698,126.98,261.2231562412308,0.10262699358657933,5.579324699205207,0.843360351151811,
1c827aca09,180,1815,12705,127.05,261.1756736403927,0.11574853176540688,5.286081325642113,0.47437699532902816,
1c827aca09,180,1816,12712,127.12,261.1159195437461,0.12673337972255835,5.49207648480367,0.9984259283286008,
1c827aca09,180,1817,12719,127.19,261.0452326249623,0.07403829090639019,5.469478872116873,0.6719019997276807,
1c827aca09,180,1818,12726,127.26,261.02139947446346,0.2125989435079205,5.576013751228264,0.8649362820780351,
1c827aca09,180,1819,12733,127.33,261.0111445008083,0.14516507950224777,5.866408682973614,0.9106075723186005,
1c827aca09,180,1820,12740,127.4,260.934809353694,0.07331213749027073,5.7808463745328424,0.3446489065583631,
1c827aca09,180,1821,12747,127.47,260.9167696277611,0.0945058475629953,5.677750948592228,0.8820760876459367,
1c827aca09,180,1822,12754,127.54,260.88241491972195,0.1636964471991338,5.529907327207491,0.922880131906261,
1c827aca09,180,1823,12761,127.61,260.7529853390762,0.10510219087134903,5.786105163980202,0.9690163625888004,
1c827aca09,180,1824,12768,127.68,260.7095614332823,0.0825782076565076,5.858844124380169,0.8178107740009269,
1c827aca09,180,1825,12775,127.75,260.6847811559452,0.14144111000900172,5.980462440738448,1.4318690520037993,
1c827aca09,180,1826,12782,127.82,260.5926460992773,0.07247337355925448,6.22252544608868,0.695587989918045,
1c827aca09,180,1827,12789,127.89,260.57129271375317,0.12420241635600474,5.982703527857168,1.028763757129391,
1c827aca09,180,1828,12796,127.96,260.5032859259818,0.07882935817784638,5.859140053362672,0.6146624475882742,
1c827aca09,180,1829,12803,128.03,260.47432844436105,0.14977852195380256,5.924466995293123,1.4768164506283752,
1c827aca09,180,1830,12810,128.1,260.38437789068905,0.2547180113550425,5.986628823576868,0.47255635470378543,
1c827aca09,180,1831,12817,128.17,260.3756686754836,0.13229121255162588,6.986847272459407,0.5566477569352527,
1c827aca09,180,1832,12824,128.24,260.2926108708912,0.13978344598437972,6.1199075049326455,1.1353884671832855,
1c827aca09,180,1833,12831,128.31,260.22110203124805,0.07780683444353972,6.335081584770205,0.5816810793709306,
1c827aca09,180,1834,12838,128.38,260.19790156095,0.08273010466878256,6.168828076711067,0.8308521809622353,
1c827aca09,180,1835,12845,128.45,260.1630434217416,0.09020306162873028,6.067186507416392,0.8955380719784909,
1c827aca09,180,1836,12852,128.52,260.12565600884,0.3113911019786655,5.934761708183072,1.470455353738848,
1c827aca09,180,1837,12859,128.59,260.0880070931783,0.2032270700984005,6.132170372635608,1.497241048582062,
1c827aca09,180,1838,12866,128.66,259.9175694200198,0.07282079839875287,6.025832902707467,0.5165035808669738,
1c827aca09,180,1839,12873,128.73,259.896433748513,0.2684428258460457,5.939192602253729,1.1618157414681283,
1c827aca09,180,1840,12880,128.8,259.86272657384626,0.15004980179330724,6.760315834068002,0.8373038579457841,
1c827aca09,180,1841,12887,128.87,259.75970169541404,0.11205342577297261,5.987172899708815,0.8738666030279605,
1c827aca09,180,1842,12894,128.94,259.71066873402407,0.17814080771327276,5.646499765859145,0.4270181346840869,
1c827aca09,180,1843,12901,129.01,259.69128701494117,0.3057364195325124,5.636549507451791,0.7941867091076361,
1c827aca09,180,1844,12908,129.08,259.625795968053,0.28756199611646166,5.866837159928129,2.803050565598324,
1c827aca09,180,1845,12915,129.15,259.27090641883905,0.14267935729044787,5.956351390321182,1.2874616504690037,
1c827aca09,180,1846,12922,129.22,259.1842147205758,0.15325843815250903,5.994059741940438,0.4167992299532875,
1c827aca09,180,1847,12929,129.29,259.17563668099604,0.25710384390843827,6.185232121461559,0.9657339094707004,
1c827aca09,180,1848,12936,129.36,259.16863838751027,0.1426894645249467,5.9072829991293965,0.6188175576270067,
1c827aca09,180,1849,12943,129.43,259.0696965149988,0.14032311187617733,5.653666488184592,1.317391978505685,
1c827aca09,180,1850,12950,129.5,259.0095050477006,0.10581047340524026,5.22484930436664,0.8638948549430827,
1c827aca09,180,1851,12957,129.57,258.9636573376493,0.23759393856774846,5.315085188573905,1.1300722888655395,
1c827aca09,180,1852,12964,129.64,258.9509377882419,0.1325583756006914,5.855476610398458,0.8585525968488403,
1c827aca09,180,1853,12971,129.71,258.86663773853934,0.0878034267501641,5.35740264647267,0.8356581487284735,
1c827aca09,180,1854,12978,129.78,258.83274189142884,0.1402209625700767,5.518942355059013,1.0235023629641709,
1c827aca09,180,1855,12985,129.85,258.7400600323507,0.20330341398562357,5.6629788900352045,0.9828476348497285,
1c827aca09,180,1856,12992,129.92,258.69753070436104,0.14761319935480827,5.62118375860875,0.9590787828141408,
1c827aca09,180,1857,12999,129.99,258.6001448439382,0.09819707943434355,5.395853014684344,0.9891980848041395,
1c827aca09,180,1858,13006,130.06,258.55260867920015,0.07099524830423505,5.311728805560596,0.5206920024892674,
1c827aca09,180,1859,13013,130.13,258.5291736872531,0.16074923880395492,5.2982806254875,1.0263086740568208,
1c827aca09,180,1860,13020,130.2,258.4026343054405,0.1047135055406905,5.389948570467063,0.44948304685044627,
1c827aca09,180,1861,13027,130.27,258.3935096557703,0.18301206148845184,5.393548280940287,0.7945447985092622,
1c827aca09,180,1862,13034,130.34,258.3829896086395,0.13729091836218527,5.4003320802145955,0.7784593399048948,
1c827aca09,180,1863,13041,130.41,258.2903015212545,0.13896150977763955,5.245656859220703,1.0059658733950652,
1c827aca09,180,1864,13048,130.48,258.21527471447916,0.16421565614282904,5.476973255877906,1.1873947395216933,
1c827aca09,180,1865,13055,130.55,258.112836954535,0.11108010005001046,5.402879518172117,0.9339541676409027,
1c827aca09,180,1866,13062,130.62,258.06473441719464,0.29536110572038876,5.537531245011865,1.4862013675916512,
1c827aca09,180,1867,13069,130.69,258.0302173081804,0.20674668448467148,6.263447099903169,0.7897626296747714,
1c827aca09,180,1868,13076,130.76,257.9233989655006,0.14461562449390067,6.044103471843605,1.0256610367603956,
1c827aca09,180,1869,13083,130.83,257.83632394106496,0.14144683711740422,5.572600031250578,1.1097992565397838,
1c827aca09,180,1870,13090,130.9,257.735110295467,0.08933743921081,5.493509007387536,0.32401566463509524,
1c827aca09,180,1871,13097,130.97,257.7310614685852,0.08010619874285224,5.472224960600188,0.5224726913145885,
1c827aca09,180,1872,13104,131.04,257.6987447201187,0.040972672328785646,5.395537045309782,0.33347532721664297,
1c827aca09,180,1873,13111,131.11,257.693227509923,0.06037031429464404,5.542369350619813,0.24881595106926319,
1c827aca09,180,1874,13118,131.18,257.6768579477878,0.07224688975855109,5.5945460329137,0.6733016680396798,
1c827aca09,180,1875,13125,131.25,257.6514721845274,0.055490704287036244,5.574214882960477,0.5469736588489291,
1c827aca09,180,1876,13132,131.32,257.63801801855203,0.1922388775918117,5.5840254290757105,1.8414788063240415,
1c827aca09,180,1877,13139,131.39,257.4954115000878,0.08906799349651305,5.67931847313152,0.6531512250176569,
1c827aca09,180,1878,13146,131.46,257.4661324740422,0.08656087083116985,5.388437265417197,0.8585907708436711,
1c827aca09,180,1879,13153,131.53,257.4393303416521,0.21087218527405535,5.528332776132257,0.7766811499566065,
1c827aca09,180,1880,13160,131.6,257.42114673228696,0.12810225357453275,5.977988525397347,0.8550555569983476,
1c827aca09,180,1881,13167,131.67,257.34196144079266,0.15871510237214448,5.783919017617842,1.2510407171725204,
1c827aca09,180,1882,13174,131.74,257.2573099179419,0.0979259058931315,6.130258759704586,0.7118741331383786,
1c827aca09,180,1883,13181,131.81,257.23518338232566,0.10916814618791482,5.89896843236249,0.775399909356128,
1c827aca09,180,1884,13188,131.88,257.19329809150923,0.040825426480471876,5.7152827221891815,0.14491126690667622,
1c827aca09,180,1885,13195,131.95,257.1881687613798,0.15055908358525974,5.681877806090771,1.1687338410981545,
1c827aca09,180,1886,13202,132.02,257.09662206359286,0.13325561051006382,5.59556172434154,1.0700919182736088,
1c827aca09,180,1887,13209,132.09,257.03637201055,0.09591012211731668,5.473427665431399,0.36216954886683494,
1c827aca09,180,1888,13216,132.16,257.00599800098195,0.11565538674519493,5.3835690304808,0.9967770128143019,
1c827aca09,180,1889,13223,132.23,256.9557289437431,0.0918541287979602,5.436997829869376,0.8986012157663679,
1c827aca09,180,1890,13230,132.3,256.9196028229276,0.15657935707384116,5.276287488745041,1.5352171162762902,
1c827aca09,180,1891,13237,132.37,256.80849964578726,0.08425355810203954,5.183907809667163,0.7732895790517188,
1c827aca09,180,1892,13244,132.44,256.7742269942586,0.09392687760336627,5.208407342091156,0.809409998989648,
1c827aca09,180,1893,13251,132.51,256.7380040594622,0.11608716021500633,5.170603483906845,1.1416153150847992,
1c827aca09,180,1894,13258,132.58,256.6734948425895,0.07019921195153804,5.10170806987675,0.635914207803465,
1c827aca09,180,1895,13265,132.65,256.65277531640976,0.14856038097880983,5.1063466694711535,0.37554314073438483,
1c827aca09,180,1896,13272,132.72,256.6245673065806,0.20921967540037534,5.136370552807356,0.5026635481855212,
1c827aca09,180,1897,13279,132.79,256.58798740412277,0.14695098572451964,5.445383255263533,0.8511838614210248,
1c827aca09,180,1898,13286,132.86,256.51531376343763,0.10222050291579474,5.573343145072278,0.8666937599918056,
1c827aca09,180,1899,13293,132.93,256.4793610405307,0.07486137568285871,5.430449873042991,0.5073757372755754,
1c827aca09,180,1900,13300,133.0,256.45836000395906,0.07656307929673997,5.51704453358739,0.7204623489125236,
1c827aca09,180,1901,13307,133.07,256.43106235861757,0.14800907477111316,5.403894530095216,0.6877006821487128,
1c827aca09,180,1902,13314,133.14,256.42025714528353,0.10553079858948737,6.006724585067998,0.6042240032962121,
1c827aca09,180,1903,13321,133.21,256.3674246755965,0.28233547287163274,5.746023781915986,0.8116409237051514,
1c827aca09,180,1904,13328,133.28,256.32970687586436,0.20064660497020897,5.634110571580374,1.3923821299769297,
1c827aca09,180,1905,13335,133.35,256.1291521504626,0.08085502399254234,5.070864835608225,0.8196572707160215,
1c827aca09,180,1906,13342,133.42,256.10180710894497,0.041875064483175344,5.062780732651321,0.4066919570581555,
1c827aca09,180,1907,13349,133.49,256.09445312506915,0.3575546902421584,5.130379401671922,1.7274422925907322,
1c827aca09,180,1908,13356,133.56,255.91868252054695,0.10348718917206388,5.267085587408538,0.6634658102071209,
1c827aca09,180,1909,13363,133.63,255.86986320116662,0.07047144003904386,5.000062559963939,0.29032022575563726,
1c827aca09,180,1910,13370,133.7,255.84870427087395,0.14910782780036375,4.83234609198029,1.0114866771070519,
1c827aca09,180,1911,13377,133.77,255.74106647111927,0.06434672966850545,4.791319176815974,0.4481185357038418,
1c827aca09,180,1912,13384,133.84,255.7211059963187,0.1766917132679738,4.78181699324911,0.8154385287875809,
1c827aca09,180,1913,13391,133.91,255.7060678223745,0.1382969679120306,4.870686101904989,1.2050708719660985,
1c827aca09,180,1914,13398,133.98,255.62058234604226,0.07857657842087287,4.764424385197084,0.423147832272221,
1c827aca09,180,1915,13405,134.05,255.58974811938077,0.12603588274496744,4.709585152007106,0.7828988467796326,
1c827aca09,180,1916,13412,134.12,255.53254705843005,0.04955853813036581,4.517112882995313,0.27387636817505834,
1c827aca09,180,1917,13419,134.19,255.52567768921614,0.06551977410777236,4.4446241899685655,0.5218588735736824,
1c827aca09,180,1918,13426,134.26,255.5058058279763,0.10769241952152125,4.452752214440677,1.0468349308279818,
1c827aca09,180,1919,13433,134.33,255.44711965574027,0.07288086195613228,4.535414809935695,0.6239962136458168,
1c827aca09,180,1920,13440,134.4,255.421032189601,0.11785571828771511,4.595990003940793,0.5770949541244356,
1c827aca09,180,1921,13447,134.47,255.42067960519847,0.09098753111224205,4.790246264697817,0.5532107545614039,
1c827aca09,180,1922,13454,134.54,255.3802481418166,0.27284200061854963,4.556010365616246,1.337102950880598,
1c827aca09,180,1923,13461,134.61,255.32184400503212,0.12705887107324784,4.909759689906632,0.5845419345049783,
1c827aca09,180,1924,13468,134.68,255.24570536822586,0.09023744741629995,4.807223078707551,0.6014382192147322,
1c827aca09,180,1925,13475,134.75,255.21433013114196,0.17890091892631863,4.705899567902534,0.6370934977797789,
1c827aca09,180,1926,13482,134.82,255.21400992066557,0.13713186972631922,5.067133933707897,1.0274877746454334,
1c827aca09,180,1927,13489,134.89,255.13639818251175,0.24912447774468752,4.714932471883103,1.1581495250751979,
1c827aca09,180,1928,13496,134.96,255.13243828806654,0.1781536822925895,5.400085196240633,1.0147957627953026,
1c827aca09,180,1929,13503,135.03,254.99260140281015,0.0929256878596611,4.811248804118915,0.6440207978208424,
1c827aca09,180,1930,13510,135.1,254.95576293072222,0.05952082111501262,4.763150928331208,0.5421985225767734,
1c827aca09,180,1931,13517,135.17,254.94265773902816,0.06991154912620436,4.677683409405667,0.6667379458763784,
1c827aca09,180,1932,13524,135.24,254.9195913649187,0.1070221377562869,4.582489907638006,1.027026863929061,
1c827aca09,180,1933,13531,135.31,254.87607046395507,0.13391915706727497,4.5916045063594115,1.1237877652298345,
1c827aca09,180,1934,13538,135.38,254.78734785396583,0.15911255627022197,4.888709673721952,1.587726341438471,
1c827aca09,180,1935,13545,135.45,254.67677581798807,0.04736671483285127,4.70042448248734,0.23765673085850866,
1c827aca09,180,1936,13552,135.52,254.66753465686324,0.060790215712883476,4.7095787950909065,0.4630403715625573,
1c827aca09,180,1937,13559,135.59,254.6500753781538,0.11685081025458467,4.639252200567452,0.4734964218329341,
1c827aca09,180,1938,13566,135.66,254.64588929417917,0.09766889784515599,4.63368557598622,0.8502683852837783,
1c827aca09,180,1939,13573,135.73,254.60037670569793,0.12977907919302917,4.278796540088262,0.3893166045420374,
1c827aca09,180,1940,13580,135.8,254.59801414435617,0.1067991561466918,4.486152537901479,0.7483049912413874,
1c827aca09,180,1941,13587,135.87,254.54102238474593,0.06089060934303763,4.332259516374032,0.5920073313166683,
1c827aca09,180,1942,13594,135.94,254.52524927334937,0.09635625966883657,4.273919349162852,0.9639436258033498,
1c827aca09,180,1943,13601,136.01,254.48971959700538,0.06724360942995312,4.224673520919634,0.6093881606288357,
1c827aca09,180,1944,13608,136.08,254.46821505689047,0.0603480283704888,4.131771145183506,0.5492189923063141,
1c827aca09,180,1945,13615,136.15,254.45518855362,0.042729053646606036,4.223351884895781,0.3918343184366742,
1c827aca09,180,1946,13622,136.22,254.4475571235305,0.08418277690491048,4.220710281470879,0.6124085728537065,
1c827aca09,180,1947,13629,136.29,254.4157003965098,0.05476533739918207,4.291708633355635,0.5131279153112528,
1c827aca09,180,1948,13636,136.36,254.40471451602704,0.19352525688352862,4.2872064307342015,0.9634391979018571,
1c827aca09,180,1949,13643,136.43,254.36741055549277,0.11118002560258355,4.678015419873838,0.6808132377412149,
1c827aca09,180,1950,13650,136.5,254.31073566824162,0.22957001149867307,4.433215467260445,0.6562085987199943,
1c827aca09,180,1951,13657,136.57,254.2975244502647,0.15069019639259357,5.240238073026999,0.7235880318857845,
1c827aca09,180,1952,13664,136.64,254.25448629280075,0.1922671737693531,4.646283255627141,1.6672352607383758,
1c827aca09,180,1953,13671,136.71,254.11621533568632,0.13251221385209114,4.702124213557264,1.0349961034594426,
1c827aca09,180,1954,13678,136.78,254.03508601441368,0.07926750787768876,4.280668090852133,0.7258749759639349,
1c827aca09,180,1955,13685,136.85,254.0089925977396,0.09290382640426688,4.5307097885574645,0.902309145830984,
1c827aca09,180,1956,13692,136.92,253.97367448399356,0.2578541204182594,4.445020778877372,1.0417312658772302,
1c827aca09,180,1957,13699,136.99,253.97102558770072,0.14327872867516608,5.473754412796183,0.7526513856236582,
1c827aca09,180,1958,13706,137.06,253.8812870315527,0.09527359427198694,4.7053782494253795,0.8451091539967347,
1c827aca09,180,1959,13713,137.13,253.84008607491108,0.06567219131966726,4.561407297636219,0.6264605302835894,
1c827aca09,180,1960,13720,137.2,253.81807058422558,0.05956547955762867,4.440612489038328,0.4447386563339315,
1c827aca09,180,1961,13727,137.27,253.8019043378929,0.0441241215306837,4.448727889321497,0.3928375965206394,
1c827aca09,180,1962,13734,137.34,253.79210408692904,0.03015852282336823,4.6019154733568755,0.21979953664846485,
1c827aca09,180,1963,13741,137.41,253.7881727057043,0.06112675799332411,4.6154404357998,0.5644224137589982,
1c827aca09,180,1964,13748,137.48,253.76989901627098,0.07033350389876895,4.546888529880594,0.7004517148741369,
1c827aca09,180,1965,13755,137.55,253.752736059503,0.0554903608744527,4.356660603984978,0.43228031036193393,
1c827aca09,180,1966,13762,137.62,253.73953196552952,0.10694870465544357,4.356426618148157,0.45214288739420777,
1c827aca09,180,1967,13769,137.69,253.73317242114177,0.0932415041929799,4.2796251574580335,0.7203523366126736,
1c827aca09,180,1968,13776,137.76,253.7047801573613,0.11558437177928245,4.29306277841822,0.8444283527125561,
1c827aca09,180,1969,13783,137.83,253.6456287410535,0.06649578791240579,4.415773907626027,0.31511638289528277,
1c827aca09,180,1970,13790,137.9,253.62582885203324,0.047045333680617814,4.341450939721074,0.432870328095297,
1c827aca09,180,1971,13797,137.97,253.61538220980955,0.13865830293450632,4.42701672334788,0.7120859823345057,
1c827aca09,180,1972,13804,138.04,253.5189845639299,0.12460081804582673,4.202315922134073,0.7326242967275577,
1c827aca09,180,1973,13811,138.11,253.44841366241002,0.04216930968993577,4.231891145601983,0.3550339572727035,
1c827aca09,180,1974,13818,138.18,253.44026407191862,0.07269629593097321,4.236679950867268,0.7054876285967603,
1c827aca09,180,1975,13825,138.25,253.41847428525722,0.1658838611930453,4.157738576434982,0.7405621496119944,
1c827aca09,180,1976,13832,138.32,253.41754951326283,0.1352276193808889,4.653721843216232,1.064944197092291,
1c827aca09,180,1977,13839,138.39,253.33047001084043,0.06893462100601905,4.2685775368117245,0.6489076135277994,
1c827aca09,180,1978,13846,138.46,253.30644448105605,0.11087867590123365,4.4060138220548755,1.12677720012578,
1c827aca09,180,1979,13853,138.53,253.273804275875,0.15015344865297395,4.292551880620784,1.3093009079011073,
1c827aca09,180,1980,13860,138.6,253.19770135257116,0.08701494038704245,3.990452852990601,0.39865652781597816,
1c827aca09,180,1981,13867,138.67,253.17590924672342,0.04977521301247733,3.9357711313608488,0.10254499054084322,
1c827aca09,180,1982,13874,138.74,253.16752359630314,0.07103424331807395,3.872469792941345,0.6970558568118816,
1c827aca09,180,1983,13881,138.81,253.14901275158564,0.14282556494572013,3.791850327188737,0.2000446760856392,
1c827aca09,180,1984,13888,138.88,253.1465754114578,0.1640968822801453,3.870953283045798,0.3513628241269401,
1c827aca09,180,1985,13895,138.95,253.14525592558675,0.2503154539874847,3.8904080008375916,0.6633423756682865,
1c827aca09,180,1986,13902,139.02,253.1361064438494,0.14279525011505345,4.32063385857665,0.8346747748443224,
1c827aca09,180,1987,13909,139.09,253.03797567535923,0.0658582892372639,3.8509508528793046,0.6267848037477691,
1c827aca09,180,1988,13916,139.16,253.01800372702024,0.0625116189685367,3.833983421967154,0.5360477961096697,
1c827aca09,180,1989,13923,139.23,252.99908779497375,0.09360748262391226,3.865968973518807,0.8564177499088921,
1c827aca09,180,1990,13930,139.3,252.9604563682544,0.11407976820444912,3.7329036169477363,0.5353859266711413,
1c827aca09,180,1991,13937,139.37,252.9579928680348,0.0918146366988166,3.909832036976696,0.7423905201938749,
1c827aca09,180,1992,13944,139.44,252.92187032778006,0.09455298455149512,3.9208969116083323,0.7944935250032132,
1c827aca09,180,1993,13951,139.51,252.89142566460706,0.07519775976244342,3.719717748104239,0.3778569249973104,
1c827aca09,180,1994,13958,139.58,252.8624670536499,0.08747103415938233,3.8086966378707396,0.7573636888461615,
1c827aca09,180,1995,13965,139.65,252.82369704750556,0.16381628399650114,3.8747869219858666,0.6926871447798228,
1c827aca09,180,1996,13972,139.72,252.79908833933902,0.07217282888069758,4.053026163865551,0.46256860648034287,
1c827aca09,180,1997,13979,139.79,252.77370337532398,0.06341355995423625,3.9418887678179972,0.4985873318183384,
1c827aca09,180,1998,13986,139.86,252.75574864048122,0.19475031605140744,3.968166083106574,0.6885828465384786,
1c827aca09,180,1999,13993,139.93,252.73869758997492,0.147140319662355,4.6015416123757085,1.088689186052094,
1c827aca09,180,2000,14000,140.0,252.66289934069385,0.09686412913084412,3.9593505619926703,0.8682336583742533,
1c827aca09,180,2001,14007,140.07,252.6284556432753,0.10584717346835118,3.9603588195310833,0.9637021865023889,
1c827aca09,180,2002,14014,140.14,252.57223670310023,0.09084405526827993,4.0153915861172,0.6595172933965198,
1c827aca09,180,2003,14021,140.21,252.5387037867598,0.0698080894286901,3.941279180894134,0.6706831784597835,
1c827aca09,180,2004,14028,140.28,252.5196135427009,0.09295445277807932,3.9936673575485364,0.4274175360463125,
1c827aca09,180,2005,14035,140.35,252.51879436186428,0.11153078888327633,4.191380472641437,0.33284191092239784,
1c827aca09,180,2006,14042,140.42,252.51779723701318,0.08292645931337606,4.065207405063736,0.7010944818350443,
1c827aca09,180,2007,14049,140.49,252.485324404796,0.1753861720751861,3.9952822755273885,0.8565952614562027,
1c827aca09,180,2008,14056,140.56,252.4845175002056,0.11909385124487247,4.661613890835084,0.9184097279817326,
1c827aca09,180,2009,14063,140.63,252.4226795638879,0.08715874727434403,4.051911180631094,0.49370092934385224,
1c827aca09,180,2010,14070,140.7,252.38556848473496,0.06951081947793113,3.9812531848298,0.6092239187559486,
1c827aca09,180,2011,14077,140.77,252.36124154636744,0.1332279200263331,4.005921012789584,1.2260350938605855,
1c827aca09,180,2012,14084,140.84,252.27773239423593,0.07337754210516423,4.144875386765548,0.43383855354593603,
1c827aca09,180,2013,14091,140.91,252.255666406289,0.08404377081985259,4.170840598553158,0.7370900934076137,
1c827aca09,180,2014,14098,140.98,252.22386990743735,0.0840272561127306,3.9508352078929025,0.4082858660245352,
1c827aca09,180,2015,14105,141.05,252.19964092572292,0.08515130234131447,4.128016005860415,0.6686392570144446,
1c827aca09,180,2016,14112,141.12,252.16887136501745,0.23089016223569375,4.046615835362692,0.9201996698372845,
1c827aca09,180,2017,14119,141.19,252.1625186211307,0.1615333614720869,4.686569516794057,0.9677270400453081,
1c827aca09,180,2018,14126,141.26,252.089964630346,0.09156044625438933,4.109546532789517,0.5184358386340435,
1c827aca09,180,2019,14133,141.33,252.06954018842632,0.09628121185110292,4.050809775594041,0.632413303119698,
1c827aca09,180,2020,14140,141.4,252.0237781851987,0.12336682898715853,4.081794890155608,1.14981494283106,
1c827aca09,180,2021,14147,141.47,251.94731767887578,0.1039579100994293,3.915087637859937,1.0410632479633346,
1c827aca09,180,2022,14154,141.54,251.89267148721746,0.14314816331444327,3.9890047338625148,1.1037633513153924,
1c827aca09,180,2023,14161,141.61,251.78998322276644,0.08460739483351995,3.9507471480601852,0.2673507219998728,
1c827aca09,180,2024,14168,141.68,251.7833329689164,0.18265754085307773,3.9070080851575932,0.8667651538277618,
1c827aca09,180,2025,14175,141.75,251.74551496743211,0.20756021490825544,3.793978507218443,0.482715777200171,
1c827aca09,180,2026,14182,141.82,251.74031847605286,0.29364164017747363,4.145569375632707,1.1020585212712652,
1c827aca09,180,2027,14189,141.89,251.71548387460803,0.14538363267168827,4.110227696778556,0.8297737689528721,
1c827aca09,180,2028,14196,141.96,251.60745621361337,0.0536667983657342,3.5963857147662703,0.5226042103812517,
1c827aca09,180,2029,14203,142.03,251.59850239328657,0.08193191000208813,3.610281210340126,0.4897414342097636,
1c827aca09,180,2030,14210,142.1,251.5825276841685,0.06767334667779422,3.740134447021641,0.46258833693321777,
1c827aca09,180,2031,14217,142.17,251.57098930937735,0.05640635546746469,3.6887922775559523,0.38981678173671847,
1c827aca09,180,2032,14224,142.24,251.5607427093819,0.07481016995232466,3.69899777106733,0.702694698645657,
1c827aca09,180,2033,14231,142.31,251.53858717711051,0.1716755258527163,3.6941521573255383,0.7368313886760249,
1c827aca09,180,2034,14238,142.38,251.53595304842835,0.12299298760413982,3.9364884863895875,0.8735746751856229,
1c827aca09,180,2035,14245,142.45,251.47230964982356,0.1183290314733168,3.6711267454469017,0.514743708063776,
1c827aca09,180,2036,14252,142.52,251.47154804702856,0.14712548396851433,4.077241176976735,1.350924550868292,
1c827aca09,180,2037,14259,142.59,251.38670206694331,0.09080682412414268,3.958350704965259,0.5732054751525354,
1c827aca09,180,2038,14266,142.66,251.3612581767074,0.06833324926976002,3.834314728184406,0.5503283457207414,
1c827aca09,180,2039,14273,142.73,251.34360761266646,0.0653653316777246,3.84636078978608,0.5115947046225161,
1c827aca09,180,2040,14280,142.8,251.3219837163021,0.05739822478200903,3.822338187143021,0.5614434971514863,
1c827aca09,180,2041,14287,142.87,251.31061726794547,0.09473758208357336,3.883954649850118,0.8888896350195654,
1c827aca09,180,2042,14294,142.94,251.27047713173636,0.06405247251498687,3.958459578876166,0.554313349287221,
1c827aca09,180,2043,14301,143.01,251.2581896280945,0.0912211511425316,3.881328447200122,0.8479898552642497,
1c827aca09,180,2044,14308,143.08,251.22332219015493,0.04187534736277258,3.7270072699702363,0.3602781933977771,
1c827aca09,180,2045,14315,143.15,251.21464419446147,0.2348767858963349,3.689782442417296,0.9654716111523177,
1c827aca09,180,2046,14322,143.22,251.19393939694672,0.11889268417764201,4.595855406732281,0.37315744971594067,
1c827aca09,180,2047,14329,143.29,251.12633208380495,0.013791121128071529,3.817614824859147,0.04942298538734087,
1c827aca09,180,2048,14336,143.36,251.12571072656831,0.051296047590582386,3.840617828668371,0.513942613966425,
1c827aca09,180,2049,14343,143.43,251.11453212985012,0.08779911230113546,3.879379337717268,0.8585930263259792,
1c827aca09,180,2050,14350,143.5,251.07751181731285,0.16011625347924682,3.9521878310132577,0.6919655221445262,
1c827aca09,180,2051,14357,143.57,251.0655002652426,0.16815887795523213,4.265222654921174,0.5085161129289664,
1c827aca09,180,2052,14364,143.64,251.0508644187698,0.11905861587807873,3.931824925769116,0.9265722297783492,
1c827aca09,180,2053,14371,143.71,250.98796529902344,0.10914956985800559,4.017043774605122,0.32392931433708755,
1c827aca09,180,2054,14378,143.78,250.93194482040658,0.05449296646407067,3.8944965153029414,0.5040289130468959,
1c827aca09,180,2055,14385,143.85,250.919333767133,0.09532692045885136,3.9099525842683396,0.3208460068874853,
1c827aca09,180,2056,14392,143.92,250.8734143821969,0.05215189108026614,3.765664469437539,0.4473834191204757,
1c827aca09,180,2057,14399,143.99,250.8595673183452,0.1531912198790479,3.8025242749978045,0.961840594018106,
1c827aca09,180,2058,14406,144.06,250.75963349219188,0.16289400316792094,3.9596268823071092,1.5401981292576024,
1c827aca09,180,2059,14413,144.13,250.65712429457864,0.09758725032103592,3.4931322852076305,0.5313681141654849,
1c827aca09,180,2060,14420,144.2,250.61437066783893,0.20683371672854017,3.4708821455913474,1.0108769970468092,
1c827aca09,180,2061,14427,144.27,250.60157631029145,0.11643119581788905,3.8886489409177614,0.6031456986852007,
1c827aca09,180,2062,14434,144.34,250.5356189036408,0.07323337712287327,3.4562042020691752,0.3518218604033745,
1c827aca09,180,2063,14441,144.41,250.53458135020628,0.12364849717656622,3.425705002191766,0.5258057239652946,
1c827aca09,180,2064,14448,144.48,250.52214972038485,0.059235594846253334,3.4162440411295196,0.2822529037442473,
1c827aca09,180,2065,14455,144.55,250.50776328090373,0.16176566066686418,3.3597259472008685,0.753210031251321,
1c827aca09,180,2066,14462,144.62,250.48083572239997,0.09822919735786605,3.6248758647966346,0.62059496417469,
1c827aca09,180,2067,14469,144.69,250.44020226207522,0.13738914016469408,3.439891869273528,0.49165275134862496,
1c827aca09,180,2068,14476,144.76,250.434578707317,0.10674992627447519,3.527589280758229,0.8897870211441592,
1c827aca09,180,2069,14483,144.83,250.38120544409463,0.06256790486311531,3.3817678003435776,0.5846033059637777,
1c827aca09,180,2070,14490,144.9,250.3651128207968,0.0548400861449927,3.3694196704667205,0.15291374908187255,
1c827aca09,180,2071,14497,144.97,250.350581059816,0.05985827184047345,3.377330255564823,0.28631959008128544,
1c827aca09,180,2072,14504,145.04,250.3342383000914,0.06277420068957941,3.4287533277854068,0.6330226299499186,
1c827aca09,180,2073,14511,145.11,250.31513939824376,0.11391797646784732,3.3336803493758604,1.0997251382538642,
1c827aca09,180,2074,14518,145.18,250.25613819048067,0.04232648088497214,3.4042723604310146,0.3526674918626873,
1c827aca09,180,2075,14525,145.25,250.24803883514474,0.05643492443730656,3.302374955382114,0.5322870799861065,
1c827aca09,180,2076,14532,145.32,250.23327374162056,0.12011095524654121,3.3572056383226436,0.5549039670386555,
1c827aca09,180,2077,14539,145.39,250.2186340763796,0.19620214153352522,3.4965363532044167,0.664670230936694,
1c827aca09,180,2078,14546,145.46,250.21722033187402,0.1364504549940354,4.2194735911923384,1.0627397467254271,
1c827aca09,180,2079,14553,145.53,250.1609540142382,0.06204000092873525,3.617747582479709,0.10575263848424302,
1c827aca09,180,2080,14560,145.6,250.14876418684307,0.04510144692603727,3.6720937275595933,0.16189181490113153,
1c827aca09,180,2081,14567,145.67,250.13934327488047,0.080491284780026,3.638880423412577,0.8028560615382025,
1c827aca09,180,2082,14574,145.74,250.1164911536892,0.07206704112184424,3.578010251683875,0.6330776746638447,
1c827aca09,180,2083,14581,145.81,250.09591765821233,0.08788010270277347,3.5224091536823607,0.6021318366816744,
1c827aca09,180,2084,14588,145.88,250.05996022992133,0.09391204269985957,3.483187866788439,0.4696702134269389,
1c827aca09,180,2085,14595,145.95,250.05838330100974,0.07940904458332869,3.598559099108129,0.5534690230744376,
1c827aca09,180,2086,14602,146.02,250.03096356108512,0.06973561956719508,3.4371713457547455,0.2981564447751199,
1c827aca09,180,2087,14609,146.09,250.02833491832467,0.17688246294713356,3.511815686886948,0.7609213187498443,
1c827aca09,180,2088,14616,146.16,250.00826441374318,0.10684528896022796,3.8326013208059693,0.7856791450516843,
1c827aca09,180,2089,14623,146.23,249.95789736686123,0.12529486488839967,3.5199489918498372,0.5716194171284215,
1c827aca09,180,2090,14630,146.3,249.95189505844212,0.12797795109752394,3.987032017556167,0.32365840368618287,
1c827aca09,180,2091,14637,146.37,249.94387746681426,0.19114179202823062,3.624931459516517,0.5801435460184063,
1c827aca09,180,2092,14644,146.44,249.91457278323975,0.11956128138437126,4.294692931655874,0.43158246193438765,
1c827aca09,180,2093,14651,146.51,249.85933526418216,0.09536142047144107,3.7566744866218764,0.8773455977336792,
1c827aca09,180,2094,14658,146.58,249.81968181170618,0.08501619252917722,3.667317482696286,0.21408989521424,
1c827aca09,180,2095,14665,146.65,249.8182657710863,0.07498298857712493,3.720163532713658,0.6192944354637602,
1c827aca09,180,2096,14672,146.72,249.79005246868454,0.27530035976246037,3.6333572689943177,1.2946501213239083,
1c827aca09,180,2097,14679,146.79,249.69224151138792,0.0998679842551471,4.162758728555741,0.8047791501236782,
1c827aca09,180,2098,14686,146.86,249.64372964576728,0.030208066049333702,3.7890075344098726,0.23518208168663046,
1c827aca09,180,2099,14693,146.93,249.64025672209104,0.08597753272952123,3.7480617815955086,0.7939444788795391,
1c827aca09,180,2100,14700,147.0,249.60315326567402,0.0836851978440295,3.8053231725277965,0.36955134891054947,
1c827aca09,180,2101,14707,147.07,249.60218281012294,0.09473934644281869,3.8069846775407106,0.8024232092925455,
1c827aca09,180,2102,14714,147.14,249.5573976413106,0.13420948737884844,4.008745370144926,0.5152580009625,
1c827aca09,180,2103,14721,147.21,249.5561512908439,0.11360858064732055,4.423306803530788,0.9082481801929241,
1c827aca09,180,2104,14728,147.28,249.49159296978797,0.10409338808909152,4.076901481629324,0.18239568992738647,
1c827aca09,180,2105,14735,147.35,249.4864998140078,0.1649524365427866,3.9381518575927608,0.677040437150274,
1c827aca09,180,2106,14742,147.42,249.4831923226008,0.11505947299842141,4.37130831836109,0.687907230070789,
1c827aca09,180,2107,14749,147.49,249.4241323398577,0.06781586141875583,3.852947005294499,0.4815519478515349,
1c827aca09,180,2108,14756,147.56,249.4033130677564,0.13529866651871245,3.6534880916766417,0.6147259815499942,
1c827aca09,180,2109,14763,147.63,249.39112951336887,0.08302525505074365,3.69364462585675,0.5123772808301251,
1c827aca09,180,2110,14770,147.7,249.35796800987546,0.03783127246466423,3.5316103709870954,0.23570905611756712,
1c827aca09,180,2111,14777,147.77,249.35089832469825,0.13717013433795042,3.5837652629795644,0.6855543801756461,
1c827aca09,180,2112,14784,147.84,249.33883203288022,0.11627845772359231,3.776000461947546,0.6689885841597152,
1c827aca09,180,2113,14791,147.91,249.27256884641238,0.09258205661738138,3.839978008208115,0.9234020130922714,
1c827aca09,180,2114,14798,147.98,249.23395725348496,0.11120162768725012,3.7126344730715477,1.0699374996947297,
1c827aca09,180,2115,14805,148.05,249.1718101781051,0.09907862970146337,3.9360142810811998,0.7711797740359665,
1c827aca09,180,2116,14812,148.12,249.1378771048249,0.09812496447496565,3.7727396615174653,0.748794177133028,
1c827aca09,180,2117,14819,148.19,249.08951857658113,0.13419046799555462,3.6824598742457866,0.6228270766154372,
1c827aca09,180,2118,14826,148.26,249.07254503205994,0.0681386322583428,3.966702095721016,0.30250412105225905,
1c827aca09,180,2119,14833,148.33,249.05137557582665,0.1882794360024383,3.833064725451611,0.952435595565385,
1c827aca09,180,2120,14840,148.4,249.01741470486238,0.1361997411433972,4.148715986334695,0.45085072316053865,
1c827aca09,180,2121,14847,148.47,249.00480526431855,0.1714025116878706,3.766935399883707,0.6547416726055191,
1c827aca09,180,2122,14854,148.54,248.9990024325896,0.15538066030086264,4.122884948944533,1.126793690549585,
1c827aca09,180,2123,14861,148.61,248.90964579114524,0.0787664124504977,3.864805119255309,0.2710762850393491,
1c827aca09,180,2124,14868,148.68,248.89429055344206,0.27408506385407394,3.7683244036663446,1.1921168961645936,
1c827aca09,180,2125,14875,148.75,248.85304527753328,0.17714358055187704,4.579495930328296,1.0898861486125184,
1c827aca09,180,2126,14882,148.82,248.6996806178989,0.06238866441654956,3.9528299356425762,0.3310338622000644,
1c827aca09,180,2127,14889,148.89,248.69062906039224,0.04852321242704069,4.025137422590632,0.23837443267485559,
1c827aca09,180,2128,14896,148.96,248.6858248966952,0.11415652320029485,3.9226303524042185,0.7257786153497086,
1c827aca09,180,2129,14903,149.03,248.643224068113,0.08402526074572111,4.28538209840473,0.5360602059770134,
1c827aca09,180,2130,14910,149.1,248.6245116181184,0.10588588516455968,4.035928502012762,0.7170273878381144,
1c827aca09,180,2131,14917,149.17,248.59840752240015,0.09188230984287678,4.509838959810475,0.43008788935607656,
1c827aca09,180,2132,14924,149.24,248.58081696641227,0.0943601895658919,4.032249649910986,0.6000861670270092,
1c827aca09,180,2133,14931,149.31,248.54654325753393,0.08038994798608032,4.418274010652283,0.4015831414263803,
1c827aca09,180,2134,14938,149.38,248.52353242826575,0.07055568407676999,4.209261806760242,0.6384258098292712,
1c827aca09,180,2135,14945,149.45,248.50748816517134,0.09365968333938418,4.45177616372501,0.785326979251727,
1c827aca09,180,2136,14952,149.52,248.47563457284568,0.1912232123719981,4.266289060109399,0.6496249233965012,
1c827aca09,180,2137,14959,149.59,248.46816051462855,0.13643458122662852,4.550611450003901,0.7926418786600185,
1c827aca09,180,2138,14966,149.66,248.4047238086558,0.10935144076735899,4.415449469011062,1.0581480579831393,
1c827aca09,180,2139,14973,149.73,248.35708296021167,0.04644145438659655,4.018167867586007,0.164859407716002,
1c827aca09,180,2140,14980,149.8,248.3526453729751,0.12462993127181714,3.9798012595037746,0.662828815190319,
1c827aca09,180,2141,14987,149.87,248.28855360427323,0.13578562422705928,4.434503961585559,0.9985120266577284,
1c827aca09,180,2142,14994,149.94,248.20465078400957,0.14366309295436877,4.283396713620403,0.6691500205390791,
1c827aca09,180,2143,15001,150.01,248.13138838974623,0.10477426637625145,4.126261912601556,0.5957985922014667,
1c827aca09,180,2144,15008,150.08,248.0861718393472,0.057799124529018024,4.020110185009766,0.4179171362950599,
1c827aca09,180,2145,15015,150.15,248.07231155639295,0.045890640811908134,4.010357128623533,0.4328023866593088,
1c827aca09,180,2146,15022,150.22,248.06231222256315,0.15175393347238092,4.077757128612241,0.5809472629639701,
1c827aca09,180,2147,15029,150.29,248.03834241908922,0.07109078832963378,4.316090249636627,0.5772087444959002,
1c827aca09,180,2148,15036,150.36,248.01481561740857,0.14603574966815647,4.0431492933567705,0.6287908099924477,
1c827aca09,180,2149,15043,150.43,248.0083298060964,0.11494855639218333,4.428476008375574,0.877886273868597,
1c827aca09,180,2150,15050,150.5,247.9553402894738,0.07993703727531848,4.13625921886393,0.4857169708361533,
1c827aca09,180,2151,15057,150.57,247.923842724044,0.11370102306545539,3.976740027957313,0.37846386784275454,
1c827aca09,180,2152,15064,150.64,247.92022269754094,0.2129334691857002,4.303907250109391,0.8889749484709553,
1c827aca09,180,2153,15071,150.71,247.89597202618847,0.27635837559463877,4.412816231788412,0.9927651520297287,
1c827aca09,180,2154,15078,150.78,247.8845000350667,0.17492453534369445,4.6282223419868265,0.9853348441541384,
1c827aca09,180,2155,15085,150.85,247.7832724757614,0.15039785620820148,4.563265792511138,1.309830525157984,
1c827aca09,180,2156,15092,150.92,247.69972749361582,0.14494075755341085,4.282249605752881,1.2046407477419376,
1c827aca09,180,2157,15099,150.99,247.60088423977933,0.08177715749901984,4.195506962354064,0.7415870394645294,
1c827aca09,180,2158,15106,151.06,247.571223137815,0.166771180920775,4.263263831329313,1.4525002175498436,
1c827aca09,180,2159,15113,151.13,247.4527609052961,0.0649721990357567,4.186884681926784,0.5005715923616597,
1c827aca09,180,2160,15120,151.2,247.43224470280842,0.042453110558146864,4.1484414880685225,0.3106206773244815,
1c827aca09,180,2161,15127,151.27,247.42306063764437,0.23268903582547684,4.146620136172584,1.1598223017308071,
1c827aca09,180,2162,15134,151.34,247.34580185355253,0.17198918219278256,4.561592142277965,0.23204925896150164,
1c827aca09,180,2163,15141,151.41,247.32098681540867,0.16664019131271912,4.495949025523254,0.5306444914009286,
1c827aca09,180,2164,15148,151.48,247.31538192354057,0.08878590025106903,4.597683422826221,0.5436815309255046,
1c827aca09,180,2165,15155,151.55,247.27637179631316,0.11873667290600927,4.4650603428651925,1.0976010822718791,
1c827aca09,180,2166,15162,151.62,247.205397593667,0.09659990467480765,4.4993367150780434,0.6164391139362366,
1c827aca09,180,2167,15169,151.69,247.16117601438623,0.08627851753487112,4.278900096087229,0.4649102352815545,
1c827aca09,180,2168,15176,151.76,247.12642663858537,0.19196071825416042,4.151786159752951,0.944395203245637,
1c827aca09,180,2169,15183,151.83,247.10404678628313,0.09691730253039821,4.119576373414017,0.45185491142876133,
1c827aca09,180,2170,15190,151.9,247.05668805449045,0.06146545270785241,3.962990113267851,0.5964821190727825,
1c827aca09,180,2171,15197,151.97,247.03899814767877,0.08041565457234753,3.968705722337124,0.1766928858925736,
1c827aca09,180,2172,15204,152.04,247.0117305458192,0.053347226789719225,3.9325809319327094,0.3356299375090676,
1c827aca09,180,2173,15211,152.11,247.00268180626983,0.09400113506854149,3.953970432413395,0.8310358748417663,
1c827aca09,180,2174,15218,152.18,246.96180956998634,0.06607353546510915,3.9421227955700515,0.6354694161303805,
1c827aca09,180,2175,15225,152.25,246.93964615069362,0.048403607716794354,3.8519294199357477,0.3547662080295766,
1c827aca09,180,2176,15232,152.32,246.92797035712832,0.07408150737204247,3.8575898943519014,0.5778749178535508,
1c827aca09,180,2177,15239,152.39,246.90489028753032,0.03630842552259489,3.8002977795629986,0.32412780682586606,
1c827aca09,180,2178,15246,152.46,246.90089961539329,0.11179732008638617,3.8247981113013645,0.5084411477051276,
1c827aca09,180,2179,15253,152.53,246.89943618665802,0.27002875913909635,3.9798596093081993,1.1149708829950629,
1c827aca09,180,2180,15260,152.6,246.88445805477554,0.16429240621029104,4.49041610045842,0.8991458122574582,
1c827aca09,180,2181,15267,152.67,246.7589210182177,0.048142829663290185,3.9897576237880314,0.2298423617997052,
1c827aca09,180,2182,15274,152.74,246.7509640054267,0.05167732311937846,3.900457300428106,0.47614020522191636,
1c827aca09,180,2183,15281,152.81,246.73958303345321,0.07488582901456475,3.9292881015890266,0.6936496458716299,
1c827aca09,180,2184,15288,152.88,246.71248382238772,0.047146959791196194,3.867869615163386,0.3996096837585371,
1c827aca09,180,2185,15295,152.95,246.70370026454006,0.03926340977375872,3.8470767470510223,0.18591904290696468,
1c827aca09,180,2186,15302,153.02,246.69762108275518,0.14816415562452795,3.8590226846115283,0.7219896033091163,
1c827aca09,180,2187,15309,153.09,246.68806616608242,0.1493090381458379,4.4601627286691485,0.5871004349135572,
1c827aca09,180,2188,15316,153.16,246.58525751305916,0.06194813489278349,3.9567705831789484,0.5369092311761547,
1c827aca09,180,2189,15323,153.23,246.56938212287582,0.07352246971514081,4.08640605243854,0.6643200388017764,
1c827aca09,180,2190,15330,153.3,246.54210428092517,0.07927433440531197,4.052271729038571,0.6616706194733495,
1c827aca09,180,2191,15337,153.37,246.51294604929882,0.1215605810955524,4.037958465379344,0.5715864103736963,
1c827aca09,180,2192,15344,153.44,246.503744904415,0.08590180026662211,4.248964193263253,0.6369378934601883,
1c827aca09,180,2193,15351,153.51,246.47123022259953,0.15099059362172196,3.9820541800972333,1.502678372542699,
1c827aca09,180,2194,15358,153.58,246.35750754651733,0.05547663599222637,3.870505132355097,0.432066807594713,
1c827aca09,180,2195,15365,153.65,246.34778351942163,0.18677881282116635,3.872274324299769,0.8361523205949912,
1c827aca09,180,2196,15372,153.72,246.34500675806254,0.11938923547585936,4.743611371156044,0.5633892475306618,
1c827aca09,180,2197,15379,153.79,246.30125736263548,0.2603839103902199,4.355272532929455,0.8304721222193774,
1c827aca09,180,2198,15386,153.86,246.28062526498465,0.14284013751557242,4.408724715168636,0.650953052766773,
1c827aca09,180,2199,15393,153.93,246.19982257929212,0.11036095009145075,4.307695267256717,1.0290212755229067,
1c827aca09,180,2200,15400,154.0,246.15141633935562,0.1247336045953028,4.141099430257395,1.1997266788349128,
1c827aca09,180,2201,15407,154.07,246.07466043728596,0.052963660341117325,4.04651980096935,0.487215436329884,
1c827aca09,180,2202,15414,154.14,246.0634403289926,0.1204867703603255,4.098230965745758,1.0922084901518652,
1c827aca09,180,2203,15421,154.21,245.99053637845756,0.15164766624498308,4.106134856207425,0.5885510264733023,
1c827aca09,180,2204,15428,154.28,245.9767344802029,0.07641112703152272,4.395257190009969,0.21694303821464328,
1c827aca09,180,2205,15435,154.35,245.94816203864363,0.08969898310749924,4.102161525944882,0.43274474076691233,
1c827aca09,180,2206,15442,154.42,245.9451514203888,0.082554386122612,4.109794156075977,0.7109722901974728,
1c827aca09,180,2207,15449,154.49,245.91914918956905,0.2014874019788307,3.9506265262067637,0.8228768502213542,
1c827aca09,180,2208,15456,154.56,245.873115431521,0.21593896286612546,4.208305460910169,0.3235695924027951,
1c827aca09,180,2209,15463,154.63,245.81578664663994,0.14761736595662184,3.970027737167259,0.5224313152953424,
1c827aca09,180,2210,15470,154.7,245.79892383423993,0.1687202044500948,4.007482434426455,0.3285004502776874,
1c827aca09,180,2211,15477,154.77,245.78998523628164,0.2126061817725268,4.211445615006977,0.4877998797150184,
1c827aca09,180,2212,15484,154.84,245.76799069450854,0.19297177245361108,4.42277239431678,0.30918485899787,
1c827aca09,180,2213,15491,154.91,245.7526917029774,0.20915680585722654,4.097014676925904,0.6830658041556773,
1c827aca09,180,2214,15498,154.98,245.74295257988783,0.2321931550048309,4.654310715790333,0.620977967577681,
1c827aca09,180,2215,15505,155.05,245.69745365209744,0.12444915898657251,4.317818998552577,0.8803563993056062,
1c827aca09,180,2216,15512,155.12,245.61860298260308,0.06762368271473751,4.121398010140767,0.5631213412323082,
1c827aca09,180,2217,15519,155.19,245.59873850682285,0.05236543699038123,3.99562671616404,0.5145563121242481,
1c827aca09,180,2218,15526,155.26,245.58567188410166,0.11583449822425089,4.05573383292207,0.5083278845384551,
1c827aca09,180,2219,15533,155.33,245.57164979843958,0.11298132845959558,4.182913842276917,0.9661595174689043,
1c827aca09,180,2220,15540,155.4,245.51512603466114,0.06352744660398268,4.019546883533324,0.6078292005297269,
1c827aca09,180,2221,15547,155.47,245.49976032722532,0.13147662997426124,4.077697090002421,0.5974486626292745,
1c827aca09,180,2222,15554,155.54,245.4989896662318,0.10727714273099402,4.237791603794483,0.798189426021041,
1c827aca09,180,2223,15561,155.61,245.4447040596722,0.09537030878330618,4.066701735338053,0.9069954268080576,
1c827aca09,180,2224,15568,155.68,245.4088620069553,0.23911245920604202,4.21108035730127,1.1710171576497634,
1c827aca09,180,2225,15575,155.75,245.3706356356646,0.27522854326743607,4.435123993502366,1.0314486911876914,
1c827aca09,180,2226,15582,155.82,245.34748871177538,0.13003535210143077,4.769800447123983,0.17744327169925803,
1c827aca09,180,2227,15589,155.89,245.26738317907598,0.25852478371495513,4.106263103560831,0.9763919791469265,
1c827aca09,180,2228,15596,155.96,245.20694958673735,0.13067642554693,4.46999562230044,1.0102837716653263,
1c827aca09,180,2229,15603,156.03,245.1345701499202,0.08858141268778034,4.274556932290018,0.6733301034403583,
1c827aca09,180,2230,15610,156.1,245.10038825122464,0.18767653697698086,4.102522231975093,0.7521610909967538,
1c827aca09,180,2231,15617,156.17,245.088703067087,0.1219783728291902,4.733652631866887,0.9522816315036039,
1c827aca09,180,2232,15624,156.24,245.02605504222186,0.06061337807953791,4.176763638075653,0.5488019727726192,
1c827aca09,180,2233,15631,156.31,245.00907213867976,0.14499746552888226,4.107571301308412,0.6387470008241146,
1c827aca09,180,2234,15638,156.38,244.99503698652916,0.11176501892990567,4.168189017222151,1.0314014897097943,
1c827aca09,180,2235,15645,156.45,244.93748776659837,0.062188756774610374,3.9605583625302234,0.5628430609221013,
1c827aca09,180,2236,15652,156.52,244.9190568642721,0.10097273679484511,3.907508548079207,0.7170177359617752,
1c827aca09,180,2237,15659,156.59,244.87859087680735,0.08770571505834457,3.76685866372648,0.8179492369623925,
1c827aca09,180,2238,15666,156.66,244.84145860679885,0.08778018346628154,3.5867895655104225,0.4302476730433973,
1c827aca09,180,2239,15673,156.73,244.8384932914049,0.06994095584490925,3.549363957855548,0.4966882195938365,
1c827aca09,180,2240,15680,156.8,244.81421958766916,0.048547200849919495,3.551453166072902,0.4950755102411079,
1c827aca09,180,2241,15687,156.87,244.80419983337723,0.07814204468033728,3.5327300375726542,0.531284734976705,
1c827aca09,180,2242,15694,156.94,244.77564439751555,0.056514373890479586,3.516160925070346,0.1532247965191789,
1c827aca09,180,2243,15701,157.01,244.76269883825918,0.1252364541371635,3.5366364227800826,0.6045750173473867,
1c827aca09,180,2244,15708,157.08,244.7537967170788,0.08937586165653551,3.5615712372659414,0.40149526273863856,
1c827aca09,180,2245,15715,157.15,244.72485193430757,0.04926096981150544,3.4587557364578947,0.28445144892732693,
1c827aca09,180,2246,15722,157.22,244.71476916551453,0.07815314830108813,3.3913819980859214,0.7849260932882554,
1c827aca09,180,2247,15729,157.29,244.68590699917465,0.0841123977833013,3.515964823656155,0.7043112410566148,
1c827aca09,180,2248,15736,157.36,244.65029616521977,0.1745978419691183,3.5123421111595636,0.7497285913309493,
1c827aca09,180,2249,15743,157.43,244.64533025737964,0.23741606820519393,4.010549450345961,0.9201017097299472,
1c827aca09,180,2250,15750,157.5,244.62289981603163,0.1362260066281341,3.8146578736625254,0.45886785143747194,
1c827aca09,180,2251,15757,157.57,244.54020774532623,0.1745365122702506,3.8808518325075423,0.6911068225168793,
1c827aca09,180,2252,15764,157.64,244.51945313616991,0.1677189899813673,3.5056792716901004,0.5513376854769835,
1c827aca09,180,2253,15771,157.71,244.50185658421606,0.1862521126903307,3.7078406491053433,0.5258216173068385,
1c827aca09,180,2254,15778,157.78,244.4838854945278,0.10202415543966147,3.632358979462935,0.6303417767725529,
1c827aca09,180,2255,15785,157.85,244.43575618279826,0.20591377125208984,3.3586213850681643,0.9757829818665587,
1c827aca09,180,2256,15792,157.92,244.41046120330233,0.10243492566698854,4.109072771237937,0.3706862479521853,
1c827aca09,180,2257,15799,157.99,244.36043605533226,0.11018089246872137,3.580244233175812,0.6816114833801168,
1c827aca09,180,2258,15806,158.06,244.30058999420226,0.05829409623096471,3.241974003980451,0.5659889733467807,
1c827aca09,180,2259,15813,158.13,244.2868120807464,0.07042327833631408,3.2749499237481614,0.6671729425089407,
1c827aca09,180,2260,15820,158.2,244.26280132570884,0.06942808519545783,3.271249506376244,0.6943858551497855,
1c827aca09,180,2261,15827,158.27,244.24202251443427,0.1090759329301703,3.2127874528493123,0.9571307296856447,
1c827aca09,180,2262,15834,158.34,244.19720755643698,0.051272006542334485,3.5012553835934255,0.4125249938219295,
1c827aca09,180,2263,15841,158.41,244.18730847023053,0.03162033732157608,3.3935433465720384,0.27876110325354053,
1c827aca09,180,2264,15848,158.48,244.18237332158057,0.16808015864840925,3.39722357746996,0.5059889328832812,
1c827aca09,180,2265,15855,158.55,244.1752804715349,0.11445786874593851,3.828496082739681,0.6521637007687332,
1c827aca09,180,2266,15862,158.62,244.11644656936625,0.04422090701601517,3.2892917188102726,0.36060050125676524,
1c827aca09,180,2267,15869,158.69,244.1078449883025,0.10605452719938563,3.2668046278706537,0.492638177511604,
1c827aca09,180,2268,15876,158.76,244.1037214121742,0.07646316756947347,3.3557195621264357,0.5545561007847127,
1c827aca09,180,2269,15883,158.83,244.07751309470257,0.14303951868493783,3.370448821013338,0.2623513489400388,
1c827aca09,180,2270,15890,158.9,244.06906684438147,0.07170684682554987,3.3374259171710605,0.2630365011933652,
1c827aca09,180,2271,15897,158.97,244.04444685697317,0.030165072642086368,3.2454826701125876,0.26592191962717326,
1c827aca09,180,2272,15904,159.04,244.0403356045801,0.17234180624966106,3.1953219237536157,0.8289146210491244,
1c827aca09,180,2273,15911,159.11,244.0250373099585,0.09587589537351485,3.3997620338320487,0.6277533958585004,
1c827aca09,180,2274,15918,159.18,243.98135397088987,0.11873153127054183,3.3334535778723753,0.4545242762225106,
1c827aca09,180,2275,15925,159.25,243.97758940936436,0.1068824418185364,3.3498584087703622,0.8533916335877293,
1c827aca09,180,2276,15932,159.32,243.93266570308197,0.10422581928188625,3.460014747618515,0.9349351010114008,
1c827aca09,180,2277,15939,159.39,243.88651038441802,0.14813276843083792,3.0740684103345934,0.45273852697291916,
1c827aca09,180,2278,15946,159.46,243.87914517758617,0.07514590685374575,3.6124495584197613,0.2394157377670789,
1c827aca09,180,2279,15953,159.53,243.85147667421873,0.10583909007807815,3.197998402475245,0.5163069867363956,
1c827aca09,180,2280,15960,159.6,243.8512606990486,0.10150017515924734,3.522472486912573,0.7838421608267494,
1c827aca09,180,2281,15967,159.67,243.80542945113217,0.07731332201468459,3.2554242488552547,0.20383012975952391,
1c827aca09,180,2282,15974,159.74,243.80060883899705,0.06809494747744443,3.427542924972184,0.6265887599176148,
1c827aca09,180,2283,15981,159.81,243.78428937345035,0.13736007201189993,3.3362242573397642,0.6112388645822936,
1c827aca09,180,2284,15988,159.88,243.76478807198,0.09209279417814771,3.489956097077358,0.7367309984225381,
1c827aca09,180,2285,15995,159.95,243.7272059214423,0.020235902328389607,3.342657011576537,0.15795537039048826,
1c827aca09,180,2286,16002,160.02,243.7251324369428,0.04264046845521752,3.3436396764400635,0.40400973559555897,
1c827aca09,180,2287,16009,160.09,243.71691360162393,0.05167440754935234,3.3169427622625522,0.5045339974803829,
1c827aca09,180,2288,16016,160.16,243.70666162516048,0.1743092079414163,3.295370281704865,0.7065141674377357,
1c827aca09,180,2289,16023,160.23,243.6865717859319,0.09333614632708544,3.644931146574276,0.43606630891480247,
1c827aca09,180,2290,16030,160.3,243.64762711591885,0.07267915891809616,3.307395997791242,0.6023221603100706,
1c827aca09,180,2291,16037,160.37,243.62569114364135,0.036013325347447694,3.167094121292014,0.1220216708453326,
1c827aca09,180,2292,16044,160.44,243.62214270730024,0.12787311561902429,3.1465080454303376,0.45365123556120773,
1c827aca09,180,2293,16051,160.51,243.62004381751044,0.0948282984676153,3.335300083419625,0.48747192027158603,
1c827aca09,180,2294,16058,160.58,243.5794712993326,0.03641686477883759,3.1298315014054885,0.3131624386384328,
1c827aca09,180,2295,16065,160.65,243.5737799961964,0.13756236238179054,3.1158828335120026,0.5832972660717388,
1c827aca09,180,2296,16072,160.72,243.5631122940048,0.1063840722269958,3.615374087557157,0.8687952331872553,
1c827aca09,180,2297,16079,160.79,243.51915028697866,0.122502978726927,3.2902467338854113,0.22991239287238194,
1c827aca09,180,2298,16086,160.86,243.510686410484,0.1378371754569716,3.2266012930471706,0.4752363054107453,
1c827aca09,180,2299,16093,160.93,243.50369097200516,0.06929147850543373,3.511426382598853,0.40750869327072337,
1c827aca09,180,2300,16100,161.0,243.48106245819838,0.1150646057771117,3.2630780776517394,0.311762792727105,
1c827aca09,180,2301,16107,161.07,243.47266881681077,0.06289559346329193,3.2757454472493386,0.4393323834160787,
1c827aca09,180,2302,16114,161.14,243.45239672178755,0.06507637957422936,3.1982856031987636,0.32231354949778945,
1c827aca09,180,2303,16121,161.21,243.4521695091818,0.14778389168960887,3.243556674997608,0.6781799027661725,
1c827aca09,180,2304,16128,161.28,243.45058922454763,0.08781160544195447,3.2146444710287874,0.5868792094453595,
1c827aca09,180,2305,16135,161.35,243.4116331527206,0.05789402047874992,3.102375721778656,0.5590190615886264,
1c827aca09,180,2306,16142,161.42,243.39823718126695,0.06684321839671681,3.171794000833915,0.6011586333815678,
1c827aca09,180,2307,16149,161.49,243.38074272390975,0.06528588008591978,3.0763965050230184,0.4800396138243331,
1c827aca09,180,2308,16156,161.56,243.36811007222798,0.0771585575254913,3.0955874957006446,0.6023857339537638,
1c827aca09,180,2309,16163,161.63,243.33875124438865,0.10839806624973848,2.9698258431985773,0.49427640719796956,
1c827aca09,180,2310,16170,161.7,243.32884656592043,0.0789698851080952,3.0901018049313382,0.6649385101725014,
1c827aca09,180,2311,16177,161.77,243.30096478961858,0.03418343624379835,3.0224546487641875,0.3261698340499447,
1c827aca09,180,2312,16184,161.84,243.29570297806066,0.08567641839760126,3.022484169094841,0.3448828969528604,
1c827aca09,180,2313,16191,161.91,243.29259999176946,0.20988803711883766,3.0833669222908977,0.9639543062453002,
1c827aca09,180,2314,16198,161.98,243.27107684851183,0.11469640175622395,3.7499240393830346,0.4906870888000782,
1c827aca09,180,2315,16205,162.05,243.21798439347296,0.04765119302612555,3.1250933472090416,0.23871193776342933,
1c827aca09,180,2316,16212,162.12,243.20677288952487,0.035723056843935404,3.1727542319232804,0.12588718205991192,
1c827aca09,180,2317,16219,162.19,243.20670741663247,0.049549039730600326,3.096841684602179,0.42965065253492535,
1c827aca09,180,2318,16226,162.26,243.19748467983476,0.0747352153184156,3.073598039813684,0.5808896398030127,
1c827aca09,180,2319,16233,162.33,243.17289885170445,0.04785407035772295,3.0146955175471346,0.21483389042488168,
1c827aca09,180,2320,16240,162.4,243.16344188976552,0.0378929233505346,3.006687453762906,0.15853486617556464,
1c827aca09,180,2321,16247,162.47,243.15835881271178,0.052236073065587404,2.9635917009623696,0.4424802263690746,
1c827aca09,180,2322,16254,162.54,243.15011746928735,0.09814557604358468,2.9813469839034505,0.43692955923905824,
1c827aca09,180,2323,16261,162.61,243.1448922980863,0.06208147928516478,2.9712136848088813,0.3353915137485903,
1c827aca09,180,2324,16268,162.68,243.12696229715002,0.10162523443617415,2.867278022622656,0.4975621637287425,
1c827aca09,180,2325,16275,162.75,243.1115374886212,0.04886833107502496,2.995243253814486,0.10516331934095206,
1c827aca09,180,2326,16282,162.82,243.10974957651092,0.12290744827679839,2.925221474004849,0.20846187753044965,
1c827aca09,180,2327,16289,162.89,243.10366702229598,0.0949330229621138,3.1866430014358125,0.4170824520679241,
1c827aca09,180,2328,16296,162.96,243.05935591771964,0.14817924493167356,3.025646869282741,0.693927536671883,
1c827aca09,180,2329,16303,163.03,243.05009051591065,0.07555603065236371,3.194995327293407,0.24783665306364178,
1c827aca09,180,2330,16310,163.1,243.0217619188224,0.046996212947530445,2.960107236432385,0.4343267945114517,
1c827aca09,180,2331,16317,163.17,243.0116640209938,0.04495476088305503,2.897143653003559,0.3732378801478858,
1c827aca09,180,2332,16324,163.24,243.00272991065756,0.11473351576528304,2.90789008578301,0.1535754469772575,
1c827aca09,180,2333,16331,163.31,242.99676035011498,0.07884346401265341,3.088206281718001,0.5801426850610134,
1c827aca09,180,2334,16338,163.38,242.97194425203958,0.09809380030074386,2.949857233718214,0.9850987929117929,
1c827aca09,180,2335,16345,163.45,242.9246219149351,0.07627070387971893,3.1560860583251027,0.7406938468147006,
1c827aca09,180,2336,16352,163.52,242.8972058689492,0.06474597180923711,2.9542815015022117,0.3393766005280423,
1c827aca09,180,2337,16359,163.59,242.87664775960533,0.05934418521002528,3.0165581878680654,0.5527673600213373,
1c827aca09,180,2338,16366,163.66,242.8606989523969,0.07969236883187995,3.0144447067072417,0.3916094209039671,
1c827aca09,180,2339,16373,163.73,242.82880970080865,0.07732550858101779,3.037513845754054,0.37081974796915035,
1c827aca09,180,2340,16380,163.8,242.8280612451554,0.05049904837515098,3.0113737158291647,0.3272831618875784,
1c827aca09,180,2341,16387,163.87,242.81545852697698,0.0528175213001537,3.0000905090672876,0.44213672959650047,
1c827aca09,180,2342,16394,163.94,242.80117009039006,0.07130538157836623,2.9010573478765225,0.3628336803917099,
1c827aca09,180,2343,16401,164.01,242.79659859450425,0.2002329757732605,2.9050181127729156,0.9893181635479151,
1c827aca09,180,2344,16408,164.08,242.78013707788287,0.11649460798374729,3.4898582469315205,0.7664762841231398,
1c827aca09,180,2345,16415,164.15,242.7288608268357,0.12235885909607021,2.9359863879321524,0.4446931028947049,
1c827aca09,180,2346,16422,164.22,242.72470183985828,0.1918504465999037,3.070484132358413,0.8618000866193883,
1c827aca09,180,2347,16429,164.29,242.69430805408678,0.2123445641908659,2.833100332588662,0.3624282671671442,
1c827aca09,180,2348,16436,164.36,242.68760608100223,0.12222146891519498,3.595683274955738,0.5433261161571429,
1c827aca09,180,2349,16443,164.43,242.62095057726,0.0432724351471821,2.969210079107781,0.3601015590164939,
1c827aca09,180,2350,16450,164.5,242.6123499193037,0.0686154666057306,2.93369688930579,0.5101848952164092,
1c827aca09,180,2351,16457,164.57,242.58884733013483,0.04576691210065501,2.9229232444812205,0.4562616420677839,
1c827aca09,180,2352,16464,164.64,242.57963172477167,0.07648145985242959,2.946771606804908,0.32945638573227803,
1c827aca09,180,2353,16471,164.71,242.55177499312111,0.18732385039587013,2.8859311766984144,0.9102649628559043,
1c827aca09,180,2354,16478,164.78,242.54401566998538,0.09106677182178315,3.288418214738759,0.3080328203162687,
1c827aca09,180,2355,16485,164.85,242.50231575219675,0.10224353626325047,2.871556075446476,0.4690555698697317,
1c827aca09,180,2356,16492,164.92,242.49984571807764,0.05975995420253733,2.8038133902018028,0.3368860425254386,
1c827aca09,180,2357,16499,164.99,242.48381130648406,0.04736841075327615,2.747130588153007,0.4551404941431728,
1c827aca09,180,2358,16506,165.06,242.4733623916378,0.05361362163971048,2.807906067288384,0.5443339461129815,
1c827aca09,180,2359,16513,165.13,242.45932778629654,0.08329014137090657,2.8464683148371823,0.51342688311127,
1c827aca09,180,2360,16520,165.2,242.4279832660787,0.0429590283913728,2.9708012112337827,0.3853956726791825,
1c827aca09,180,2361,16527,165.27,242.41985712439993,0.194408333093632,2.970534735463791,0.9704292605330802,
1c827aca09,180,2362,16534,165.34,242.41142145633907,0.18188088781768935,3.055725629910958,0.2838606128589109,
1c827aca09,180,2363,16541,165.41,242.40702737989892,0.0900613998898423,2.9468052071814586,0.2892090859776699,
1c827aca09,180,2364,16548,165.48,242.36583185329775,0.19844752857720296,2.7194056539202283,0.4859769509269698,
1c827aca09,180,2365,16555,165.55,242.33702210625745,0.10638132569809977,3.2717191067124727,0.6324242880221818,
1c827aca09,180,2366,16562,165.62,242.29429678772928,0.0707998111696358,2.9680386038072086,0.6253762237793641,
1c827aca09,180,2367,16569,165.69,242.2744106819654,0.04731903639414983,2.8628342142809364,0.42317739683625105,
1c827aca09,180,2368,16576,165.76,242.26421809857752,0.045826905527578114,2.8609446837263683,0.41891810753751413,
1c827aca09,180,2369,16583,165.83,242.254600511671,0.11104435209283799,2.81134848866064,1.1137080611345795,
1c827aca09,180,2370,16590,165.9,242.19425681547568,0.12914899263404184,2.7083309168865153,0.6269486074349827,
1c827aca09,180,2371,16597,165.97,242.182424253334,0.06938925454001588,2.8553836039981197,0.5801507081340791,
1c827aca09,180,2372,16604,166.04,242.1607525230624,0.07307309763114053,2.699872898394441,0.5630551808362462,
1c827aca09,180,2373,16611,166.11,242.1349315734309,0.0980022327740628,2.80957762243011,0.33493094798986967,
1c827aca09,180,2374,16618,166.18,242.1267146870568,0.04950643056701598,2.916821714337772,0.36308979095279464,
1c827aca09,180,2375,16625,166.25,242.11620564916507,0.0575557455625516,2.720310506585455,0.23058822194908563,
1c827aca09,180,2376,16632,166.32,242.11564502091628,0.10610660665726296,2.7471006405611096,0.3629505736868922,
1c827aca09,180,2377,16639,166.39,242.11485773313578,0.07366023429204345,2.676001963739639,0.5310871709652514,
1c827aca09,180,2378,16646,166.46,242.09324724242703,0.03041122537218463,2.66019289239336,0.23592779961572383,
1c827aca09,180,2379,16653,166.53,242.08987149014487,0.11366886023532245,2.5860533082465773,0.5587171392475805,
1c827aca09,180,2380,16660,166.6,242.07973638596323,0.19922128232558292,2.8662298847848406,0.8192193238194492,
1c827aca09,180,2381,16667,166.67,242.07117229790586,0.13436312708502907,3.0000706790422567,0.3872747523640151,
1c827aca09,180,2382,16674,166.74,241.98478751350174,0.07307004247668751,2.732055283391466,0.20573074773045202,
1c827aca09,180,2383,16681,166.81,241.98447296406704,0.055605484776309264,2.787072043594038,0.36448797646146575,
1c827aca09,180,2384,16688,166.88,241.96930075213945,0.15540876674084522,2.793835929327413,0.7631539289824137,
1c827aca09,180,2385,16695,166.95,241.96651577045222,0.1681711407490847,2.994297949326227,0.4420352435205018,
1c827aca09,180,2386,16702,167.02,241.9625756265006,0.10086516873188076,2.8830829424772695,0.3124875315529181,
1c827aca09,180,2387,16709,167.09,241.91986619508378,0.057190926305520084,2.703006888556532,0.5270432551710121,
1c827aca09,180,2388,16716,167.16,241.90468525211415,0.09279854329938236,2.6759754864462435,0.1685012954752702,
1c827aca09,180,2389,16723,167.23,241.90390321112267,0.15723959590343617,2.8643008342799074,0.5448797710646118,
1c827aca09,180,2390,16730,167.3,241.89577222457135,0.17912728079877227,2.7540862060616704,0.41950499433834904,
1c827aca09,180,2391,16737,167.37,241.88594615197675,0.16490037917201447,2.8503825931543068,0.21518615889878376,
1c827aca09,180,2392,16744,167.44,241.8825217519767,0.10436074254384921,2.6601794529251155,0.712599194291876,
1c827aca09,180,2393,16751,167.51,241.83275084194935,0.03492394973167763,2.7414067096774537,0.27796425188242657,
1c827aca09,180,2394,16758,167.58,241.82666495258968,0.09107305228391505,2.66029395172204,0.9272828263261049,
1c827aca09,180,2395,16765,167.65,241.79346791024474,0.140123326681706,2.92025396824639,0.5134388368633731,
1c827aca09,180,2396,16772,167.72,241.79210936602692,0.07595269866519454,2.593212597843345,0.2692227655471049,
1c827aca09,180,2397,16779,167.79,241.76312707816854,0.06843284996176907,2.6866594637782706,0.5319657621664308,
1c827aca09,180,2398,16786,167.86,241.74025686004686,0.009211123108712322,2.6153049060026308,0.07788532125278436,
1c827aca09,180,2399,16793,167.93,241.73992203782637,0.052122573711698095,2.625184128953082,0.31167200688880803,
1c827aca09,180,2400,16800,168.0,241.72758659961465,0.06861698222401141,2.6774217027455194,0.6697285529154531,
1c827aca09,180,2401,16807,168.07,241.7084379336152,0.04853919780741635,2.5239359093326033,0.4214395470749676,
1c827aca09,180,2402,16814,168.14,241.69677100649778,0.09168417479084646,2.4833503116451072,0.4558063975667593,
1c827aca09,180,2403,16821,168.21,241.6896377028406,0.07043019153276192,2.767453030828859,0.6547475461537299,
1c827aca09,180,2404,16828,168.28,241.67536165365743,0.08199612829751782,2.6811733830596016,0.6091356480035255,
1c827aca09,180,2405,16835,168.35,241.64437471211664,0.025026478283393012,2.5709558527032375,0.24208241134941494,
1c827aca09,180,2406,16842,168.42,241.64178389230764,0.06940287492597719,2.575590224202063,0.6339665760394845,
1c827aca09,180,2407,16849,168.49,241.6178177495927,0.05757709851686092,2.687762934343159,0.2572666796271584,
1c827aca09,180,2408,16856,168.56,241.60468684798678,0.06855374634028516,2.6644712558986376,0.6735000094877873,
1c827aca09,180,2409,16863,168.63,241.58630213169266,0.045565648795393925,2.692717193333304,0.2775553101917656,
1c827aca09,180,2410,16870,168.7,241.58110625502187,0.09294053927811506,2.5663310925491674,0.21758621976458728,
1c827aca09,180,2411,16877,168.77,241.57885379446301,0.07602113698666675,2.7110979974840688,0.5249262729437165,
1c827aca09,180,2412,16884,168.84,241.55483700912995,0.04331210820378127,2.619260494201027,0.3416527145800514,
1c827aca09,180,2413,16891,168.91,241.54706447605528,0.0368526755388241,2.554167766378488,0.2143183781943745,
1c827aca09,180,2414,16898,168.98,241.54013140862003,0.016855138957226935,2.6042778142908185,0.16073177795351518,
1c827aca09,180,2415,16905,169.05,241.53899580847573,0.03407390074715715,2.614390053489698,0.3014219427146431,
1c827aca09,180,2416,16912,169.12,241.53332768491293,0.10094366269112083,2.5828125066452494,0.9402255820432371,
1c827aca09,180,2417,16919,169.19,241.48671651560286,0.04716868716198268,2.5163972492928726,0.4413113823299381,
1c827aca09,180,2418,16926,169.26,241.47547433631945,0.04197931731274217,2.4010685542311654,0.40694284056853947,
1c827aca09,180,2419,16933,169.33,241.4675649717873,0.03516291556012877,2.3712699770409924,0.23823541924832642,
1c827aca09,180,2420,16940,169.4,241.4618494056682,0.03387707466285035,2.381548792358048,0.3417728923089833,
1c827aca09,180,2421,16947,169.47,241.45629395060803,0.03370178364340446,2.3589688426859707,0.2998142874994089,
1c827aca09,180,2422,16954,169.54,241.45089839692156,0.04092901220087348,2.4011220788265315,0.30680208790358765,
1c827aca09,180,2423,16961,169.61,241.4432397711932,0.03927478033284379,2.4051443080818067,0.10793118070464551,
1c827aca09,180,2424,16968,169.68,241.44242265478047,0.02671670617345397,2.454377908908916,0.23707482365647814,
1c827aca09,180,2425,16975,169.75,241.43971399471639,0.03335834057201077,2.387456836522273,0.24542435464597256,
1c827aca09,180,2426,16982,169.82,241.43443542169777,0.0366577306252386,2.419346442721587,0.33677181842854614,
1c827aca09,180,2427,16989,169.89,241.42798740349704,0.06996658381805894,2.3556878396606753,0.6726437515589063,
1c827aca09,180,2428,16996,169.96,241.4102467809702,0.04903844963683052,2.4499738234487944,0.3075892896198068,
1c827aca09,180,2429,17003,170.03,241.39850116964266,0.10132200158454249,2.3445389415148865,0.30781583560366854,
1c827aca09,180,2430,17010,170.1,241.38838253558774,0.05246539123048907,2.4869107921522584,0.4283573158029376,
1c827aca09,180,2431,17017,170.17,241.37818092527033,0.07648781511022361,2.3085378933614393,0.6601633965933333,
1c827aca09,180,2432,17024,170.24,241.35756861146672,0.06210808846878243,2.4105362322920167,0.3559028969258664,
1c827aca09,180,2433,17031,170.31,241.34219150970569,0.10619622980109596,2.3061944282605884,0.38491329623827186,
1c827aca09,180,2434,17038,170.38,241.33851675069545,0.07586238836132798,2.5364141252082613,0.5080915584002391,
1c827aca09,180,2435,17045,170.45,241.3163045331466,0.047215440546703534,2.4416752977073597,0.2562428185524232,
1c827aca09,180,2436,17052,170.52,241.30669371070752,0.07244439719882793,2.4209536500003015,0.6632436194755592,
1c827aca09,180,2437,17059,170.59,241.2822372300464,0.12802522564775007,2.456715661594846,0.6414583732176331,
1c827aca09,180,2438,17066,170.66,241.27624819232707,0.07296007863901535,2.7050554715042687,0.459583445693048,
1c827aca09,180,2439,17073,170.73,241.25593602033533,0.0658461731960315,2.640258722064749,0.6052094832949909,
1c827aca09,180,2440,17080,170.8,241.23641307467048,0.1042006636557244,2.5374390740880073,0.5148167803371497,
1c827aca09,180,2441,17087,170.87,241.235613689433,0.07362882357745147,2.5747578574455847,0.5104520445737736,
1c827aca09,180,2442,17094,170.94,241.21010358715947,0.05085848690396272,2.404499397402293,0.48525384153519996,
1c827aca09,180,2443,17101,171.01,241.20119903695158,0.07310983463414192,2.515733014372672,0.6238497195114078,
1c827aca09,180,2444,17108,171.08,241.17441878399154,0.04351049169105649,2.3484331136699343,0.3478712047638983,
1c827aca09,180,2445,17115,171.15,241.16889092550016,0.034944744166728894,2.448023684718533,0.2223775763720673,
1c827aca09,180,2446,17122,171.22,241.1636674938575,0.06540022866922439,2.3569539242495807,0.17518548845835247,
1c827aca09,180,2447,17129,171.29,241.16266550452332,0.0853736557865782,2.5359107802586025,0.33957449024357683,
1c827aca09,180,2448,17136,171.36,241.16237308676492,0.04659050308681026,2.402771867329979,0.2503037416212319,
1c827aca09,180,2449,17143,171.43,241.1526857410763,0.02443121636845569,2.4437409596554196,0.17589478328262678,
1c827aca09,180,2450,17150,171.5,241.14967235105763,0.07461555279986537,2.4130801693287616,0.3484232533177216,
1c827aca09,180,2451,17157,171.57,241.14860285774577,0.05272583175396985,2.525887625163799,0.13090674896396584,
1c827aca09,180,2452,17164,171.64,241.13965298796825,0.03538042509752741,2.451149255701185,0.20110437631602432,
1c827aca09,180,2453,17171,171.71,241.13445118235654,0.013965419636597672,2.408771298023776,0.05783882214836654,
1c827aca09,180,2454,17178,171.78,241.13352299354435,0.050748958420093124,2.398818296056223,0.48470514757872485,
1c827aca09,180,2455,17185,171.85,241.12240336475918,0.03710726053407902,2.337122979338766,0.36494743013744463,
1c827aca09,180,2456,17192,171.92,241.11534223477392,0.035516214471483266,2.3467743051466785,0.23040144472996868,
1c827aca09,180,2457,17199,171.99,241.10957377415792,0.10834541123175748,2.373941277462751,0.5185664166749393,
1c827aca09,180,2458,17206,172.06,241.0989118864818,0.18610614233202685,2.547675634322219,0.8104781683730892,
1c827aca09,180,2459,17213,172.13,241.08958058774002,0.11412057489369538,2.825075555649512,0.9812226911880598,
1c827aca09,180,2460,17220,172.2,241.02797462759295,0.10339962065556474,2.609705096056583,0.3280242859130894,
1c827aca09,180,2461,17227,172.27,241.024533826663,0.08096491879577779,2.985593928093036,0.7107331016237266,
1c827aca09,180,2462,17234,172.34,240.99719698864124,0.06355791850423168,2.6807984185075635,0.11343170618385004,
1c827aca09,180,2463,17241,172.41,240.97860312153958,0.05460682996529099,2.642355024940305,0.5106611057904857,
1c827aca09,180,2464,17248,172.48,240.96493234338473,0.09043977802991097,2.36018299419956,0.1893157702962937,
1c827aca09,180,2465,17255,172.55,240.95931260054792,0.0547107928815255,2.522469121129349,0.39407493327759907,
1c827aca09,180,2466,17262,172.62,240.9483004662852,0.12047152414700672,2.373941144007094,0.5636567740431802,
1c827aca09,180,2467,17269,172.69,240.93413919148406,0.06318056384055236,2.6224474234147364,0.5110558849730308,
1c827aca09,180,2468,17276,172.76,240.9144501195563,0.05390218594641379,2.485596155426785,0.396855605849047,
1c827aca09,180,2469,17283,172.83,240.90412132832677,0.042367531050212896,2.3693746343675617,0.21877838760091128,
1c827aca09,180,2470,17290,172.9,240.8962919637544,0.01750085597669268,2.4196288546471365,0.14604107129715257,
1c827aca09,180,2471,17297,172.97,240.89513932010692,0.04623784150519276,2.3788886896660446,0.28813993806982424,
1c827aca09,180,2472,17304,173.04,240.88533848145306,0.039071345383877645,2.3244040620373805,0.1364167717945259,
1c827aca09,180,2473,17311,173.11,240.88513542945157,0.09465959627206397,2.3473001664032886,0.3379676799535961,
1c827aca09,180,2474,17318,173.18,240.8795788160718,0.12167939149800676,2.4636406978883914,0.5184155513817282,
1c827aca09,180,2475,17325,173.25,240.87348242549146,0.12931367042540873,2.4650140069419293,0.2610454929606004,
1c827aca09,180,2476,17332,173.32,240.869277203465,0.06904173840137377,2.58789552325665,0.260469978686735,
1c827aca09,180,2477,17339,173.39,240.84524362710076,0.09480844777818459,2.3387957454534813,0.2620935669172985,
1c827aca09,180,2478,17346,173.46,240.84184006838714,0.09010162857895676,2.3521556894881925,0.7497567065931239,
1c827aca09,180,2479,17353,173.53,240.80356657274186,0.06083677241241593,2.326423901155717,0.28109290257014513,
1c827aca09,180,2480,17360,173.6,240.8010245458901,0.028185507241704818,2.3558079711824154,0.16704544453654885,
1c827aca09,180,2481,17367,173.67,240.7971928863831,0.037153577608501444,2.3263798939258398,0.30105817205095164,
1c827aca09,180,2482,17374,173.74,240.79102987758546,0.07864057200941778,2.424710951581851,0.38962361863013856,
1c827aca09,180,2483,17381,173.81,240.7897692934725,0.053289157509169606,2.50327402948006,0.3752792087272444,
1c827aca09,180,2484,17388,173.88,240.77528253871813,0.03822759040860128,2.4174839842405667,0.27515687046327497,
1c827aca09,180,2485,17395,173.95,240.76964058931136,0.08864716512889777,2.339194115577647,0.3993892744536874,
1c827aca09,180,2486,17402,174.02,240.76818672652982,0.06038181991015939,2.5263788022913407,0.36629889162394264,
1c827aca09,180,2487,17409,174.09,240.7525148011272,0.05933976228704196,2.3016790215924474,0.5687865663228888,
1c827aca09,180,2488,17416,174.16,240.73528205545347,0.03832987947746086,2.2250567268298207,0.35425186072784526,
1c827aca09,180,2489,17423,174.23,240.7287556592154,0.04012233972010535,2.2127875453682218,0.38287037672180285,
1c827aca09,180,2490,17430,174.3,240.72079864774005,0.07926332055549488,2.3005045771280286,0.34429077551195547,
1c827aca09,180,2491,17437,174.37,240.71696801733407,0.1026005130425256,2.3130663274968706,0.43624468099175223,
1c827aca09,180,2492,17444,174.44,240.70568227554767,0.06893609895183463,2.432454409451944,0.6353213872829052,
1c827aca09,180,2493,17451,174.51,240.68206502371484,0.04569903629837919,2.365831588071068,0.1881355164405825,
1c827aca09,180,2494,17458,174.58,240.68125314855988,0.08694769481103391,2.416254789014536,0.26324206888440005,
1c827aca09,180,2495,17465,174.65,240.67926122857295,0.06627751721362064,2.6088939843958867,0.4171380859300584,
1c827aca09,180,2496,17472,174.72,240.65852326377117,0.047680796363207295,2.427222761462141,0.48092762623420854,
1c827aca09,180,2497,17479,174.79,240.64791110806158,0.10999099697870361,2.41408798595704,0.38061418532532126,
1c827aca09,180,2498,17486,174.86,240.64121959238008,0.11753512854952253,2.43596276402066,0.33789093422009575,
1c827aca09,180,2499,17493,174.93,240.6368971130961,0.059840969189286775,2.312903144727697,0.30066662773526537,
1c827aca09,180,2500,17500,175.0,240.6189588007497,0.02933612046347679,2.2734595371907926,0.27810695454558343,
1c827aca09,180,2501,17507,175.07,240.61511590887292,0.0353695333478407,2.2485367347885035,0.17756983169886892,
1c827aca09,180,2502,17514,175.14,240.60887118308798,0.11094395014139505,2.2177215986699284,0.5478610233452691,
1c827aca09,180,2503,17521,175.21,240.6057195849768,0.12273978581338996,2.3348529808582046,0.3099054545645631,
1c827aca09,180,2504,17528,175.28,240.60353122221596,0.08291288487792207,2.158263305652209,0.575690929864733,
1c827aca09,180,2505,17535,175.35,240.57623334908723,0.09197228655599052,2.146457978235241,0.3618520208471761,
1c827aca09,180,2506,17542,175.42,240.57561796679258,0.07288008101775208,2.3537111236489325,0.6118440234925983,
1c827aca09,180,2507,17549,175.49,240.55238795127198,0.04167936601215606,2.202161209727232,0.24186939040567598,
1c827aca09,180,2508,17556,175.56,240.54437126465933,0.03920934275275968,2.1119267144894276,0.36895091409714814,
1c827aca09,180,2509,17563,175.63,240.53818925625527,0.021780012374587907,2.118553202439438,0.16788232621055799,
1c827aca09,180,2510,17570,175.7,240.53601963640313,0.11019411413761002,2.102045650402972,0.46454763320957976,
1c827aca09,180,2511,17577,175.77,240.52858121962123,0.07340230244739808,2.3679050908780312,0.5531421408817312,
1c827aca09,180,2512,17584,175.84,240.5023395400576,0.04323880338871006,2.2115075882764073,0.4123852574704992,
1c827aca09,180,2513,17591,175.91,240.4954642100268,0.049434512038626324,2.2290435643543414,0.303490750264275,
1c827aca09,180,2514,17598,175.98,240.4830344370537,0.026339254453510992,2.2003172249085425,0.12060021349259235,
1c827aca09,180,2515,17605,176.05,240.4803472874323,0.03956746892644851,2.2165660966054808,0.3998544280593838,
1c827aca09,180,2516,17612,176.12,240.47232476215427,0.06740915356675602,2.24808829526533,0.3418938628621629,
1c827aca09,180,2517,17619,176.19,240.46935504547767,0.04915301351281619,2.310742038679737,0.34220619316360157,
1c827aca09,180,2518,17626,176.26,240.4570711273694,0.052006799733671144,2.326312362160473,0.20996892980522552,
1c827aca09,180,2519,17633,176.33,240.45464754462893,0.051539193715583465,2.355804674286516,0.4286224441987461,
1c827aca09,180,2520,17640,176.4,240.44202856829958,0.08464136255949656,2.340686107306436,0.416627360874955,
1c827aca09,180,2521,17647,176.47,240.4412944179762,0.07582633263637356,2.5619980016636776,0.619076057567688,
1c827aca09,180,2522,17654,176.54,240.41199201137107,0.04093547726251535,2.343797917954283,0.39854997809541715,
1c827aca09,180,2523,17661,176.61,240.40505846018368,0.019833924401009454,2.3356704125084495,0.17442143303474517,
1c827aca09,180,2524,17668,176.68,240.4030963124923,0.04063141712508282,2.3091154020193163,0.4001184069813032,
1c827aca09,180,2525,17675,176.75,240.39493307937212,0.02885618177737583,2.315694489387647,0.2910426423995927,
1c827aca09,180,2526,17682,176.82,240.3920293289237,0.05256176831060427,2.2764422668974698,0.4048962818810376,
1c827aca09,180,2527,17689,176.89,240.37878104900875,0.03736846387331415,2.3264402478498574,0.35748730408917734,
1c827aca09,180,2528,17696,176.96,240.37243694709173,0.08288793140385387,2.3167664983319742,0.822808849015748,
1c827aca09,180,2529,17703,177.03,240.34255386341712,0.046346680275214304,2.266086172215289,0.38901815857523053,
1c827aca09,180,2530,17710,177.1,240.3337574389363,0.10127558640806689,2.24539857700987,0.46541307441656576,
1c827aca09,180,2531,17717,177.17,240.33012558502975,0.06627786097030315,2.470377515423241,0.5059120433444925,
1c827aca09,180,2532,17724,177.24,240.31196120537876,0.04338667679918895,2.254293035425861,0.369868832895904,
1c827aca09,180,2533,17731,177.31,240.30523440544638,0.06818091820016085,2.1974139906511363,0.6616318662015703,
1c827aca09,180,2534,17738,177.38,240.28659729997815,0.02753113168237571,2.2526376855814187,0.21574330102071465,
1c827aca09,180,2535,17745,177.45,240.2833820225198,0.06779063156108271,2.197857665409262,0.32776281602802765,
1c827aca09,180,2536,17752,177.52,240.27842808855053,0.040970646599090416,2.2507229483454507,0.34367327357469624,
1c827aca09,180,2537,17759,177.59,240.27039277742955,0.04248803817860556,2.223463511241632,0.41333567330047694,
1c827aca09,180,2538,17766,177.66,240.26137723917577,0.1313660663708533,2.1914229536092007,0.6634214571532154,
1c827aca09,180,2539,17773,177.73,240.2537481559055,0.12501388802213978,2.5569284612430208,0.24466972541597193,
1c827aca09,180,2540,17780,177.8,240.2499357439199,0.13835872013098646,2.271286924178676,0.39204674080548335,
1c827aca09,180,2541,17787,177.87,240.24947953787793,0.0857649918965434,2.5441306329290256,0.5207272122344716,
1c827aca09,180,2542,17794,177.94,240.21418296868057,0.09220654124249977,2.18435870751523,0.4700778904413965,
1c827aca09,180,2543,17801,178.01,240.21272954592635,0.08650880043480148,2.514176914291674,0.649819437886939,
1c827aca09,180,2544,17808,178.08,240.175312868067,0.11077882760714823,2.255133233296304,0.5402734749542376,
1c827aca09,180,2545,17815,178.15,240.1733664520385,0.09488491709205751,2.501594572700232,0.6782805663414219,
1c827aca09,180,2546,17822,178.22,240.13774628195446,0.029556497669143235,2.265223992056809,0.14181571983250452,
1c827aca09,180,2547,17829,178.29,240.1349055159245,0.04391720405557567,2.1879308698854607,0.4079479648580877,
1c827aca09,180,2548,17836,178.36,240.12565520115353,0.04980685524817668,2.1584999779634746,0.45043734179189404,
1c827aca09,180,2549,17843,178.43,240.11442384653805,0.08470009726336872,2.18824406372123,0.40977502309513364,
1c827aca09,180,2550,17850,178.5,240.11090939840452,0.08922321576799713,2.260055765692409,0.2873492581748614,
1c827aca09,180,2551,17857,178.57,240.10638194095526,0.11439347931720155,2.191010992478405,0.42577847326275187,
1c827aca09,180,2552,17864,178.64,240.10281281099515,0.07061958360199168,2.3626749246838203,0.5210068646889048,
1c827aca09,180,2553,17871,178.71,240.08984793724383,0.042518228423488666,2.1294654579305443,0.16024058342122507,
1c827aca09,180,2554,17878,178.78,240.08564269341122,0.03258496122862983,2.1539315273430657,0.12753430007236524,
1c827aca09,180,2555,17885,178.85,240.0828032995226,0.030634399854263934,2.1215953999046295,0.1890434182418464,
1c827aca09,180,2556,17892,178.92,240.08017752083853,0.05217586128460729,2.107442358167654,0.4888905431637749,
1c827aca09,180,2557,17899,178.99,240.06764556993005,0.030715106256409348,2.0790954902950967,0.21805423404444707,
1c827aca09,180,2558,17906,179.06,240.06385177252264,0.03651126738896334,2.0722603851572696,0.3052485142616639,
1c827aca09,180,2559,17913,179.13,240.0576079892862,0.10713184093422377,2.0761362436738224,0.45875264426813944,
1c827aca09,180,2560,17920,179.2,240.05748994049898,0.06540229810304042,2.4432896670740543,0.37131839493935936,
1c827aca09,180,2561,17927,179.27,240.03914492228628,0.043704744830736504,2.227129151498584,0.2741029695414251,
1c827aca09,180,2562,17934,179.34,240.03130900150916,0.029366697346397512,2.1811278644311543,0.23310387409996372,
1c827aca09,180,2563,17941,179.41,240.02751210982274,0.0342052737158228,2.213171083797461,0.30128028440631993,
1c827aca09,180,2564,17948,179.48,240.02167536391474,0.041693736260637056,2.1627063271263838,0.4003083901718965,
1c827aca09,180,2565,17955,179.55,240.01432742033708,0.16369495616803262,2.2067235506014082,0.7593406665346945,
1c827aca09,180,2566,17962,179.62,239.98067785334453,0.09752739050331745,2.597963138052842,0.1782265167897311,
1c827aca09,180,2567,17969,179.69,239.97929744469587,0.09331683250741563,2.4208306675112725,0.7956646175912139,
1c827aca09,180,2568,17976,179.76,239.93978663534136,0.06817407972956253,2.1031158634018587,0.30384385519961954,
1c827aca09,180,2569,17983,179.83,239.93851144797105,0.07107586287908638,2.3098170629134276,0.1653180113185678,
1c827aca09,180,2570,17990,179.9,239.93707401246976,0.03616206746310945,2.2381556709215555,0.16383667059401175,
1c827aca09,180,2571,17997,179.97,239.93060712927857,,2.2450923254516413,0.40695205288583614,
a9b4724c34,180,0,0,0.0,2727010.761415566,456.070481379156,10212.732359910277,1138.926959424187,"ProjectedCommonDirectionsConfig(subspace_frac_grads=0.02, subspace_frac_updates=0.02, subspace_frac_random=0.01, direction_str=sd, random_proj=True, random_proj_dim_frac=0.03, ensemble=haar, inner_use_full_grad=True, orth_P_k=True, beta=0.001, tau=0.5, c_const=inf, N_try=200, alpha_max=100, p_const=1)"
a9b4724c34,180,1,7,0.07,2252100.0929549714,355.1937960521098,8443.914301780158,1675.766620821495,
a9b4724c34,180,2,14,0.14,1947307.2897813723,396.9405170416561,7587.148773620333,1664.6677030897315,
a9b4724c34,180,3,21,0.21,1676986.4377285875,168.89452241044467,6574.047956741391,241.53194411937406,
a9b4724c34,180,4,28,0.28,1620575.323722131,98.9017120297443,6587.859341241237,389.8042339339944,
a9b4724c34,180,5,35,0.35,1596863.5789578424,249.21438235259566,6569.421334181787,1264.2033830008554,
a9b4724c34,180,6,42,0.42,1460188.2189658768,204.54491401940322,5979.669850743965,514.114448268041,
a9b4724c34,180,7,49,0.49,1369275.4929144792,279.33692604625196,5710.020876594347,1385.9099382605807,
a9b4724c34,180,8,56,0.56,1230862.3949906107,168.16786749439723,5041.120715348065,532.3587944002071,
a9b4724c34,180,9,63,0.63,1177002.5046856373,313.1081763914925,5060.100109169847,1078.2026061542824,
a9b4724c34,180,10,70,0.7,1062566.1803943454,245.1687949509439,4256.757705688686,1079.0284973789176,
a9b4724c34,180,11,77,0.77,983240.4669790198,218.20142193488834,4010.5924633578175,767.4343433839749,
a9b4724c34,180,12,84,0.84,897000.3757609356,122.1750652830223,3831.058566821534,471.7622925178308,
a9b4724c34,180,13,91,0.91,886265.0008570966,115.82689292096799,3736.98741057142,311.0660508181141,
a9b4724c34,180,14,98,0.98,876638.1585123584,228.00903172405165,3707.103767040619,628.0496969252756,
a9b4724c34,180,15,105,1.05,779539.618722984,183.95273480353433,3361.164281614314,688.8889788280068,
a9b4724c34,180,16,112,1.12,712170.1677362157,141.17153301169787,3221.1149124090593,477.1726484633005,
a9b4724c34,180,17,119,1.19,678121.320457444,111.54438433088878,3185.6263648691697,447.48704683489694,
a9b4724c34,180,18,126,1.26,654041.448106046,86.19626121405743,3132.361427273125,427.6530897178318,
a9b4724c34,180,19,133,1.33,637745.1544925448,53.35264608266899,3038.474128603497,156.47573742523545,
a9b4724c34,180,20,140,1.4,633028.5259403879,135.8811324327209,3057.3284720920306,506.7144572646327,
a9b4724c34,180,21,147,1.47,598347.2594008968,63.58177685389687,2804.693362119902,253.161054120504,
a9b4724c34,180,22,154,1.54,589680.730122435,160.94482422555024,2835.791778171087,815.4511331499358,
a9b4724c34,180,23,161,1.61,546089.3053811428,135.397488842731,2695.3016231090883,631.1074864315949,
a9b4724c34,180,24,168,1.68,517888.87653198704,148.55600676747284,2589.701894765916,493.96046716881915,
a9b4724c34,180,25,175,1.75,506207.4161078527,188.97032722401443,2707.5600041584685,327.7712882661154,
a9b4724c34,180,26,182,1.82,487501.36792816187,231.68711859366172,2640.8594752899,852.03191405021,
a9b4724c34,180,27,189,1.89,422305.2330207543,205.12329236093933,2494.440874477406,650.0385011738696,
a9b4724c34,180,28,196,1.96,394543.3929824279,171.45033657255817,2299.9480832339536,191.61357177380833,
a9b4724c34,180,29,203,2.03,388439.7643427453,179.35140789118236,2304.6870792854734,320.2890759304625,
a9b4724c34,180,30,210,2.1,374882.7597800575,193.1218046548613,2256.3261947037663,433.97990618926093,
a9b4724c34,180,31,217,2.17,346999.75737377966,169.02978222078067,2112.2832333517117,226.47559565811883,
a9b4724c34,180,32,224,2.24,343778.63075827225,83.75410935617116,2160.3000971644233,214.72539497705813,
a9b4724c34,180,33,231,2.31,308296.94357212365,87.15861015973599,1847.7140822699519,181.43331105059127,
a9b4724c34,180,34,238,2.38,295617.4069984345,89.29583506884086,1874.1608970756681,239.79852621864745,
a9b4724c34,180,35,245,2.45,280212.0667323332,134.5533193627943,1784.613853261861,677.6857395741306,
a9b4724c34,180,36,252,2.52,251728.7933053833,67.30859723007126,1712.883918015843,218.6200133703111,
a9b4724c34,180,37,259,2.59,244116.59295843085,83.37466076917391,1652.932044263225,219.37277742314774,
a9b4724c34,180,38,266,2.66,230341.7470975171,66.34331963116956,1652.2674773331823,279.54064593678623,
a9b4724c34,180,39,273,2.73,223809.21191945818,47.41998227686974,1660.445017523843,181.81612431709877,
a9b4724c34,180,40,280,2.8,221086.92031367408,60.7117493693832,1589.0199014438588,223.85799167821335,
a9b4724c34,180,41,287,2.87,212723.56865425306,105.08270961691619,1574.7973930435357,246.2944134864898,
a9b4724c34,180,42,294,2.94,211417.30495773067,67.89267221989228,1545.623934792862,159.67064964973653,
a9b4724c34,180,43,301,3.01,200901.9840434965,30.948773761500522,1518.1378151095287,84.72180525327276,
a9b4724c34,180,44,308,3.08,198478.15554522478,96.9463541893591,1490.4532360832377,375.92041989202573,
a9b4724c34,180,45,315,3.15,180892.24807559958,52.87737058040221,1474.4535759316373,137.20487586871678,
a9b4724c34,180,46,322,3.22,175524.68629495223,91.45201375530793,1394.9498099479222,360.752701076807,
a9b4724c34,180,47,329,3.29,157929.20185905517,52.03549537778478,1317.763957640293,225.24179885185234,
a9b4724c34,180,48,336,3.36,151240.7044263904,84.1574575215743,1279.2781403277452,394.387554018259,
a9b4724c34,180,49,343,3.43,135553.65253519735,45.612731568283365,1139.50324951239,130.2794886751572,
a9b4724c34,180,50,350,3.5,130540.26382517596,43.66100736691634,1139.75926911141,156.5315840237098,
a9b4724c34,180,51,357,3.57,128362.47395453085,25.331717660642127,1137.2026861049767,60.6428814520808,
a9b4724c34,180,52,364,3.64,127327.9881433027,30.400114395338452,1106.4068867487363,97.98010499517056,
a9b4724c34,180,53,371,3.71,125864.87042400798,16.20144549812571,1099.6815088760954,58.7511556149729,
a9b4724c34,180,54,378,3.78,125374.19244504122,72.36034313459592,1100.68577272813,253.33677375058636,
a9b4724c34,180,55,385,3.85,113955.49384128326,44.649962167379115,1109.477066881829,141.32711091702203,
a9b4724c34,180,56,392,3.92,111533.46702267978,41.22709789079348,1055.9226128279195,156.89066458887194,
a9b4724c34,180,57,399,3.99,108301.81844290336,42.001017066899564,1033.656327087359,105.16543388308219,
a9b4724c34,180,58,406,4.06,104658.42926850308,38.113782141147,978.4366671121243,105.82119706929912,
a9b4724c34,180,59,413,4.13,101458.49866862493,40.09803550934294,974.6018576859607,190.70195842985484,
a9b4724c34,180,60,420,4.2,97927.22987858874,54.236140227153754,980.2819199803853,234.7938557210855,
a9b4724c34,180,61,427,4.27,91374.29157264835,39.00951898265344,970.9308233854416,181.7841351707762,
a9b4724c34,180,62,434,4.34,87711.32005550525,31.469661510423588,923.1108187054031,151.68523512767442,
a9b4724c34,180,63,441,4.41,85462.32949010354,26.13994284362379,922.2231493358929,114.87862874471406,
a9b4724c34,180,64,448,4.48,84287.52962176509,24.006226750504865,925.5666086024991,44.60369667955608,
a9b4724c34,180,65,455,4.55,83657.11399956509,31.25021606621896,912.4777689032406,106.64433900432479,
a9b4724c34,180,66,462,4.62,81815.67656253795,46.639096107624724,903.5007977831948,155.3203780142944,
a9b4724c34,180,67,469,4.69,77593.3809261635,26.557092120583548,831.0201803561447,86.98872233222838,
a9b4724c34,180,68,476,4.76,76242.48080341444,27.962376060764065,820.1169526803736,132.9665330876921,
a9b4724c34,180,69,483,4.83,74367.16102206192,39.047267234843105,790.8999505335869,196.84891866885906,
a9b4724c34,180,70,490,4.9,72071.05098541132,38.61096632180021,802.0781049290703,171.4769295855259,
a9b4724c34,180,71,497,4.97,69484.89245501539,28.39739785341223,776.7807912827257,113.8236069411766,
a9b4724c34,180,72,504,5.04,67475.66489775444,30.948327306003442,722.0017586786836,141.74805013740487,
a9b4724c34,180,73,511,5.11,65699.3219214423,21.37700829069018,709.5118515401097,85.81758862743365,
a9b4724c34,180,74,518,5.18,64608.14276693414,6.545624510463797,709.6297785098151,28.169735465899123,
a9b4724c34,180,75,525,5.25,64532.427248215674,16.227587634486195,702.0417662669407,50.761993500388726,
a9b4724c34,180,76,532,5.32,63856.29960092165,12.974172230168977,689.2055857365615,44.85187882272057,
a9b4724c34,180,77,539,5.39,63595.20784251816,11.38811184538573,699.9117881242271,55.349182783253355,
a9b4724c34,180,78,546,5.46,63304.5135485931,24.71039478807042,699.0224953760548,116.69097348422937,
a9b4724c34,180,79,553,5.53,61729.616514827685,14.95101813217711,693.0581715577322,49.63966655860091,
a9b4724c34,180,80,560,5.6,61411.57481740524,38.206690704065025,686.1101718403802,174.16091639829466,
a9b4724c34,180,81,567,5.67,58012.454588895234,22.76186929883448,651.2986893551208,110.89252120613318,
a9b4724c34,180,82,574,5.74,56752.34783057679,31.270729926825805,628.1641275675164,135.63851937103877,
a9b4724c34,180,83,581,5.81,54994.02915592495,23.744399069175397,608.1311343637791,116.23660890765261,
a9b4724c34,180,84,588,5.88,53719.30310044271,16.686991446611398,591.1429453199546,65.84573355372332,
a9b4724c34,180,85,595,5.95,53132.67790907382,19.565311589851536,582.479811292636,95.19131584636638,
a9b4724c34,180,86,602,6.02,52123.91780908894,21.561837203448988,580.6787914637474,27.99759583176731,
a9b4724c34,180,87,609,6.09,50990.4432236624,20.77445176969921,565.8337010702471,99.34889022177231,
a9b4724c34,180,88,616,6.16,50081.10600870709,27.91779349948762,569.7275514497389,124.39555277648121,
a9b4724c34,180,89,623,6.23,48560.270751142365,20.875155187622504,536.133727744636,70.3820824443095,
a9b4724c34,180,90,630,6.3,47752.78214799215,24.060706370745226,517.7113898482676,101.48682414967959,
a9b4724c34,180,91,637,6.37,46380.20366642154,21.820758888415607,524.9764341454837,104.60628197687241,
a9b4724c34,180,92,644,6.44,45328.12247942323,30.734707250435072,520.4674430106796,79.37749968686973,
a9b4724c34,180,93,651,6.51,43253.39279836257,18.673680250982894,511.99587383804277,62.88836579863598,
a9b4724c34,180,94,658,6.58,42690.91805915249,15.73547707664669,499.0621289334371,70.88522274362661,
a9b4724c34,180,95,665,6.65,42124.55610596054,12.025569740498735,493.7543006599896,55.09502058987584,
a9b4724c34,180,96,672,6.72,41933.18727260609,34.158318395504004,500.515189499132,51.29645966067506,
a9b4724c34,180,97,679,6.79,41826.41532515781,40.66562174267351,503.78796452502934,129.1906966130752,
a9b4724c34,180,98,686,6.86,39607.73244855889,32.054914731180745,492.17659179479574,99.51179591585023,
a9b4724c34,180,99,693,6.93,37981.46608208094,21.283928263108795,453.5109231478259,62.97545088702346,
a9b4724c34,180,100,700,7.0,37460.044723697196,16.999376695251634,456.19514663182815,54.73834483867516,
a9b4724c34,180,101,707,7.07,36755.823633661494,21.12038454091731,450.63114449522044,102.69988565118997,
a9b4724c34,180,102,714,7.14,35683.41728649666,19.67725604638565,433.4560607371067,54.471342882907244,
a9b4724c34,180,103,721,7.21,35068.2528174208,22.24554197796378,445.11178994217926,102.30793521829325,
a9b4724c34,180,104,728,7.28,34088.858578807136,17.750263294134992,423.68029650220666,85.59174216035512,
a9b4724c34,180,105,735,7.35,33736.97249785196,19.8913618668191,426.631919837489,59.62436606170933,
a9b4724c34,180,106,742,7.42,33053.044101931184,15.357971737889468,429.9949137741532,73.86551723472596,
a9b4724c34,180,107,749,7.49,32656.071074616575,16.723546659362576,425.29274694445223,26.09070195036211,
a9b4724c34,180,108,756,7.56,32629.481054738153,20.85703027351006,427.64614141453507,89.05282069895742,
a9b4724c34,180,109,763,7.63,31533.434245836168,16.04975889450469,423.0659962397758,81.89164840329032,
a9b4724c34,180,110,770,7.7,31185.06983092204,15.843829751084266,409.53185691458026,53.23498995100623,
a9b4724c34,180,111,777,7.77,30528.423106105296,11.475673937044265,397.003729319078,57.347890432529894,
a9b4724c34,180,112,784,7.84,30240.031880057017,14.544106628192202,418.9809727302139,72.40999069780831,
a9b4724c34,180,113,791,7.91,29955.188127596688,14.043390133036443,402.31800833180506,56.49666828989657,
a9b4724c34,180,114,798,7.98,29413.450016592036,10.099695582350508,400.83428538331754,41.60096936385844,
a9b4724c34,180,115,805,8.05,29172.070248999975,11.104020315572612,408.31247074697916,17.629014272668325,
a9b4724c34,180,116,812,8.12,29170.06719862132,9.652686388851654,393.7618504357824,32.47424297894179,
a9b4724c34,180,117,819,8.19,29012.646367662626,17.983873133835733,406.15108126906836,79.7805569210216,
a9b4724c34,180,118,826,8.26,28469.2160802014,18.49452517141518,397.57199431927745,73.38168192567187,
a9b4724c34,180,119,833,8.33,28126.505986045482,14.468131130474504,386.75356803658974,29.527182515954223,
a9b4724c34,180,120,840,8.4,27988.455692110547,21.13499189075413,404.7858081707439,63.768316999957996,
a9b4724c34,180,121,847,8.47,27604.273499136394,13.2148166323858,391.57099310155536,21.693282012094286,
a9b4724c34,180,122,854,8.54,27400.703548844816,12.216149704389874,376.977512208951,42.75231194296131,
a9b4724c34,180,123,861,8.61,27123.48283098078,18.243393761013,376.30306572606594,84.04354201113625,
a9b4724c34,180,124,868,8.68,27008.805129644516,20.22537479668175,369.2761527112118,46.21421879848989,
a9b4724c34,180,125,875,8.75,26768.11932410636,22.11411704729334,381.06585836504235,69.00078481456552,
a9b4724c34,180,126,882,8.82,26467.939577952715,25.034166035413442,386.25659235490457,95.52247814562341,
a9b4724c34,180,127,889,8.89,25742.939705982266,20.3986570272927,364.0563827768294,81.40604802884022,
a9b4724c34,180,128,896,8.96,25041.725504019883,32.07413241293017,368.8388693843197,39.61826827576675,
a9b4724c34,180,129,903,9.03,24790.973676946338,23.689039642658695,371.62027857957935,57.312900369371704,
a9b4724c34,180,130,910,9.1,23721.08101062899,10.830285565551986,337.13065830037993,37.23968217328397,
a9b4724c34,180,131,917,9.17,23548.39695312214,18.147743574322167,353.7011859060544,68.02098007576004,
a9b4724c34,180,132,924,9.24,23047.771615186222,12.834072744930621,334.36993797565975,63.547857534165594,
a9b4724c34,180,133,931,9.31,22758.719840828035,11.087980029666536,329.9675546964742,40.72154094256124,
a9b4724c34,180,134,938,9.38,22589.858469332026,12.187757941293212,331.3554316519734,47.6599634830289,
a9b4724c34,180,135,945,9.45,22492.884244902074,20.68916941985214,315.17529246745596,74.19526978224256,
a9b4724c34,180,136,952,9.52,21841.64873270814,18.485360750891942,320.6185006258366,77.731568483574,
a9b4724c34,180,137,959,9.59,21390.6875949482,13.148510203258677,318.1580276432261,48.15762802581189,
a9b4724c34,180,138,966,9.66,20991.2188657751,6.859062452124707,306.3936687761995,31.075669679485344,
a9b4724c34,180,139,973,9.73,20891.037306441638,6.938151995408207,301.5257128970278,31.496721209890126,
a9b4724c34,180,140,980,9.8,20773.42590175957,8.94989734971489,297.43411599228176,42.522224521592584,
a9b4724c34,180,141,987,9.87,20611.213492575618,16.62138130296931,300.7257187008932,82.44224408546336,
a9b4724c34,180,142,994,9.94,20049.12674938781,7.65453433515552,261.91128460165754,31.31427726655846,
a9b4724c34,180,143,1001,10.01,19969.486086625264,14.47746756599997,270.0134591230135,70.66218298424657,
a9b4724c34,180,144,1008,10.08,19705.355175777822,8.83012694103511,253.34790930661046,23.476423084583868,
a9b4724c34,180,145,1015,10.15,19698.718069281,14.24314295964745,257.0239145940695,27.943427524984834,
a9b4724c34,180,146,1022,10.22,19505.916332040826,11.732979011042612,259.8384529969136,29.474074532989427,
a9b4724c34,180,147,1029,10.29,19234.5676755207,6.020692963308994,259.7825976606901,11.584898096884517,
a9b4724c34,180,148,1036,10.36,19233.469984459633,10.773256679637248,262.1360954017074,44.33422962249267,
a9b4724c34,180,149,1043,10.43,19105.59957576516,8.670141631943773,258.4907730157061,18.22096860337782,
a9b4724c34,180,150,1050,10.5,19003.619652560083,9.849359924710182,265.2989458722708,31.82087327335752,
a9b4724c34,180,151,1057,10.57,18807.094368474343,11.793034487886418,264.15650310425,53.427597929993645,
a9b4724c34,180,152,1064,10.64,18518.34701580376,10.244785825416484,267.9785179830491,48.17400465842745,
a9b4724c34,180,153,1071,10.71,18348.18709786229,4.4088982317539,264.4468699356397,30.594029124044063,
a9b4724c34,180,154,1078,10.78,18271.59911317226,14.533045569950922,263.2259264572047,66.60039158008577,
a9b4724c34,180,155,1085,10.85,18133.814382098833,14.587467827713605,285.1140314611965,61.59734776413575,
a9b4724c34,180,156,1092,10.92,17798.270749493822,12.74531212553341,258.7725549678032,22.636891861038,
a9b4724c34,180,157,1099,10.99,17637.56686331254,7.604812870478469,270.5178853682241,6.478619448162379,
a9b4724c34,180,158,1106,11.06,17583.050793038114,11.962903729963278,245.211578052117,55.95779544614375,
a9b4724c34,180,159,1113,11.13,17344.118886665645,10.99596259118119,235.1929894342012,46.859392230784614,
a9b4724c34,180,160,1120,11.2,17067.475895035674,7.275816926727895,215.23005192933365,21.53698278197369,
a9b4724c34,180,161,1127,11.27,17000.36081948099,3.6571846730380697,218.5042410644672,31.35880607583235,
a9b4724c34,180,162,1134,11.34,16933.482971480375,7.061693716291501,217.66507831597386,31.75357675490963,
a9b4724c34,180,163,1141,11.41,16850.415624923433,5.437297175496791,221.9278545040001,10.490672386056689,
a9b4724c34,180,164,1148,11.48,16797.615497695475,6.115835438897116,219.11537451003704,27.96652812252783,
a9b4724c34,180,165,1155,11.55,16713.55972383001,7.0963412778402155,220.53810464130294,27.751092147249157,
a9b4724c34,180,166,1162,11.62,16647.806285237097,7.954513294379225,219.08032107324732,37.72157835573822,
a9b4724c34,180,167,1169,11.69,16522.031121171323,6.252825801042228,210.644963558658,16.33458039668541,
a9b4724c34,180,168,1176,11.76,16504.04763794819,9.289467574812514,215.80426738333645,23.070012630223022,
a9b4724c34,180,169,1183,11.83,16353.847410804114,11.099521569406592,223.64483937873896,51.12524316268977,
a9b4724c34,180,170,1190,11.9,16201.367975311648,11.525252998513933,218.1280467709854,55.054355664590275,
a9b4724c34,180,171,1197,11.97,15981.516640697393,10.162454127608068,221.9503192345584,24.040296883958714,
a9b4724c34,180,172,1204,12.04,15715.581277837753,3.7720349552811987,210.13153912189108,15.196842834264913,
a9b4724c34,180,173,1211,12.11,15688.930543102615,10.245170832435669,210.2987104543486,51.13407891197695,
a9b4724c34,180,174,1218,12.18,15552.76160589384,8.66357838223267,206.9664277526244,28.770860752563436,
a9b4724c34,180,175,1225,12.25,15527.545046096286,5.013847909346181,223.68643365635305,24.161852881467464,
a9b4724c34,180,176,1232,12.32,15409.997964940214,7.5855848408567015,205.04647944404002,34.352544197986646,
a9b4724c34,180,177,1239,12.39,15338.948690275078,8.005332689436228,211.22348751427992,22.014991010500488,
a9b4724c34,180,178,1246,12.46,15223.160619825654,7.73406137984977,206.4632556205552,34.5444449917186,
a9b4724c34,180,179,1253,12.53,15112.167568217163,6.125823320716529,212.45377642787014,23.154497616069612,
a9b4724c34,180,180,1260,12.6,15040.81764489589,7.050362949404816,201.8484356706277,24.788991682693844,
a9b4724c34,180,181,1267,12.67,14947.67194141808,6.344161793237374,220.72186617526847,26.65173667698506,
a9b4724c34,180,182,1274,12.74,14877.385741385377,10.742954568755447,215.58325152821772,51.62958145723464,
a9b4724c34,180,183,1281,12.81,14659.010724855436,14.03816550310866,210.5359576156436,62.59701482108519,
a9b4724c34,180,184,1288,12.88,14372.955480774035,5.439695283759051,202.10674488861582,3.963969403430842,
a9b4724c34,180,185,1295,12.95,14307.351614379864,7.399493573935162,203.3055438398085,32.4484617949023,
a9b4724c34,180,186,1302,13.02,14249.917159837485,6.502469995451349,212.43221138879468,60.55074906376241,
a9b4724c34,180,187,1309,13.09,14048.767949038638,6.958338486814216,200.01446383162138,21.699302763270875,
a9b4724c34,180,188,1316,13.16,13991.925945886565,6.272735902283502,206.5726386146196,28.128714318509036,
a9b4724c34,180,189,1323,13.23,13939.98910354704,7.219096777467301,205.48814881527707,33.787323024798205,
a9b4724c34,180,190,1330,13.3,13812.68180886804,4.603858568763696,210.22707220041923,21.172310052885273,
a9b4724c34,180,191,1337,13.37,13787.710618631882,6.54390594371381,200.49123472188862,31.192835357491973,
a9b4724c34,180,192,1344,13.44,13731.623072590537,4.430394295581983,206.1515619021481,39.27935153891191,
a9b4724c34,180,193,1351,13.51,13630.071148168188,5.566580973380196,200.57809702221098,26.67571328009194,
a9b4724c34,180,194,1358,13.58,13598.513171703446,4.923958666409114,198.17223260764476,32.15462490223639,
a9b4724c34,180,195,1365,13.65,13509.480622595196,1.9898080837906496,186.98887401880384,15.700914136991454,
a9b4724c34,180,196,1372,13.72,13489.794669237675,6.573516695698472,187.88180449245044,32.66275628693659,
a9b4724c34,180,197,1379,13.79,13456.091652972958,6.604620316649658,201.96606611567435,9.562657303167727,
a9b4724c34,180,198,1386,13.86,13409.955568660294,11.345592130804732,190.9872843643636,43.44560915230575,
a9b4724c34,180,199,1393,13.93,13166.378068511527,3.029271045127223,194.61624964980138,8.9540040180606,
a9b4724c34,180,200,1400,14.0,13125.648135538187,7.674559295924604,191.47814352395423,32.034572187157146,
a9b4724c34,180,201,1407,14.07,13091.7835495624,5.939852637021465,208.59315342683502,14.247095091312445,
a9b4724c34,180,202,1414,14.14,13061.73020466191,4.717734905736405,199.58349742755456,12.053257277164457,
a9b4724c34,180,203,1421,14.21,13045.758135394959,8.591590401390288,198.3491577441676,39.043341440204266,
a9b4724c34,180,204,1428,14.28,12932.82626970478,5.722126713255611,199.70595684983283,14.360513103418999,
a9b4724c34,180,205,1435,14.35,12869.448785327017,7.658778600591842,198.44259524431394,27.729675151909028,
a9b4724c34,180,206,1442,14.42,12738.20049424581,9.956567067513518,186.30327563402852,49.497408301207095,
a9b4724c34,180,207,1449,14.49,12716.050072386863,11.843356792893607,200.93659278797375,23.918644731826028,
a9b4724c34,180,208,1456,14.56,12563.050809821958,8.26748109583509,186.5942605247674,20.973026254781583,
a9b4724c34,180,209,1463,14.63,12493.051536298075,7.882626588499978,183.72229602553028,30.86710500671968,
a9b4724c34,180,210,1470,14.7,12383.495699312802,6.554765340941983,182.73412686190184,15.106580736354035,
a9b4724c34,180,211,1477,14.77,12328.98119380091,8.622560894240653,181.3352416490107,38.53336376852618,
a9b4724c34,180,212,1484,14.84,12318.82909321858,12.609806899966394,182.63102053686396,51.10369539699984,
a9b4724c34,180,213,1491,14.91,12238.879807239162,13.142087652116075,197.58477136206,47.399254942426424,
a9b4724c34,180,214,1498,14.98,12190.93601844735,10.75263542848959,187.01254905018624,26.813080427502044,
a9b4724c34,180,215,1505,15.05,12138.411005211852,13.139921637288541,190.23785128639176,48.06974241465512,
a9b4724c34,180,216,1512,15.12,11893.668896734309,11.813862633749498,186.70885347486538,38.125267654504576,
a9b4724c34,180,217,1519,15.19,11805.375685360521,15.847137751413475,195.19901903034997,51.34106123720581,
a9b4724c34,180,218,1526,15.26,11655.937239842073,11.968070863853807,205.26914229851394,12.034025276406462,
a9b4724c34,180,219,1533,15.33,11588.789275545185,9.665004026136994,174.71124582793473,23.018461757039542,
a9b4724c34,180,220,1540,15.4,11520.64427556708,8.194316453978411,186.8831582228894,24.227505019036474,
a9b4724c34,180,221,1547,15.47,11446.89771111839,9.070555560045351,173.426028492731,37.09127742600185,
a9b4724c34,180,222,1554,15.54,11340.291478092635,6.9106816672546865,168.40771417681702,19.795740558027163,
a9b4724c34,180,223,1561,15.61,11222.960824716007,7.5011578695247625,162.71197878374542,38.29625190873405,
a9b4724c34,180,224,1568,15.68,11082.275868451157,9.443513515116527,169.50675017948902,45.96502683830113,
a9b4724c34,180,225,1575,15.75,10877.93335682701,7.789006612612488,169.73238956860428,39.073752375976305,
a9b4724c34,180,226,1582,15.82,10812.472182037978,7.705886482918737,161.93834856368525,26.61319923136701,
a9b4724c34,180,227,1589,15.89,10795.311892113092,8.725635523243875,167.26149886932538,19.2210463593793,
a9b4724c34,180,228,1596,15.96,10742.603200373549,12.012710237741247,164.46020455445964,42.78854951256878,
a9b4724c34,180,229,1603,16.03,10629.3951285026,11.852014850066634,176.4549098873803,39.52378197023831,
a9b4724c34,180,230,1610,16.1,10473.298821839795,14.036768542767001,180.29380090975897,44.63176394097338,
a9b4724c34,180,231,1617,16.17,10370.905845992538,11.664280971839474,179.82791772444892,18.105355848787383,
a9b4724c34,180,232,1624,16.24,10268.977608532938,10.23608885454828,181.83768010173614,21.751420647725695,
a9b4724c34,180,233,1631,16.31,10197.86553761947,7.670803985312899,175.03783592947872,10.78381998602321,
a9b4724c34,180,234,1638,16.38,10108.312672654301,4.7593482464060415,166.34418322197803,34.625439182967426,
a9b4724c34,180,235,1645,16.45,10015.195575453054,11.547917440808247,159.69591539904167,22.48724501857773,
a9b4724c34,180,236,1652,16.52,10003.557278540437,10.881896993902602,169.43118859709517,28.40596718248882,
a9b4724c34,180,237,1659,16.59,9933.401176557743,10.005474304266142,173.91536776335965,32.24461559156614,
a9b4724c34,180,238,1666,16.66,9853.33300026867,8.654372259992853,168.88365016028192,10.166501215672934,
a9b4724c34,180,239,1673,16.73,9792.145883970381,5.452419985590439,166.63032072001195,48.589886667222544,
a9b4724c34,180,240,1680,16.8,9667.426760634873,7.986878606342981,159.19737895901466,19.983383529098592,
a9b4724c34,180,241,1687,16.87,9613.997624776397,4.953369667774594,163.66947168050567,35.88176413201829,
a9b4724c34,180,242,1694,16.94,9514.416447629128,4.6886188094812,163.40756038825467,17.392658526193337,
a9b4724c34,180,243,1701,17.01,9497.057647015165,13.092959105085423,162.1896932005592,60.09910446251791,
a9b4724c34,180,244,1708,17.08,9302.153917095517,8.291863386910109,158.65836549158058,30.089025398221047,
a9b4724c34,180,245,1715,17.15,9117.589190298024,4.32033440031456,156.5719256985273,17.671291747121746,
a9b4724c34,180,246,1722,17.22,9089.083306447514,5.7196958403760325,153.63080623656165,25.6042336645137,
a9b4724c34,180,247,1729,17.29,9033.723920899602,2.9997170863389964,154.99780373971896,9.29235203303259,
a9b4724c34,180,248,1736,17.36,9009.905990738069,9.034847756274612,152.00575413630483,39.15305518234554,
a9b4724c34,180,249,1743,17.43,8797.355188838337,7.812730068861896,158.53078200239793,35.88737763383168,
a9b4724c34,180,250,1750,17.5,8757.415085002898,9.25882209200162,154.43166484706452,15.471357351756557,
a9b4724c34,180,251,1757,17.57,8747.930071469931,5.2374952676720525,167.391819715918,32.443424862097444,
a9b4724c34,180,252,1764,17.64,8618.438205997867,8.318968965159682,146.7423135676105,42.38216336354561,
a9b4724c34,180,253,1771,17.71,8528.93470212487,6.802717648150921,144.66975289986357,29.02298299982644,
a9b4724c34,180,254,1778,17.78,8463.77674471486,6.309737081871185,147.56247753109977,17.90544181982813,
a9b4724c34,180,255,1785,17.85,8418.93689242316,7.166217142067787,144.29482434565236,19.09730594064323,
a9b4724c34,180,256,1792,17.92,8413.417673089965,8.980388869501118,145.06078772631858,32.48891674676961,
a9b4724c34,180,257,1799,17.99,8317.999840176171,7.895152359897255,156.59910567070347,27.101550052694506,
a9b4724c34,180,258,1806,18.06,8274.766942653765,7.714686043667335,149.60855223995213,23.087246368999256,
a9b4724c34,180,259,1813,18.13,8213.111252263127,5.535136811531031,162.51433247191963,50.50178260007569,
a9b4724c34,180,260,1820,18.2,8065.3782230259885,3.487974012297907,150.54699656401263,24.353019381754763,
a9b4724c34,180,261,1827,18.27,8001.123899008318,6.83298051190905,141.3315423126629,32.70671262060789,
a9b4724c34,180,262,1834,18.34,7947.941252831241,5.479260390606094,146.2665361212512,23.396200315628132,
a9b4724c34,180,263,1841,18.41,7940.4550073425335,7.577652450919461,151.6003782334325,23.49588055223165,
a9b4724c34,180,264,1848,18.48,7862.14158966545,4.413704274005316,152.77120334045284,32.84402517041793,
a9b4724c34,180,265,1855,18.55,7770.218626805158,5.465450666653744,145.48201194500936,23.951688211855995,
a9b4724c34,180,266,1862,18.62,7711.545053311671,7.2982080501888325,133.685419172156,27.914174466834677,
a9b4724c34,180,267,1869,18.69,7662.9984582070665,8.193657353858313,139.9309486329993,36.33957809326342,
a9b4724c34,180,268,1876,18.76,7590.194559046881,6.297635479756451,138.3538049805173,19.01293081618856,
a9b4724c34,180,269,1883,18.83,7570.432223876846,9.07909777475967,145.07496744034492,18.204776507226743,
a9b4724c34,180,270,1890,18.9,7427.19454367348,4.618527662155235,145.89664883179825,10.890876135868572,
a9b4724c34,180,271,1897,18.97,7380.970581730543,2.3108975779540466,142.9902518856364,8.398195902352914,
a9b4724c34,180,272,1904,19.04,7372.546658938741,3.077506405623235,149.07989148962608,13.14251191515295,
a9b4724c34,180,273,1911,19.11,7353.511773157365,6.177303731902641,149.34514302683226,29.451104382806257,
a9b4724c34,180,274,1918,19.18,7321.369658179272,7.82964934652905,140.80062848439522,34.22421507291165,
a9b4724c34,180,275,1925,19.25,7177.052961813651,3.779053777544508,136.46658093404935,12.00798441874809,
a9b4724c34,180,276,1932,19.32,7169.027119547762,7.476423989573257,135.96866079706493,27.530903351323662,
a9b4724c34,180,277,1939,19.39,7111.7064645272385,4.092213351677374,135.5547021878094,21.812634941552574,
a9b4724c34,180,278,1946,19.46,7061.001695852624,3.1810758092906606,125.32603745723719,14.241427638226483,
a9b4724c34,180,279,1953,19.53,7006.8936820526205,2.937883230391006,128.31735744988586,23.74954758048747,
a9b4724c34,180,280,1960,19.6,6964.101087575038,6.8024481311637395,123.41940560668823,34.40572338063599,
a9b4724c34,180,281,1967,19.67,6924.990091372333,8.268846422043529,143.37437991841006,25.683648989828132,
a9b4724c34,180,282,1974,19.74,6903.623195109106,9.817030458332797,143.1758444053204,29.221039653372536,
a9b4724c34,180,283,1981,19.81,6880.138388076483,9.857567043263925,147.6643311157782,28.198169107076623,
a9b4724c34,180,284,1988,19.88,6851.312941349724,7.954503962041056,148.63994815730825,12.802847421745271,
a9b4724c34,180,285,1995,19.95,6812.935265931524,4.076774826802323,135.5293251714423,11.126000067441808,
a9b4724c34,180,286,2002,20.02,6737.249678866064,4.327547689087511,127.7309618206194,19.83279067107666,
a9b4724c34,180,287,2009,20.09,6714.254734797519,8.758486361652116,130.3499538659895,29.982086513048724,
a9b4724c34,180,288,2016,20.16,6569.903608757707,8.14995357659279,135.40161861512888,37.588756721257845,
a9b4724c34,180,289,2023,20.23,6499.817394476091,6.454401238578374,149.03961009984815,14.130980610833605,
a9b4724c34,180,290,2030,20.3,6440.228130860285,9.897572620849543,133.46718962360507,40.25223268393785,
a9b4724c34,180,291,2037,20.37,6396.434891961678,11.283067134224357,150.14454557895124,34.71358948443796,
a9b4724c34,180,292,2044,20.44,6322.6066578948385,8.602366621845265,133.3991977726035,22.05086793253781,
a9b4724c34,180,293,2051,20.51,6197.919367665938,5.815006533832422,137.2143371558904,21.005850173839203,
a9b4724c34,180,294,2058,20.58,6160.296416040395,5.585316816916874,134.92112510458207,19.564584278616948,
a9b4724c34,180,295,2065,20.65,6114.381877804557,7.257772564648674,135.70419275499646,30.2123723658428,
a9b4724c34,180,296,2072,20.72,6003.4234216141695,7.580422975909239,138.85902233480766,25.7973695349081,
a9b4724c34,180,297,2079,20.79,5888.597203830367,7.046674907018376,127.39046012041784,20.610521469425258,
a9b4724c34,180,298,2086,20.86,5861.3154384432255,6.020257409692935,132.78051121016685,16.45090974397663,
a9b4724c34,180,299,2093,20.93,5856.370734545579,7.956675833689342,124.70327713701771,21.536307471571643,
a9b4724c34,180,300,2100,21.0,5797.719316936975,4.243288739699113,135.3928648638307,15.930673403278151,
a9b4724c34,180,301,2107,21.07,5728.027717410095,4.9453487815024815,112.79788744708321,21.787557667865528,
a9b4724c34,180,302,2114,21.14,5709.301967924021,3.945383107940262,128.5573189075162,31.41327256273066,
a9b4724c34,180,303,2121,21.21,5634.515485133918,3.254592104715741,116.42450742316203,14.147578443563289,
a9b4724c34,180,304,2128,21.28,5631.133135348405,2.193976826894371,121.21532716682975,13.0663411606163,
a9b4724c34,180,305,2135,21.35,5614.114592388067,4.702722318728578,116.61907344366035,20.113905578646353,
a9b4724c34,180,306,2142,21.42,5602.026027420992,2.270818106985599,122.74062721643035,9.3389675996386,
a9b4724c34,180,307,2149,21.49,5576.715439839556,5.867038887625992,115.49421876937352,27.92212847074283,
a9b4724c34,180,308,2156,21.56,5556.260407361695,3.0734583520458374,127.08363796350712,21.882592235055636,
a9b4724c34,180,309,2163,21.63,5523.078929089978,5.62087191436462,117.4748937147288,24.050109577755848,
a9b4724c34,180,310,2170,21.7,5474.639135186715,6.266974508509045,120.63677832734925,25.75657103259012,
a9b4724c34,180,311,2177,21.77,5437.197490378512,6.085834963160986,123.69334499171424,22.50637024994567,
a9b4724c34,180,312,2184,21.84,5412.351561374883,5.952247617903394,119.29206127961841,17.05429927193881,
a9b4724c34,180,313,2191,21.91,5396.697981060877,4.025980746441655,128.43384870066438,7.58105441319566,
a9b4724c34,180,314,2198,21.98,5341.956486933978,5.613889109597104,123.98533593387958,21.116541926407955,
a9b4724c34,180,315,2205,22.05,5325.864816468337,3.4964743071096644,126.67620700796633,12.918937026860744,
a9b4724c34,180,316,2212,22.12,5292.549680967149,3.225409353997038,129.24481796811594,28.023365611535752,
a9b4724c34,180,317,2219,22.19,5261.384033930807,2.2630049484702095,119.69672169163692,8.99374723532779,
a9b4724c34,180,318,2226,22.26,5241.887708181832,1.6391755619699289,119.29439079835367,11.833999252288917,
a9b4724c34,180,319,2233,22.33,5235.593563487502,5.061222441987464,117.31018570261222,19.298814693585918,
a9b4724c34,180,320,2240,22.4,5227.520017387663,4.109770135013391,132.095836418642,30.784834511369127,
a9b4724c34,180,321,2247,22.47,5153.734454739673,9.267218128435605,113.75880293875792,40.94957462349957,
a9b4724c34,180,322,2254,22.54,5059.50081857202,3.8364095312066437,130.59975407188642,22.48752300204398,
a9b4724c34,180,323,2261,22.61,4992.782235496236,1.6877810812399217,119.7871149336602,6.156750131442203,
a9b4724c34,180,324,2268,22.68,4979.59421288548,1.8904079409844115,114.72328716604443,16.991907981092208,
a9b4724c34,180,325,2275,22.75,4964.614529792087,5.8471227488757584,114.33529029919747,29.217577927105445,
a9b4724c34,180,326,2282,22.82,4955.043520284867,6.615462985631068,117.76152056434992,16.147865998320395,
a9b4724c34,180,327,2289,22.89,4935.171988912948,4.767248790126838,122.35681990272437,34.50127911134267,
a9b4724c34,180,328,2296,22.96,4838.6375022796165,6.110230215839064,110.84167711632684,22.73867700603753,
a9b4724c34,180,329,2303,23.03,4815.462446278807,6.539897576200274,127.57506136896414,15.316440790155486,
a9b4724c34,180,330,2310,23.1,4788.4894038335415,6.158461666338305,114.07610507042263,14.29404182798974,
a9b4724c34,180,331,2317,23.17,4777.037983244864,3.85197202124533,127.4470666929208,15.743846847561427,
a9b4724c34,180,332,2324,23.24,4717.748993978907,1.548894249477016,113.74883572670483,8.307920265184121,
a9b4724c34,180,333,2331,23.31,4710.251908551234,4.498280290766325,116.53438146885688,20.697896058137893,
a9b4724c34,180,334,2338,23.38,4707.8844582101165,6.490929990740827,118.28811218027722,13.751475614666584,
a9b4724c34,180,335,2345,23.45,4694.131881367642,4.215763699298588,123.99233968813071,21.305180653946014,
a9b4724c34,180,336,2352,23.52,4617.732615514826,5.687163985788085,111.33452114805628,14.727885688761388,
a9b4724c34,180,337,2359,23.59,4617.092174401516,6.780006765326295,128.17880871520947,16.306841485219504,
a9b4724c34,180,338,2366,23.66,4610.440461690761,4.593410769247158,116.75119417539517,20.31994040672757,
a9b4724c34,180,339,2373,23.73,4539.032715658482,5.679587268761308,119.0051956817705,23.02745718383655,
a9b4724c34,180,340,2380,23.8,4530.302211487585,7.156434689774167,111.42968380999119,10.621867975749645,
a9b4724c34,180,341,2387,23.87,4503.211221833356,6.386420884150792,127.02396637184776,4.595155622906339,
a9b4724c34,180,342,2394,23.94,4480.014705109123,5.664988655117985,110.79575450870286,13.591525940396302,
a9b4724c34,180,343,2401,24.01,4473.66701906217,6.44172804852385,117.77678275143526,16.626720378789447,
a9b4724c34,180,344,2408,24.08,4467.5052542021285,6.9002153823587316,115.39730849349463,13.01149436065768,
a9b4724c34,180,345,2415,24.15,4444.7807880058335,4.3090809095640035,127.09243424048599,25.39485315670245,
a9b4724c34,180,346,2422,24.22,4357.984728807635,2.3249116996423025,107.5022617869683,6.826654610120543,
a9b4724c34,180,347,2429,24.29,4353.279637781487,2.631100492449347,113.71766614047772,15.35742954120233,
a9b4724c34,180,348,2436,24.36,4322.806922919688,5.6037658769577705,105.69738348133366,26.644420549361172,
a9b4724c34,180,349,2443,24.43,4275.590469014832,4.057657516432202,100.50888125799058,13.412551984702493,
a9b4724c34,180,350,2450,24.5,4263.04734571899,4.755789811934749,99.87747888150923,16.895543174712085,
a9b4724c34,180,351,2457,24.57,4249.8675031825505,2.9192091920120125,103.65253833409142,16.997632420659144,
a9b4724c34,180,352,2464,24.64,4206.099577611432,4.4983445373637805,94.8513362609956,16.76197934531794,
a9b4724c34,180,353,2471,24.71,4155.182768029732,1.810039018257424,99.09761303241535,14.687767210157686,
a9b4724c34,180,354,2478,24.78,4138.658595110807,1.400314769041718,97.9294099010605,14.05382224214599,
a9b4724c34,180,355,2485,24.85,4129.559555938938,4.009168540575628,98.50467152204594,16.854134189675456,
a9b4724c34,180,356,2492,24.92,4116.730575906683,4.597741293856801,103.92841097665675,20.379229365375917,
a9b4724c34,180,357,2499,24.99,4103.4548287616535,6.756971921154064,99.84254395438467,23.250577509517104,
a9b4724c34,180,358,2506,25.06,4022.636886018292,6.695343676722168,104.7811091609455,26.065887046935,
a9b4724c34,180,359,2513,25.13,3969.7569882220787,3.3823093077732995,108.49982131652636,21.318318478398293,
a9b4724c34,180,360,2520,25.2,3921.0450355087128,5.590004521420833,97.48473280389206,25.14784786586943,
a9b4724c34,180,361,2527,25.27,3882.372579989577,3.9019119063510557,110.83073114181705,8.556278601061118,
a9b4724c34,180,362,2534,25.34,3869.6747532046365,5.684393049922461,101.89297029757837,20.34164503881302,
a9b4724c34,180,363,2541,25.41,3839.583258871041,2.7491664398245437,103.84888203799426,17.459587777948585,
a9b4724c34,180,364,2548,25.48,3806.1172562683787,2.3428761196747163,95.95034858814779,12.286874698375444,
a9b4724c34,180,365,2555,25.55,3780.5773692799767,1.9033739717529867,97.34520212220052,16.353093327238206,
a9b4724c34,180,366,2562,25.62,3762.208808173215,1.3579736684599153,97.81536210360103,12.401798606031559,
a9b4724c34,180,367,2569,25.69,3753.7431964819752,5.854223566570017,98.03546889223948,29.193072722764907,
a9b4724c34,180,368,2576,25.76,3719.156544549612,5.119292713664456,102.59329166018513,16.93714666445058,
a9b4724c34,180,369,2583,25.83,3678.182703181554,2.3118203458360234,96.61612140518629,13.785860355549696,
a9b4724c34,180,370,2590,25.9,3651.9146235374833,2.1301093577949715,100.52974567657081,20.648149112111764,
a9b4724c34,180,371,2597,25.97,3632.7073867765553,2.2217110210573767,95.76006621081672,19.305333731198036,
a9b4724c34,180,372,2604,26.04,3610.0634163130844,5.640527262200194,95.74986992867387,25.632421758019365,
a9b4724c34,180,373,2611,26.11,3595.657333667517,2.8534689584072837,101.36024874229813,10.61033804298265,
a9b4724c34,180,374,2618,26.18,3560.5449558149635,2.135255825011438,96.8917404494623,14.023604465687338,
a9b4724c34,180,375,2625,26.25,3538.5562797615617,7.157432222837348,90.69459523915178,36.01125646724363,
a9b4724c34,180,376,2632,26.32,3469.7368058550755,3.4285340470650656,98.38569298763849,9.521220523563155,
a9b4724c34,180,377,2639,26.39,3449.759897459778,2.496059044041556,88.68230036773464,9.346709079098627,
a9b4724c34,180,378,2646,26.46,3446.1052543022397,4.596566560939696,90.57885877980264,19.40270173781224,
a9b4724c34,180,379,2653,26.53,3438.053401008765,5.596630638461351,90.55455267798307,21.061890846005078,
a9b4724c34,180,380,2660,26.6,3417.308912196959,4.4543920088350495,91.96920737077501,11.61686599109248,
a9b4724c34,180,381,2667,26.67,3400.9931018952416,3.4265637810027774,88.75641910677508,26.87951060111352,
a9b4724c34,180,382,2674,26.74,3353.036014158111,1.763368987835581,90.89692601005453,12.108839956536745,
a9b4724c34,180,383,2681,26.81,3336.9450467451998,6.527891074296507,86.48874391491618,32.67331257753678,
a9b4724c34,180,384,2688,26.88,3249.4695903882225,1.666069921047219,89.85180422974352,11.370511608093878,
a9b4724c34,180,385,2695,26.95,3237.1237175492247,2.4597175293691778,87.45582915911554,10.290828953091241,
a9b4724c34,180,386,2702,27.02,3231.1703225723795,3.522791472758339,94.1881274973636,16.61704578415513,
a9b4724c34,180,387,2709,27.09,3222.1673562031783,2.3864423417018847,87.98635258864132,15.157043514057072,
a9b4724c34,180,388,2716,27.16,3198.7818642543666,3.060894887434465,91.49543241364647,29.434186229873006,
a9b4724c34,180,389,2723,27.23,3170.230672023947,2.1465530741524286,84.09465663059629,15.807021405214199,
a9b4724c34,180,390,2730,27.3,3150.930783161157,3.6734670176246227,80.61366988293243,15.927697217534135,
a9b4724c34,180,391,2737,27.37,3146.8230460649534,4.064067454459876,91.00926480261946,11.421373782200963,
a9b4724c34,180,392,2744,27.44,3140.502299787732,5.252505014186968,77.84935671351677,17.085501415613905,
a9b4724c34,180,393,2751,27.51,3129.769167343226,2.815006645530378,98.80735740709694,13.23890501655561,
a9b4724c34,180,394,2758,27.58,3094.3743718871237,5.536904837281773,86.20729191594266,25.41550556299288,
a9b4724c34,180,395,2765,27.65,3086.8886482801386,4.86087884768807,87.67897069946113,9.237718456017559,
a9b4724c34,180,396,2772,27.72,3076.2697655609627,2.5811524069683793,89.7576554555937,8.358038525905759,
a9b4724c34,180,397,2779,27.79,3054.171570595061,1.5030745529543135,81.86585781827839,10.847755433706018,
a9b4724c34,180,398,2786,27.86,3048.3722095397384,1.78750399110867,79.99698558180637,15.686264329921782,
a9b4724c34,180,399,2793,27.93,3033.7593238741506,3.166232065575654,75.85623027275975,7.814243669941097,
a9b4724c34,180,400,2800,28.0,3022.3806450602506,4.046982714172881,84.30734540026526,17.57186841636539,
a9b4724c34,180,401,2807,28.07,3015.4602868122524,2.197562769836414,84.24611959970245,13.045102790030379,
a9b4724c34,180,402,2814,28.14,2997.987480512703,4.022497544729776,78.49951854223686,13.6716114536627,
a9b4724c34,180,403,2821,28.21,2997.078665325599,2.433176761128563,86.86977547895117,7.850946470506352,
a9b4724c34,180,404,2828,28.28,2972.4629499360453,4.9097227628849165,75.58973393711064,21.307220074060364,
a9b4724c34,180,405,2835,28.35,2919.401948995852,1.6185889310320674,80.32353834036104,13.299857188631554,
a9b4724c34,180,406,2842,28.42,2907.172350506567,1.9100520250725426,75.54978298404144,19.365854982655534,
a9b4724c34,180,407,2849,28.49,2889.8458180059215,2.3736853205306394,73.19191684996402,7.915202258039355,
a9b4724c34,180,408,2856,28.56,2887.596348919239,1.7202217247613196,75.32228024539712,13.053480477944168,
a9b4724c34,180,409,2863,28.63,2873.467291640632,1.0919223646376812,73.65584099779144,8.58791221594343,
a9b4724c34,180,410,2870,28.7,2868.153379046966,1.293647949169539,73.47963216055082,12.495957145418524,
a9b4724c34,180,411,2877,28.77,2860.1904853535793,0.9063047940045909,74.93042393818713,8.985452275211356,
a9b4724c34,180,412,2884,28.84,2856.726169237635,1.373877933423887,74.35562958349368,12.906805280879622,
a9b4724c34,180,413,2891,28.91,2848.9741642228937,2.647549029794651,75.83293157796855,7.421499186038779,
a9b4724c34,180,414,2898,28.98,2848.7983084807233,1.884789825832291,76.16581725434241,14.59580811179161,
a9b4724c34,180,415,2905,29.05,2830.593799146931,1.0228207474665538,75.15792911634729,6.478765693606346,
a9b4724c34,180,416,2912,29.12,2825.4461418474843,4.400048004074385,75.49389990642334,13.48230451890809,
a9b4724c34,180,417,2919,29.19,2812.5637659289814,3.8648069207999716,90.06534503564663,9.756740982580602,
a9b4724c34,180,418,2926,29.26,2805.067564457651,3.7629332324613967,83.626311139203,8.898746336680784,
a9b4724c34,180,419,2933,29.33,2792.5326721145843,1.7202676662232461,82.12973731268985,6.461760369292092,
a9b4724c34,180,420,2940,29.4,2779.9337991470707,2.8890870878927726,78.2749332404092,13.376557611921143,
a9b4724c34,180,421,2947,29.47,2776.539534245222,2.7385301075185637,84.82200899960219,5.650403495550128,
a9b4724c34,180,422,2954,29.54,2773.3701622770454,1.5909345450163934,78.06176764731484,11.403068878976223,
a9b4724c34,180,423,2961,29.61,2760.9902977419165,1.472031251775601,74.79048766740041,12.82646787813402,
a9b4724c34,180,424,2968,29.68,2753.807652526572,1.8768357855250222,77.33106015307143,9.951478641223906,
a9b4724c34,180,425,2975,29.75,2743.791219603839,1.5058494754800347,75.21076526044303,11.238330368346471,
a9b4724c34,180,426,2982,29.82,2735.481792327063,3.1877717623105104,82.24903661600018,15.448321559104103,
a9b4724c34,180,427,2989,29.89,2729.2418746754456,2.8927075311678165,90.34483918396776,21.60904490196075,
a9b4724c34,180,428,2996,29.96,2689.4830717057466,4.035696496578991,88.42665202778022,19.627404020731017,
a9b4724c34,180,429,3003,30.03,2687.637158009254,3.899562415318672,91.82841170229064,5.300211099590702,
a9b4724c34,180,430,3010,30.1,2687.2176036584297,5.13470777392311,88.16026993469448,14.660036186780902,
a9b4724c34,180,431,3017,30.17,2684.2048779969887,2.5023126658284998,84.70599976480958,11.282271674794213,
a9b4724c34,180,432,3024,30.24,2654.0272574094247,4.55331187143757,80.38973845498252,13.248728107168553,
a9b4724c34,180,433,3031,30.31,2650.1110263726055,2.7206331642211135,86.26155468231094,14.21715518499178,
a9b4724c34,180,434,3038,30.38,2613.024929626431,0.7657338717359625,79.13468049735992,5.939959745960193,
a9b4724c34,180,435,3045,30.45,2610.1627673575354,1.7962122449790494,77.99503957110184,17.868415427077995,
a9b4724c34,180,436,3052,30.52,2599.6753880626256,1.063899382339812,74.79688686081369,7.878840217312622,
a9b4724c34,180,437,3059,30.59,2595.853017284277,2.806757402931443,75.3012464952777,13.834072073152074,
a9b4724c34,180,438,3066,30.66,2592.542246662108,1.6405548294702703,70.78934978421312,10.665868956303907,
a9b4724c34,180,439,3073,30.73,2583.9052655638943,1.9845015985383199,67.29574780240324,18.26153381926829,
a9b4724c34,180,440,3080,30.8,2564.3581505909915,2.2530450982343324,64.67733336014284,20.830355596418418,
a9b4724c34,180,441,3087,30.87,2543.4788467074177,3.4793991221982394,68.33421490468416,16.581392803894495,
a9b4724c34,180,442,3094,30.94,2543.2764231475767,2.5352216768889044,72.61131935842062,15.449212194204629,
a9b4724c34,180,443,3101,31.01,2514.2329342157796,3.0513638485673327,69.29948021829469,14.20199282350672,
a9b4724c34,180,444,3108,31.08,2510.0391602936397,1.786179986232021,71.2789330620101,11.098444863369307,
a9b4724c34,180,445,3115,31.15,2495.3547200459325,2.0266365660043424,70.09999271665664,8.94296773272141,
a9b4724c34,180,446,3122,31.22,2492.9726665918583,1.6633305677325443,71.80407088401175,15.12967900470427,
a9b4724c34,180,447,3129,31.29,2479.2367765983354,1.5125438135555664,70.12604145477272,15.195326092401077,
a9b4724c34,180,448,3136,31.36,2469.8993787760696,1.3665489759849612,69.42593882082137,13.653689514988296,
a9b4724c34,180,449,3143,31.43,2462.1081715123496,1.6366058546727729,69.30778041711896,14.979543128408967,
a9b4724c34,180,450,3150,31.5,2448.7803946476106,2.787141994848098,67.46065767331423,7.275867124347915,
a9b4724c34,180,451,3157,31.57,2444.689164655423,4.171905752230703,70.10771243421699,14.930835246510814,
a9b4724c34,180,452,3164,31.64,2443.423795324123,4.327096663060989,66.4863835673335,7.788384146465656,
a9b4724c34,180,453,3171,31.71,2438.4374151958827,2.7718376500717077,73.06449433642153,8.189822935164942,
a9b4724c34,180,454,3178,31.78,2406.0500332337974,1.094894747393413,68.06429847731225,9.076573900440737,
a9b4724c34,180,455,3185,31.85,2399.862720518772,1.6014443630893163,65.89678253217585,2.683187522974613,
a9b4724c34,180,456,3192,31.92,2387.5338900136526,1.1850769534562433,66.08060248408296,5.395145070814398,
a9b4724c34,180,457,3199,31.99,2386.6364415547955,1.6733591057504942,65.60690868831982,14.24955383968343,
a9b4724c34,180,458,3206,32.06,2373.218115791185,0.4911636349096879,61.565240214380594,4.637596373595161,
a9b4724c34,180,459,3213,32.13,2372.1141605807666,2.2419644007105655,62.39710930059292,18.840739473341785,
a9b4724c34,180,460,3220,32.2,2350.296767540106,1.2166296897446078,63.959423528879945,3.2311995736716,
a9b4724c34,180,461,3227,32.27,2343.6181725309234,1.8564465363449627,64.66726847043869,13.751096036931491,
a9b4724c34,180,462,3234,32.34,2330.700056260291,1.0005337965874517,64.8563021235749,5.8111658951315,
a9b4724c34,180,463,3241,32.41,2327.8943597693424,2.303826611492563,64.79783774873496,9.644185226259708,
a9b4724c34,180,464,3248,32.48,2326.7085873079077,1.8451210888080654,64.62688359791136,10.390648653168299,
a9b4724c34,180,465,3255,32.55,2309.8447692231057,1.3291706493908817,65.68068325415739,12.83794540346072,
a9b4724c34,180,466,3262,32.62,2303.5402816923975,1.0992566877376428,69.03181083194252,9.486925108693452,
a9b4724c34,180,467,3269,32.69,2297.600169832669,1.4855316653739299,66.91275645393897,6.721488090993167,
a9b4724c34,180,468,3276,32.76,2294.292072056786,3.1258763808922017,65.7465789934064,12.68293308990768,
a9b4724c34,180,469,3283,32.83,2289.6120043090486,2.184591223283921,69.90048369859215,15.863735727634952,
a9b4724c34,180,470,3290,32.9,2271.682363797422,1.124833740722013,68.3960763178893,10.794325331521334,
a9b4724c34,180,471,3297,32.97,2266.21652969621,1.2506438893184335,65.8199556455375,4.059817128673257,
a9b4724c34,180,472,3304,33.04,2264.9835522294907,0.7763564268196583,69.43210453881157,4.799177402109762,
a9b4724c34,180,473,3311,33.11,2262.1307468675454,1.4585501744516913,67.947342839669,14.500486877100677,
a9b4724c34,180,474,3318,33.18,2252.2552647722373,1.1410075834972713,68.92904101403822,11.084164250977201,
a9b4724c34,180,475,3325,33.25,2246.671538630327,1.3931311412252383,68.2046073837461,9.448669016967756,
a9b4724c34,180,476,3332,33.32,2237.7271073406537,0.33144383241922715,70.5553810741075,2.687361075388811,
a9b4724c34,180,477,3339,33.39,2237.2285945397844,0.9849724610598272,69.85673450229226,9.315599083934332,
a9b4724c34,180,478,3346,33.46,2233.1968814935,2.1292228144946446,70.20329023248856,20.60803686268658,
a9b4724c34,180,479,3353,33.53,2214.981953143724,1.1574500543445623,73.62197491095226,8.911342086854178,
a9b4724c34,180,480,3360,33.6,2208.5858639213743,1.9945217486436357,71.68981969022512,19.933827253645337,
a9b4724c34,180,481,3367,33.67,2190.4027218016936,1.426317449332927,67.6375537258609,11.968339875122686,
a9b4724c34,180,482,3374,33.74,2180.2195262542004,3.235641947062347,65.23456604705278,10.958677825303274,
a9b4724c34,180,483,3381,33.81,2169.8591622343,2.8746009024299504,67.81800818765728,5.195893580927683,
a9b4724c34,180,484,3388,33.88,2161.085860845974,1.3506775084686293,65.52799066031945,8.984389805175423,
a9b4724c34,180,485,3395,33.95,2152.5921716333355,0.779768812806356,62.5160438630271,4.924388263204051,
a9b4724c34,180,486,3402,34.02,2150.292416150199,1.52426770790254,63.5732990190073,6.885445955264912,
a9b4724c34,180,487,3409,34.09,2148.7427100953373,1.31062794714969,64.72086143844552,12.196346714241281,
a9b4724c34,180,488,3416,34.16,2140.2394227521113,1.4903419290967972,59.905314289138666,6.809828842197974,
a9b4724c34,180,489,3423,34.23,2139.0672322501728,2.2279731738439175,62.420478385178015,6.900472861101041,
a9b4724c34,180,490,3430,34.3,2137.638853785755,1.527738448371529,61.9992215806883,11.067778288553692,
a9b4724c34,180,491,3437,34.37,2127.655388733578,1.215047064634498,63.85415245856454,11.8919710654068,
a9b4724c34,180,492,3444,34.44,2121.384603998697,2.6983479655958926,60.12184059303557,9.35282581142827,
a9b4724c34,180,493,3451,34.51,2115.1802396931016,3.0465112899334437,64.29307339904723,11.693922112532217,
a9b4724c34,180,494,3458,34.58,2108.404007666058,1.5597227205458346,63.783367290890496,8.355028927860984,
a9b4724c34,180,495,3465,34.65,2096.8371345953524,0.987403128078272,62.413776923087084,2.9689710554625117,
a9b4724c34,180,496,3472,34.72,2096.5282410973905,1.1995228476901063,62.797074723421865,10.674821267540414,
a9b4724c34,180,497,3479,34.79,2091.895530725335,0.9846056188131916,62.816930877676626,8.570999341395623,
a9b4724c34,180,498,3486,34.86,2089.410777057142,0.9595319953549588,63.250418706304096,7.664549203287664,
a9b4724c34,180,499,3493,34.93,2086.1208953533533,0.9206380541122682,62.892082525109494,7.803952229221507,
a9b4724c34,180,500,3500,35.0,2082.164587745762,1.7115771821040597,64.7768583532205,5.830126163488275,
a9b4724c34,180,501,3507,35.07,2079.799590013096,2.016885153755176,67.7069236137037,7.208753067616345,
a9b4724c34,180,502,3514,35.14,2078.036015903735,4.4024997672101795,67.38378637618615,19.953388058239668,
a9b4724c34,180,503,3521,35.21,2073.9211010257436,5.666684096226741,75.38706797942923,20.40737500219509,
a9b4724c34,180,504,3528,35.28,2057.8936740146974,2.4933091856518947,75.81873637897027,13.615976667325981,
a9b4724c34,180,505,3535,35.35,2031.510486990281,2.1293560518224997,71.23667115700542,17.879536636867975,
a9b4724c34,180,506,3542,35.42,2011.5494138712213,1.3940090416529167,69.79646381154942,3.216039905548789,
a9b4724c34,180,507,3549,35.49,2005.6197975608466,1.3801955615514008,69.18277209023732,6.494620323862507,
a9b4724c34,180,508,3556,35.56,1997.075678458696,1.12542033277968,71.65041259148069,10.213401889419659,
a9b4724c34,180,509,3563,35.63,1991.173885640985,0.7741013738909434,71.08734727413386,7.410187460389283,
a9b4724c34,180,510,3570,35.7,1988.571760292626,1.7693194573376911,70.84414559643032,13.304871490398476,
a9b4724c34,180,511,3577,35.77,1975.616554125316,1.0697269997423682,66.18332564567645,7.930023301041045,
a9b4724c34,180,512,3584,35.84,1970.125425514864,1.3178789594135565,63.35963323749766,12.146223416948452,
a9b4724c34,180,513,3591,35.91,1965.4251306400083,1.0662474516057632,64.32417233255308,6.797724933484552,
a9b4724c34,180,514,3598,35.98,1963.2657025993005,3.173364241517798,64.78303470017056,12.682922165507506,
a9b4724c34,180,515,3605,36.05,1959.5998993624535,1.809669650989755,70.19028191495067,11.840742697529494,
a9b4724c34,180,516,3612,36.12,1947.105781399601,1.499514386481535,68.34806367936157,8.236166537886682,
a9b4724c34,180,517,3619,36.19,1939.6980555801165,1.527338328334958,64.6314789631478,10.84411078143257,
a9b4724c34,180,518,3626,36.26,1930.2402162973967,1.231387276004428,65.8757958762671,5.535328086378181,
a9b4724c34,180,519,3633,36.33,1927.824776915775,2.325179261242235,63.00881147665261,17.51108567854603,
a9b4724c34,180,520,3640,36.4,1912.4922043061765,2.088599204051401,67.64347096412466,15.106862177396838,
a9b4724c34,180,521,3647,36.47,1899.2437474440308,1.291202290130222,64.14548230116804,6.532868611718962,
a9b4724c34,180,522,3654,36.54,1894.5338860559511,0.9230231371222027,64.2507320262279,5.256438423104988,
a9b4724c34,180,523,3661,36.61,1893.0566124105792,1.8293621388565775,63.704645142403514,17.393471390036936,
a9b4724c34,180,524,3668,36.68,1884.2132620300385,1.5837066255892567,67.15558383126609,9.347795226098679,
a9b4724c34,180,525,3675,36.75,1878.16820104533,1.5496923947322883,62.75683742329848,9.215796655238433,
a9b4724c34,180,526,3682,36.82,1870.7472769070991,1.2052006227202927,62.43805935009867,10.309833568379617,
a9b4724c34,180,527,3689,36.89,1865.8502828002993,2.3023599894129436,58.80119143532857,9.572426264628174,
a9b4724c34,180,528,3696,36.96,1863.9102957705861,2.1852410413378154,63.99482316857918,19.301888181239804,
a9b4724c34,180,529,3703,37.03,1843.5987432812544,1.0720393101457024,54.99511016318246,8.743415386386761,
a9b4724c34,180,530,3710,37.1,1839.6268562544913,0.7289042062058222,56.629249554309744,4.136528222707547,
a9b4724c34,180,531,3717,37.17,1837.2915853376667,0.9178910542681022,55.78304805012415,7.683207586799754,
a9b4724c34,180,532,3724,37.24,1834.3256754236963,0.8322582551864971,56.07864320092453,7.0199496016368546,
a9b4724c34,180,533,3731,37.31,1831.9085328839558,1.1780827414988049,53.757672422681914,7.400713229830613,
a9b4724c34,180,534,3738,37.38,1828.1203323112836,1.2764174507897659,56.14177125334472,11.219073179092922,
a9b4724c34,180,535,3745,37.45,1823.486414681454,1.6853597086971308,53.739612733565345,8.085322855958847,
a9b4724c34,180,536,3752,37.52,1814.9789570425462,1.4895905419230335,55.79230898474154,11.291907784780191,
a9b4724c34,180,537,3759,37.59,1813.3344657647476,0.7179998213425611,55.210455225441095,4.26555584645174,
a9b4724c34,180,538,3766,37.66,1808.0609599621298,0.5771470860313141,52.141170154189446,4.536285823763476,
a9b4724c34,180,539,3773,37.73,1806.4287173411378,0.8628570275061047,52.16083449501755,8.264398723973084,
a9b4724c34,180,540,3780,37.8,1803.147204241462,0.9928252117602191,52.76523525116218,5.6302767368571915,
a9b4724c34,180,541,3787,37.87,1800.0802064640357,1.4091729437251905,53.91742521673324,5.652944026136428,
a9b4724c34,180,542,3794,37.94,1799.8006416415305,1.2401150689011764,54.85693007496947,9.902846523638019,
a9b4724c34,180,543,3801,38.01,1795.6516008809429,0.759459259428585,55.96821433438961,2.568907088418873,
a9b4724c34,180,544,3808,38.08,1794.3172773283386,0.8248838027528373,54.10640242229875,6.837207048399442,
a9b4724c34,180,545,3815,38.15,1791.2752746988099,2.7183411860466187,54.53412546669476,13.594489514006515,
a9b4724c34,180,546,3822,38.22,1784.8230861832756,1.4101635853849968,56.817157646450596,9.718589331622734,
a9b4724c34,180,547,3829,38.29,1776.331868013139,1.858686745875235,56.183805229888954,8.23151149351612,
a9b4724c34,180,548,3836,38.36,1761.2167649942035,1.1666615648180705,54.23148693899549,10.424975077967519,
a9b4724c34,180,549,3843,38.43,1756.1943523130392,0.9777337087326137,52.723956656481185,5.562916912533894,
a9b4724c34,180,550,3850,38.5,1752.470659231587,0.30335175180404267,51.844444691662765,2.1074211485672856,
a9b4724c34,180,551,3857,38.57,1752.0504491779302,1.533294322739636,51.55012876624783,15.519651903112544,
a9b4724c34,180,552,3864,38.64,1746.762169542045,1.4013251668530045,59.89937524834891,10.560998839042815,
a9b4724c34,180,553,3871,38.71,1740.2184875054024,1.0741851056818732,52.69623663639748,3.455724446943159,
a9b4724c34,180,554,3878,38.78,1734.9315686968062,0.5953699186549672,56.040038773624445,3.8702197511031913,
a9b4724c34,180,555,3885,38.85,1733.2878744654058,1.4382214103408113,53.78372798156791,7.099412634613852,
a9b4724c34,180,556,3892,38.92,1730.4114435272452,0.9926304613465043,58.64998866300884,6.520997933536168,
a9b4724c34,180,557,3899,38.99,1727.1776593639495,0.7636999889728753,57.394696442620074,5.269689523758878,
a9b4724c34,180,558,3906,39.06,1724.2536280656434,0.7805213138669922,58.95145508398098,6.897529701849168,
a9b4724c34,180,559,3913,39.13,1721.3652242539763,1.9563689321042095,60.806719577935915,15.303773620233088,
a9b4724c34,180,560,3920,39.2,1709.7537642083696,1.5412928642886699,57.648810443766244,11.204130511459192,
a9b4724c34,180,561,3927,39.27,1704.3787474203687,1.1705816391634107,57.44645442048026,4.736306280691781,
a9b4724c34,180,562,3934,39.34,1702.1118011988217,1.1625710516429242,57.59551369393549,7.284534098686169,
a9b4724c34,180,563,3941,39.41,1698.9970780505557,0.8477929805154579,58.42985977715585,2.435308991630981,
a9b4724c34,180,564,3948,39.48,1697.9894769596933,1.2941702875155692,58.5262918813863,11.20439110806688,
a9b4724c34,180,565,3955,39.55,1692.6467530700354,1.533129821426505,59.78009815104485,13.01271960990442,
a9b4724c34,180,566,3962,39.62,1684.468305559558,1.5928567493847112,57.230043680731114,13.423439291291345,
a9b4724c34,180,567,3969,39.69,1674.3047927231312,0.9827990710930892,58.05844897741725,7.111643039372536,
a9b4724c34,180,568,3976,39.76,1671.2661260143243,3.832676038067134,57.809795849354835,15.537785709993884,
a9b4724c34,180,569,3983,39.83,1659.9440118982504,1.9402635308559326,66.37408056304818,11.680180021216554,
a9b4724c34,180,570,3990,39.9,1645.7022065878596,1.4213200974834188,58.931431145016354,8.530227530797884,
a9b4724c34,180,571,3997,39.97,1638.0960395278162,0.9919688389778966,59.3849377633623,8.64778724177126,
a9b4724c34,180,572,4004,40.04,1634.0958117709479,1.126181667973081,58.36386777407861,6.611497320408232,
a9b4724c34,180,573,4011,40.11,1628.3335630753545,1.2390232580249596,59.2882464450443,6.8263585175320385,
a9b4724c34,180,574,4018,40.18,1621.947039780669,1.2069386277414653,56.217924423016214,10.559304266981838,
a9b4724c34,180,575,4025,40.25,1616.4823373664021,0.9323072301021035,55.482000144879876,8.300629273635598,
a9b4724c34,180,576,4032,40.32,1613.1533534586208,1.4461705097962247,54.37677399553127,9.12061355009074,
a9b4724c34,180,577,4039,40.39,1605.7246168058803,0.8501518648825095,59.84485595649031,6.87385948983164,
a9b4724c34,180,578,4046,40.46,1602.0531304293638,0.8159655051386426,56.38212354200957,7.356341067675958,
a9b4724c34,180,579,4053,40.53,1599.1240282890371,1.4318792042884039,57.38031700016436,13.534499352419614,
a9b4724c34,180,580,4060,40.6,1590.9724542937133,0.4971611841665878,54.50367031007947,3.19700484916073,
a9b4724c34,180,581,4067,40.67,1590.0639447262286,0.7512939808330964,53.92305668496766,5.941546840376431,
a9b4724c34,180,582,4074,40.74,1588.9189738792809,0.7627371927061315,53.4092698726688,4.913153619383318,
a9b4724c34,180,583,4081,40.81,1586.9282084561733,0.7430460272544922,53.18113683558102,6.595059570339808,
a9b4724c34,180,584,4088,40.88,1584.851771323153,1.6168358441840744,54.25892753570593,5.00645214380443,
a9b4724c34,180,585,4095,40.95,1584.7063656951682,1.2599247159875158,57.35820758992189,7.970434585003413,
a9b4724c34,180,586,4102,41.02,1579.0061000435076,0.8910785044286259,54.682106473959934,6.488051196490815,
a9b4724c34,180,587,4109,41.09,1575.9513884869332,0.8494304673782483,54.962955077187665,5.985965691997409,
a9b4724c34,180,588,4116,41.16,1572.5217773045565,1.1661009668175037,51.705094130297155,7.700631680344188,
a9b4724c34,180,589,4123,41.23,1566.3088440870902,1.7475924500074447,53.40094392615216,7.168853505745369,
a9b4724c34,180,590,4130,41.3,1566.042272209754,1.3732047689845228,54.675210804251016,7.487829855266928,
a9b4724c34,180,591,4137,41.37,1560.410842365325,1.498747772602711,53.80828651542112,12.881930552483583,
a9b4724c34,180,592,4144,41.44,1557.4323229146098,1.3325482645305964,53.99501321469057,5.006387570320561,
a9b4724c34,180,593,4151,41.51,1557.018879523358,1.3308011772559734,52.254702018282025,5.866106102758691,
a9b4724c34,180,594,4158,41.58,1554.5463600050464,1.594464287262666,54.203498211669555,10.729160167500861,
a9b4724c34,180,595,4165,41.65,1545.41710114583,1.1810474446638677,50.76588929892051,6.86491730800184,
a9b4724c34,180,596,4172,41.72,1540.8680408651867,2.3329391175181198,50.915878345665135,10.688531588574582,
a9b4724c34,180,597,4179,41.79,1531.0362832734431,2.6415768207872183,54.63837385015628,10.461101318541907,
a9b4724c34,180,598,4186,41.86,1530.171543155462,1.5349236245302225,62.42071514985759,6.276967776825557,
a9b4724c34,180,599,4193,41.93,1519.0131141974616,1.0896710999760284,53.618543491205905,9.126689897955428,
a9b4724c34,180,600,4200,42.0,1513.3457934657456,1.758485431215232,56.07140916344669,17.073765852142177,
a9b4724c34,180,601,4207,42.07,1500.0302167181835,0.728864565641457,54.479131047884664,4.913523414815606,
a9b4724c34,180,602,4214,42.14,1497.8845567152755,0.7306086652523295,54.59846758180456,6.7988624339703705,
a9b4724c34,180,603,4221,42.21,1495.5440895608783,1.4677043798040157,51.78514157914917,7.186232994185796,
a9b4724c34,180,604,4228,42.28,1493.0450404917506,0.6825855951824477,53.39502698338958,4.976059525581683,
a9b4724c34,180,605,4235,42.35,1491.1979979222474,0.8840066322460329,52.69230395806542,7.782455402032346,
a9b4724c34,180,606,4242,42.42,1487.9013886050536,1.8560536274245887,50.99731005086481,8.722056511643245,
a9b4724c34,180,607,4249,42.49,1484.361345314355,1.0181841815053663,54.53089024910675,4.452889163592892,
a9b4724c34,180,608,4256,42.56,1480.0538188268702,0.926489801109674,52.80503089854103,5.850652535634314,
a9b4724c34,180,609,4263,42.63,1476.39903149704,1.4573832840040983,51.23227554685515,5.773275482877388,
a9b4724c34,180,610,4270,42.7,1475.0429366689564,1.4867338321315848,51.77434924139632,10.49642938977129,
a9b4724c34,180,611,4277,42.77,1463.8477619326122,0.7769651954972479,51.61289721138957,6.837027241697607,
a9b4724c34,180,612,4284,42.84,1460.8858112406176,0.5301100379471931,50.12251311017118,2.899904212193111,
a9b4724c34,180,613,4291,42.91,1459.5087527655724,1.1994538536197443,51.576741572580644,11.721069355814759,
a9b4724c34,180,614,4298,42.98,1453.925911200244,2.299974422602689,50.39891859769791,9.139766212033273,
a9b4724c34,180,615,4305,43.05,1450.70104652537,1.259691176731897,52.86578693922129,10.59984719121545,
a9b4724c34,180,616,4312,43.12,1442.7461375072405,1.2191379287037223,50.823777930662565,11.87544152375102,
a9b4724c34,180,617,4319,43.19,1435.4115024004013,0.5956520682049801,47.74175525641561,3.8429518317785885,
a9b4724c34,180,618,4326,43.26,1433.7686621604657,1.3567130473843223,45.856887429216926,13.808597254312769,
a9b4724c34,180,619,4333,43.33,1426.6660812512957,1.4332701919007431,48.53793100423859,11.382198303629478,
a9b4724c34,180,620,4340,43.4,1417.216892508532,1.2817042324485153,43.20775475712266,7.631984046690348,
a9b4724c34,180,621,4347,43.47,1409.8249194553296,0.845652618111671,45.21397271185206,7.383199934141639,
a9b4724c34,180,622,4354,43.54,1406.7342639286314,0.9503109950672705,44.61817580919823,6.279783689250179,
a9b4724c34,180,623,4361,43.61,1403.491819106341,1.0543474240068669,44.405863957541825,5.486657574666184,
a9b4724c34,180,624,4368,43.68,1398.2441304883332,0.8421983972054458,42.96506164791609,8.262108587889161,
a9b4724c34,180,625,4375,43.75,1394.8505165696547,1.0599932112563157,40.908871240688065,5.3490450939968435,
a9b4724c34,180,626,4382,43.82,1394.7389001183199,0.9907640419970614,43.712890129499264,8.608165157155291,
a9b4724c34,180,627,4389,43.89,1390.710263085623,0.7775049301329837,42.005094404224536,7.2648418479633685,
a9b4724c34,180,628,4396,43.96,1388.5246876433955,2.748678864333299,40.862313389762896,13.893885739509017,
a9b4724c34,180,629,4403,44.03,1375.4895687311207,1.6002539232161368,49.13460570182728,3.9850926718475406,
a9b4724c34,180,630,4410,44.1,1375.1341695108151,1.1362739419306997,46.17217614812828,7.205466663766744,
a9b4724c34,180,631,4417,44.17,1368.6880083184958,0.6932944350507088,44.4591469738934,6.287475522481919,
a9b4724c34,180,632,4424,44.24,1366.2545053708504,1.0414273978858921,44.90368677741287,7.439266079405035,
a9b4724c34,180,633,4431,44.31,1362.486957659792,0.8870330370972604,44.87054404977743,7.268134672527256,
a9b4724c34,180,634,4438,44.38,1359.4351247111806,1.2030694180644457,42.600588512840886,3.803585704949026,
a9b4724c34,180,635,4445,44.45,1358.6432047296385,2.1996232849434585,46.041608935915654,4.673879155202211,
a9b4724c34,180,636,4452,44.52,1358.3146122376938,1.525960799966383,49.22940323043383,11.12325908748134,
a9b4724c34,180,637,4459,44.59,1353.095021260752,1.2018067087600859,40.45697272946113,5.9228044286267885,
a9b4724c34,180,638,4466,44.66,1349.140405933323,1.0094792253347173,46.93501784468036,8.234091014145827,
a9b4724c34,180,639,4473,44.73,1345.5353191296438,0.7054961388479103,41.109169904799245,3.937633945132832,
a9b4724c34,180,640,4480,44.8,1343.9836548703847,1.1033556104757116,45.02559183475982,10.596472549953596,
a9b4724c34,180,641,4487,44.87,1340.2500641031372,1.2382799878439503,42.22924542921175,8.584395657184036,
a9b4724c34,180,642,4494,44.94,1334.301139841543,0.9383274426334522,41.913497325532106,3.3775748543086768,
a9b4724c34,180,643,4501,45.01,1332.2711896761175,0.9207575456794007,41.359924202538885,4.05351262796406,
a9b4724c34,180,644,4508,45.08,1329.4381991036769,0.8652401402733153,41.469152348997326,6.619755580053259,
a9b4724c34,180,645,4515,45.15,1327.2311858122853,1.467653594510269,41.81148735491389,14.20850033427014,
a9b4724c34,180,646,4522,45.22,1316.4281566628158,1.3033878162503447,42.26687494981293,4.3363564766671585,
a9b4724c34,180,647,4529,45.29,1315.78695979366,1.3993854571466244,43.77195939693502,10.121636470939698,
a9b4724c34,180,648,4536,45.36,1307.4696454925995,1.419240564572846,44.18256791097279,5.216653286419413,
a9b4724c34,180,649,4543,45.43,1306.9773336002481,0.7062036960305067,46.10693680472491,2.7902275517899313,
a9b4724c34,180,650,4550,45.5,1304.595861741768,0.7226214073090346,44.68510046360665,7.136023808352647,
a9b4724c34,180,651,4557,45.57,1302.502298489693,1.74833537315398,42.37658503220084,7.766561242566246,
a9b4724c34,180,652,4564,45.64,1302.3059323168989,2.2485068540144155,45.6025053630768,7.996270371858962,
a9b4724c34,180,653,4571,45.71,1300.341120663099,2.486489740051676,44.44226837766642,4.685346943484606,
a9b4724c34,180,654,4578,45.78,1299.9741127681466,1.5674640249458047,51.28167513113194,11.81780600565562,
a9b4724c34,180,655,4585,45.85,1289.9457216811486,2.379844403917353,42.74976618510082,8.246086229468084,
a9b4724c34,180,656,4592,45.92,1286.9020089973633,1.4202834397433242,48.51845364611065,6.2136822794692,
a9b4724c34,180,657,4599,45.99,1278.9433590388298,1.5549984388193963,45.28846432109203,11.801427130648097,
a9b4724c34,180,658,4606,46.06,1268.4481336668096,0.4509508431362586,43.32956720099034,3.7177601628242747,
a9b4724c34,180,659,4613,46.13,1267.5506114973532,1.7869312095803827,42.49153323337528,8.783442338083207,
a9b4724c34,180,660,4620,46.2,1265.6773935885426,1.099863612656262,44.69779246848635,6.850769523726673,
a9b4724c34,180,661,4627,46.27,1259.8604013559784,1.458434118444072,44.87790139323906,6.961742534277159,
a9b4724c34,180,662,4634,46.34,1259.7019838357053,1.979537170964077,46.69064462896178,5.390809264174627,
a9b4724c34,180,663,4641,46.41,1256.834218956258,1.212073623615589,49.3511240694173,9.035442356634189,
a9b4724c34,180,664,4648,46.48,1249.8873888482692,0.8996143036381077,46.20441638917719,7.4139000651908376,
a9b4724c34,180,665,4655,46.55,1246.2602313438185,1.3856352802598624,43.65936776747473,6.4386450971108165,
a9b4724c34,180,666,4662,46.62,1244.4612415661963,0.9723572518797529,45.68838960296513,8.130959731676532,
a9b4724c34,180,667,4669,46.69,1240.01503858418,1.7192263655609132,43.29398420976925,6.385623575743265,
a9b4724c34,180,668,4676,46.76,1238.4977366429018,1.2175952515160364,44.3751746853357,7.422154465335536,
a9b4724c34,180,669,4683,46.83,1232.159437292688,0.4250874335021861,41.822053009500756,2.0442008873373605,
a9b4724c34,180,670,4690,46.9,1231.3840727372906,0.47759139073689444,41.485483622784585,2.96858410915482,
a9b4724c34,180,671,4697,46.97,1230.2370631710646,0.8646951408407269,41.07024312764047,8.520778156525132,
a9b4724c34,180,672,4704,47.04,1227.368036018292,0.7017207208067718,40.95533626400306,6.120532416814649,
a9b4724c34,180,673,4711,47.11,1225.286099299397,1.3276263777966884,40.51378651068041,6.333446822826112,
a9b4724c34,180,674,4718,47.18,1224.6960848778383,1.1808788901438854,44.84716844591252,7.65033683642453,
a9b4724c34,180,675,4725,47.25,1219.2519387105972,1.9292623780627578,41.721020284814465,7.619719149302744,
a9b4724c34,180,676,4732,47.32,1218.491596656801,1.5349939177031715,46.25576916046996,12.182200644881325,
a9b4724c34,180,677,4739,47.39,1208.170019255717,0.42949027272391826,43.43883350429295,2.653947753669618,
a9b4724c34,180,678,4746,47.46,1207.2488365216977,0.8164601754935169,42.54954112163812,7.03415998357782,
a9b4724c34,180,679,4753,47.53,1203.921606915767,0.4582080839016098,43.48608519898491,2.852608737863763,
a9b4724c34,180,680,4760,47.6,1202.902613615088,0.7794641291558867,43.434334824899366,3.0963558837057272,
a9b4724c34,180,681,4767,47.67,1202.4607212310352,0.9275325644009204,43.25139033971601,9.264993724131495,
a9b4724c34,180,682,4774,47.74,1198.635311416359,0.7692742692942223,43.4546603184113,6.923556002290704,
a9b4724c34,180,683,4781,47.81,1195.840591518441,0.8562453296298205,42.0907999860982,4.988745253247346,
a9b4724c34,180,684,4788,47.88,1192.8781708139427,0.548701130873626,40.458303204720096,1.5630172181025528,
a9b4724c34,180,685,4795,47.95,1191.5877005946998,0.24702852679295023,40.77631949237311,1.8788991730436628,
a9b4724c34,180,686,4802,48.02,1191.3706413902944,0.7501601353963907,40.02741895506248,5.064438227426958,
a9b4724c34,180,687,4809,48.09,1189.889803503796,1.0951798177829102,41.40854510487536,4.459387013347802,
a9b4724c34,180,688,4816,48.16,1184.7436073939234,0.9537993114537587,39.38071366788409,8.72707974054678,
a9b4724c34,180,689,4823,48.23,1182.6008113744456,0.7355352709033531,40.143074297358474,4.813110717597107,
a9b4724c34,180,690,4830,48.3,1181.506418203157,0.8321312271395915,38.83313494120704,6.8974121668423,
a9b4724c34,180,691,4837,48.37,1178.1175344590013,0.8489293020118704,40.30818201647249,8.060537173917078,
a9b4724c34,180,692,4844,48.44,1174.7349945936812,1.7251254613592772,40.99936800439605,6.918075725431573,
a9b4724c34,180,693,4851,48.51,1174.2758935791246,1.5525722506730022,42.60405368893412,14.629897826907586,
a9b4724c34,180,694,4858,48.58,1165.0423384224168,0.985674942864583,39.688540776034614,9.486193239731623,
a9b4724c34,180,695,4865,48.65,1160.1825400932046,1.5296818860805292,39.398792336451685,6.001114639450887,
a9b4724c34,180,696,4872,48.72,1157.4652724742468,0.9735771161935126,44.150220878114816,7.340744494249407,
a9b4724c34,180,697,4879,48.79,1154.907706861106,1.4249013045488288,44.22257905685233,10.826535814821874,
a9b4724c34,180,698,4886,48.86,1145.0753550965958,0.9978915081755404,41.463514934497056,7.619700057736794,
a9b4724c34,180,699,4893,48.93,1141.2591440355775,1.4763323625372238,43.384759594084336,14.440705584186093,
a9b4724c34,180,700,4900,49.0,1134.0905994279542,0.6382453437415304,39.28499660667279,2.93219564880769,
a9b4724c34,180,701,4907,49.07,1132.4981051878708,0.5534808912971642,38.12777127682194,5.4802901830516655,
a9b4724c34,180,702,4914,49.14,1130.9304635217484,1.1429371615688717,37.65967838910296,5.330223321961471,
a9b4724c34,180,703,4921,49.21,1130.0320397379808,1.5141702780010846,39.197219467756476,14.482265056254018,
a9b4724c34,180,704,4928,49.28,1121.4616635599832,0.7551549541182934,41.04484862422957,3.4372097858227995,
a9b4724c34,180,705,4935,49.35,1119.8963216309523,0.8830325723925514,37.16489089953949,7.851190231879415,
a9b4724c34,180,706,4942,49.42,1116.2655986007435,0.46509230951339636,38.832773122889876,3.82471216083117,
a9b4724c34,180,707,4949,49.49,1115.3224579447208,1.030309906502606,37.90402599744033,8.856039304559724,
a9b4724c34,180,708,4956,49.56,1110.6936291142974,0.5289330412158186,36.61883605909539,4.595997469240949,
a9b4724c34,180,709,4963,49.63,1109.5164827642407,0.4403090398215952,36.095828086152146,3.7124840153664995,
a9b4724c34,180,710,4970,49.7,1108.6411809373938,0.7839057481796718,36.78662978363784,3.2530888950027124,
a9b4724c34,180,711,4977,49.77,1105.9852203207736,0.40899597397225396,36.88391703850481,3.4325515420263244,
a9b4724c34,180,712,4984,49.84,1105.4525893946957,0.6226957523996983,36.79068048255963,4.322230340474297,
a9b4724c34,180,713,4991,49.91,1103.5297523223683,0.4982833454367943,36.033887466165126,4.833309873368107,
a9b4724c34,180,714,4998,49.98,1102.4828431788765,1.8156367277917784,36.33659890137606,9.07199589686164,
a9b4724c34,180,715,5005,50.05,1101.4682290923183,1.4024353797680882,43.20661571349363,9.792134200775472,
a9b4724c34,180,716,5012,50.12,1094.6842796377148,0.74570362451795,38.58274690698554,0.879209724480714,
a9b4724c34,180,717,5019,50.19,1093.1510757619074,0.6460503841919685,38.192429427928865,5.465443141808863,
a9b4724c34,180,718,5026,50.26,1091.68738514916,0.46301538506916917,37.77656516420851,3.6007474100582995,
a9b4724c34,180,719,5033,50.33,1090.8690540157083,0.854839026565375,38.26518229299254,2.4893203833858735,
a9b4724c34,180,720,5040,50.4,1090.4733761696843,0.880940062837967,38.004109767322134,8.316961295700716,
a9b4724c34,180,721,5047,50.47,1086.7686888963271,2.4389128322221785,36.46746590696546,11.753823100187768,
a9b4724c34,180,722,5054,50.54,1081.3603945089167,1.3179061934477276,42.59968249947637,11.573607977099506,
a9b4724c34,180,723,5061,50.61,1074.5513203024923,0.6988953295258157,39.10093798870959,6.118491708063845,
a9b4724c34,180,724,5068,50.68,1072.659026623261,2.070724560921284,37.04840169599536,4.12873991518231,
a9b4724c34,180,725,5075,50.75,1072.400550371865,1.129824199561882,43.18475391752143,2.7955782325213567,
a9b4724c34,180,726,5082,50.82,1067.5660431683386,0.7330009497151044,37.807019689483035,5.026817208964823,
a9b4724c34,180,727,5089,50.89,1065.469443040727,0.5232544435651706,37.99564217284241,4.168725280349734,
a9b4724c34,180,728,5096,50.96,1064.2545346737888,1.03542913116581,37.83260724280905,4.33598847491744,
a9b4724c34,180,729,5103,51.03,1063.4467663199823,1.209810164857546,39.779582008076666,3.4134668460296917,
a9b4724c34,180,730,5110,51.1,1061.7301447359116,1.8104848924691517,39.01873320872963,2.5453351273816396,
a9b4724c34,180,731,5117,51.17,1060.4588587282126,1.6854662840374337,39.84250368847419,2.9332935528540403,
a9b4724c34,180,732,5124,51.24,1059.905549660669,1.318089155225591,39.97756964400892,9.439841088790143,
a9b4724c34,180,733,5131,51.31,1053.243902030727,0.7211392898140322,40.882090303575986,5.410553925401292,
a9b4724c34,180,734,5138,51.38,1051.1143730671586,0.9411518509613447,39.15765504548289,8.909521070561942,
a9b4724c34,180,735,5145,51.45,1046.9940367920874,0.40334486888037263,38.79768647768062,3.6705679719792847,
a9b4724c34,180,736,5152,51.52,1046.3406573569232,1.1081706933869886,39.353817675605086,10.138720598320974,
a9b4724c34,180,737,5159,51.59,1042.9874783977486,1.0115168575797084,38.56421346774446,8.633616882706113,
a9b4724c34,180,738,5166,51.66,1040.05851166168,0.9265134740304738,39.529398073488615,6.108462145072024,
a9b4724c34,180,739,5173,51.73,1036.6737959887112,1.0523328485769505,38.06631457277578,10.043420449915223,
a9b4724c34,180,740,5180,51.8,1031.9458992529865,1.195898981229478,37.13230867879137,5.353852750745103,
a9b4724c34,180,741,5187,51.87,1031.2906165032118,0.9289658329295349,37.34696829786725,8.141027756811328,
a9b4724c34,180,742,5194,51.94,1028.0509034683573,0.646277141696927,36.858056565786434,5.906422585707295,
a9b4724c34,180,743,5201,52.01,1026.3674928822122,0.7133688543302968,37.11697242074294,6.608625296664171,
a9b4724c34,180,744,5208,52.08,1023.9087807198284,1.5921496470761067,36.08865510095132,7.3527938231935925,
a9b4724c34,180,745,5215,52.15,1022.3174044039898,0.7939830377632534,39.15714814226634,3.513100013061214,
a9b4724c34,180,746,5222,52.22,1019.4165555072398,1.0088589072981269,37.003690683885445,8.342958713081353,
a9b4724c34,180,747,5229,52.29,1014.8430168264529,0.6107686203994975,39.436881669059325,2.7027996978954403,
a9b4724c34,180,748,5236,52.36,1013.5396431196939,0.402015472599299,38.64148026776641,3.239028496063828,
a9b4724c34,180,749,5243,52.43,1012.9676049980197,0.6362298176380614,37.81778548902238,6.33072369721321,
a9b4724c34,180,750,5250,52.5,1011.5003679214759,0.563664551094795,35.472762543520844,3.9275909043744885,
a9b4724c34,180,751,5257,52.57,1009.961462578062,1.6141608382201489,36.147068227286944,7.59556625361576,
a9b4724c34,180,752,5264,52.64,1008.5940692333285,1.1527098550375716,37.14604280748103,5.3103064337790835,
a9b4724c34,180,753,5271,52.71,1004.0096355995368,1.4165252631264935,37.901155563881524,11.518734060098318,
a9b4724c34,180,754,5278,52.78,997.0898222188619,0.7584984740760058,37.220831138577694,4.3383210081613495,
a9b4724c34,180,755,5285,52.85,995.3554848220479,1.0129527900529256,37.30870805674651,8.743096311424074,
a9b4724c34,180,756,5292,52.92,992.8427316116087,0.8082987182544299,36.314268686691115,5.793735166530596,
a9b4724c34,180,757,5299,52.99,990.7170436916966,2.5103256276487236,35.189315907867474,10.471194131269238,
a9b4724c34,180,758,5306,53.06,984.6682051496888,1.175927980524774,42.3085518826116,6.296631953535335,
a9b4724c34,180,759,5313,53.13,978.9370547058036,0.7126097278262656,37.67795974450136,6.6280620449513306,
a9b4724c34,180,760,5320,53.2,977.4596127233966,0.5806627292878287,36.838250148720995,3.7923239700561746,
a9b4724c34,180,761,5327,53.27,975.9958692753598,0.8175088802888385,36.749979165718635,8.1166343512373,
a9b4724c34,180,762,5334,53.34,973.0656922810124,0.453816047971467,37.57858062526067,3.1184743265898205,
a9b4724c34,180,763,5341,53.41,972.145296894162,0.29528713174973603,36.53714301618714,2.928085550937641,
a9b4724c34,180,764,5348,53.48,971.7369654037367,0.9664445440553121,36.960795106064985,3.647095692222025,
a9b4724c34,180,765,5355,53.55,970.8894117118804,0.6494292602516984,37.29016931546567,0.45165470563642457,
a9b4724c34,180,766,5362,53.62,970.6570356919373,1.218977623337195,36.74239445559842,4.187191097206128,
a9b4724c34,180,767,5369,53.69,969.4731555804386,1.2581362869875088,37.559197657312666,4.795323920829064,
a9b4724c34,180,768,5376,53.76,968.8787762340237,1.2466157912494578,37.83057211519992,3.6075090017186335,
a9b4724c34,180,769,5383,53.83,968.7235050955378,0.896270216166206,38.11911907399844,5.801970026327481,
a9b4724c34,180,770,5390,53.9,965.5729067035229,1.7355535034026772,36.24385952084879,3.6389710034247726,
a9b4724c34,180,771,5397,53.97,964.9749774913828,1.0620014055011806,40.290986530393084,5.383672669513216,
a9b4724c34,180,772,5404,54.04,959.5980234558908,0.9347378461493333,36.033119753972265,3.687812582393065,
a9b4724c34,180,773,5411,54.11,958.792551728721,1.399792582719253,38.23626723998417,3.749795289989654,
a9b4724c34,180,774,5418,54.18,958.6003797004754,1.7014223104716473,35.75524130557661,4.862205098925693,
a9b4724c34,180,775,5425,54.25,957.3459485367101,2.328702010209354,37.73869455423909,9.901263752691495,
a9b4724c34,180,776,5432,54.32,955.1266264595541,1.387854579725336,37.080342370862276,8.082262471368962,
a9b4724c34,180,777,5439,54.39,945.293642087605,0.6439625622955302,35.18710057940072,6.281489616104199,
a9b4724c34,180,778,5446,54.46,943.2626425340385,0.5421744430110438,35.572045092595815,4.218259507605048,
a9b4724c34,180,779,5453,54.53,942.1790421242248,0.38203676400966236,35.1021971207276,2.6920064776799473,
a9b4724c34,180,780,5460,54.6,941.6209116630747,1.4060075202014493,35.211928084968754,3.7717813551827994,
a9b4724c34,180,781,5467,54.67,940.7838660108148,1.1619960463345544,37.327496052963504,9.542353120901716,
a9b4724c34,180,782,5474,54.74,936.2334337150699,0.7717604757583426,35.98674418598904,4.962675252179965,
a9b4724c34,180,783,5481,54.81,933.7867965593225,0.5355705649725285,35.472105332966095,5.251693721829315,
a9b4724c34,180,784,5488,54.88,932.3996426088349,1.0868729140679732,36.836394396360504,10.28338328088952,
a9b4724c34,180,785,5495,54.95,926.6318882166482,0.565597371632842,36.94953563220571,5.249210958214506,
a9b4724c34,180,786,5502,55.02,925.6051464416315,1.003988077402773,37.9161139306988,10.068800787595658,
a9b4724c34,180,787,5509,55.09,920.828554001117,0.6813346020331965,34.96071874962636,5.474508855379447,
a9b4724c34,180,788,5516,55.16,918.5328944445356,0.6383553170770213,36.68760691514445,5.366435614768371,
a9b4724c34,180,789,5523,55.23,916.5335567657723,0.4165965389833893,35.98623182439875,4.005603610092929,
a9b4724c34,180,790,5530,55.3,915.6862822942104,0.9486840204448785,36.589477479187295,8.857874238551178,
a9b4724c34,180,791,5537,55.37,911.884162462138,1.5900584797977892,39.429425228823376,5.665790614540117,
a9b4724c34,180,792,5544,55.44,910.5930865213818,0.9811689154357789,38.60074475970527,5.8896795766879535,
a9b4724c34,180,793,5551,55.51,907.1893522666229,0.6713535782843716,37.28381145123484,3.0525694413285915,
a9b4724c34,180,794,5558,55.58,906.3027915668777,1.6066344221112359,38.604620298435336,13.165513099338598,
a9b4724c34,180,795,5565,55.65,901.4763113158583,1.3399347604863907,38.28376093166495,4.509197038644212,
a9b4724c34,180,796,5572,55.72,901.3223681613231,1.4797610961790977,40.82989304425381,6.717652755490249,
a9b4724c34,180,797,5579,55.79,900.4998173884916,1.5306158717003817,37.58566864279363,6.052591041900133,
a9b4724c34,180,798,5586,55.86,897.4324484615034,1.5610337093425888,38.0855278590328,11.346834941872732,
a9b4724c34,180,799,5593,55.93,893.6016785604274,1.294192503567052,37.19048218604083,4.598180432684343,
a9b4724c34,180,800,5600,56.0,891.8227742658191,1.1796823365919387,36.383887240440146,1.0135693138356066,
a9b4724c34,180,801,5607,56.07,890.5388591429596,1.258502933594404,35.97144790075947,4.140521716923868,
a9b4724c34,180,802,5614,56.14,889.605590617774,1.3076580497392043,37.58403222826857,6.752575960054289,
a9b4724c34,180,803,5621,56.21,888.9765187918628,1.5990744930229768,36.17570464538545,9.382716357378358,
a9b4724c34,180,804,5628,56.28,884.0346766332273,0.7417363285957346,38.939040711572616,6.331673277430553,
a9b4724c34,180,805,5635,56.35,878.5144395032837,0.35362641872567707,32.33309702280207,2.8996586086835103,
a9b4724c34,180,806,5642,56.42,877.971893223438,0.8034717775533635,33.92478943061897,7.547608057412513,
a9b4724c34,180,807,5649,56.49,875.2058278812945,0.3222681440925032,32.62168539843005,2.5458747725488524,
a9b4724c34,180,808,5656,56.56,875.0203872314078,0.7726212091561653,32.75948970587655,7.661274516333546,
a9b4724c34,180,809,5663,56.63,872.4549928205397,0.6125853439781946,33.14627482998437,4.424167286549558,
a9b4724c34,180,810,5670,56.7,870.5367515000123,0.6876138865041079,33.28498403367753,6.880794173225925,
a9b4724c34,180,811,5677,56.77,868.4137135230336,0.7114652431728653,35.13734773021676,7.108492123466965,
a9b4724c34,180,812,5684,56.84,866.3541012428124,0.571905226892594,35.79429719322167,5.144774611458916,
a9b4724c34,180,813,5691,56.91,864.7878401446486,0.6689278527984549,33.946711920649044,3.644674985249149,
a9b4724c34,180,814,5698,56.98,863.1702331222591,0.7678552847962301,32.085973997755346,5.864088231256885,
a9b4724c34,180,815,5705,57.05,860.4485036317838,0.9473949077605062,30.85303132880853,3.2518698865945677,
a9b4724c34,180,816,5712,57.12,858.0551614134596,0.8860656575582871,30.635547908727627,8.059314713026044,
a9b4724c34,180,817,5719,57.19,856.0891012624131,0.8146255776421985,32.108942194893096,4.581308487130243,
a9b4724c34,180,818,5726,57.26,854.6224229352086,0.7072521710109696,31.112577336230487,5.116916180695035,
a9b4724c34,180,819,5733,57.33,852.9144944681294,1.6591864721937848,31.63110869430304,7.036158110853459,
a9b4724c34,180,820,5740,57.4,852.8133126427782,1.1762403963300487,39.01364959092571,5.989214453881237,
a9b4724c34,180,821,5747,57.47,847.9247397976192,0.8228448566572091,33.031134036927064,3.345231164134118,
a9b4724c34,180,822,5754,57.54,844.8011392333225,0.88517717048349,34.20927086601428,8.70064637965425,
a9b4724c34,180,823,5761,57.61,842.101113266413,0.6616763703893681,35.817848125709006,5.7426270244231405,
a9b4724c34,180,824,5768,57.68,840.2566338980288,0.8764312153973086,34.6004352027402,8.311622091206024,
a9b4724c34,180,825,5775,57.75,837.2175416786887,0.6077933780420709,34.62382411166514,2.44835143015811,
a9b4724c34,180,826,5782,57.82,836.419963140836,1.0885954371246882,34.78445904469355,8.981315697311247,
a9b4724c34,180,827,5789,57.89,832.1884470025968,0.5575103794664494,36.258819302662644,3.969311310751674,
a9b4724c34,180,828,5796,57.96,830.9657952769408,0.22258361598787949,36.21093171522745,1.396079345664826,
a9b4724c34,180,829,5803,58.03,830.7776419482349,1.0660194190482368,36.345146064533914,10.661417718604211,
a9b4724c34,180,830,5810,58.1,826.6048207382217,0.6891194470925868,33.050094940241756,3.8060296223596826,
a9b4724c34,180,831,5817,58.17,825.106592636678,1.305778665046875,33.23666808782696,11.986858121736349,
a9b4724c34,180,832,5824,58.24,818.4228894345765,0.6755668093361727,34.112950921773646,5.638265407267096,
a9b4724c34,180,833,5831,58.31,816.4534455686158,0.4382173025402557,32.469563861804566,3.004375702510445,
a9b4724c34,180,834,5838,58.38,815.5732575200938,0.6983579895334407,31.616235557645105,6.642578013382627,
a9b4724c34,180,835,5845,58.45,813.1787945550626,0.6527410225810334,32.160403062030106,5.217794804103054,
a9b4724c34,180,836,5852,58.52,811.9653588318569,0.7152963569217835,31.949098166722703,5.883841748630968,
a9b4724c34,180,837,5859,58.59,809.705541626157,1.8802996624718318,31.82094012416941,5.615449494450969,
a9b4724c34,180,838,5866,58.66,808.8696985471861,1.2631157324544628,36.71680629479754,9.935394899769058,
a9b4724c34,180,839,5873,58.73,804.031939556526,1.048280274501117,34.197824441637515,7.7922952901545655,
a9b4724c34,180,840,5880,58.8,801.9307033172839,1.2029981361918722,33.92662205318978,9.631064670410144,
a9b4724c34,180,841,5887,58.87,795.5801178826134,0.5849892611058627,34.074676715990336,4.01796387131236,
a9b4724c34,180,842,5894,58.94,794.0272794658756,0.9052391247266385,34.55189120416637,9.15522348871334,
a9b4724c34,180,843,5901,59.01,791.6129699442919,0.693028120694627,36.80827654849959,5.83680701807336,
a9b4724c34,180,844,5908,59.08,790.5515018204945,0.8422988409224963,33.82903603516554,7.652427659541731,
a9b4724c34,180,845,5915,59.15,787.0119388537295,0.8102889441933163,34.243634150694895,7.97293586599988,
a9b4724c34,180,846,5922,59.22,784.424249791628,0.4684818360584748,33.45238653787543,3.617343856985556,
a9b4724c34,180,847,5929,59.29,783.7184406295498,0.48984444212079215,33.68130251761012,4.034344613953277,
a9b4724c34,180,848,5936,59.36,782.9596843282086,0.8767816123605457,33.79008433657714,3.6085763083939675,
a9b4724c34,180,849,5943,59.43,782.8355976575908,0.725292485295381,34.48101297520628,1.4041816966099356,
a9b4724c34,180,850,5950,59.5,780.5895859030225,0.6522589602191378,33.78683501256072,5.449511869619753,
a9b4724c34,180,851,5957,59.57,779.4241030347748,1.2149084554866931,32.627892338937585,7.058080569481216,
a9b4724c34,180,852,5964,59.64,772.9123195866515,0.5884627553125219,34.47038635755859,4.7804919080307275,
a9b4724c34,180,853,5971,59.71,771.2913476880695,0.7094122121621612,35.04922113187131,6.403325591986177,
a9b4724c34,180,854,5978,59.78,768.928027796927,0.7363646243959908,34.29341741039577,6.371214681303849,
a9b4724c34,180,855,5985,59.85,767.255848142463,0.7921821567225986,35.80735841863853,6.716438523883684,
a9b4724c34,180,856,5992,59.92,765.1927341539409,0.9758178740562611,34.63449477443826,9.123084522767073,
a9b4724c34,180,857,5999,59.99,760.6130002800005,0.4227457995712079,34.459873465116665,3.6763255151345184,
a9b4724c34,180,858,6006,60.06,759.8372702251229,0.5852219099814293,35.282819974677835,5.762508025328699,
a9b4724c34,180,859,6013,60.13,758.243520427833,0.769480702674465,35.0258738343812,6.69361367596899,
a9b4724c34,180,860,6020,60.2,756.2627497674074,0.8662522840082588,33.78458532982926,7.599795410401118,
a9b4724c34,180,861,6027,60.27,753.0428892788852,0.8628368010308807,33.061221802688245,6.032924729901569,
a9b4724c34,180,862,6034,60.34,750.0862141507716,1.0073658325061663,32.47712859444385,8.72565164993769,
a9b4724c34,180,863,6041,60.41,746.7788945126696,0.5231591093409501,31.60358581418963,3.5477021303106886,
a9b4724c34,180,864,6048,60.48,745.7476003218147,0.520294459681905,31.55861201250241,4.655176099211444,
a9b4724c34,180,865,6055,60.55,744.4823302460753,0.5496362285852617,32.744820016052316,5.252130212320757,
a9b4724c34,180,866,6062,60.62,743.2905690427924,0.2706213143111735,31.90203821850844,2.1799903052906338,
a9b4724c34,180,867,6069,60.69,742.9372513291548,0.23953246096126568,32.4795765349342,2.3372772533237987,
a9b4724c34,180,868,6076,60.76,742.6865097089144,0.7862883067696007,32.7177140077113,6.687513369353483,
a9b4724c34,180,869,6083,60.83,739.6628379965275,0.865805104569015,32.18948132068055,8.393059306993058,
a9b4724c34,180,870,6090,60.9,736.2217558013334,0.9371120567254645,32.391019675666314,8.378038270239587,
a9b4724c34,180,871,6097,60.97,732.9789854269065,0.5233880237712047,31.83096114691586,3.5169734728689814,
a9b4724c34,180,872,6104,61.04,731.887358842739,0.3330426476881265,31.434286152143375,3.0257472908942686,
a9b4724c34,180,873,6111,61.11,731.4388945129247,0.6079733793397867,31.773796780000364,6.047335434473444,
a9b4724c34,180,874,6118,61.18,729.9578687802579,0.9446283441218902,31.388175986468255,4.4598742245920295,
a9b4724c34,180,875,6125,61.25,729.3535885399384,0.7219378877457789,32.0182546323322,5.367552493706749,
a9b4724c34,180,876,6132,61.32,727.0786450976881,0.7007163422871787,31.659078066348187,5.260296197283336,
a9b4724c34,180,877,6139,61.39,726.466070361821,1.0589085679423822,33.015018634403994,6.063766158639794,
a9b4724c34,180,878,6146,61.46,724.6327324145144,0.8472874505599707,35.03611591534403,2.4637040867940483,
a9b4724c34,180,879,6153,61.53,723.7420747508193,0.9049640716096206,33.65491184232688,7.364620616870743,
a9b4724c34,180,880,6160,61.6,721.9784957339999,0.9738028466174466,32.35451942618237,6.629103420787008,
a9b4724c34,180,881,6167,61.67,720.14087355583,0.9938238620731986,33.47567883115897,5.096898793763669,
a9b4724c34,180,882,6174,61.74,718.7493609429745,0.7912422955485506,32.159791856438446,3.225273783521676,
a9b4724c34,180,883,6181,61.81,717.148317402045,0.796192401970054,32.4148045456103,6.468303768666186,
a9b4724c34,180,884,6188,61.88,716.0084502567195,0.6599884385010004,33.2739559649129,3.3573777251440826,
a9b4724c34,180,885,6195,61.95,715.2855076513414,0.8399728363090282,32.2753132710167,5.843307834212109,
a9b4724c34,180,886,6202,62.02,712.8430594777254,0.5245002579113858,33.54938666955696,3.7611940901670136,
a9b4724c34,180,887,6209,62.09,711.9512169852009,0.48660225160902926,32.23967009770687,4.163837645564785,
a9b4724c34,180,888,6216,62.16,710.7349372921983,0.5399946800735039,32.757506966086304,2.918501328540487,
a9b4724c34,180,889,6223,62.23,709.4333852272424,0.5164843042262702,30.706411121728628,1.857189877446462,
a9b4724c34,180,890,6230,62.3,708.6193150244906,0.4853189688033113,30.40066866610173,4.1545499831402966,
a9b4724c34,180,891,6237,62.37,707.6788601016652,0.24120169398219943,29.87031608850385,0.9642246949896447,
a9b4724c34,180,892,6244,62.44,707.505775175237,0.4029636555665198,30.078717291098968,3.7689059465835766,
a9b4724c34,180,893,6251,62.51,707.0340663968609,0.7263552620168272,30.305618479583824,6.849267526775362,
a9b4724c34,180,894,6258,62.58,704.6170681994649,0.25034170728246435,29.795815525701318,1.1370633500769989,
a9b4724c34,180,895,6265,62.65,704.3072461121657,0.9805190741112318,29.68296805956644,8.631511526592245,
a9b4724c34,180,896,6272,62.72,700.6989171208344,0.80072345798749,32.136960280199254,5.578338480262225,
a9b4724c34,180,897,6279,62.79,698.0691351436018,0.41669893700509586,30.732724428922815,2.272732058537624,
a9b4724c34,180,898,6286,62.86,697.2719988230907,0.6075148900184258,31.14152102603955,6.108391663634801,
a9b4724c34,180,899,6293,62.93,695.6720431714222,0.5011377732532621,30.91227810673039,4.774839628141234,
a9b4724c34,180,900,6300,63.0,694.4577796452202,0.6572177904106623,30.35113486521081,5.987353528774154,
a9b4724c34,180,901,6307,63.07,692.4219988989439,0.5050218992859787,29.805799368641324,4.542452308630861,
a9b4724c34,180,902,6314,63.14,691.3768591354986,0.35570081839728035,29.710211336593808,2.241454065254045,
a9b4724c34,180,903,6321,63.21,690.9143533601496,0.4370678865601898,28.546689966884845,4.230725126851629,
a9b4724c34,180,904,6328,63.28,690.0088457479118,0.37165030663495513,29.88928228888928,3.729504342405742,
a9b4724c34,180,905,6335,63.35,689.3764882355871,0.5890938261051575,29.799524719925195,3.958089690649573,
a9b4724c34,180,906,6342,63.42,687.8207680046241,0.40161710385540583,29.538688667708307,1.8365943330442762,
a9b4724c34,180,907,6349,63.49,687.0686646754784,0.7673946315694533,30.433870279827254,7.492623657247909,
a9b4724c34,180,908,6356,63.56,685.1225841752998,0.5675389771942544,30.71207712066714,5.066956594896867,
a9b4724c34,180,909,6363,63.63,684.0392779137102,0.4428208955957085,30.15835958590938,3.845778947296243,
a9b4724c34,180,910,6370,63.7,683.3493188070491,0.7324051861974584,30.52991337035441,6.320576195316223,
a9b4724c34,180,911,6377,63.77,681.0545518957284,1.3954527383081714,31.479032093484516,4.1470298819826095,
a9b4724c34,180,912,6384,63.84,680.5998254350897,0.9760533251204921,34.23012622656049,2.617322512612049,
a9b4724c34,180,913,6391,63.91,677.413882307233,0.5747600871585697,31.230487714776483,4.21853681207236,
a9b4724c34,180,914,6398,63.98,675.8625264100352,1.1605670153988699,30.500109827327915,2.144549378104718,
a9b4724c34,180,915,6405,64.05,675.2603175814197,0.8870415999030136,34.07035201926479,6.988010461431102,
a9b4724c34,180,916,6412,64.12,672.1106456437083,0.5724423516605801,32.92966065909893,3.957121618137207,
a9b4724c34,180,917,6419,64.19,671.0769513451849,0.6824374770773227,32.87305563994777,3.4225982963902424,
a9b4724c34,180,918,6426,64.26,668.6726791368884,0.8051892377207056,32.39475448674426,7.78666317346249,
a9b4724c34,180,919,6433,64.33,665.6494844864229,0.5250680148380102,34.26905314684973,5.150506519501222,
a9b4724c34,180,920,6440,64.4,664.2987848149808,1.330696505921709,33.18940023218431,2.5360849451119485,
a9b4724c34,180,921,6447,64.47,664.0365194760375,0.9243548282341902,35.5062128109847,5.5308951418703645,
a9b4724c34,180,922,6454,64.54,660.6385340389002,0.533680826525465,32.67684000129181,3.3851461369222466,
a9b4724c34,180,923,6461,64.61,659.7641730569982,0.3810554137966218,34.09313688059126,2.6875465353057972,
a9b4724c34,180,924,6468,64.68,659.3601170095825,0.6776330569416226,33.45300832388634,2.2516563608097386,
a9b4724c34,180,925,6475,64.75,658.1334534752743,0.6753974477622142,35.02537505020994,5.006472629239101,
a9b4724c34,180,926,6482,64.82,656.6377197653381,0.7796757318722708,33.464147707773506,7.572542952847543,
a9b4724c34,180,927,6489,64.89,654.2634561313196,0.3425167845404868,31.777123665386007,2.5774742939638204,
a9b4724c34,180,928,6496,64.96,653.7186128460446,0.3299959800598231,31.850134779004787,2.3995563893634198,
a9b4724c34,180,929,6503,65.03,653.4664895566843,0.5593274956753663,30.96870457642262,2.966174502480569,
a9b4724c34,180,930,6510,65.1,652.1200995916686,0.8198820008272413,30.167337361745457,7.092622859772133,
a9b4724c34,180,931,6517,65.17,649.3585262459585,0.695873034046324,30.287749244352362,5.13420125261521,
a9b4724c34,180,932,6524,65.24,648.1551271876671,0.8307557883936598,29.15634157855899,5.901996792844014,
a9b4724c34,180,933,6531,65.31,644.882484414998,0.6188996735593778,29.205067293808625,5.632473540985951,
a9b4724c34,180,934,6538,65.38,643.4826619578445,0.6836900314033179,28.591963980841147,5.2545860315298425,
a9b4724c34,180,935,6545,65.45,642.0410152717888,0.6678537848025071,29.31296998144326,6.5555817974869415,
a9b4724c34,180,936,6552,65.52,641.1038815230824,0.6104973623776033,28.995367243274092,2.193751721972775,
a9b4724c34,180,937,6559,65.59,639.9926162506413,0.4458324015417135,28.269667397891798,3.4062391048006364,
a9b4724c34,180,938,6566,65.66,639.0513184324046,0.37444090906603983,28.805953932003984,3.7712208346985947,
a9b4724c34,180,939,6573,65.73,638.3927205295657,0.40186284900377744,29.112949955196648,2.469923982956682,
a9b4724c34,180,940,6580,65.8,637.6229358073527,0.4245112471008603,29.928733718784976,4.058091727636063,
a9b4724c34,180,941,6587,65.87,636.9011496322312,0.46072726879660125,29.862064922540764,4.0465260197330215,
a9b4724c34,180,942,6594,65.94,636.3364117625814,0.30794530385035973,30.27158178358502,1.402707163217098,
a9b4724c34,180,943,6601,66.01,636.0855076738357,0.47108992201460903,29.666203836686723,2.40354543288602,
a9b4724c34,180,944,6608,66.08,635.2898177259499,0.6019143658885618,29.15111471605122,5.829879414587539,
a9b4724c34,180,945,6615,66.15,634.2862689206488,0.7321934035350557,28.995676628297197,6.5750740929521125,
a9b4724c34,180,946,6622,66.22,632.504059856787,0.9920886496773883,27.936688532179204,9.502463974735512,
a9b4724c34,180,947,6629,66.29,629.0581146402812,0.6223957493322906,28.14889617636633,5.027503183729491,
a9b4724c34,180,948,6636,66.36,628.1897137293336,0.7953227789574755,26.76094726930445,5.942492787412729,
a9b4724c34,180,949,6643,66.43,626.3764808885676,0.6922899744802243,27.66206771425971,5.952934406960371,
a9b4724c34,180,950,6650,66.5,625.2102527076379,0.49482171909161865,26.96232511340244,1.535881780276671,
a9b4724c34,180,951,6657,66.57,624.2706430285839,0.4865399709975467,26.92668982929112,3.8377885628236923,
a9b4724c34,180,952,6664,66.64,623.3697709456815,0.44118214286068125,26.428662175498854,3.9130546128014787,
a9b4724c34,180,953,6671,66.71,622.8088688924676,0.4209221213415884,25.385069209795937,3.530169382238245,
a9b4724c34,180,954,6678,66.78,622.482832871326,0.46542917249735777,26.359218276699572,3.7698844968871756,
a9b4724c34,180,955,6685,66.85,621.688768313478,0.5308166202331933,25.212775549472436,4.751770087535832,
a9b4724c34,180,956,6692,66.92,620.34473236087,0.3219571599858635,25.89556587727681,2.3775599865381976,
a9b4724c34,180,957,6699,66.99,620.0117159877929,0.44117733462229025,25.55988086051792,2.887650055753354,
a9b4724c34,180,958,6706,67.06,619.2369542785274,0.4999744547504743,26.40515253655219,2.5205105481472745,
a9b4724c34,180,959,6713,67.13,618.293865400014,1.0109509491763047,26.954802073938687,3.585695772036197,
a9b4724c34,180,960,6720,67.2,618.2498716827422,1.3669642040896097,28.108956594361057,4.336400021225484,
a9b4724c34,180,961,6727,67.27,617.5271187142941,0.7041324147306767,29.434410579648585,2.309501912365066,
a9b4724c34,180,962,6734,67.34,615.4447349258236,0.6847819565671259,28.54316262211081,5.54244624168725,
a9b4724c34,180,963,6741,67.41,614.0807726648426,0.631199532677501,29.89940528322025,5.223180460930416,
a9b4724c34,180,964,6748,67.48,612.7032671711723,0.7639899495161415,28.447968843969083,7.32536274847219,
a9b4724c34,180,965,6755,67.55,610.0179803816998,0.4826816667313668,27.880609451295985,1.6669868363528078,
a9b4724c34,180,966,6762,67.62,609.0816252723903,0.7219639049060107,29.23139063798036,4.928454217777319,
a9b4724c34,180,967,6769,67.69,608.0468803476845,0.6759036918029079,28.794114751019666,4.316814240364492,
a9b4724c34,180,968,6776,67.76,607.6317402945604,0.7504423292961908,28.384679793023917,4.5688112163301575,
a9b4724c34,180,969,6783,67.83,606.493663030936,0.7340228236727325,27.768231894149302,5.358185096851585,
a9b4724c34,180,970,6790,67.9,605.1994563330603,0.823663732930847,27.72072685182522,6.460062328468831,
a9b4724c34,180,971,6797,67.97,604.8190146892332,0.7919998835669759,28.76067017298396,3.6786461503099623,
a9b4724c34,180,972,6804,68.04,604.7926196732112,0.5098020539635206,28.444916705776027,5.172679905678762,
a9b4724c34,180,973,6811,68.11,602.1470170513328,0.5658119566252119,26.773603777600123,4.284420663352617,
a9b4724c34,180,974,6818,68.18,600.7740807353008,0.431029191015506,26.961540267238128,4.208240263255279,
a9b4724c34,180,975,6825,68.25,599.9351275477775,0.5423985822302474,26.095455728597305,5.2613816079627025,
a9b4724c34,180,976,6832,68.32,598.795482563004,0.8063964112987034,27.665311466261556,6.942618684092237,
a9b4724c34,180,977,6839,68.39,596.516663556982,0.4930711825731528,26.846745148634167,2.49555878836832,
a9b4724c34,180,978,6846,68.46,595.3050723118733,0.4127920389117284,26.938480527287957,1.8834463936751655,
a9b4724c34,180,979,6853,68.53,594.6467619544954,0.41467593786106116,27.187402144035953,1.1217297462489562,
a9b4724c34,180,980,6860,68.6,594.0661972296751,0.88262080049024,28.046701714252222,7.936095921186864,
a9b4724c34,180,981,6867,68.67,591.4382940403258,0.42386133884140736,28.362339121063297,2.074996030814326,
a9b4724c34,180,982,6874,68.74,590.9326305077929,0.5782548265115726,27.049172350271608,5.322462719279963,
a9b4724c34,180,983,6881,68.81,589.5862321697509,0.45424425892284187,28.66002352759867,2.6938262118371585,
a9b4724c34,180,984,6888,68.88,588.6858221654219,1.65531456010768,27.831955042467314,8.092670738091385,
a9b4724c34,180,985,6895,68.95,588.2669995191219,0.9575394308770232,33.44133370267191,1.6958952810549364,
a9b4724c34,180,986,6902,69.02,584.5018513650764,0.5053307233504198,28.904274926732867,4.603200840209662,
a9b4724c34,180,987,6909,69.09,583.4454718695375,0.43845368614641544,28.736514839562144,4.325984276227383,
a9b4724c34,180,988,6916,69.16,582.7979208034748,0.4214490532213178,27.290521592545097,3.7027367562886497,
a9b4724c34,180,989,6923,69.23,581.9922595086337,0.3274997155521009,27.714328928301015,3.247799115084313,
a9b4724c34,180,990,6930,69.3,581.608914045105,0.4767558543053676,27.363629683040354,4.10012110963003,
a9b4724c34,180,991,6937,69.37,580.8113526891138,0.3400932365255069,27.980244593651836,2.6701345091704853,
a9b4724c34,180,992,6944,69.44,580.4003038098591,0.554348004804769,26.41651662206639,3.693556374356761,
a9b4724c34,180,993,6951,69.51,579.025848074178,0.7356343833642675,28.489251008824077,4.376811229612183,
a9b4724c34,180,994,6958,69.58,577.1601691687295,0.8674498819480496,26.63021652722397,7.565275966994358,
a9b4724c34,180,995,6965,69.65,574.5629285707236,1.3301663436582523,26.29605290763026,5.434047813545253,
a9b4724c34,180,996,6972,69.72,574.4625093000008,1.1289676585551751,28.300796995837434,9.522577174923537,
a9b4724c34,180,997,6979,69.79,571.2824551249472,0.8116778495779986,30.09685624483103,4.6990385085938025,
a9b4724c34,180,998,6986,69.86,569.1885209895258,0.49693628501426274,26.77864064514843,3.28274243586666,
a9b4724c34,180,999,6993,69.93,568.4760764173736,0.5013131719386343,27.384833025954137,1.9962191749784481,
a9b4724c34,180,1000,7000,70.0,567.780801141818,0.7337637686753189,26.31026266600449,3.8805042614042295,
a9b4724c34,180,1001,7007,70.07,565.3422339102805,0.48889502537535817,28.33658002834796,4.368705987022873,
a9b4724c34,180,1002,7014,70.14,564.4670810015809,0.5820427730380958,28.133567845130525,5.2529710223804384,
a9b4724c34,180,1003,7021,70.21,563.1975163677804,0.3700231821557779,29.807097840615224,0.9180369430578766,
a9b4724c34,180,1004,7028,70.28,562.5451303026465,0.4593835232085481,29.994292514256923,2.97803884922152,
a9b4724c34,180,1005,7035,70.35,562.1068275171964,0.6981325263503984,31.26502130510869,3.9900716847118325,
a9b4724c34,180,1006,7042,70.42,560.2057292264312,0.6023910052216983,29.899684342992284,4.236497570526435,
a9b4724c34,180,1007,7049,70.49,558.6097788137743,0.8632228425173223,29.226650709628355,1.0826763289461063,
a9b4724c34,180,1008,7056,70.56,556.13542707659,0.7559159005377308,28.617466681482586,6.5987277460420595,
a9b4724c34,180,1009,7063,70.63,554.5729758472254,0.5045639084471718,29.266511661360166,2.902184403148841,
a9b4724c34,180,1010,7070,70.7,553.9157236816746,0.7944909194822836,28.718717518827745,6.323495376235512,
a9b4724c34,180,1011,7077,70.77,552.5167319216533,0.6913509364772634,29.303494429750867,3.4641253515491415,
a9b4724c34,180,1012,7084,70.84,552.0073557207414,0.8661563131445095,27.323121111898626,6.2017666017502036,
a9b4724c34,180,1013,7091,70.91,550.0571527914432,0.8315736135879802,29.205095900521723,7.186068380966246,
a9b4724c34,180,1014,7098,70.98,548.4580529663914,0.7557490210269114,25.075554745437117,3.709386230083104,
a9b4724c34,180,1015,7105,71.05,546.3831722321862,0.49999484290161156,28.226786727637116,3.476473734623879,
a9b4724c34,180,1016,7112,71.12,545.4638659584593,0.5091504209660884,26.76897497834067,3.600942285533175,
a9b4724c34,180,1017,7119,71.19,544.6275672487961,0.35126982384412747,26.69443336367251,1.505158887899712,
a9b4724c34,180,1018,7126,71.26,544.2709945720903,0.7486146551430054,26.54953049586364,6.946676976613849,
a9b4724c34,180,1019,7133,71.33,542.4408267352111,0.608293326402469,28.270789487980604,5.242724051702684,
a9b4724c34,180,1020,7140,71.4,540.7621786039776,0.48276417709066893,28.224270083274074,4.5689296663575325,
a9b4724c34,180,1021,7147,71.47,539.966744973835,0.5543406492715534,28.797217359084417,5.375273818073764,
a9b4724c34,180,1022,7154,71.54,539.9039724516315,0.7247722780565803,27.52302188583662,3.279780281417003,
a9b4724c34,180,1023,7161,71.61,538.929723772638,0.7677435441253099,28.8973562648635,5.986074473797567,
a9b4724c34,180,1024,7168,71.68,537.6563286339112,0.7357951358394099,27.76809042146341,4.3221743272834985,
a9b4724c34,180,1025,7175,71.75,536.621136585403,1.2421424926567572,29.140353315129378,10.689617954594112,
a9b4724c34,180,1026,7182,71.82,533.791944559543,1.064586981944329,30.821029044970583,2.5859767912858103,
a9b4724c34,180,1027,7189,71.89,533.7266471303221,1.3078238591498856,29.602448369228878,8.710358775505766,
a9b4724c34,180,1028,7196,71.96,532.5749908715045,1.3007084207309472,33.310062070045106,3.2068111204309875,
a9b4724c34,180,1029,7203,72.03,532.4192019402922,1.4407159101569444,30.554909433660242,6.868709170942021,
a9b4724c34,180,1030,7210,72.1,530.5628574198967,0.7346843903482253,34.707845357183885,4.396951507882694,
a9b4724c34,180,1031,7217,72.17,525.2562955656474,0.26701534409972005,26.703349995467978,1.8735572672799756,
a9b4724c34,180,1032,7224,72.24,524.9611468679411,0.3364129532391337,26.26647416650908,2.926346910188501,
a9b4724c34,180,1033,7231,72.31,524.4644286779144,0.44382504131592654,26.599291601308234,3.811853702325986,
a9b4724c34,180,1034,7238,72.38,523.771432754296,0.6426947426821021,27.181386419683847,6.150852841233088,
a9b4724c34,180,1035,7245,72.45,521.7637661131607,0.44298839697816705,28.411751232472174,4.040404712437358,
a9b4724c34,180,1036,7252,72.52,520.8847155420589,0.774896369318453,28.766642083456986,7.536894226538523,
a9b4724c34,180,1037,7259,72.59,518.9467528234045,0.5906658962115237,27.80941462860096,4.640602335150884,
a9b4724c34,180,1038,7266,72.66,517.7218753236684,0.4697314652803571,27.243408936571658,3.5116376730256342,
a9b4724c34,180,1039,7273,72.73,516.8044211680422,0.5759731597163071,27.385488016003606,5.34756021099195,
a9b4724c34,180,1040,7280,72.8,515.3951181039156,0.3118636223119916,28.73437229637806,2.4421471010975977,
a9b4724c34,180,1041,7287,72.87,515.0235806048709,0.6738696859697767,28.687281702628887,6.632513032349891,
a9b4724c34,180,1042,7294,72.94,514.0844424549151,0.531698357668592,30.029512731227,2.7399626020138035,
a9b4724c34,180,1043,7301,73.01,513.6082190297491,0.44589642959006826,28.70637636970454,2.161443975836414,
a9b4724c34,180,1044,7308,73.08,513.5923869179557,0.769528649274863,30.211903036787152,6.508098832601834,
a9b4724c34,180,1045,7315,73.15,512.7877732596027,0.34557651807162393,28.229741593428603,2.3974507751110536,
a9b4724c34,180,1046,7322,73.22,511.5553115907688,0.4790845570019608,27.755333592054473,4.09549308679535,
a9b4724c34,180,1047,7329,73.29,510.64043356369547,0.3920195027048876,27.555662836374353,2.783958366195076,
a9b4724c34,180,1048,7336,73.36,509.9410670799005,0.48843956536778305,27.19781635786187,4.78477365696942,
a9b4724c34,180,1049,7343,73.43,509.1853607881069,0.4810008114650774,27.286063450944614,3.7145154605344324,
a9b4724c34,180,1050,7350,73.5,508.38090224961957,0.6659769447649068,27.988965692565085,6.575092564822462,
a9b4724c34,180,1051,7357,73.57,507.5936025369065,0.7095442230253146,26.981988204894055,3.42257601351544,
a9b4724c34,180,1052,7364,73.64,505.9939766357606,0.4954095564522102,27.421437772836256,3.77935838912858,
a9b4724c34,180,1053,7371,73.71,505.25080578750067,0.6531445578530436,27.181389163091982,5.84348904382789,
a9b4724c34,180,1054,7378,73.78,503.65998008064093,0.6077818660191114,26.620303019111304,3.8294392234265784,
a9b4724c34,180,1055,7385,73.85,502.02112358022686,0.6138353508130788,27.292122307815625,5.704303733654929,
a9b4724c34,180,1056,7392,73.92,500.9724242023189,0.5862184962333348,27.562839614714363,2.867426854777553,
a9b4724c34,180,1057,7399,73.99,500.6168749792419,0.6039602034285023,27.21409749194505,3.841943347213097,
a9b4724c34,180,1058,7406,74.06,499.69041739141073,0.7522586505857678,26.520668900265722,5.810410332169267,
a9b4724c34,180,1059,7413,74.13,498.34604293718456,0.289564651035875,26.652611997276427,2.6485501538344414,
a9b4724c34,180,1060,7420,74.2,497.49784242248353,0.7191677469881651,25.3452959085374,4.513154852644283,
a9b4724c34,180,1061,7427,74.27,495.3395393510305,0.3850113750394091,27.06669063624574,3.459500636693315,
a9b4724c34,180,1062,7434,74.34,494.76641871062594,0.42383015214504133,25.662161833452437,3.7670682436868614,
a9b4724c34,180,1063,7441,74.41,494.0453012952466,0.5157025836658936,26.055655658148865,4.534141437003837,
a9b4724c34,180,1064,7448,74.48,493.1712937471009,0.6526543250035264,25.496532776291012,3.037938912780006,
a9b4724c34,180,1065,7455,74.55,491.8672831013116,0.5776565337370784,24.81985291409604,5.257471350528608,
a9b4724c34,180,1066,7462,74.62,490.9612483963945,0.534469627612315,25.252988968864557,3.75486453546835,
a9b4724c34,180,1067,7469,74.69,489.83210013929363,0.6739365944116796,23.90246813747532,6.685147017443816,
a9b4724c34,180,1068,7476,74.76,487.61484877174667,0.6137855502451811,25.72252545796097,3.7765651472748845,
a9b4724c34,180,1069,7483,74.83,486.4675731277309,0.45445279992458903,25.294820058671963,3.2317949647887607,
a9b4724c34,180,1070,7490,74.9,485.54697267431123,0.2942671585006882,25.099660894887734,1.4783056585803107,
a9b4724c34,180,1071,7497,74.97,485.4638585409029,0.6666109751170284,25.643256581238695,6.5551353806303085,
a9b4724c34,180,1072,7504,75.04,483.8817408234203,0.604143977956314,24.87217773428063,5.181079702811453,
a9b4724c34,180,1073,7511,75.11,482.27244922839606,0.2869149211875881,26.485279266707263,1.191579437231479,
a9b4724c34,180,1074,7518,75.18,481.9581629803902,0.46506890815734686,26.49186856908049,4.605964149879243,
a9b4724c34,180,1075,7525,75.25,481.2300416672961,0.41075579763584374,25.76704689995224,2.431153182987603,
a9b4724c34,180,1076,7532,75.32,480.66600645164294,0.5332779711607779,26.69978153680381,5.04976467043322,
a9b4724c34,180,1077,7539,75.39,479.4915967516017,0.297724200690179,25.741986184789535,2.372284429874953,
a9b4724c34,180,1078,7546,75.46,479.2469092522885,0.3075477614833518,26.61883511108046,2.6444891706315845,
a9b4724c34,180,1079,7553,75.53,479.0035834518977,0.5406116470194182,27.147543954745853,5.257276192951991,
a9b4724c34,180,1080,7560,75.6,477.52691419052456,0.5511455178822104,27.111120355327685,5.1248705923248465,
a9b4724c34,180,1081,7567,75.67,476.3045943425924,0.9551161092706939,27.520120450490918,9.585216735392223,
a9b4724c34,180,1082,7574,75.74,473.29298077191845,0.6002858243666089,26.82498944555023,4.480606018188587,
a9b4724c34,180,1083,7581,75.81,472.0882771389014,0.4564463193464501,25.774191998197242,3.3889177280601896,
a9b4724c34,180,1084,7588,75.88,471.47265216717,0.2943275631268608,26.607846306578587,1.4408474926558938,
a9b4724c34,180,1085,7595,75.95,471.20984403892743,0.48335643642859794,25.76727256169124,4.809453339743271,
a9b4724c34,180,1086,7602,76.02,470.14188820828105,0.39341812629995215,26.036650421769572,3.2758160231079025,
a9b4724c34,180,1087,7609,76.09,469.62065858663357,0.6918520233940232,26.348053716131584,6.763544532954436,
a9b4724c34,180,1088,7616,76.16,469.19481632975715,0.7358555661122103,26.393093674766536,0.8000524463241768,
a9b4724c34,180,1089,7623,76.23,468.7061111008088,0.8018296892781654,25.58867896398708,4.947384919484863,
a9b4724c34,180,1090,7630,76.3,467.1478517021669,0.7221851278075313,25.975676780956434,4.037101793495647,
a9b4724c34,180,1091,7637,76.37,467.07005115573054,0.41081249403791725,27.812504020814874,3.541383932825415,
a9b4724c34,180,1092,7644,76.44,465.4256981291611,0.629714949099998,24.726364562275617,1.0503480519438047,
a9b4724c34,180,1093,7651,76.51,465.3131181154736,0.5303399942076513,26.26758511686522,4.3122514281669995,
a9b4724c34,180,1094,7658,76.58,464.0900680163223,0.5773122603975961,24.321390629698886,4.999904734996696,
a9b4724c34,180,1095,7665,76.65,463.1606032899938,0.7446634690467479,24.19759138639643,6.627973597724982,
a9b4724c34,180,1096,7672,76.72,461.10112251719005,0.5627167320888289,25.407584623897055,2.584380574160969,
a9b4724c34,180,1097,7679,76.79,459.80841224385676,0.4831997375136855,23.62366967659167,4.401372360922909,
a9b4724c34,180,1098,7686,76.86,459.18422845957406,0.5948883352502952,23.80886627631272,5.008135015819122,
a9b4724c34,180,1099,7693,76.93,457.7373919022305,1.068464423003914,23.838206104823936,4.610044518524166,
a9b4724c34,180,1100,7700,77.0,457.6401593094531,0.8973621273675985,26.623144720402074,4.186302268721512,
a9b4724c34,180,1101,7707,77.07,455.16296681465377,0.5894392841789781,26.440911685987754,3.732189787359774,
a9b4724c34,180,1102,7714,77.14,454.7307914604619,0.6500582669239467,23.75663125673189,4.587548075799143,
a9b4724c34,180,1103,7721,77.21,453.4806878208626,0.8286216487850196,26.052248241685465,5.283856087836984,
a9b4724c34,180,1104,7728,77.28,451.05029156988223,0.6993426752814439,24.065782366385836,3.716634628390273,
a9b4724c34,180,1105,7735,77.35,448.863285695086,0.7611499696820672,24.965740035190077,5.97361988125342,
a9b4724c34,180,1106,7742,77.42,446.5606302505718,0.43715295141035404,24.59827701951655,4.090867275546157,
a9b4724c34,180,1107,7749,77.49,446.0187033324816,0.34470689068666244,23.915013647134735,2.8990439937703996,
a9b4724c34,180,1108,7756,77.56,445.58762368017227,0.7124971386298327,24.489888900748728,6.871690715321398,
a9b4724c34,180,1109,7763,77.63,443.9266963537863,0.36495157569397674,23.669942698044633,1.5183205587552973,
a9b4724c34,180,1110,7770,77.7,443.51691215437626,0.5540689509983235,23.79773387404714,5.216610684182465,
a9b4724c34,180,1111,7777,77.77,442.3099192594081,0.21563777883197774,22.547230448192906,1.2215059914269673,
a9b4724c34,180,1112,7784,77.84,442.14883016817583,0.5456567353082459,22.212704190314902,2.5601356095007386,
a9b4724c34,180,1113,7791,77.91,440.8798597980578,0.3486844681886704,21.783628863100322,2.6664097408321124,
a9b4724c34,180,1114,7798,77.98,440.2878470453214,0.08839491455096335,22.104746037913674,0.6257774784172194,
a9b4724c34,180,1115,7805,78.05,440.2611772515519,0.358153086368282,22.138221687412763,3.455005054761174,
a9b4724c34,180,1116,7812,78.12,439.74983363589666,0.2900365342795668,21.892659961579806,2.3779254443535165,
a9b4724c34,180,1117,7819,78.19,439.4160248615318,0.4633181725097917,22.25691695466277,3.758233953815293,
a9b4724c34,180,1118,7826,78.26,438.51545516054966,0.3470522177375916,22.16430731984503,1.934085316812988,
a9b4724c34,180,1119,7833,78.33,438.1018354649065,0.37362365252557556,22.09385680940634,3.144260224664454,
a9b4724c34,180,1120,7840,78.4,437.529526633282,0.5120398002087486,22.620096485985925,4.809030426645624,
a9b4724c34,180,1121,7847,78.47,436.48927499748044,0.5325477248271188,23.338063100770434,5.06938500325996,
a9b4724c34,180,1122,7854,78.54,436.0522046123347,0.27696444395172254,23.717163043964824,3.994436404595601,
a9b4724c34,180,1123,7861,78.61,435.27790794872317,0.35216949486948906,22.48034118385941,3.298109680841123,
a9b4724c34,180,1124,7868,78.68,434.8654780446903,0.590214427510226,23.179971915242138,5.588812171397536,
a9b4724c34,180,1125,7875,78.75,433.91133142057816,0.4215785982695741,22.700551861527178,2.313176293399489,
a9b4724c34,180,1126,7882,78.82,433.44237948809143,0.2685412625768903,22.245677908371512,1.7901788496938584,
a9b4724c34,180,1127,7889,78.89,433.23659664349213,0.5784208470777032,21.921896042013483,5.491734239781945,
a9b4724c34,180,1128,7896,78.96,432.1984023771595,0.37342202905029975,22.27258462046085,2.4658875718857094,
a9b4724c34,180,1129,7903,79.03,431.89082269655904,0.3414514581745568,21.29726480000998,2.909603103978061,
a9b4724c34,180,1130,7910,79.1,431.68996216221177,0.6044764038959227,21.973143185163487,5.675057205902386,
a9b4724c34,180,1131,7917,79.17,431.0755061734566,0.6721879221586015,23.354464136307048,4.405920971295672,
a9b4724c34,180,1132,7924,79.24,430.47434041694953,0.7770898291050049,23.699116286363893,5.9651324105148005,
a9b4724c34,180,1133,7931,79.31,430.12900640806583,0.39337338599196303,25.863703094437657,2.568734876597386,
a9b4724c34,180,1134,7938,79.38,428.6231192607252,0.517039857852723,23.193944429331335,4.773747049611082,
a9b4724c34,180,1135,7945,79.45,428.05827878054265,0.5922361161365732,24.10630218620229,5.210688920275847,
a9b4724c34,180,1136,7952,79.52,427.24054531004083,0.4421624811530416,23.627808480493645,2.214902419751124,
a9b4724c34,180,1137,7959,79.59,427.0150109536844,0.38396522179682296,23.462683540098872,1.2185681018577474,
a9b4724c34,180,1138,7966,79.66,426.8275098289911,0.6940590033393359,22.850374326992537,6.278223085491066,
a9b4724c34,180,1139,7973,79.73,425.79231768764606,0.4953641284634589,22.702726997381962,2.4763272351831294,
a9b4724c34,180,1140,7980,79.8,425.5085780410913,0.5774763992264003,22.42375250007354,3.8074860070332757,
a9b4724c34,180,1141,7987,79.87,424.3012525223256,0.5136463678766044,21.286636142968433,4.564401304642522,
a9b4724c34,180,1142,7994,79.94,423.7593007603811,0.4874686712140189,22.175351673164876,3.618127101699373,
a9b4724c34,180,1143,8001,80.01,423.3585389503389,0.6084000278827913,21.226008100250198,5.3034549990661,
a9b4724c34,180,1144,8008,80.08,422.83996529423695,0.8753398639840941,23.538855816641615,8.306975981256484,
a9b4724c34,180,1145,8015,80.15,422.20871118662285,0.8158276433584833,24.592873990545385,2.0291517161769943,
a9b4724c34,180,1146,8022,80.22,421.7290216355406,0.847255691196024,24.01535998564883,3.417962726598048,
a9b4724c34,180,1147,8029,80.29,420.7809265129017,0.7993906124124192,24.718619154194137,4.1550856923750255,
a9b4724c34,180,1148,8036,80.36,420.3390711582005,0.8956677268984121,24.894796828989715,3.3092291188287786,
a9b4724c34,180,1149,8043,80.43,419.9503577571369,0.4403193253707944,25.295643997140402,3.1623071168552,
a9b4724c34,180,1150,8050,80.5,417.94477893238667,0.6095582388228692,22.90120613434749,4.528778612537768,
a9b4724c34,180,1151,8057,80.57,416.72685154456684,0.8849636811768191,23.816343117697162,7.91499612848199,
a9b4724c34,180,1152,8064,80.64,414.1008648157808,0.6330036500352546,22.69449027702306,4.534781389021396,
a9b4724c34,180,1153,8071,80.71,412.84180638930155,0.33693534367587236,20.850460157880395,1.8820608372295549,
a9b4724c34,180,1154,8078,80.78,412.3554004191566,0.3100573182756004,20.857447069993064,0.524777530849733,
a9b4724c34,180,1155,8085,80.85,412.10933096202467,0.3743224238406716,21.040170721779585,3.545273826251188,
a9b4724c34,180,1156,8092,80.92,411.76236683853506,0.3505375367754603,21.430726868956846,3.162742547918129,
a9b4724c34,180,1157,8099,80.99,411.4693323277499,0.30660712958359004,20.946000127857946,1.7532715225762987,
a9b4724c34,180,1158,8106,81.06,411.39765150513387,0.6923673750179122,21.253828172627404,5.625942713202116,
a9b4724c34,180,1159,8113,81.13,410.0322321131955,0.5754902494517095,20.566670850691374,5.161752034437949,
a9b4724c34,180,1160,8120,81.2,409.42960484960474,0.6542013727668597,21.58544090986897,4.7931451151994375,
a9b4724c34,180,1161,8127,81.27,408.194488126193,0.49775355079221356,20.991890057341656,4.375163482101237,
a9b4724c34,180,1162,8134,81.34,407.2330342631126,0.32833112697922356,21.125635333942153,1.977889250414725,
a9b4724c34,180,1163,8141,81.41,406.89766330813495,0.43509090166337405,21.021470633627338,3.6953959055471532,
a9b4724c34,180,1164,8148,81.48,406.26863500036933,0.464803601274309,20.447921225420867,4.1148134087320445,
a9b4724c34,180,1165,8155,81.55,405.40903472206656,0.45074975839513165,20.70397331933274,4.400544767619635,
a9b4724c34,180,1166,8162,81.62,404.76106627528526,0.5872230488764163,20.839562746744026,5.553895633098451,
a9b4724c34,180,1167,8169,81.69,403.71571307443054,0.5072512438413429,21.030860708686696,3.708937581822148,
a9b4724c34,180,1168,8176,81.76,402.73528616384806,0.39653756988629063,20.52325686923192,1.592908394760978,
a9b4724c34,180,1169,8183,81.83,402.2028064108745,0.35938589730518455,19.67307750735967,3.341072166756905,
a9b4724c34,180,1170,8190,81.9,401.705202568622,0.4301305442848172,20.234736544298556,3.802524886594679,
a9b4724c34,180,1171,8197,81.97,401.0120853926502,0.6259596634418583,20.302015426954608,6.345801612366927,
a9b4724c34,180,1172,8204,82.04,399.18803402865274,0.39397364122745426,20.692573435842203,3.614903950706962,
a9b4724c34,180,1173,8211,82.11,398.66263657300374,0.30129581063493954,20.31707567530337,2.894786827816102,
a9b4724c34,180,1174,8218,82.18,398.3787274723292,0.21896832171970526,19.801893926429692,1.7555050104339724,
a9b4724c34,180,1175,8225,82.25,398.2189926610479,0.7820442659632373,20.24861511612356,3.83071124730889,
a9b4724c34,180,1176,8232,82.32,398.04273021325906,1.1070840351491884,20.79962278724268,3.558535663367999,
a9b4724c34,180,1177,8239,82.39,397.7981180498177,0.5486182706178626,21.115693257672095,2.055496596011226,
a9b4724c34,180,1178,8246,82.46,396.3451101776254,0.360848530253147,20.056050746369625,3.5600378537013344,
a9b4724c34,180,1179,8253,82.53,395.7224564002978,0.4948096306465288,20.687005676894177,4.166595116723225,
a9b4724c34,180,1180,8260,82.6,394.6261336023243,0.3106422659247156,20.026310099617746,2.8102455877097277,
a9b4724c34,180,1181,8267,82.67,394.308274563709,0.2622886352987936,20.491955810217927,2.334517185516111,
a9b4724c34,180,1182,8274,82.74,394.1982274481521,0.30779509612757294,20.302905795140926,2.5169184620248934,
a9b4724c34,180,1183,8281,82.81,393.9368868205906,0.2138287812880811,20.16850994144779,1.29854364518176,
a9b4724c34,180,1184,8288,82.88,393.81650161664146,0.27637539201411193,20.21648089185116,1.3010991219472086,
a9b4724c34,180,1185,8295,82.95,393.5078650349519,0.5807719792993707,20.47271024160985,5.829345982453979,
a9b4724c34,180,1186,8302,83.02,392.0480713969005,0.4968210944412964,21.63454413579938,4.918071089688954,
a9b4724c34,180,1187,8309,83.09,391.23622286349007,0.5169230541401885,19.912166800297168,4.745439950739062,
a9b4724c34,180,1188,8316,83.16,390.3570434607551,0.4517943457158043,20.36724015526728,3.708411034878551,
a9b4724c34,180,1189,8323,83.23,389.3769407168745,0.269990191963182,19.527730419436114,2.4608193592612424,
a9b4724c34,180,1190,8330,83.3,389.0647734277056,0.2548142853751212,19.103798125658923,1.8830025943091684,
a9b4724c34,180,1191,8337,83.37,388.740818728766,0.5092645502720723,18.87316721749561,4.622826924556434,
a9b4724c34,180,1192,8344,83.44,387.6491755310822,0.3877433411472613,19.223458149066037,2.8846173699571307,
a9b4724c34,180,1193,8351,83.51,387.1002215116203,0.37160245482464493,19.412452112594043,3.313423764414396,
a9b4724c34,180,1194,8358,83.58,386.55906495215123,0.4185669785850651,18.767670500746053,3.788975661802467,
a9b4724c34,180,1195,8365,83.65,385.95643396577236,0.38412131385409937,19.963927637814592,3.5487061065629755,
a9b4724c34,180,1196,8372,83.72,385.6384937280479,0.48501318896690315,20.2846090661896,1.642376102370571,
a9b4724c34,180,1197,8379,83.79,384.649313241914,0.41201912127854007,19.468199009919925,3.270480770260492,
a9b4724c34,180,1198,8386,83.86,384.58560361799675,0.4589927378689457,20.576454259931975,2.293779992824282,
a9b4724c34,180,1199,8393,83.93,384.3130778473792,0.4702026967242607,19.70076102623614,3.198568836421608,
a9b4724c34,180,1200,8400,84.0,383.9973648084877,0.5585195245146873,20.39911816560541,3.4459550744048815,
a9b4724c34,180,1201,8407,84.07,383.10914341568775,0.7151159910682368,20.324104933393357,5.124146402298249,
a9b4724c34,180,1202,8414,84.14,381.9953937686816,0.6048655855636391,23.031269672883113,2.586338358087607,
a9b4724c34,180,1203,8421,84.21,381.4161534700148,0.5049791782507931,20.73061396136804,3.3655330340396494,
a9b4724c34,180,1204,8428,84.28,380.7840183974231,0.5476227526552941,21.497294721413965,4.7554588149439025,
a9b4724c34,180,1205,8435,84.35,379.46783774996396,0.35365142306654246,20.313848569190288,2.72741402912813,
a9b4724c34,180,1206,8442,84.42,379.064158974007,0.6099403112253299,20.93694757692449,4.629294809871179,
a9b4724c34,180,1207,8449,84.49,377.7841021885628,0.4378371090251638,19.398012834218278,3.674305405414039,
a9b4724c34,180,1208,8456,84.56,377.1975473153732,0.48200797321443056,18.72677394215176,2.7285424905960243,
a9b4724c34,180,1209,8463,84.63,376.1911854634406,0.5149451445584134,17.751091126146623,5.099365524906249,
a9b4724c34,180,1210,8470,84.7,374.9649184626613,0.55047998422549,18.672800872452033,5.4145236064780295,
a9b4724c34,180,1211,8477,84.77,373.8849846605337,0.32139538896760733,20.32317107808707,2.162944173809863,
a9b4724c34,180,1212,8484,84.84,373.5804894049291,0.25585852976696344,19.08133972385418,1.9292777711316527,
a9b4724c34,180,1213,8491,84.91,373.45023150166975,0.3108390394099239,19.2567972450162,2.3826856118357034,
a9b4724c34,180,1214,8498,84.98,373.1044239916224,0.2322319070068236,19.059039461167867,2.067405524070015,
a9b4724c34,180,1215,8505,85.05,373.0230726445154,0.5152199644964378,19.806279606303086,4.673579032954418,
a9b4724c34,180,1216,8512,85.12,371.9848870855083,0.9045971588178477,18.171980853382635,4.0790482536309325,
a9b4724c34,180,1217,8519,85.19,371.20380109536353,0.5391295567520105,21.271142282361577,3.888952476769313,
a9b4724c34,180,1218,8526,85.26,370.20717154375484,0.401121854175122,18.19932910236958,2.6872638382893888,
a9b4724c34,180,1219,8533,85.33,369.4949205358631,0.2710212239231864,18.554313938915488,1.9737253036543434,
a9b4724c34,180,1220,8540,85.4,369.18835074711126,0.6102843905610871,17.927136766464503,2.0458308710987745,
a9b4724c34,180,1221,8547,85.47,369.17080806601774,0.6944939218033811,20.141671275376826,5.932110904182891,
a9b4724c34,180,1222,8554,85.54,366.8583057016992,0.5422969915843241,19.741875272161366,4.352607126104986,
a9b4724c34,180,1223,8561,85.61,365.5897506307872,0.45299018835165605,18.102658292230213,3.592896034074497,
a9b4724c34,180,1224,8568,85.68,364.95162343377524,0.3458070111860281,17.864717438754546,2.8829534935511725,
a9b4724c34,180,1225,8575,85.75,364.6066493921087,0.30721548812983207,17.435939163171593,2.730139354177225,
a9b4724c34,180,1226,8582,85.82,364.2862933356471,0.930759353395531,17.28875324021793,4.198734754896456,
a9b4724c34,180,1227,8589,85.89,364.07150291512465,0.7266132456751454,19.229774793439105,5.8845665035740335,
a9b4724c34,180,1228,8596,85.96,362.9540730676179,0.5250028692625055,19.672293004414673,2.989717288363839,
a9b4724c34,180,1229,8603,86.03,362.1457900138039,0.34199903130981,16.877469965132036,2.3334156351538597,
a9b4724c34,180,1230,8610,86.1,361.75781160251745,0.2537626758727681,17.296220530837573,2.021371972346762,
a9b4724c34,180,1231,8617,86.17,361.5326694977161,0.3326330963357779,17.1683490780754,2.568636714620958,
a9b4724c34,180,1232,8624,86.24,360.97666989279526,0.3081190231116851,17.257500595350695,2.933622043036823,
a9b4724c34,180,1233,8631,86.31,360.74568020088236,0.30266377573251213,17.55356349797422,1.1601451856773997,
a9b4724c34,180,1234,8638,86.38,360.5682837390956,0.23186558882576663,17.739272773306645,1.2023451151138944,
a9b4724c34,180,1235,8645,86.45,360.43440043794516,0.2780225772134139,17.09583606185631,2.591928719255232,
a9b4724c34,180,1236,8652,86.52,360.1678819795324,0.24478818034634106,17.327709103583846,2.1634357048216497,
a9b4724c34,180,1237,8659,86.59,359.9274890043405,0.28309980740142754,17.234484951159867,2.5275810864648975,
a9b4724c34,180,1238,8666,86.66,359.65374247708456,0.2733295679105467,18.033952647034237,2.215960155534853,
a9b4724c34,180,1239,8673,86.73,359.55471566297047,0.3910501253127436,18.355460297303406,2.402372823149422,
a9b4724c34,180,1240,8680,86.8,359.0391902492087,0.3630398492045799,17.633075040875543,0.9646974982433713,
a9b4724c34,180,1241,8687,86.87,358.4772239033781,0.4840050890862963,17.232127727838478,4.299593241818274,
a9b4724c34,180,1242,8694,86.94,357.6846814957552,0.28278600309568896,17.951489658521787,1.8622595485990556,
a9b4724c34,180,1243,8701,87.01,357.4273594399641,0.34718084168100605,17.331368836452636,2.62965421674268,
a9b4724c34,180,1244,8708,87.08,357.12336907137774,0.3656677279696013,17.941701803271886,2.722713562196131,
a9b4724c34,180,1245,8715,87.15,356.77182812457164,0.4015939311740513,17.338004456718107,3.453245033341008,
a9b4724c34,180,1246,8722,87.22,356.5532282992057,0.36672929990698955,17.621798791822787,1.7070558876693904,
a9b4724c34,180,1247,8729,87.29,356.1553980005356,0.25819843805189835,17.011322112197618,1.1398422164695539,
a9b4724c34,180,1248,8736,87.36,356.0837452298167,0.45023084266048863,17.519182621513284,3.8466857806677837,
a9b4724c34,180,1249,8743,87.43,355.72768054545486,0.5345217562479226,17.27589943860987,3.4668174462901074,
a9b4724c34,180,1250,8750,87.5,354.86946808017433,0.35606743417076153,17.014757083724646,2.126474685991451,
a9b4724c34,180,1251,8757,87.57,354.3307228789762,0.35125332750976196,15.938644699536159,3.2824563800900948,
a9b4724c34,180,1252,8764,87.64,353.91233087781944,0.4154282774686833,16.12329085684033,3.6527143795470494,
a9b4724c34,180,1253,8771,87.71,353.17263385956136,0.32410292348922565,15.46338051057499,2.6352879408396093,
a9b4724c34,180,1254,8778,87.78,352.68758481339523,0.4985725267181972,15.610345429951522,4.921356050420724,
a9b4724c34,180,1255,8785,87.85,351.5176407189474,0.5315254523187095,15.69407165035351,4.954609691517909,
a9b4724c34,180,1256,8792,87.92,350.50129486322203,0.5379876270652874,16.73305979585467,4.910113304209779,
a9b4724c34,180,1257,8799,87.99,350.2634912595982,0.25067145516072314,17.4615487609095,1.594987915831254,
a9b4724c34,180,1258,8806,88.06,349.63139288944205,0.7681139344080612,15.857258971260123,3.8998462173022146,
a9b4724c34,180,1259,8813,88.13,349.43994793676046,0.4989530908168136,18.754617459163075,1.7150540471106035,
a9b4724c34,180,1260,8820,88.2,348.684157027669,0.524126675300951,17.708978294372812,2.565318526380786,
a9b4724c34,180,1261,8827,88.27,347.5901246186485,0.5224938222327703,16.680580384836535,4.9543153720176125,
a9b4724c34,180,1262,8834,88.34,346.8913983005924,0.4063971244527076,17.50481880142539,3.285451126535519,
a9b4724c34,180,1263,8841,88.41,346.3405925403668,0.24305185810357002,15.999821414662026,2.1243321908300103,
a9b4724c34,180,1264,8848,88.48,346.05878275261233,0.4710965159092216,15.978343440449356,0.9248476517984594,
a9b4724c34,180,1265,8855,88.55,345.87452813105836,0.4990339435032543,17.722225898121618,4.216554542044101,
a9b4724c34,180,1266,8862,88.62,345.1715588415983,0.3633311658117033,17.093675378245898,2.305411307007334,
a9b4724c34,180,1267,8869,88.69,344.9837926496637,0.3590694270593044,16.80144895917597,2.15563572436903,
a9b4724c34,180,1268,8876,88.76,344.6854307012929,0.3424892300117012,16.921657325352495,1.9616237364289195,
a9b4724c34,180,1269,8883,88.83,344.2985523511068,0.3422288592263493,16.83843345067684,1.6718209268546875,
a9b4724c34,180,1270,8890,88.9,343.80590031081965,0.4127288284066116,16.979331591433578,3.877602093791303,
a9b4724c34,180,1271,8897,88.97,342.98524207135955,0.13385886146801287,15.628511911136812,1.1297037868183661,
a9b4724c34,180,1272,8904,89.04,342.9089402627984,0.48584017741884494,15.186809846612249,4.0613330518686475,
a9b4724c34,180,1273,8911,89.11,342.2259993978088,0.2987377823337707,15.064383608365393,1.918020791422908,
a9b4724c34,180,1274,8918,89.18,341.93822496047056,0.21960753309602166,14.194498325557701,1.9103291576469759,
a9b4724c34,180,1275,8925,89.25,341.84607484186927,0.2899774524746819,14.724239952102666,1.3208881997723363,
a9b4724c34,180,1276,8932,89.32,341.71139013288183,0.27710691755428574,14.060461844290055,2.125936287420579,
a9b4724c34,180,1277,8939,89.39,341.51916904938196,0.3072705431278382,15.003321319029967,1.9604368710628761,
a9b4724c34,180,1278,8946,89.46,341.22484482186513,0.422291249790984,14.909484521521522,3.9166638733216006,
a9b4724c34,180,1279,8953,89.53,340.5125011602557,0.4589243858744943,14.995385232243555,4.480181631406203,
a9b4724c34,180,1280,8960,89.6,339.5385077099947,0.2886188459562753,14.43985552804323,2.3922328430549364,
a9b4724c34,180,1281,8967,89.67,339.1542907773666,0.2734466381888348,14.37562244967625,2.2968667102345917,
a9b4724c34,180,1282,8974,89.74,338.87466781137164,0.4505238192797989,14.897124713945121,3.0382518539467824,
a9b4724c34,180,1283,8981,89.81,338.08118419399915,0.30544490849535566,14.970027858034918,1.9480819294739666,
a9b4724c34,180,1284,8988,89.88,337.7957030581182,0.2684184317190799,14.78857214725008,2.183812319706719,
a9b4724c34,180,1285,8995,89.95,337.5120749607662,0.23137439798629733,14.287652228865642,1.9404066337658499,
a9b4724c34,180,1286,9002,90.02,337.3108133486483,0.18918233227522468,14.580947059743682,1.7543201475470647,
a9b4724c34,180,1287,9009,90.09,337.1337591747054,0.36811624310459284,14.773576950558393,3.15941186748117,
a9b4724c34,180,1288,9016,90.16,336.6271549467883,0.4660919169681498,14.329091869716375,4.151506122769456,
a9b4724c34,180,1289,9023,90.23,336.16456742043766,0.3788667630292166,14.699529648951998,2.4267342413951893,
a9b4724c34,180,1290,9030,90.3,335.8614783256654,0.2568642292315466,14.052460392596686,0.9863740576358002,
a9b4724c34,180,1291,9037,90.37,335.6612835698694,0.3963355724382125,13.936426426558235,3.1302918742167,
a9b4724c34,180,1292,9044,90.44,335.2899870618773,0.34461517553772486,14.527387555220816,2.809976979177403,
a9b4724c34,180,1293,9051,90.51,334.952368584249,0.3210141424680621,13.408880113117453,2.4650987648498157,
a9b4724c34,180,1294,9058,90.58,334.5794207870037,0.16465721351952609,14.324570129642309,0.6370039791827864,
a9b4724c34,180,1295,9065,90.65,334.52624136259845,0.1632010560172314,14.084118581277627,0.9264070880416763,
a9b4724c34,180,1296,9072,90.72,334.43057110990253,0.4321356308813633,13.965596521023429,4.133714164235036,
a9b4724c34,180,1297,9079,90.79,333.5641231299577,0.39314399762318136,14.190949920773708,3.902045897746121,
a9b4724c34,180,1298,9086,90.86,332.84870837500716,0.21284210002429144,14.361636912800025,1.5054942566391711,
a9b4724c34,180,1299,9093,90.93,332.70827645329916,0.2638243977076366,14.355194725636148,1.7260799184647142,
a9b4724c34,180,1300,9100,91.0,332.4154908357127,0.3820725967483755,14.609221425182637,3.7426496307537254,
a9b4724c34,180,1301,9107,91.07,331.9392105945664,0.4080534153734709,14.256278341363082,2.7026818807043487,
a9b4724c34,180,1302,9114,91.14,331.6356659824691,0.5119748564432611,15.619951374825883,4.090069501687451,
a9b4724c34,180,1303,9121,91.21,331.2120038057227,0.4862976300571586,14.968523925286544,3.2542198069605734,
a9b4724c34,180,1304,9128,91.28,330.78437105325764,0.4520398664673172,15.024343235198282,2.916624253549585,
a9b4724c34,180,1305,9135,91.35,330.396621530728,0.3916857887535603,14.159487867073956,2.2062476146685155,
a9b4724c34,180,1306,9142,91.42,330.0058725537274,0.507269701251831,14.140718613993494,3.7341972486054784,
a9b4724c34,180,1307,9149,91.49,329.3739080547376,0.3499615192241982,15.292811917556573,2.3517032724178644,
a9b4724c34,180,1308,9156,91.56,329.1431053462362,0.3276425383544241,14.028337799246367,1.5052191018598637,
a9b4724c34,180,1309,9163,91.63,328.7053871760415,1.026606240251622,14.567921334152969,4.168064184980607,
a9b4724c34,180,1310,9170,91.7,328.4358910162927,0.6163053733853491,18.032078112104788,3.27609318524658,
a9b4724c34,180,1311,9177,91.77,327.1640067596639,0.25420370714984675,14.94825059358535,0.7711986048325392,
a9b4724c34,180,1312,9184,91.84,326.98751892055907,0.3876031127120499,14.566534034438718,3.5651724544568117,
a9b4724c34,180,1313,9191,91.91,326.4593220684651,0.9173549732262245,14.400987040491355,4.3110497177706035,
a9b4724c34,180,1314,9198,91.98,326.12198187700335,0.5037215584004634,17.290573224210814,2.9725451094783293,
a9b4724c34,180,1315,9205,92.05,325.1444791658014,0.23459797394846416,15.137788985381778,1.785134532356324,
a9b4724c34,180,1316,9212,92.12,325.01147286069784,0.31274362977075054,14.858973554354515,2.7048736657839965,
a9b4724c34,180,1317,9219,92.19,324.69596599675805,0.3808092985042301,14.352373811407563,3.4911211348076514,
a9b4724c34,180,1318,9226,92.26,324.1218187367377,0.1939285801641933,15.444913977075679,1.3289110286802173,
a9b4724c34,180,1319,9233,92.33,323.9876329789991,0.3329227250467534,15.37193595113991,3.1835955601113217,
a9b4724c34,180,1320,9240,92.4,323.60181598104646,0.32199789373829596,14.76443139931546,1.472832674085821,
a9b4724c34,180,1321,9247,92.47,323.1207916454664,0.2576586329213516,15.454567238239806,1.1668340466783786,
a9b4724c34,180,1322,9254,92.54,323.116815113187,0.3538977497652483,15.666281451569848,3.4934594432591592,
a9b4724c34,180,1323,9261,92.61,322.5631936696597,0.3185702824521124,15.316212273360382,2.653779001548919,
a9b4724c34,180,1324,9268,92.68,322.1843279324131,0.3401913261213726,16.09929628540695,3.035048403043533,
a9b4724c34,180,1325,9275,92.75,321.7622886217706,0.29472843227575823,15.106588640189193,1.7104504937438423,
a9b4724c34,180,1326,9282,92.82,321.45045422883493,0.373881751578759,16.181692874183817,2.3816350418959686,
a9b4724c34,180,1327,9289,92.89,320.8158305621348,0.48395191041825963,16.106486709564702,4.2539886053652864,
a9b4724c34,180,1328,9296,92.96,320.12269859768577,0.4985432300938269,16.88335899190163,3.49189662988672,
a9b4724c34,180,1329,9303,93.03,319.6849329358552,0.44638646216576255,16.175195579912703,1.5571232016774397,
a9b4724c34,180,1330,9310,93.1,319.44838022368873,0.38811292281601373,16.616498552096395,0.8184032089659462,
a9b4724c34,180,1331,9317,93.17,319.21893903253346,0.3447693179950902,15.48968406922249,0.9563344691663019,
a9b4724c34,180,1332,9324,93.24,319.17980724449455,0.18603245848788427,15.994181326071557,1.2879782506719135,
a9b4724c34,180,1333,9331,93.31,318.8507264227329,0.09106174655894428,14.988721497125614,0.5349112802345092,
a9b4724c34,180,1334,9338,93.38,318.8122982596589,0.3336926404438697,14.942855764409838,3.092843609083922,
a9b4724c34,180,1335,9345,93.45,318.32748395844965,0.2078216584877971,15.574279420659785,1.3533427871545876,
a9b4724c34,180,1336,9352,93.52,318.1296592080817,0.10983050650317923,15.234245956836213,0.7246424046702504,
a9b4724c34,180,1337,9359,93.59,318.07535986946283,0.15625066742268176,15.135378680171073,1.3132796153231516,
a9b4724c34,180,1338,9366,93.66,317.9664954821121,0.3949373575783893,15.333793056179498,3.7831393003205993,
a9b4724c34,180,1339,9373,93.73,317.30733967587537,0.3224079617075341,15.306431998412174,2.7348789490856475,
a9b4724c34,180,1340,9380,93.8,317.0546052969842,0.3817464251644158,14.765730125012178,1.4071444402193496,
a9b4724c34,180,1341,9387,93.87,316.68408201555513,0.3303355096385044,15.286810930426487,1.976482548081819,
a9b4724c34,180,1342,9394,93.94,316.1778041735381,0.3068818624304725,15.440641542301924,2.8151233759442174,
a9b4724c34,180,1343,9401,94.01,315.75611789410914,0.30985694101789374,15.920116622883805,2.940612569177342,
a9b4724c34,180,1344,9408,94.08,315.48608999410993,0.4673785348513489,15.226355062899675,3.48788145453163,
a9b4724c34,180,1345,9415,94.15,314.47200647285536,0.23186644610597867,15.270589102926447,2.1977870894827807,
a9b4724c34,180,1346,9422,94.22,314.32628823673315,0.23293070933002905,15.175826174684747,1.978687028380965,
a9b4724c34,180,1347,9429,94.29,314.16823701523515,0.1632712000043405,15.578041789015712,0.5706582716774211,
a9b4724c34,180,1348,9436,94.36,314.05366051353104,0.23097068271787746,15.000673005481334,2.2805945631589752,
a9b4724c34,180,1349,9443,94.43,313.82222552003026,0.2868781093637886,15.277739634611034,2.868397701137934,
a9b4724c34,180,1350,9450,94.5,313.5208274761868,0.3121544217860252,14.856114842389033,2.867168083316124,
a9b4724c34,180,1351,9457,94.57,313.14005068926156,0.2984167196267369,15.080412250284688,2.8991587864863164,
a9b4724c34,180,1352,9464,94.64,312.85055030328107,0.27351649679973616,13.843439302622567,1.6103470674570552,
a9b4724c34,180,1353,9471,94.71,312.562201321879,0.21224982545995166,13.694755342862502,1.9050993049864882,
a9b4724c34,180,1354,9478,94.78,312.4289717990074,0.4374336110491112,13.518132201937727,4.1983826221508425,
a9b4724c34,180,1355,9485,94.85,311.97474244395517,0.4115163579050949,14.32333181472142,3.031814132286893,
a9b4724c34,180,1356,9492,94.92,311.6288305419245,0.3170952968738571,13.923730040597563,1.4858867493632057,
a9b4724c34,180,1357,9499,94.99,311.3873503846052,0.2765579799908136,14.109139154383376,2.029170098069601,
a9b4724c34,180,1358,9506,95.06,311.2556056295047,0.35484529880837534,14.059062840755061,2.5967724516224187,
a9b4724c34,180,1359,9513,95.13,310.99596714924394,0.4274220612677848,13.451522974905012,2.271937511448521,
a9b4724c34,180,1360,9520,95.2,310.51198119941586,0.2505188618364858,13.328002015606112,1.4719346491429837,
a9b4724c34,180,1361,9527,95.27,310.2942592006015,0.34078767758379525,12.807511750374966,3.4267987968684697,
a9b4724c34,180,1362,9534,95.34,309.7470036197886,0.25668483122752694,12.609505101626711,1.8779395714668792,
a9b4724c34,180,1363,9541,95.41,309.4653946270348,0.20447545716660617,12.590589669478977,1.8551816131745038,
a9b4724c34,180,1364,9548,95.48,309.28982268352047,0.1614844335916383,12.392895496399257,1.5355124773133213,
a9b4724c34,180,1365,9555,95.55,309.1942273913192,0.27125197719683597,12.392806843116844,2.6238023287416996,
a9b4724c34,180,1366,9562,95.62,308.87341239519964,0.11157504596674035,11.975352833846399,0.9228963166495702,
a9b4724c34,180,1367,9569,95.69,308.8211971365004,0.09534374839418279,12.028468873899135,0.8541894994540346,
a9b4724c34,180,1368,9576,95.76,308.7885895006824,0.19360637935062455,12.072464611539392,1.3814379933686292,
a9b4724c34,180,1369,9583,95.83,308.62990233666886,0.20144193542255986,12.04379774637295,1.4105270219096921,
a9b4724c34,180,1370,9590,95.9,308.47270751762693,0.19142397035494077,12.19526160718137,1.7806095216361606,
a9b4724c34,180,1371,9597,95.97,308.30204505512256,0.2625348322856227,12.420040240242372,2.6466780069510643,
a9b4724c34,180,1372,9604,96.04,307.94912382811674,0.3340343414730794,12.45310619531547,1.89018750869055,
a9b4724c34,180,1373,9611,96.11,307.39156130953427,0.155563116402557,12.80941703108334,1.394114785667323,
a9b4724c34,180,1374,9618,96.18,307.2881809781752,0.5138024889387287,12.677070820662358,2.5184049106639557,
a9b4724c34,180,1375,9625,96.25,307.2695467471568,0.40400139126701456,13.99968978916105,2.7495202552094105,
a9b4724c34,180,1376,9632,96.32,306.75196381540275,0.27288545293153116,13.50414835523379,2.0798991142081613,
a9b4724c34,180,1377,9639,96.39,306.47858547400256,0.19486885031920126,12.818701017427351,1.8952046134816662,
a9b4724c34,180,1378,9646,96.46,306.3262061312341,0.21500264927940996,13.04253353959548,1.8920311597910018,
a9b4724c34,180,1379,9653,96.53,306.1890824552879,0.37579239099980055,12.47694455407388,3.691061163355279,
a9b4724c34,180,1380,9660,96.6,305.8043993123391,0.20764138821112413,12.903087155934182,0.5903748963659231,
a9b4724c34,180,1381,9667,96.67,305.7508892942423,0.20272069956250324,12.013741857538767,0.7544537548174691,
a9b4724c34,180,1382,9674,96.74,305.657793048893,0.25469722615676926,12.56572952895788,2.260531524535251,
a9b4724c34,180,1383,9681,96.81,305.5288383909453,0.43750516303191567,12.56802659292255,2.696192347395282,
a9b4724c34,180,1384,9688,96.88,304.8556108780701,0.3134211535377394,12.562417940290128,2.749488223200069,
a9b4724c34,180,1385,9695,96.95,304.4416893950138,0.4268624033945404,12.08883354776362,3.8175557548291277,
a9b4724c34,180,1386,9702,97.02,303.62848366700223,0.2918431567716865,12.279589548567575,2.6273072772607966,
a9b4724c34,180,1387,9709,97.09,303.3396807125936,0.2982767357577433,11.850949812400744,2.5988010115914664,
a9b4724c34,180,1388,9716,97.16,302.948588145842,0.11786199947981242,11.856181142134437,1.0097514093599316,
a9b4724c34,180,1389,9723,97.23,302.890092789188,0.22822018127029461,11.831808719708867,2.2555327210709066,
a9b4724c34,180,1390,9730,97.3,302.6663985280767,0.2847394990082689,12.019614470391181,2.79666416904406,
a9b4724c34,180,1391,9737,97.37,302.3788466159236,0.3012471812252926,11.859502588191768,1.98167087154557,
a9b4724c34,180,1392,9744,97.44,302.19570478774597,0.2983041399301642,11.65610159051107,2.0844977105846754,
a9b4724c34,180,1393,9751,97.51,301.9396357696103,0.2568956816452969,11.355111885764066,1.8567821573567744,
a9b4724c34,180,1394,9758,97.58,301.75281654354086,0.2098154799063118,11.534593496859712,1.3825102209923814,
a9b4724c34,180,1395,9765,97.65,301.5831839063076,0.2072536596052992,11.225821166897873,1.7474141800843497,
a9b4724c34,180,1396,9772,97.72,301.42394359814205,0.2448736148254471,11.151417292533708,2.3228015572408984,
a9b4724c34,180,1397,9779,97.79,301.12145448905113,0.1818016265917078,10.960383273006235,1.411845076419794,
a9b4724c34,180,1398,9786,97.86,300.99978239365686,0.2502908219955292,10.985000801648724,2.4111082901884853,
a9b4724c34,180,1399,9793,97.93,300.7349523651154,0.3103809155828853,10.97286865846297,2.787112806654113,
a9b4724c34,180,1400,9800,98.0,300.32478253851366,0.21123657180508545,11.104230022157683,0.6982738797364642,
a9b4724c34,180,1401,9807,98.07,300.09877029490843,0.06868589370149149,11.251676020313983,0.6250605316881435,
a9b4724c34,180,1402,9814,98.14,300.08298842614704,0.26309898436388746,11.547696120465014,2.489909070577485,
a9b4724c34,180,1403,9821,98.21,299.737241690485,0.2296328150843072,10.655985178663883,2.208510182590403,
a9b4724c34,180,1404,9828,98.28,299.51255669965894,0.31028002006455224,10.612091487951353,3.1260660724822404,
a9b4724c34,180,1405,9835,98.35,299.1471414696541,0.23002503144745562,10.238710295340878,2.176779335730154,
a9b4724c34,180,1406,9842,98.42,298.9335161195311,0.21080361356291133,10.208195168122305,2.0700915970662304,
a9b4724c34,180,1407,9849,98.49,298.7261303821287,0.1104616294457761,10.200843348652574,0.8141579882735019,
a9b4724c34,180,1408,9856,98.56,298.69891426809676,0.3203833729553772,10.42479963691048,3.0719679398471684,
a9b4724c34,180,1409,9863,98.63,298.2898315459713,0.1433359846528426,10.356924214859635,0.572285254294689,
a9b4724c34,180,1410,9870,98.7,298.21029713679184,0.21680332613530331,10.440982248105138,2.0477354994051935,
a9b4724c34,180,1411,9877,98.77,298.0202595975767,0.11760815723804922,10.686782201468898,0.5745064831600724,
a9b4724c34,180,1412,9884,98.84,297.97677166816646,0.24426212283028206,10.772952104821776,2.17649552771434,
a9b4724c34,180,1413,9891,98.91,297.69701715134187,0.1789572700631152,11.291796924881691,1.354727791910386,
a9b4724c34,180,1414,9898,98.98,297.61689319402916,0.17030124235766944,11.457033313132081,1.2969067901589786,
a9b4724c34,180,1415,9905,99.05,297.5225190638075,0.10950903966214476,11.141705763401335,0.8784523282874948,
a9b4724c34,180,1416,9912,99.12,297.47193508695375,0.2365018715504046,11.221483278540674,1.7088224480916205,
a9b4724c34,180,1417,9919,99.19,297.25203489849144,0.20771899675823505,11.281923644541331,1.998689941076025,
a9b4724c34,180,1418,9926,99.26,297.15284072165326,0.1485822926610487,11.334752733062798,0.8252544875356067,
a9b4724c34,180,1419,9933,99.33,297.0986089176268,0.2307348702182921,11.206228964494544,1.0333588301840337,
a9b4724c34,180,1420,9940,99.4,296.9002353698475,0.260567799263423,11.021706303905985,2.585896087674829,
a9b4724c34,180,1421,9947,99.47,296.7081068007917,0.17515376670572957,10.787611636129595,0.9002518048366189,
a9b4724c34,180,1422,9954,99.54,296.6077628472167,0.25500092609061753,10.672711107084103,2.1884374433454825,
a9b4724c34,180,1423,9961,99.61,296.37324260579436,0.20200577984075688,10.181619321604048,1.7143922478348257,
a9b4724c34,180,1424,9968,99.68,296.2108802798175,0.076835007947098,10.141332982509839,0.5253529139316762,
a9b4724c34,180,1425,9975,99.75,296.19127502781373,0.2671829098224932,10.11824697416111,2.5018283261212586,
a9b4724c34,180,1426,9982,99.82,295.9064078352267,0.29272205581109867,9.995502117890526,1.7794124923555334,
a9b4724c34,180,1427,9989,99.89,295.77684238363366,0.25468328275611396,10.092912555616842,1.6648724079527806,
a9b4724c34,180,1428,9996,99.96,295.5946694449229,0.30640368912807253,9.737159629983713,2.4497487732296888,
a9b4724c34,180,1429,10003,100.03,295.2424421673744,0.2482577257057476,10.323195975257356,2.0987388662980404,
a9b4724c34,180,1430,10010,100.1,295.02624847721603,0.23350037454941622,9.901547365935361,1.4833820413058136,
a9b4724c34,180,1431,10017,100.17,294.8716133565483,0.23657633393443558,9.800929703994042,1.8223702664225134,
a9b4724c34,180,1432,10024,100.24,294.84367252501517,0.2768622465454358,10.672418958181076,1.2489395164838797,
a9b4724c34,180,1433,10031,100.31,294.7782389864553,0.2784308984865237,10.326959278809207,0.9071118120857343,
a9b4724c34,180,1434,10038,100.38,294.67655435635544,0.3203216655392315,10.750298366310567,0.80487030415633,
a9b4724c34,180,1435,10045,100.45,294.6680869254053,0.43835789036062,11.22970777308566,2.485826814502721,
a9b4724c34,180,1436,10052,100.52,294.6598679101238,0.27179622158534683,11.754751330715013,2.5086737342736125,
a9b4724c34,180,1437,10059,100.59,293.9526232954571,0.19144598547066177,10.051641818285034,1.3396581124805607,
a9b4724c34,180,1438,10066,100.66,293.8281491858207,0.060564766596417706,10.047783518941367,0.7505819118822485,
a9b4724c34,180,1439,10073,100.73,293.79448875116316,0.2550441117865918,9.93878027769029,2.4072626642427934,
a9b4724c34,180,1440,10080,100.8,293.6173377407313,0.2264968686020484,9.363796966486042,1.4559023791314258,
a9b4724c34,180,1441,10087,100.87,293.516839460236,0.19161542017250255,9.399730779815556,0.634637743752298,
a9b4724c34,180,1442,10094,100.94,293.44530832481314,0.2122963055621921,9.34817006596174,0.46661909310335464,
a9b4724c34,180,1443,10101,101.01,293.30129958594404,0.16984315684256993,9.263848561361725,0.8996287981995117,
a9b4724c34,180,1444,10108,101.08,293.23120418600996,0.16741924413833095,9.153103975869875,1.3023593422826427,
a9b4724c34,180,1445,10115,101.15,293.1376128327877,0.1716518695418435,9.252918340305477,1.6879159510437134,
a9b4724c34,180,1446,10122,101.22,293.01755666356144,0.15769083310359538,9.412033612498695,1.227090009518961,
a9b4724c34,180,1447,10129,101.29,292.9242428781221,0.20276384688279409,9.64614887398977,1.5013488057081752,
a9b4724c34,180,1448,10136,101.36,292.7713125122075,0.5070894536562509,9.94651634654576,2.562752900914169,
a9b4724c34,180,1449,10143,101.43,292.7095837039222,0.3312925706154317,10.491905047563082,1.8276377802874082,
a9b4724c34,180,1450,10150,101.5,292.2532436317175,0.2383945078324437,10.1652901441873,1.9492885863671205,
a9b4724c34,180,1451,10157,101.57,292.11588392255203,0.19513163080319632,9.711283637274988,1.093335256433085,
a9b4724c34,180,1452,10164,101.64,292.01628979695033,0.1576056061752825,9.69482248141686,0.8085257307982188,
a9b4724c34,180,1453,10171,101.71,291.964929528364,0.15572796444545106,9.417978774270296,1.216974067751817,
a9b4724c34,180,1454,10178,101.78,291.9384437240111,0.20727632680618643,9.622845532027792,0.9891707530788162,
a9b4724c34,180,1455,10185,101.85,291.8529012679424,0.20410942099471763,9.7755105156979,1.5116232373970877,
a9b4724c34,180,1456,10192,101.92,291.69095593738854,0.1790531473495643,9.489648364966767,1.1301625453255402,
a9b4724c34,180,1457,10199,101.99,291.5752188514819,0.08095656128230816,9.707495495415575,0.47521323403392507,
a9b4724c34,180,1458,10206,102.06,291.5553228452542,0.27240533298273767,9.522339009508485,2.5731028140232337,
a9b4724c34,180,1459,10213,102.13,291.2735597242229,0.1190499950980971,9.54994525257428,0.8730349696466377,
a9b4724c34,180,1460,10220,102.2,291.2322810340752,0.18232441501833999,9.492409466490761,1.508511423054057,
a9b4724c34,180,1461,10227,102.27,291.089510610268,0.26533816797726395,9.66766199831805,2.6699114977262166,
a9b4724c34,180,1462,10234,102.34,290.9286045461333,0.20727263741856924,10.257791772193126,0.6940314499697481,
a9b4724c34,180,1463,10241,102.41,290.8873607048657,0.19594239998749766,9.783806610399342,0.6300023697271493,
a9b4724c34,180,1464,10248,102.48,290.79424105238434,0.24917242117174837,10.066734646323798,2.215404651806074,
a9b4724c34,180,1465,10255,102.55,290.6201287779266,0.2190518741165966,10.081732329241731,1.8043827620095885,
a9b4724c34,180,1466,10262,102.62,290.4374200060735,0.19533916556762165,10.131452445689488,1.8661475928865912,
a9b4724c34,180,1467,10269,102.69,290.3134127777071,0.20397179223296533,9.632005087018838,1.8590339859668152,
a9b4724c34,180,1468,10276,102.76,290.1696766485638,0.16067763550623426,9.41726766518878,1.376239068774226,
a9b4724c34,180,1469,10283,102.83,290.08248100318315,0.08615957857934682,9.328848237588726,0.6432792315785092,
a9b4724c34,180,1470,10290,102.9,290.05060934236974,0.10828075300964966,9.239668178031785,0.908100958905636,
a9b4724c34,180,1471,10297,102.97,289.99250307257853,0.3447441336231508,9.277477857622454,1.2136813465696092,
a9b4724c34,180,1472,10304,103.04,289.98436463783406,0.25126280242145405,10.145237980221577,1.6198967190821472,
a9b4724c34,180,1473,10311,103.11,289.78475070436076,0.32335259818349416,9.767750605676287,2.886209253334621,
a9b4724c34,180,1474,10318,103.18,289.5695161287478,0.3071118629813463,9.581338337272015,1.7605835080742647,
a9b4724c34,180,1475,10325,103.25,289.32278856876763,0.24461164105406127,9.23227095442905,0.3687938756484283,
a9b4724c34,180,1476,10332,103.32,289.095567229734,0.08047616597763725,9.131732500385423,0.3877990712997572,
a9b4724c34,180,1477,10339,103.39,289.0758248710592,0.1755437447664657,9.091302270807255,1.746255329322281,
a9b4724c34,180,1478,10346,103.46,288.9264063334967,0.20795732119506777,8.929104200018454,1.8999858693867515,
a9b4724c34,180,1479,10353,103.53,288.73488402900216,0.174798269775882,8.792267945418311,1.7496443378500866,
a9b4724c34,180,1480,10360,103.6,288.60843967460875,0.1172526821198754,8.651935790212521,1.0522816660782377,
a9b4724c34,180,1481,10367,103.67,288.55336030533783,0.25144698388771086,8.53333841595909,2.3570109604347227,
a9b4724c34,180,1482,10374,103.74,288.2884668613588,0.20218535114430555,8.840176756112799,1.8624985021719975,
a9b4724c34,180,1483,10381,103.81,288.152614539728,0.18670532139771345,8.931442565768824,1.5773291632131348,
a9b4724c34,180,1484,10388,103.88,288.0408184342503,0.27070522793119783,9.280074369898367,2.462598354765744,
a9b4724c34,180,1485,10395,103.95,287.8563579504967,0.35698999433654865,9.585608810533584,3.0708514294033225,
a9b4724c34,180,1486,10402,104.02,287.42530487657524,0.19138539618191097,9.39944060400655,1.1923034989354375,
a9b4724c34,180,1487,10409,104.09,287.3307558977044,0.21895963173271493,9.270672611077465,1.4603083061882778,
a9b4724c34,180,1488,10416,104.16,287.19777848345603,0.22088816791923555,9.266628242741803,1.6536265287990954,
a9b4724c34,180,1489,10423,104.23,287.0797077535534,0.30360714191136584,9.719660348016026,2.7968572924624584,
a9b4724c34,180,1490,10430,104.3,286.83250875517336,0.2751154078983306,9.614192315110918,1.6851594510684345,
a9b4724c34,180,1491,10437,104.37,286.5746807562443,0.1822865825334243,9.168361436586805,0.806282058333563,
a9b4724c34,180,1492,10444,104.44,286.4410143942909,0.2836227411691785,9.318415804171293,2.6795958452737576,
a9b4724c34,180,1493,10451,104.51,286.04980839763255,0.1614303579165,9.674019824010742,1.6399152354805804,
a9b4724c34,180,1494,10458,104.58,285.96159308496584,0.17563508272075218,10.005160546306554,1.5386990480104303,
a9b4724c34,180,1495,10465,104.65,285.8738472418472,0.25683084368300096,9.808435893917741,2.3858531946509207,
a9b4724c34,180,1496,10472,104.72,285.62925938919176,0.22043447488926593,9.553431846352295,1.5684283087981905,
a9b4724c34,180,1497,10479,104.79,285.4585867186356,0.14083077095754676,9.820177554841516,0.2629506863092133,
a9b4724c34,180,1498,10486,104.86,285.43177210170944,0.25422691280134285,9.815188697291171,1.860003014053721,
a9b4724c34,180,1499,10493,104.93,285.31387214066825,0.20736584097157765,9.598433167687778,1.4736094451737431,
a9b4724c34,180,1500,10500,105.0,285.1981005206512,0.17976665047863225,9.428560163909625,1.0838408648420865,
a9b4724c34,180,1501,10507,105.07,285.1041194421969,0.1477722650573325,9.25548488144916,1.179460005355645,
a9b4724c34,180,1502,10514,105.14,285.0423814585109,0.2071144272731723,9.024970198239156,1.886685976262342,
a9b4724c34,180,1503,10521,105.21,284.8422221360987,0.15588565949366026,9.012686363246905,1.2742914931119098,
a9b4724c34,180,1504,10528,105.28,284.74272885357925,0.13199793699171242,9.06039713525568,1.2687760188562132,
a9b4724c34,180,1505,10535,105.35,284.6933203700753,0.22353261952560288,9.366692504445723,2.1432765170144177,
a9b4724c34,180,1506,10542,105.42,284.5093656350058,0.2822213873651658,9.111282984490154,2.797506350529591,
a9b4724c34,180,1507,10549,105.49,284.2005016699687,0.28205128168747934,9.492519294640118,1.5761256621086006,
a9b4724c34,180,1508,10556,105.56,283.8929847026538,0.27272430113037904,9.052009727596463,2.3616353771454857,
a9b4724c34,180,1509,10563,105.63,283.71447155549237,0.21772147473677306,9.455854774107916,1.3127048426078285,
a9b4724c34,180,1510,10570,105.7,283.57651083653576,0.22708424635602423,8.69517831823201,1.3116130227087976,
a9b4724c34,180,1511,10577,105.77,283.33886534622957,0.16356090728761605,9.053055654128928,1.6297939093680658,
a9b4724c34,180,1512,10584,105.84,283.2773091105453,0.13726347817780213,8.924176024548007,0.4927907260895108,
a9b4724c34,180,1513,10591,105.91,283.2265218903429,0.13043543217769263,9.107238621215865,0.9684373874573183,
a9b4724c34,180,1514,10598,105.98,283.1627667913151,0.18303594585776817,9.060089112904652,1.7028092573131972,
a9b4724c34,180,1515,10605,106.05,283.01535284457145,0.19185400794394677,9.367944506149112,1.9385488374362274,
a9b4724c34,180,1516,10612,106.12,282.9004271237014,0.1493270909843613,9.035884879094692,1.1204467798290538,
a9b4724c34,180,1517,10619,106.19,282.80442233219503,0.13017885786878422,8.878081316203694,1.2446053128488974,
a9b4724c34,180,1518,10626,106.26,282.748664961246,0.16239542447728272,8.535162209461907,0.9104172409976844,
a9b4724c34,180,1519,10633,106.33,282.71406203352325,0.3038327560013381,8.783452718224275,2.1347376697401224,
a9b4724c34,180,1520,10640,106.4,282.4026610641293,0.23684990185775417,8.769597800119568,1.776020598810491,
a9b4724c34,180,1521,10647,106.47,282.2524317819358,0.1733621473973231,8.466513807710129,1.0739185333317884,
a9b4724c34,180,1522,10654,106.54,282.15026134602886,0.26445148718378697,8.291090537963298,2.4998216477929445,
a9b4724c34,180,1523,10661,106.61,282.0201711174483,0.21136680665654178,9.1765955294985,1.2233879223298756,
a9b4724c34,180,1524,10668,106.68,281.9424805133775,0.14344727755801556,8.181473001570948,0.26054438577275707,
a9b4724c34,180,1525,10675,106.75,281.91228526998475,0.1871943133331021,8.665927840541384,0.7764263577285522,
a9b4724c34,180,1526,10682,106.82,281.7869483095738,0.23129094510656167,8.132096846333905,1.332628952164909,
a9b4724c34,180,1527,10689,106.89,281.66374815231615,0.2959553003245201,8.742972603993554,2.2643136809983595,
a9b4724c34,180,1528,10696,106.96,281.3419653519323,0.16704063135537117,8.713943263688401,0.7096119444612046,
a9b4724c34,180,1529,10703,107.03,281.26007535775017,0.12778556903730276,8.72341435506614,0.7956275702641359,
a9b4724c34,180,1530,10710,107.1,281.21890633362483,0.22089814372178648,8.634674080775929,0.9895893762860315,
a9b4724c34,180,1531,10717,107.17,281.0724924818922,0.14798014541813023,8.567385024219124,1.0429580510181238,
a9b4724c34,180,1532,10724,107.24,281.00606212487816,0.2657974272402782,8.434064698183278,2.5493928525724328,
a9b4724c34,180,1533,10731,107.31,280.7849817637412,0.17281423526792675,8.53901297863144,0.7759185109303744,
a9b4724c34,180,1534,10738,107.38,280.69251916106373,0.12263714473880019,8.499870448366597,0.8046648807091907,
a9b4724c34,180,1535,10745,107.45,280.6273248444575,0.11210024673028315,8.426136942424092,1.0221252942010521,
a9b4724c34,180,1536,10752,107.52,280.58539453256736,0.17230541552636391,8.331443819174876,1.6051933858259455,
a9b4724c34,180,1537,10759,107.59,280.5261287728564,0.18273396296447403,8.277495702163693,1.3543686951367295,
a9b4724c34,180,1538,10766,107.66,280.39475503897455,0.09793476203610502,7.959958040875336,0.6160442234961104,
a9b4724c34,180,1539,10773,107.73,280.3566622442485,0.206183272670674,8.022255406886028,0.3892234823545651,
a9b4724c34,180,1540,10780,107.8,280.35555355683306,0.19485215319459454,8.465839495423118,1.4846117715577105,
a9b4724c34,180,1541,10787,107.87,280.22509105962456,0.2665051836968601,8.797094840671969,2.67307061850269,
a9b4724c34,180,1542,10794,107.94,280.02522100108285,0.15749180271121957,8.415411429972837,0.35765675633318006,
a9b4724c34,180,1543,10801,108.01,279.97528117269025,0.2970903352692362,8.490085694481118,2.494943551577796,
a9b4724c34,180,1544,10808,108.08,279.7527656570517,0.22555030008225033,8.492909949992953,1.318367161173394,
a9b4724c34,180,1545,10815,108.15,279.55792558301556,0.1701753497220661,7.979877429773012,1.2315091733965169,
a9b4724c34,180,1546,10822,108.22,279.45395358620794,0.10142355248241379,8.193225878634086,0.33133081711758383,
a9b4724c34,180,1547,10829,108.29,279.4256279733587,0.16317837153528497,8.024186280169287,1.5498205299197048,
a9b4724c34,180,1548,10836,108.36,279.3462967859034,0.20688879292739348,8.543305353067892,0.6230865771349652,
a9b4724c34,180,1549,10843,108.43,279.18509777196454,0.1959478994068943,8.252498594135506,1.7203744419898,
a9b4724c34,180,1550,10850,108.5,279.0512731822139,0.21405602625880563,8.474011008302803,1.6064251155693814,
a9b4724c34,180,1551,10857,108.57,278.89749427964136,0.15500127833323185,8.497023356987938,1.371236382262786,
a9b4724c34,180,1552,10864,108.64,278.801024929564,0.20902981781069038,7.992609864226837,2.0344580196278184,
a9b4724c34,180,1553,10871,108.71,278.64367566714964,0.2173979662699331,8.004305007429839,1.2675685247936868,
a9b4724c34,180,1554,10878,108.78,278.4710181617035,0.20628463655027116,7.252238064445735,1.8633317977647332,
a9b4724c34,180,1555,10885,108.85,278.309095315979,0.18484006118691154,7.409126823380752,1.6997523719750778,
a9b4724c34,180,1556,10892,108.92,278.1556882549641,0.13983557217154952,7.286187280587536,0.7884258038392341,
a9b4724c34,180,1557,10899,108.99,278.0811487393879,0.08722439451431548,7.664017600145075,0.5274338037594964,
a9b4724c34,180,1558,10906,109.06,278.0520225561676,0.24987106771831663,7.492544433441903,1.3233545422456543,
a9b4724c34,180,1559,10913,109.13,277.8497216124959,0.17571561978026498,7.818810067596497,0.5684333572496767,
a9b4724c34,180,1560,10920,109.2,277.73224155383673,0.18635310889017606,7.2846099518176715,1.6852231462576703,
a9b4724c34,180,1561,10927,109.27,277.6214678278735,0.15526021083593264,7.5228265228733395,1.3210644023433833,
a9b4724c34,180,1562,10934,109.34,277.5500791981904,0.16801625719323193,6.970567113589692,1.4046530802941373,
a9b4724c34,180,1563,10941,109.41,277.43287546669984,0.1893176692488722,7.272493309835416,1.6047794833966196,
a9b4724c34,180,1564,10948,109.48,277.34445414878076,0.14441716078881683,7.612492634329231,0.9218289966977936,
a9b4724c34,180,1565,10955,109.55,277.31699748873746,0.26977791698701126,7.213305960225454,1.0523676950034204,
a9b4724c34,180,1566,10962,109.62,277.07468856050366,0.18464243174173012,7.763705583600665,1.3789832038306307,
a9b4724c34,180,1567,10969,109.69,277.0287728776561,0.17134986313953174,7.413577137400597,0.47069948633310665,
a9b4724c34,180,1568,10976,109.76,276.98182895335253,0.1578195146417023,7.4047655258768375,0.8519382986068765,
a9b4724c34,180,1569,10983,109.83,276.94348350671993,0.16240578395549835,7.031567230382515,0.8632825740402559,
a9b4724c34,180,1570,10990,109.9,276.88227972713156,0.17926546724994039,6.932731041634987,1.5351363946682994,
a9b4724c34,180,1571,10997,109.97,276.769625506571,0.20107626449852944,6.70274345671699,1.885918781354852,
a9b4724c34,180,1572,11004,110.04,276.5647738368573,0.09308951112438292,6.343213295959614,0.4281060087132292,
a9b4724c34,180,1573,11011,110.11,276.53589496360263,0.14807762304373476,6.547711784723517,1.223531912138844,
a9b4724c34,180,1574,11018,110.18,276.4526881549427,0.11092471818607026,6.633244325331733,0.850453260901555,
a9b4724c34,180,1575,11025,110.25,276.40845207863424,0.14139920570714878,6.698949633689107,1.1104697290609504,
a9b4724c34,180,1576,11032,110.32,276.3488112752728,0.09042357875319974,6.778453101868773,0.46844103591496783,
a9b4724c34,180,1577,11039,110.39,276.3335497731426,0.09993967052815503,6.759277042855115,0.9029136953519294,
a9b4724c34,180,1578,11046,110.46,276.2986747516503,0.22817012698534717,6.794596559222448,1.6097992528629452,
a9b4724c34,180,1579,11053,110.53,276.1093932521994,0.15615597557617894,6.984561912845478,1.3439386279272283,
a9b4724c34,180,1580,11060,110.6,276.00937968429326,0.13499831927735548,6.683653085461328,1.27864403014024,
a9b4724c34,180,1581,11067,110.67,275.9554349596928,0.09656422306716256,7.119764420373186,0.7046354400410166,
a9b4724c34,180,1582,11074,110.74,275.935062042252,0.22064650882145256,7.013284335385813,2.148848009675828,
a9b4724c34,180,1583,11081,110.81,275.698956441946,0.23411232498325354,7.17657057523471,2.279888593285715,
a9b4724c34,180,1584,11088,110.88,275.4811439064103,0.22196533079423034,6.824882334726973,1.696789485163202,
a9b4724c34,180,1585,11095,110.95,275.31703777759543,0.13554642155141242,7.434932772841425,0.6657325187231611,
a9b4724c34,180,1586,11102,111.02,275.2725949268514,0.15578712357823782,6.9073866719427475,1.359177120303115,
a9b4724c34,180,1587,11109,111.09,275.179670358852,0.27863055970981415,7.442760881910341,2.512826549318866,
a9b4724c34,180,1588,11116,111.16,274.91927954013704,0.16375138965766325,7.108464861305484,1.1299926047520876,
a9b4724c34,180,1589,11123,111.23,274.8504535738497,0.12216885187762552,7.145985903295398,0.7463751105098881,
a9b4724c34,180,1590,11130,111.3,274.7960312143587,0.0906725475168056,6.97472690524752,0.45347820590202365,
a9b4724c34,180,1591,11137,111.37,274.7613433526356,0.11158669184856489,7.216166619042375,1.1060780593987432,
a9b4724c34,180,1592,11144,111.44,274.7222357857733,0.21386343164348742,7.323458191706019,2.036729503907301,
a9b4724c34,180,1593,11151,111.51,274.54012672617233,0.17663514383010304,7.467042828424182,1.5901702014044867,
a9b4724c34,180,1594,11158,111.58,274.38207813529834,0.16367761110444992,7.620392154679068,1.5343776648300422,
a9b4724c34,180,1595,11165,111.65,274.2588110909486,0.12808965143221068,7.479296174103995,1.1013441910684414,
a9b4724c34,180,1596,11172,111.72,274.19337888053127,0.222811171019491,7.498035929094197,1.6161957603859205,
a9b4724c34,180,1597,11179,111.79,274.0832011689664,0.2296261028807531,6.9283795422044285,1.8121946736036616,
a9b4724c34,180,1598,11186,111.86,273.9256231694776,0.1783167101719526,6.958207209896324,0.7342098288966631,
a9b4724c34,180,1599,11193,111.93,273.85772659755025,0.14176992992425486,6.636769130345296,0.6568513118910029,
a9b4724c34,180,1600,11200,112.0,273.8173966025568,0.17737900381803273,6.709276994047901,1.3587936977655677,
a9b4724c34,180,1601,11207,112.07,273.71256569344104,0.18813952112391247,6.748653072567751,1.6570397761637647,
a9b4724c34,180,1602,11214,112.14,273.57436936116335,0.11301715697604109,6.772385141978127,0.8208304983902465,
a9b4724c34,180,1603,11221,112.21,273.53932985259456,0.16487625573179374,6.891668531338866,1.3062087714969712,
a9b4724c34,180,1604,11228,112.28,273.454908942223,0.17634666180287176,6.268232965283135,1.3762536121782272,
a9b4724c34,180,1605,11235,112.35,273.347948025985,0.22659826256279628,6.329974331608068,2.233904165930254,
a9b4724c34,180,1606,11242,112.42,273.2370711569149,0.13484680737671206,7.112600299867759,0.20709597916168157,
a9b4724c34,180,1607,11249,112.49,273.1906083157872,0.15511978989015246,6.204973752880963,1.4685250895417323,
a9b4724c34,180,1608,11256,112.56,273.09456259435564,0.1379548762035387,6.357599530213009,1.0864363740635472,
a9b4724c34,180,1609,11263,112.63,273.02745223940286,0.12197592021465584,6.366222363683305,0.7965676258902504,
a9b4724c34,180,1610,11270,112.7,272.9849685593505,0.1515384693280963,6.328928462589693,1.417887266957361,
a9b4724c34,180,1611,11277,112.77,272.9205141873376,0.09599756445363954,6.077366916190771,0.5367774606313839,
a9b4724c34,180,1612,11284,112.84,272.8851904938957,0.06170287925001882,5.926215420792331,0.43900491085271953,
a9b4724c34,180,1613,11291,112.91,272.87471075860793,0.11395792004683909,5.955301976712273,1.0753010995928174,
a9b4724c34,180,1614,11298,112.98,272.8265793342166,0.06950196065055843,6.059329732132148,0.5862280186443858,
a9b4724c34,180,1615,11305,113.05,272.8068329655441,0.13562703461385442,6.0754526082973825,1.340229874308201,
a9b4724c34,180,1616,11312,113.12,272.7261953295241,0.03571890471429402,6.086186837884296,0.14966387771503387,
a9b4724c34,180,1617,11319,113.19,272.72194718786153,0.052882430121283644,6.043339119788113,0.489402230751326,
a9b4724c34,180,1618,11326,113.26,272.7164066513139,0.08597927419808563,6.110237344501257,0.7617331845635705,
a9b4724c34,180,1619,11333,113.33,272.6904879731164,0.12903524959417134,5.984564180799339,1.2200539258983114,
a9b4724c34,180,1620,11340,113.4,272.6211009799195,0.0879105758076585,6.044224303103284,0.5961196614576924,
a9b4724c34,180,1621,11347,113.47,272.5901945822241,0.10651564620345651,6.067520895527756,0.38183497470643213,
a9b4724c34,180,1622,11354,113.54,272.54459109615493,0.07646291784640541,5.901414701798082,0.5992311161325695,
a9b4724c34,180,1623,11361,113.61,272.52545600302915,0.13660739790346108,5.888282261155719,0.8745690721361609,
a9b4724c34,180,1624,11368,113.68,272.4795107818352,0.12076848428778476,6.326393204503739,0.7814669391434829,
a9b4724c34,180,1625,11375,113.75,272.4304107069704,0.11145592205166986,6.345241065377651,0.7731842670114434,
a9b4724c34,180,1626,11382,113.82,272.3926371481982,0.15286626559201924,6.355906174431179,1.4581117507337416,
a9b4724c34,180,1627,11389,113.89,272.2899500435343,0.16572811994943168,6.597378958359717,1.40649413441064,
a9b4724c34,180,1628,11396,113.96,272.1898327228241,0.1190190274444211,6.303820838551044,1.1033636818465777,
a9b4724c34,180,1629,11403,114.03,272.1433587275561,0.06424620823082061,6.359354969078409,0.33468260478683076,
a9b4724c34,180,1630,11410,114.1,272.13108881424273,0.28672735256878823,6.207483379421737,0.9594724760314729,
a9b4724c34,180,1631,11417,114.17,272.1004243223303,0.23062126232671673,7.21690289641551,1.7745434382702,
a9b4724c34,180,1632,11424,114.24,271.8615247558921,0.16124367901364328,6.6005562593111895,1.1348302415919953,
a9b4724c34,180,1633,11431,114.31,271.77687198980226,0.2539929747276546,6.1577473402976555,2.133465186569653,
a9b4724c34,180,1634,11438,114.38,271.49663217472624,0.14214992559319212,6.657025662937067,1.2305509835174748,
a9b4724c34,180,1635,11445,114.45,271.4035513279337,0.10374887912612431,6.402926417777487,1.0120551933596642,
a9b4724c34,180,1636,11452,114.52,271.36079016150154,0.15951089693583084,6.534184019368034,1.442963830584477,
a9b4724c34,180,1637,11459,114.59,271.23840257262214,0.0952779336754948,6.584361104236802,0.7458714302508127,
a9b4724c34,180,1638,11466,114.66,271.202898793009,0.09254552219494241,6.560357813696192,0.6359950263140961,
a9b4724c34,180,1639,11473,114.73,271.1736381147177,0.10190446243570091,6.655912609055482,0.8150517439533818,
a9b4724c34,180,1640,11480,114.8,271.1401906988408,0.17472077768825378,6.404647572150954,1.14656847844669,
a9b4724c34,180,1641,11487,114.87,271.03748600301236,0.16905534501458827,6.311894858026423,1.537117493375077,
a9b4724c34,180,1642,11494,114.94,270.92458000307386,0.11359719734459113,5.922480638901817,0.9587397408338122,
a9b4724c34,180,1643,11501,115.01,270.88128901447334,0.07724833304528275,5.8864292522928,0.6531682243336129,
a9b4724c34,180,1644,11508,115.08,270.8532914201278,0.09964485956248541,5.772479576367686,0.9506693846740856,
a9b4724c34,180,1645,11515,115.15,270.8083992787713,0.0768259724706062,5.932910906407396,0.5427909366051218,
a9b4724c34,180,1646,11522,115.22,270.78406961123915,0.09293739175692188,5.742791749948668,0.7732361636437273,
a9b4724c34,180,1647,11529,115.29,270.74835698482883,0.10553586835663545,5.833769720798407,0.5339831188757088,
a9b4724c34,180,1648,11536,115.36,270.7127271600502,0.10905163508237539,6.061016468595799,0.6966774960708298,
a9b4724c34,180,1649,11543,115.43,270.6570004341756,0.06062091017295642,5.872473157225266,0.5044851884932464,
a9b4724c34,180,1650,11550,115.5,270.64742943186803,0.1514804348953818,6.001412253931259,1.0897675231747994,
a9b4724c34,180,1651,11557,115.57,270.5491291224063,0.12527391060686677,5.994604737258527,1.1764044586338862,
a9b4724c34,180,1652,11564,115.64,270.49723799372435,0.06538375513317575,6.153088334814876,0.5023762148982862,
a9b4724c34,180,1653,11571,115.71,270.4864974620058,0.15762183985884812,6.005537083997434,0.6960281330444951,
a9b4724c34,180,1654,11578,115.78,270.47015583900316,0.07948042790584363,6.1710030236611875,0.2632250505093761,
a9b4724c34,180,1655,11585,115.85,270.44786059759656,0.1366682914776244,6.010298682724788,1.2868775115096864,
a9b4724c34,180,1656,11592,115.92,270.38601729196563,0.0818986184750245,5.804956828254889,0.3756950837806732,
a9b4724c34,180,1657,11599,115.99,270.35635830587086,0.06944471365886062,5.759701560535845,0.4311468118122473,
a9b4724c34,180,1658,11606,116.06,270.3380353824208,0.09331077599401458,5.764429577759547,0.9066975413359968,
a9b4724c34,180,1659,11613,116.13,270.29918940103573,0.16615775715830333,5.542586424459944,1.57390859140966,
a9b4724c34,180,1660,11620,116.2,270.1831306569052,0.14470860571560692,5.706038623343072,0.9889169304254137,
a9b4724c34,180,1661,11627,116.27,270.0968007016249,0.10525850973588605,5.5227787678703155,0.9130667021485536,
a9b4724c34,180,1662,11634,116.34,270.05103825595427,0.12045682420408504,5.939902758149948,0.8286444171935949,
a9b4724c34,180,1663,11641,116.41,270.02132463512777,0.12599174185663842,5.894106479102246,0.9953369564798724,
a9b4724c34,180,1664,11648,116.48,269.9760617506703,0.10008412097039099,6.04861339642366,0.7856221037553784,
a9b4724c34,180,1665,11655,116.55,269.93751409439994,0.32895793710736987,5.930843962751003,1.5861536215936853,
a9b4724c34,180,1666,11662,116.62,269.93183923681715,0.1841790509558017,6.593770143026202,0.9602912739013423,
a9b4724c34,180,1667,11669,116.69,269.789370162131,0.15328378472197987,5.776078953315816,1.286951120246795,
a9b4724c34,180,1668,11676,116.76,269.6903661094794,0.14179294172427492,6.033323818246431,0.9635549744278066,
a9b4724c34,180,1669,11683,116.83,269.6261605784021,0.18625092692256043,5.992664327936335,1.6281601465591349,
a9b4724c34,180,1670,11690,116.9,269.5269440005222,0.18139856066403665,5.939437605258016,1.5350423087162537,
a9b4724c34,180,1671,11697,116.97,269.41453735955923,0.09923131539156216,5.739893408027386,0.607661454498119,
a9b4724c34,180,1672,11704,117.04,269.37891843074704,0.07336760035560112,5.792846809106172,0.33835513843581755,
a9b4724c34,180,1673,11711,117.11,269.35534058812254,0.05511399028985272,5.7327266978683085,0.5130039192214225,
a9b4724c34,180,1674,11718,117.18,269.34969564835296,0.15568438090910242,5.722845995983141,1.5423732323260213,
a9b4724c34,180,1675,11725,117.25,269.2530879634056,0.22288467803869783,5.810240336958618,1.0691982394473047,
a9b4724c34,180,1676,11732,117.32,269.24279462122746,0.13361351799613683,5.402012178529577,0.9049480591148918,
a9b4724c34,180,1677,11739,117.39,269.1692192382158,0.19499737484469787,5.686019333632034,1.9701412905055857,
a9b4724c34,180,1678,11746,117.46,269.022014905398,0.14501693829062373,5.916658671657049,1.0904483529651325,
a9b4724c34,180,1679,11753,117.53,268.9395717514849,0.14686407198287096,5.771238603331498,1.2598539084354572,
a9b4724c34,180,1680,11760,117.6,268.84666110245143,0.128560363484826,6.0523524887719615,1.233247307749632,
a9b4724c34,180,1681,11767,117.67,268.77275471736175,0.11005109526271942,5.901905249987526,0.9217275665841851,
a9b4724c34,180,1682,11774,117.74,268.7211154946029,0.09625749982840594,6.015161325323379,0.8448905434740507,
a9b4724c34,180,1683,11781,117.81,268.69657950554745,0.12299794409817834,6.129535100355322,1.0009496032413399,
a9b4724c34,180,1684,11788,117.88,268.639506734391,0.10978416018705223,6.102697368939375,1.0015093198173899,
a9b4724c34,180,1685,11795,117.95,268.5912262422485,0.1235198920254253,6.232194008532986,1.0158995047267756,
a9b4724c34,180,1686,11802,118.02,268.52757342881705,0.15430502475229307,6.365094604315822,0.9119201166239223,
a9b4724c34,180,1687,11809,118.09,268.4388815432729,0.3797720926001016,6.077483590852484,1.3261038442515396,
a9b4724c34,180,1688,11816,118.16,268.4362499596235,0.3209120612754347,7.673885514656726,2.2002019166467215,
a9b4724c34,180,1689,11823,118.23,268.0765601655576,0.17835701819805197,6.635875773752724,1.0824704218556482,
a9b4724c34,180,1690,11830,118.3,267.9447992902562,0.0826223114911672,6.55449445096259,0.4423685920873517,
a9b4724c34,180,1691,11837,118.37,267.91723713259955,0.251446988541131,6.293996267485844,0.872557349324767,
a9b4724c34,180,1692,11844,118.44,267.8960731312861,0.2445754451017327,6.747230801867483,1.8613099998246458,
a9b4724c34,180,1693,11851,118.51,267.635328437299,0.12597951108229807,6.208357719198285,1.0016315242437661,
a9b4724c34,180,1694,11858,118.58,267.55901486329697,0.11627920810820788,6.033146332136052,0.8081991529757391,
a9b4724c34,180,1695,11865,118.65,267.4948847697243,0.1978468114320859,5.965269521302668,0.6036419445375252,
a9b4724c34,180,1696,11872,118.72,267.49415116558265,0.17325764219351594,6.294879995442189,1.1750607671104458,
a9b4724c34,180,1697,11879,118.79,267.3799617390255,0.18493748290601572,5.804132993651263,0.6659450562871941,
a9b4724c34,180,1698,11886,118.86,267.37960286233704,0.13830823262755587,6.063398788065449,1.053639766424791,
a9b4724c34,180,1699,11893,118.93,267.2996078443059,0.12711014065035353,6.00222449287257,0.5350561019846238,
a9b4724c34,180,1700,11900,119.0,267.24382619574544,0.09725487359362926,5.921733499363685,0.7889718993309857,
a9b4724c34,180,1701,11907,119.07,267.2100434951016,0.09868649623087808,5.720299800011889,0.8945663964949597,
a9b4724c34,180,1702,11914,119.14,267.17703822539704,0.052817166089597765,5.716297524110096,0.42401144404251406,
a9b4724c34,180,1703,11921,119.21,267.16638362104493,0.057774844136027716,5.579364727139768,0.39201355092143503,
a9b4724c34,180,1704,11928,119.28,267.1512299422245,0.09814714054209418,5.601622506702511,0.9921483731740594,
a9b4724c34,180,1705,11935,119.35,267.1274302934415,0.06610617817308766,5.62236316441744,0.49013207985991053,
a9b4724c34,180,1706,11942,119.42,267.11136868098737,0.04649306556328709,5.504697651562481,0.3896503406025565,
a9b4724c34,180,1707,11949,119.49,267.10510121733984,0.08173469662777763,5.602147653685207,0.7759892754727261,
a9b4724c34,180,1708,11956,119.56,267.08279096545147,0.09002603108194139,5.43011286163847,0.8395296870801299,
a9b4724c34,180,1709,11963,119.63,267.0510832630697,0.11825894432769135,5.36715943825626,1.177509300564278,
a9b4724c34,180,1710,11970,119.7,266.98819555346637,0.17515757308027463,5.2409310442415995,0.5234659973854168,
a9b4724c34,180,1711,11977,119.77,266.98683261040605,0.13119686165716038,5.674602562086508,0.9936825717731381,
a9b4724c34,180,1712,11984,119.84,266.91340566801045,0.22425547039927238,5.431386074327858,0.8511927320483859,
a9b4724c34,180,1713,11991,119.91,266.90080165369557,0.16986612343636687,5.682680545450152,1.2366507895150054,
a9b4724c34,180,1714,11998,119.98,266.7690379799863,0.10204565049473294,5.812300443702487,0.9066796227689222,
a9b4724c34,180,1715,12005,120.05,266.72821573401524,0.1757486896856526,5.718299250672793,1.6160925877612586,
a9b4724c34,180,1716,12012,120.12,266.59378629827603,0.13545589523369517,5.431805300267576,1.0296826916748787,
a9b4724c34,180,1717,12019,120.19,266.53015517327276,0.12662676270193587,5.4498013374220955,0.9917423663370191,
a9b4724c34,180,1718,12026,120.26,266.48526308181505,0.1523374071526296,5.6205865613039,1.232095341244544,
a9b4724c34,180,1719,12033,120.33,266.40579980522955,0.09779465573662784,5.43561795174608,0.6331600447622954,
a9b4724c34,180,1720,12040,120.4,266.36628039929127,0.17605344009497778,5.467212345023938,0.6343545362174189,
a9b4724c34,180,1721,12047,120.47,266.34211612423866,0.15704810829817245,5.737289570224738,1.230311578251441,
a9b4724c34,180,1722,12054,120.54,266.2339915484435,0.10861159574808524,5.543113033993834,0.8226055548482984,
a9b4724c34,180,1723,12061,120.61,266.20992896111943,0.13881704400407677,5.621848530506665,1.0762406308571733,
a9b4724c34,180,1724,12068,120.68,266.12969344017347,0.1273524582158121,5.517292108099824,1.2081182733786355,
a9b4724c34,180,1725,12075,120.75,266.06119873391157,0.14265755640711006,5.837175504648019,1.1305305610204806,
a9b4724c34,180,1726,12082,120.82,265.96185126167137,0.1011053658603643,5.7029837997449695,0.8785147215930741,
a9b4724c34,180,1727,12089,120.89,265.92133880766016,0.1483217649193536,6.096185142191889,1.0268910484782856,
a9b4724c34,180,1728,12096,120.96,265.8260083378728,0.08782920891546184,5.781894923805924,0.5478942254087742,
a9b4724c34,180,1729,12103,121.03,265.79601626637276,0.08658317931421507,5.437852841245552,0.7067621420238128,
a9b4724c34,180,1730,12110,121.1,265.77543345398647,0.0866654180633671,5.667924015976941,0.7056493096754923,
a9b4724c34,180,1731,12117,121.17,265.7443827707007,0.07079253633411589,5.456109373141394,0.5375513594804974,
a9b4724c34,180,1732,12124,121.24,265.72692833194475,0.20775525246455587,5.809629518045627,2.0916338945735826,
a9b4724c34,180,1733,12131,121.31,265.53474363637577,0.3573429642431668,5.5894150021142694,1.6989169642682447,
a9b4724c34,180,1734,12138,121.38,265.53212347753566,0.21107681191315028,6.5133828578722355,1.2387708978943255,
a9b4724c34,180,1735,12145,121.45,265.3375719812491,0.08697213231804284,5.818164244310504,0.812426480844597,
a9b4724c34,180,1736,12152,121.52,265.31385399736126,0.08296693988944406,5.61672516731056,0.7553278569551559,
a9b4724c34,180,1737,12159,121.59,265.29039768535023,0.07572904014805228,5.809614153865102,0.6416740289713381,
a9b4724c34,180,1738,12166,121.66,265.2697149730114,0.11815346757835579,5.69647247571088,0.8154786936786023,
a9b4724c34,180,1739,12173,121.73,265.2184631302183,0.17808200823905235,6.014912049668358,0.9236783357732562,
a9b4724c34,180,1740,12180,121.8,265.1148686348945,0.10954419011816889,5.554525582186768,0.7094179275600025,
a9b4724c34,180,1741,12187,121.87,265.0816102307844,0.1084031157718137,5.733804897613955,1.0349727681336245,
a9b4724c34,180,1742,12194,121.94,265.03717082909026,0.12096541327951572,5.823548752063885,0.8111115805016695,
a9b4724c34,180,1743,12201,122.01,264.966443080568,0.12994775090489935,5.867648660366694,0.8591813204242892,
a9b4724c34,180,1744,12208,122.08,264.92354845533356,0.10706358700680797,5.894332071700353,0.6722907997599326,
a9b4724c34,180,1745,12215,122.15,264.8897062497962,0.18276754103351356,5.726488268180403,0.22737951159754174,
a9b4724c34,180,1746,12222,122.22,264.8638053450756,0.1054612146359737,5.735195486041067,0.5693331999343476,
a9b4724c34,180,1747,12229,122.29,264.8226631557938,0.11911257405903958,5.773740686846932,1.1107204051250392,
a9b4724c34,180,1748,12236,122.36,264.7518041637379,0.2334420745551916,5.4739242789231835,1.0836542102068,
a9b4724c34,180,1749,12243,122.43,264.7142736335076,0.14607848075948443,6.071764476277026,0.9353730924583794,
a9b4724c34,180,1750,12250,122.5,264.6362971572811,0.10483644341476826,5.973816576873577,0.8998784635692288,
a9b4724c34,180,1751,12257,122.57,264.6039453962091,0.07883773774260582,5.715224677591417,0.5978767485951593,
a9b4724c34,180,1752,12264,122.64,264.5746132641582,0.16577312035813335,5.764681157640983,0.4313788723990544,
a9b4724c34,180,1753,12271,122.71,264.4896425561539,0.15987895529406027,5.548622079892651,0.6631204320943487,
a9b4724c34,180,1754,12278,122.78,264.44102392657925,0.21124231775902738,5.62373097778498,1.1226784629254216,
a9b4724c34,180,1755,12285,122.85,264.30882108144135,0.18913009860097205,5.471934342909575,1.249481668827865,
a9b4724c34,180,1756,12292,122.92,264.2166589038022,0.14388765030764225,5.734718287027329,1.0352478086176504,
a9b4724c34,180,1757,12299,122.99,264.17946508682934,0.1454321458971619,5.719796430683353,0.8862644307008578,
a9b4724c34,180,1758,12306,123.06,264.1351013684728,0.13439992009084467,5.752408725353338,0.7972431389972934,
a9b4724c34,180,1759,12313,123.13,264.0625899049759,0.12016747217854189,5.669660346381443,1.1315136446463154,
a9b4724c34,180,1760,12320,123.2,264.00887909798445,0.07752489505258695,5.962224750747362,0.395985428779393,
a9b4724c34,180,1761,12327,123.27,263.9942148335067,0.11275777440934309,5.796735150175347,1.0676973113177877,
a9b4724c34,180,1762,12334,123.34,263.9297268502285,0.14385182822696674,5.876855584058771,1.4607529495846239,
a9b4724c34,180,1763,12341,123.41,263.82391095692896,0.13323410051150222,5.61527416550276,1.3092427153269097,
a9b4724c34,180,1764,12348,123.48,263.74384721845274,0.10145565158474368,5.53613762130291,0.8520366857162487,
a9b4724c34,180,1765,12355,123.55,263.69748261446244,0.13345446270263653,5.423789667506415,1.1093105067947482,
a9b4724c34,180,1766,12362,123.62,263.62008126401395,0.08615432717650522,5.461684352830978,0.7451058374233994,
a9b4724c34,180,1767,12369,123.69,263.5854462713058,0.10521896206445805,5.397221780760535,0.7928904015707866,
a9b4724c34,180,1768,12376,123.76,263.54523695564814,0.09608486727062825,5.290547941429893,0.5971581887355543,
a9b4724c34,180,1769,12383,123.83,263.50138888524964,0.05107061541368343,5.298883059511986,0.5116265753499549,
a9b4724c34,180,1770,12390,123.9,263.4940080252507,0.049279991454119806,5.336023927480354,0.3651383188872755,
a9b4724c34,180,1771,12397,123.97,263.4854872258597,0.11787130367317906,5.336452712905815,0.8127476716028119,
a9b4724c34,180,1772,12404,124.04,263.4289082537805,0.11570690093648156,5.556620323513146,1.1186532663716384,
a9b4724c34,180,1773,12411,124.11,263.37588434024445,0.06171340006021734,5.433146807275356,0.4975757583019288,
a9b4724c34,180,1774,12418,124.18,263.3571813599687,0.14557913636443684,5.484535313531318,0.7655419902537414,
a9b4724c34,180,1775,12425,124.25,263.25309115682677,0.07239670833186371,5.578150123846976,0.5937537410758065,
a9b4724c34,180,1776,12432,124.32,263.2308432376557,0.08617870811952993,5.552906684538447,0.8219006950084966,
a9b4724c34,180,1777,12439,124.39,263.19952189793327,0.10490943076549654,5.656092948123383,1.040008840684869,
a9b4724c34,180,1778,12446,124.46,263.1613356986313,0.05536929061868965,5.599687070584996,0.37754061238095354,
a9b4724c34,180,1779,12453,124.53,263.1535049830068,0.15448513117904733,5.588710791413818,1.3597796078079438,
a9b4724c34,180,1780,12460,124.6,263.09146439222746,0.11396300889507849,5.663568943605871,0.7020910825693485,
a9b4724c34,180,1781,12467,124.67,263.06170818483366,0.11736278404380364,5.5232010845356,1.01021186232015,
a9b4724c34,180,1782,12474,124.74,263.03330269721476,0.11365969282254046,5.585478768944125,0.7446612419188335,
a9b4724c34,180,1783,12481,124.81,263.00239231747435,0.09675655498437224,5.472501953647141,0.7225070161278969,
a9b4724c34,180,1784,12488,124.88,262.9797722492788,0.0903997028204203,5.535638330531502,0.5353410946476874,
a9b4724c34,180,1785,12495,124.95,262.95251558334235,0.06685715761775385,5.469997990299443,0.4374311914782602,
a9b4724c34,180,1786,12502,125.02,262.9342188454605,0.09103207938110851,5.451317418874146,0.8186838072490582,
a9b4724c34,180,1787,12509,125.09,262.89541327524,0.13890345162875986,5.46321827405396,1.3590528226729885,
a9b4724c34,180,1788,12516,125.16,262.80047416999236,0.11050280639110976,5.324319446727984,0.9129552937250313,
a9b4724c34,180,1789,12523,125.23,262.76402187696084,0.09271371253563543,5.465386500962083,0.8394827478159287,
a9b4724c34,180,1790,12530,125.3,262.73072301386424,0.1067098399636146,5.294292475461631,1.0142814448257318,
a9b4724c34,180,1791,12537,125.37,262.67590039607836,0.14647671453111322,5.3205421829556006,1.2430094773156735,
a9b4724c34,180,1792,12544,125.44,262.60750177419374,0.08730452507167177,5.518747996210188,0.6690795794915921,
a9b4724c34,180,1793,12551,125.51,262.57037306333353,0.09927175457354086,5.328701474309943,0.9448825570690386,
a9b4724c34,180,1794,12558,125.58,262.5416956256082,0.0969977837892251,5.274625728106675,0.8788705724494711,
a9b4724c34,180,1795,12565,125.65,262.51567712739256,0.10452076142131551,5.326253434532517,1.009770978200991,
a9b4724c34,180,1796,12572,125.72,262.47177406168726,0.11726555651233676,5.196471649539103,1.079997493409313,
a9b4724c34,180,1797,12579,125.79,262.4153530404198,0.15563291902293414,5.177039729225794,0.6930608134365799,
a9b4724c34,180,1798,12586,125.86,262.32309523723615,0.06943293456640469,5.194669628563831,0.4860544619108124,
a9b4724c34,180,1799,12593,125.93,262.30757919067344,0.15930794760647873,5.110383353474528,1.5377435403663555,
a9b4724c34,180,1800,12600,126.0,262.2155467488169,0.1763802947918953,5.4621187671952125,1.2750777978579553,
a9b4724c34,180,1801,12607,126.07,262.0835337530078,0.12172769277901808,5.046668729089433,1.0701642140478014,
a9b4724c34,180,1802,12614,126.14,262.0153859569365,0.12313276079766539,5.062395857448946,1.246347671550474,
a9b4724c34,180,1803,12621,126.21,261.9436035186683,0.07847273119571466,5.328447157661072,0.7360316383401964,
a9b4724c34,180,1804,12628,126.28,261.9204851248652,0.1385269781972111,5.614287152759439,0.8370009522999847,
a9b4724c34,180,1805,12635,126.35,261.8373427438977,0.12171013299173167,5.638729921870659,0.9279717089387673,
a9b4724c34,180,1806,12642,126.42,261.79519920277374,0.12951372903236394,5.892570063432693,1.1110274456067712,
a9b4724c34,180,1807,12649,126.49,261.7507246002833,0.1091310093633976,5.862405532202897,0.7478887813878003,
a9b4724c34,180,1808,12656,126.56,261.73122327503074,0.13294228609589026,5.545430742919213,1.0774252844266898,
a9b4724c34,180,1809,12663,126.63,261.6808101980353,0.12250594810706254,5.6262562007057335,1.000841584861867,
a9b4724c34,180,1810,12670,126.7,261.6288116863408,0.08355679982246121,5.2907022330245415,0.7499313540884729,
a9b4724c34,180,1811,12677,126.77,261.608650563524,0.13736704623105842,5.465470671360412,0.8584327379240532,
a9b4724c34,180,1812,12684,126.84,261.5487283498152,0.0924986095329452,5.358851211071933,0.7347825056243169,
a9b4724c34,180,1813,12691,126.91,261.51010955017733,0.08987172142960725,5.182063519715703,0.6689791938018017,
a9b4724c34,180,1814,12698,126.98,261.4755244498056,0.06581342337076554,5.212571559928974,0.6282059615345977,
a9b4724c34,180,1815,12705,127.05,261.456148196981,0.10779129886919883,5.232523449113561,0.8701060981021737,
a9b4724c34,180,1816,12712,127.12,261.39813536610205,0.061721572374981125,5.098123492168634,0.6168887716197959,
a9b4724c34,180,1817,12719,127.19,261.38037404349967,0.12285366776268863,5.083801317461421,1.2409181375518572,
a9b4724c34,180,1818,12726,127.26,261.3210723724347,0.12553364761101551,5.204704923624746,0.7343743903641194,
a9b4724c34,180,1819,12733,127.33,261.24843614717105,0.24139673144117138,4.861652953121768,1.0761881712278405,
a9b4724c34,180,1820,12740,127.4,261.23840406587044,0.14117124693283642,5.852145161505442,0.7370616271930798,
a9b4724c34,180,1821,12747,127.47,261.16375945142664,0.085098231038939,5.2607577024787995,0.415976727568711,
a9b4724c34,180,1822,12754,127.54,261.13054526047983,0.09655873755766904,5.198175239865232,0.9561770761987082,
a9b4724c34,180,1823,12761,127.61,261.0932054065417,0.07473090480786869,5.100687902936028,0.5443600168677877,
a9b4724c34,180,1824,12768,127.68,261.0727542222886,0.087183685790009,5.226462543278337,0.8170896522005854,
a9b4724c34,180,1825,12775,127.75,261.03966966325873,0.06894757553726598,4.928037413046505,0.678946844859489,
a9b4724c34,180,1826,12782,127.82,261.01926448174316,0.09447822796435931,4.931487710782383,0.770996873407911,
a9b4724c34,180,1827,12789,127.89,260.98092967348373,0.14931842050530722,4.725194798407255,1.3883116508107167,
a9b4724c34,180,1828,12796,127.96,260.91362764288465,0.09483810979103151,5.039155438138182,0.6024287893346221,
a9b4724c34,180,1829,12803,128.03,260.88818373165026,0.1502534892933597,4.824386434902302,0.8944680415569174,
a9b4724c34,180,1830,12810,128.1,260.80243855744686,0.11350338859274514,5.037434836320781,0.5891321850968962,
a9b4724c34,180,1831,12817,128.17,260.750327245624,0.19867388514855008,4.844795557889845,0.957910272874044,
a9b4724c34,180,1832,12824,128.24,260.72400168706207,0.14769409994537525,5.2135542899863125,0.7459257212357624,
a9b4724c34,180,1833,12831,128.31,260.63887320796323,0.08955165866918847,4.899826209639308,0.8457389872522695,
a9b4724c34,180,1834,12838,128.38,260.6007552275552,0.06718158011625162,4.809849737221928,0.6190465274651605,
a9b4724c34,180,1835,12845,128.45,260.5860685428336,0.1616118671519321,4.955479896498085,1.6288704559250955,
a9b4724c34,180,1836,12852,128.52,260.4676576557837,0.13659889532738978,4.869663646198906,0.9964947625954023,
a9b4724c34,180,1837,12859,128.59,260.3992972024641,0.11886713455072502,5.1743059680697545,1.0756355398231265,
a9b4724c34,180,1838,12866,128.66,260.3434869588468,0.11916622481852295,5.106919613291697,0.9408719023304617,
a9b4724c34,180,1839,12873,128.73,260.31757178252246,0.10444693294541739,5.115144477668914,0.5795490965102398,
a9b4724c34,180,1840,12880,128.8,260.2992596849396,0.1512808432698938,5.009581896326953,1.317849230792528,
a9b4724c34,180,1841,12887,128.87,260.2163460463442,0.13953301532894624,5.07998325261397,1.152391222142862,
a9b4724c34,180,1842,12894,128.94,260.1730598872647,0.1336533626077166,5.154260173302688,0.7550635841019262,
a9b4724c34,180,1843,12901,129.01,260.12859695461964,0.13029628834495235,4.918896814878849,0.31505496900161956,
a9b4724c34,180,1844,12908,129.08,260.0794002670785,0.1310672234384214,5.0587772341207415,0.8901599861537659,
a9b4724c34,180,1845,12915,129.15,260.01347442253984,0.05454085536208937,4.853313678629434,0.23109827323476384,
a9b4724c34,180,1846,12922,129.22,260.0019219366035,0.06646832996371291,4.909366966836147,0.6311049718430708,
a9b4724c34,180,1847,12929,129.29,259.98068631591843,0.26110651272700736,4.969713220454391,1.2671911458238807,
a9b4724c34,180,1848,12936,129.36,259.9376886675816,0.1768941326897302,5.1689406906818585,1.19890031998259,
a9b4724c34,180,1849,12943,129.43,259.8077368841529,0.07125826997902263,5.009629607543503,0.6487007603740975,
a9b4724c34,180,1850,12950,129.5,259.79645578758056,0.09619617293077176,5.159936499609151,0.7336686786123411,
a9b4724c34,180,1851,12957,129.57,259.7575610334332,0.036969171333528006,5.061602073474287,0.24056501108867243,
a9b4724c34,180,1852,12964,129.64,259.75310647406764,0.11390536070455703,5.105920401721538,0.89790951749424,
a9b4724c34,180,1853,12971,129.71,259.6978544214648,0.1003778029290914,5.119069773732301,0.652992196339949,
a9b4724c34,180,1854,12978,129.78,259.6525055502673,0.222154284488429,5.063987168621393,1.1054381632816546,
a9b4724c34,180,1855,12985,129.85,259.64583867217067,0.15256025650315122,5.941983272839961,1.1296308510705673,
a9b4724c34,180,1856,12992,129.92,259.5397436823958,0.07267915397212595,5.2432753958032405,0.6931413929520142,
a9b4724c34,180,1857,12999,129.99,259.5197130428782,0.08675863235445237,5.281669968932968,0.7658987418100228,
a9b4724c34,180,1858,13006,130.06,259.4816280506041,0.09084447724316318,5.27433343968408,0.8868425100934364,
a9b4724c34,180,1859,13013,130.13,259.450542274077,0.06735529516217029,5.3012026469501885,0.5110233975255192,
a9b4724c34,180,1860,13020,130.2,259.4317629295884,0.15603680079105978,5.339039322144222,1.5138198948875203,
a9b4724c34,180,1861,13027,130.27,259.3617891051095,0.12957204760466592,5.093810791272928,0.3794759481162524,
a9b4724c34,180,1862,13034,130.34,259.29443544348214,0.06767270942028551,4.932921992308212,0.5458745252811708,
a9b4724c34,180,1863,13041,130.41,259.2773121504796,0.07224617650825121,4.910380104702193,0.7010506907977857,
a9b4724c34,180,1864,13048,130.48,259.25651145732894,0.08923684951966113,4.7407000083009185,0.6289037669952092,
a9b4724c34,180,1865,13055,130.55,259.2323414633373,0.08976807605234584,4.846056792524936,0.39171813030969277,
a9b4724c34,180,1866,13062,130.62,259.2055250320866,0.11784782547042486,4.828083871303234,1.116286266935242,
a9b4724c34,180,1867,13069,130.69,259.1405481640671,0.03870372227199281,4.576051909352696,0.242300151737274,
a9b4724c34,180,1868,13076,130.76,259.1358963165876,0.20533337903398666,4.559487131138712,0.8888330212942401,
a9b4724c34,180,1869,13083,130.83,259.097703672429,0.09888452562311549,4.979926128139219,0.7314386331444493,
a9b4724c34,180,1870,13090,130.9,259.0569778530671,0.07348000381245039,4.654088083563263,0.5234211222817455,
a9b4724c34,180,1871,13097,130.97,259.0396035229148,0.0815682495488887,4.49422123879078,0.29803576780932417,
a9b4724c34,180,1872,13104,131.04,259.01798566766206,0.06111635162776348,4.579128909300974,0.28790565257851664,
a9b4724c34,180,1873,13111,131.11,259.0000650001227,0.13011930903115115,4.497551867654304,0.5792521682556512,
a9b4724c34,180,1874,13118,131.18,258.99328041257456,0.15069883908945847,4.783122948018245,1.4024616102268295,
a9b4724c34,180,1875,13125,131.25,258.9225402025276,0.08400788681739944,4.492388669016749,0.48268046926608515,
a9b4724c34,180,1876,13132,131.32,258.8989709114774,0.17727128460808547,4.411977180744838,0.7643857258177745,
a9b4724c34,180,1877,13139,131.39,258.8883566980762,0.11899027621269012,4.807379237296568,0.8523335791298116,
a9b4724c34,180,1878,13146,131.46,258.8188887989521,0.09886849750501331,4.5647260934611005,0.9406439712949702,
a9b4724c34,180,1879,13153,131.53,258.7885197711129,0.11454794142987747,4.353814188579489,1.0836592172554194,
a9b4724c34,180,1880,13160,131.6,258.7380306178041,0.20141206879713894,4.643924021758916,0.9787297455899736,
a9b4724c34,180,1881,13167,131.67,258.73192705581374,0.14790305973259524,4.480674940899991,1.0240212148850174,
a9b4724c34,180,1882,13174,131.74,258.6301834442286,0.0872699024957879,4.6999733617172055,0.8486058295163265,
a9b4724c34,180,1883,13181,131.81,258.59449714183984,0.18227669509899166,4.530771917825029,0.825311470231401,
a9b4724c34,180,1884,13188,131.88,258.5669158078601,0.07396148874476524,5.0961167561798115,0.3791882846688828,
a9b4724c34,180,1885,13195,131.95,258.53963635507876,0.078673693595937,4.737396644920169,0.6631593797125501,
a9b4724c34,180,1886,13202,132.02,258.5225230865173,0.08631491477915063,4.618332085216183,0.7736054983159057,
a9b4724c34,180,1887,13209,132.09,258.49419338726824,0.060494955845972816,4.562450381917361,0.49375314583213453,
a9b4724c34,180,1888,13216,132.16,258.4786853414176,0.09394256560590539,4.498629325067646,0.926516775764078,
a9b4724c34,180,1889,13223,132.23,258.44893962619966,0.06716895064013015,4.572322318057274,0.5308228751277695,
a9b4724c34,180,1890,13230,132.3,258.43350526586346,0.07588064222628757,4.5277644635977286,0.3806256214832099,
a9b4724c34,180,1891,13237,132.37,258.407186937594,0.028631185895719197,4.48923873701748,0.24292391125982196,
a9b4724c34,180,1892,13244,132.44,258.40455152283045,0.08462501864772529,4.480592742605784,0.746306680422787,
a9b4724c34,180,1893,13251,132.51,258.37789301053465,0.08046391828285519,4.503809827113242,0.7766018686515838,
a9b4724c34,180,1894,13258,132.58,258.3477104082672,0.08013485695099831,4.32437220378516,0.6532009137068769,
a9b4724c34,180,1895,13265,132.65,258.3269725001544,0.11467874069700605,4.320091160452926,1.0691917272971467,
a9b4724c34,180,1896,13272,132.72,258.2708537978623,0.08805349170461577,4.337134015005237,0.5880818568554749,
a9b4724c34,180,1897,13279,132.79,258.24299648575703,0.192096610064657,4.292092137918132,0.8978448133039241,
a9b4724c34,180,1898,13286,132.86,258.240536855175,0.22377731241381704,4.489223831492208,0.6073693331000407,
a9b4724c34,180,1899,13293,132.93,258.23968726191765,0.15119264453969003,4.519153123920102,1.1607753405642327,
a9b4724c34,180,1900,13300,133.0,258.12931006819986,0.16982204414327876,4.125639428837759,0.7191454023527781,
a9b4724c34,180,1901,13307,133.07,258.10854576961276,0.1256084782743012,4.384940875960362,0.9963248812725185,
a9b4724c34,180,1902,13314,133.14,258.0589663384859,0.09304350359430459,4.398384433077885,0.34977770793360335,
a9b4724c34,180,1903,13321,133.21,258.0323417685631,0.12367134403583975,4.396072593905736,0.9574627148356522,
a9b4724c34,180,1904,13328,133.28,257.99323009483186,0.09662977739361173,4.505396778188854,0.7316749066244347,
a9b4724c34,180,1905,13335,133.35,257.97052323584325,0.10408058171750947,4.339174464022643,0.6821794269204204,
a9b4724c34,180,1906,13342,133.42,257.94089155487467,0.06691508865464388,4.537674979320108,0.17451525889598518,
a9b4724c34,180,1907,13349,133.49,257.92871759461656,0.12176495866709752,4.38950345142924,1.1474800996688659,
a9b4724c34,180,1908,13356,133.56,257.86248702187135,0.1420137963733201,4.2962632287644675,1.4122463965451502,
a9b4724c34,180,1909,13363,133.63,257.77921865923787,0.1410060251363053,4.408296011881472,1.1494083177625674,
a9b4724c34,180,1910,13370,133.7,257.7155450420914,0.15189480919359732,4.271172744625047,1.4448124640360847,
a9b4724c34,180,1911,13377,133.77,257.6475141362106,0.12256626680831652,4.1636554794611005,0.9958465395788125,
a9b4724c34,180,1912,13384,133.84,257.6049230181157,0.07745661876190904,4.030379330902064,0.33768070158685487,
a9b4724c34,180,1913,13391,133.91,257.59118455787797,0.089251061297477,3.994928868907399,0.40451881079515256,
a9b4724c34,180,1914,13398,133.98,257.56682552844444,0.13281767938941466,3.996690765192135,1.2151689352576154,
a9b4724c34,180,1915,13405,134.05,257.5010736245471,0.07753751898910162,4.127785563523212,0.6938460156575702,
a9b4724c34,180,1916,13412,134.12,257.48988026322877,0.10728066858228201,4.107085578699006,0.9644917032664471,
a9b4724c34,180,1917,13419,134.19,257.4401683829623,0.10360831530084955,4.1276913917976685,0.5254610918273108,
a9b4724c34,180,1918,13426,134.26,257.38867566519394,0.10634215559305504,4.036770106645792,0.49691331994659277,
a9b4724c34,180,1919,13433,134.33,257.3884479030836,0.12451999494912278,4.219666619654541,0.9067522913934349,
a9b4724c34,180,1920,13440,134.4,257.33151297606497,0.09391505527798052,4.066629669706961,0.798806062794276,
a9b4724c34,180,1921,13447,134.47,257.2954395621512,0.049537031806833845,4.033937393393406,0.4389279396969281,
a9b4724c34,180,1922,13454,134.54,257.2916481543237,0.06274987582956816,3.9206632466363285,0.4713167259361745,
a9b4724c34,180,1923,13461,134.61,257.2801274417926,0.07846197946117245,3.955931780238735,0.3358476391392965,
a9b4724c34,180,1924,13468,134.68,257.25416945015303,0.11005011721475048,3.983663200814865,0.6621942315974803,
a9b4724c34,180,1925,13475,134.75,257.19245258581753,0.09843581788646102,3.8400770751383986,0.9057120733931854,
a9b4724c34,180,1926,13482,134.82,257.1580787748228,0.08080162911254761,3.982043238139032,0.7808634369872601,
a9b4724c34,180,1927,13489,134.89,257.13699559470973,0.059144773615181286,4.009683900601383,0.4457946178752548,
a9b4724c34,180,1928,13496,134.96,257.12633142391843,0.07524638543058691,4.025875991068826,0.6500687541594701,
a9b4724c34,180,1929,13503,135.03,257.103812333698,0.10556436230885409,3.9836479819535024,0.9575734858468031,
a9b4724c34,180,1930,13510,135.1,257.05135491238894,0.0765646637337392,4.05347034721635,0.5708778194594618,
a9b4724c34,180,1931,13517,135.17,257.0298820986477,0.06949852018943369,4.0636001247779365,0.5956739409508023,
a9b4724c34,180,1932,13524,135.24,257.006263309129,0.09551933009209343,4.07802294011588,0.6650515133570077,
a9b4724c34,180,1933,13531,135.31,256.963916934029,0.03959170401407293,4.1941624413230665,0.34527929627266274,
a9b4724c34,180,1934,13538,135.38,256.95929360831536,0.08758235372822254,4.113752869133609,0.8836359634906272,
a9b4724c34,180,1935,13545,135.45,256.9296657292401,0.06711917167396478,4.215935460060223,0.48833869333935254,
a9b4724c34,180,1936,13552,135.52,256.91083884145985,0.08323326513962852,4.155457404799395,0.8266055260996451,
a9b4724c34,180,1937,13559,135.59,256.88102092360316,0.08692174481576942,4.289138785739824,0.6178903364380359,
a9b4724c34,180,1938,13566,135.66,256.844911033117,0.10534416902216147,4.250939280381186,1.0636749179892147,
a9b4724c34,180,1939,13573,135.73,256.79832357674,0.07434156140538731,4.287957788819601,0.6791948348106245,
a9b4724c34,180,1940,13580,135.8,256.77494216433274,0.11165835885822895,4.330732540762814,1.080301094761876,
a9b4724c34,180,1941,13587,135.87,256.728578485179,0.11961904660347208,4.323269585922654,0.8537031643601176,
a9b4724c34,180,1942,13594,135.94,256.66827058692064,0.1445571805837074,4.549912726370247,1.1948890312518734,
a9b4724c34,180,1943,13601,136.01,256.56751828155,0.07859357566912759,4.319170057414332,0.7470820819711439,
a9b4724c34,180,1944,13608,136.08,256.54273214071594,0.06139450292211315,4.393259481070232,0.56757772326128,
a9b4724c34,180,1945,13615,136.15,256.53216313545124,0.04704504556016418,4.486895583890788,0.24769585561703047,
a9b4724c34,180,1946,13622,136.22,256.52447821760467,0.07796828825417422,4.398415080787136,0.7771124483799868,
a9b4724c34,180,1947,13629,136.29,256.49771475694376,0.0591375291345834,4.336870383851211,0.5096107081269857,
a9b4724c34,180,1948,13636,136.36,256.4828781321658,0.19103988373956052,4.356989486244252,0.7580315095059016,
a9b4724c34,180,1949,13643,136.43,256.47123352202067,0.1445962148996301,4.631626326886027,1.0777499766011476,
a9b4724c34,180,1950,13650,136.5,256.4005854520934,0.14960728744121232,4.412987654384989,0.3906262220730826,
a9b4724c34,180,1951,13657,136.57,256.31861487863864,0.08054418129063257,4.223275654741068,0.5376738287420745,
a9b4724c34,180,1952,13664,136.64,256.29933475981915,0.08586725472179893,4.202752910311771,0.6334101036853653,
a9b4724c34,180,1953,13671,136.71,256.26783191723393,0.10529182935920905,3.957233025950854,1.0107547261374854,
a9b4724c34,180,1954,13678,136.78,256.2176127444783,0.06282064471507477,3.977328592745982,0.5928188696244875,
a9b4724c34,180,1955,13685,136.85,256.2014675701631,0.15939594483229436,3.911772396830389,0.2480720157784831,
a9b4724c34,180,1956,13692,136.92,256.16611669680384,0.09091717371533006,4.248533954442653,0.7986334360521146,
a9b4724c34,180,1957,13699,136.99,256.1273571851902,0.06272823259596573,4.000703212294411,0.49661006176303035,
a9b4724c34,180,1958,13706,137.06,256.11515127287123,0.058034152621909155,3.9726473156086817,0.5078337604438364,
a9b4724c34,180,1959,13713,137.13,256.0997044895259,0.08738784897115455,4.010368512378073,0.8007708464523924,
a9b4724c34,180,1960,13720,137.2,256.0682587546759,0.06799622789548647,3.9986084871432723,0.6233778638667551,
a9b4724c34,180,1961,13727,137.27,256.05155634732097,0.04073780188074817,3.9926563249495572,0.21466134343537083,
a9b4724c34,180,1962,13734,137.34,256.0461672582087,0.046338291576348514,3.8962353031849113,0.44051641181042456,
a9b4724c34,180,1963,13741,137.41,256.0360847377989,0.06596740840273049,3.9166284648436,0.6000951845822978,
a9b4724c34,180,1964,13748,137.48,256.01667295569905,0.09310288088571614,3.8691947700482823,0.9159930051514519,
a9b4724c34,180,1965,13755,137.55,255.98392665200183,0.0716061563544664,3.924968854941897,0.6738045461639389,
a9b4724c34,180,1966,13762,137.62,255.9684387553494,0.09179941669495055,3.913076775694447,0.6934452759694525,
a9b4724c34,180,1967,13769,137.69,255.92992916311223,0.0581189796084574,3.9226258400496974,0.47341068478893417,
a9b4724c34,180,1968,13776,137.76,255.91729011060022,0.08948954079446102,3.9557352057357424,0.8322843323255487,
a9b4724c34,180,1969,13783,137.83,255.8797151249664,0.06620147368161941,3.8180063655163474,0.35882035412366997,
a9b4724c34,180,1970,13790,137.9,255.86424303132088,0.11744386055138188,3.816215310890047,0.9873502615437673,
a9b4724c34,180,1971,13797,137.97,255.8073530162485,0.05363780258750298,3.835790827856301,0.39872188789816154,
a9b4724c34,180,1972,13804,138.04,255.79378094815186,0.05464159471016106,3.842991800092526,0.3838728693509588,
a9b4724c34,180,1973,13811,138.11,255.78118785561895,0.04510974161823725,3.785911738165703,0.4214560257317686,
a9b4724c34,180,1974,13818,138.18,255.77088759817397,0.130382942428204,3.831420717429582,0.782988354885807,
a9b4724c34,180,1975,13825,138.25,255.70673672451775,0.1035667874881736,3.8209041793932905,0.9685198880172752,
a9b4724c34,180,1976,13832,138.32,255.6626821635018,0.03489426188951304,3.695508673129279,0.1969762485066715,
a9b4724c34,180,1977,13839,138.39,255.65695326164382,0.0718160993738482,3.6877885395173093,0.2667261346379886,
a9b4724c34,180,1978,13846,138.46,255.64380993706592,0.09110606344257255,3.6546482808473577,0.8571350568760576,
a9b4724c34,180,1979,13853,138.53,255.61375342786843,0.061658578218976884,3.8188028147015385,0.4793439440793667,
a9b4724c34,180,1980,13860,138.6,255.59586476774192,0.11307372466844945,3.799043183456317,0.5426481720128261,
a9b4724c34,180,1981,13867,138.67,255.59480831372943,0.08386889893468533,4.092119960313416,0.6190712746246181,
a9b4724c34,180,1982,13874,138.74,255.56082095614624,0.11693461153816545,3.7522746791596755,0.6959252270149486,
a9b4724c34,180,1983,13881,138.81,255.49507426172048,0.08109395944647668,3.885970965791365,0.7712218244218092,
a9b4724c34,180,1984,13888,138.88,255.46854206734386,0.07857097899401476,3.829623403759816,0.7546557211555479,
a9b4724c34,180,1985,13895,138.95,255.44355994265413,0.0464062525819904,3.8841533503905485,0.43536651311813823,
a9b4724c34,180,1986,13902,139.02,255.43514519383282,0.07635681028147553,3.8454460855931627,0.7759579027489379,
a9b4724c34,180,1987,13909,139.09,255.41140656138677,0.07179431827104524,3.9420085824586577,0.5879625785161556,
a9b4724c34,180,1988,13916,139.16,255.38863126613953,0.0863123343837565,4.081549971975853,0.7072320515778976,
a9b4724c34,180,1989,13923,139.23,255.35974709179294,0.08735817249241039,4.024852217371722,0.8388486561276763,
a9b4724c34,180,1990,13930,139.3,255.32534278395397,0.06003412519708819,3.9374570153030755,0.5884573232745028,
a9b4724c34,180,1991,13937,139.37,255.31239777927502,0.07353800437305198,4.021543248435699,0.7072444096655732,
a9b4724c34,180,1992,13944,139.44,255.28686087602074,0.07713930725577217,4.019259197303405,0.7510275594997525,
a9b4724c34,180,1993,13951,139.51,255.26018042028113,0.05302536941472672,3.933722598194021,0.45373167917813334,
a9b4724c34,180,1994,13958,139.58,255.2472240513357,0.07762831342577727,4.103296548418487,0.7384913411361245,
a9b4724c34,180,1995,13965,139.65,255.21711831733225,0.04663516549512841,4.106639131400256,0.41692136228273613,
a9b4724c34,180,1996,13972,139.72,255.2086174779095,0.050500413541484206,4.108331585219429,0.45182344241836425,
a9b4724c34,180,1997,13979,139.79,255.19861138278554,0.048456446715226545,4.109991397965435,0.11343146306900552,
a9b4724c34,180,1998,13986,139.86,255.19007185111337,0.04940145796538354,4.079617996854228,0.4497826033787689,
a9b4724c34,180,1999,13993,139.93,255.17868198899475,0.0905357635409772,4.083972063512012,0.7127542379459991,
a9b4724c34,180,2000,14000,140.0,255.13945707614164,0.10124085296225593,4.217789440026758,0.6545575815960513,
a9b4724c34,180,2001,14007,140.07,255.09825058001778,0.05839838301350991,4.215634309824637,0.5173171974765389,
a9b4724c34,180,2002,14014,140.14,255.08086732473734,0.10672764675751092,4.236240866825638,0.6218440552048327,
a9b4724c34,180,2003,14021,140.21,255.04159560561246,0.0645482590800005,4.235105291396401,0.5100583422673179,
a9b4724c34,180,2004,14028,140.28,255.02518253146164,0.0845932451900082,4.278985556809197,0.400743391682461,
a9b4724c34,180,2005,14035,140.35,254.99569997987808,0.10830580338510182,4.33209794333829,1.0322017921190876,
a9b4724c34,180,2006,14042,140.42,254.9364867591351,0.07937849861062339,4.319057116896776,0.801202738411243,
a9b4724c34,180,2007,14049,140.49,254.91278671007947,0.03972049798943553,4.418432800750258,0.3159252335509775,
a9b4724c34,180,2008,14056,140.56,254.90659802100922,0.06416123154525685,4.352662931736563,0.5979379521100675,
a9b4724c34,180,2009,14063,140.63,254.8891290665672,0.1261849613573656,4.297376873370796,1.1240482980157396,
a9b4724c34,180,2010,14070,140.7,254.82316743803983,0.14436595110989087,4.329464391009242,0.5940444798864566,
a9b4724c34,180,2011,14077,140.77,254.81818454810195,0.08829190993300934,4.307157905452348,0.6072485076503631,
a9b4724c34,180,2012,14084,140.84,254.78183360268275,0.08137927655676871,4.257398876899671,0.6663187690523422,
a9b4724c34,180,2013,14091,140.91,254.74950471581843,0.06310300907844643,4.0123145506521585,0.5653736779942056,
a9b4724c34,180,2014,14098,140.98,254.7318375665364,0.09411716300167687,4.039044149892295,0.7555581917927616,
a9b4724c34,180,2015,14105,141.05,254.6918971159957,0.10746221820861258,3.9658353595458933,1.0607255436309373,
a9b4724c34,180,2016,14112,141.12,254.64244663692782,0.0996349233207659,3.9866253741389017,0.8915570833163146,
a9b4724c34,180,2017,14119,141.19,254.59627958807752,0.02797028737663403,4.163394955785066,0.21720445329239965,
a9b4724c34,180,2018,14126,141.26,254.59391017022062,0.09914516305484589,4.073266068806352,0.36079697864984017,
a9b4724c34,180,2019,14133,141.33,254.59217039075583,0.05481252285059353,4.308735345069612,0.25552942018485053,
a9b4724c34,180,2020,14140,141.4,254.57920776246962,0.07421687510223446,4.167966926879454,0.7308805246619825,
a9b4724c34,180,2021,14147,141.47,254.56029892059945,0.07416739327516503,4.164556461896603,0.25127976764294546,
a9b4724c34,180,2022,14154,141.54,254.53842012627098,0.038997354860036984,4.072248802170532,0.36210345992195153,
a9b4724c34,180,2023,14161,141.61,254.5318553631196,0.12235931525597389,4.088819572827781,0.9479087543429405,
a9b4724c34,180,2024,14168,141.68,254.46243897904793,0.11277475546652815,4.110159660871996,0.8159706286029484,
a9b4724c34,180,2025,14175,141.75,254.39843226968713,0.11806055063340286,3.9768272576509105,0.276296428522655,
a9b4724c34,180,2026,14182,141.82,254.38244443428184,0.10274430370230386,4.036751568602683,0.8344100334837178,
a9b4724c34,180,2027,14189,141.89,254.3440026665777,0.09277415839720378,3.8355481965636087,0.7597808229210953,
a9b4724c34,180,2028,14196,141.96,254.30871599266493,0.07061093374585257,3.9581526744444413,0.6887213510461513,
a9b4724c34,180,2029,14203,142.03,254.28750769645023,0.07483388032236042,3.789632131334878,0.5214608413552956,
a9b4724c34,180,2030,14210,142.1,254.26589605887378,0.10674299009564757,4.036584499656857,0.9099538202296422,
a9b4724c34,180,2031,14217,142.17,254.21973770000997,0.07163650748311262,3.880317149358648,0.5129510505950642,
a9b4724c34,180,2032,14224,142.24,254.19890269758108,0.03923367326760039,3.9766321241859948,0.3234954146303935,
a9b4724c34,180,2033,14231,142.31,254.19408690137644,0.07776442641611714,3.920537855346913,0.5233880696662234,
a9b4724c34,180,2034,14238,142.38,254.17281088314456,0.08392325320682956,3.9311649790463656,0.6922667315487872,
a9b4724c34,180,2035,14245,142.45,254.143748647002,0.08362501318595093,3.9458931311768923,0.784837069137263,
a9b4724c34,180,2036,14252,142.52,254.11910814524967,0.06492139623197155,3.84391539378554,0.5206476866818082,
a9b4724c34,180,2037,14259,142.59,254.1049864157201,0.08551123639236531,3.8192926407861663,0.6608797946722931,
a9b4724c34,180,2038,14266,142.66,254.07284639879913,0.060395998808769474,3.7128375607652466,0.5256197273906827,
a9b4724c34,180,2039,14273,142.73,254.05649628431163,0.11278427056616042,3.6469006732895455,0.7763776484321594,
a9b4724c34,180,2040,14280,142.8,253.99515116284815,0.0342837159957611,3.60832266772739,0.31046793459661226,
a9b4724c34,180,2041,14287,142.87,253.99012850850744,0.044562366687994674,3.6015478417212123,0.4184342568211985,
a9b4724c34,180,2042,14294,142.94,253.97998722804275,0.06118075151824135,3.552125244257683,0.6093592540361433,
a9b4724c34,180,2043,14301,143.01,253.96433485224162,0.07572600872316018,3.586149675014655,0.49392020756247174,
a9b4724c34,180,2044,14308,143.08,253.93746394738233,0.06771757234285632,3.529720223847692,0.6575958299234291,
a9b4724c34,180,2045,14315,143.15,253.9170721092099,0.06089710908826886,3.587443966091863,0.49255192734179754,
a9b4724c34,180,2046,14322,143.22,253.90187919126967,0.05160916640598649,3.5999998250926692,0.45038943408149934,
a9b4724c34,180,2047,14329,143.29,253.89066599099039,0.06575366231118687,3.637926445296013,0.6551705259191378,
a9b4724c34,180,2048,14336,143.36,253.8733896357175,0.08647223544951015,3.4779787678538407,0.5633616421587022,
a9b4724c34,180,2049,14343,143.43,253.84968325190968,0.07888906340545918,3.4213869556013194,0.36674294604714247,
a9b4724c34,180,2050,14350,143.5,253.8270496203281,0.05514720283454614,3.51122153927446,0.2850756275230186,
a9b4724c34,180,2051,14357,143.57,253.81484414289227,0.1261327460071759,3.4104146799047035,0.4091719616183178,
a9b4724c34,180,2052,14364,143.64,253.80790454669417,0.11549537363825405,3.5194614363179104,0.9720492330945644,
a9b4724c34,180,2053,14371,143.71,253.75004001073953,0.07444270912088514,3.4999609710773094,0.729044230281758,
a9b4724c34,180,2054,14378,143.78,253.7308917846741,0.06927773307894017,3.560878847681437,0.4871980146375045,
a9b4724c34,180,2055,14385,143.85,253.70761432646435,0.13662943495578747,3.6064246349705664,0.5272452177246857,
a9b4724c34,180,2056,14392,143.92,253.6935698616939,0.08020415313679367,3.8932578066285553,0.33945355359441665,
a9b4724c34,180,2057,14399,143.99,253.66397896228787,0.10049028322453271,3.7335098413951755,0.9250340907685517,
a9b4724c34,180,2058,14406,144.06,253.61931484244082,0.06427906037262408,3.8465084486804764,0.5785779999756994,
a9b4724c34,180,2059,14413,144.13,253.60052622269467,0.10172012768237561,3.654062483556008,0.9747086304208379,
a9b4724c34,180,2060,14420,144.2,253.55486923567273,0.039943643804649834,3.530533895890829,0.2493855703173191,
a9b4724c34,180,2061,14427,144.27,253.54908179020066,0.0930315153893474,3.4638656412680717,0.8533975436598761,
a9b4724c34,180,2062,14434,144.34,253.51427816664457,0.10041751267003651,3.5089421292766674,0.43511628549777653,
a9b4724c34,180,2063,14441,144.41,253.5111905058293,0.09330848796330042,3.7014777647916612,0.51071657469519,
a9b4724c34,180,2064,14448,144.48,253.4740799583397,0.13317116156300848,3.367107691871586,1.3353252866958287,
a9b4724c34,180,2065,14455,144.55,253.39563548710646,0.21174130040353295,3.54278464075897,0.9336442973256318,
a9b4724c34,180,2066,14462,144.62,253.3941025305576,0.12463670067295356,4.222193910563009,0.6306657889499503,
a9b4724c34,180,2067,14469,144.69,253.31976431127873,0.02728539005585406,3.5340678771879603,0.22201100085412068,
a9b4724c34,180,2068,14476,144.76,253.31613030425692,0.10061379074728127,3.4968808598108696,0.36587632870476083,
a9b4724c34,180,2069,14483,144.83,253.31198671995162,0.09149322639239389,3.612091641810741,0.6282278865721438,
a9b4724c34,180,2070,14490,144.9,253.27722150361072,0.03492185039398293,3.4830898866115283,0.2951791991866607,
a9b4724c34,180,2071,14497,144.97,253.27140635929464,0.08421327290913136,3.4516982431303713,0.2982029533998613,
a9b4724c34,180,2072,14504,145.04,253.24692777477176,0.05276917751243276,3.5365609077115487,0.37495278221918565,
a9b4724c34,180,2073,14511,145.11,253.2362315041213,0.06699116079842869,3.477380193616975,0.565277048986701,
a9b4724c34,180,2074,14518,145.18,253.22350267836364,0.06664017667370827,3.533500325445707,0.3835895941084482,
a9b4724c34,180,2075,14525,145.25,253.20434433205028,0.12169780109787538,3.5227149372718807,1.0339419245721708,
a9b4724c34,180,2076,14532,145.32,253.14390493586288,0.07659760184965116,3.6951676377649396,0.46595963232642496,
a9b4724c34,180,2077,14539,145.39,253.12230308985534,0.06350670854188634,3.5536910182411567,0.5251431138716336,
a9b4724c34,180,2078,14546,145.46,253.10775169797697,0.09022265047923107,3.379102512781624,0.8083394501904195,
a9b4724c34,180,2079,14553,145.53,253.07964064415796,0.06768432624615273,3.572260356029445,0.5896509156574294,
a9b4724c34,180,2080,14560,145.6,253.06114069002072,0.08976207343622318,3.48533264564295,0.8208630442038418,
a9b4724c34,180,2081,14567,145.67,253.02740535876512,0.057010337276285454,3.4873646464070602,0.5346601276105267,
a9b4724c34,180,2082,14574,145.74,253.01795503241652,0.07908467270059681,3.3621714785489503,0.7489014610456762,
a9b4724c34,180,2083,14581,145.81,252.99613272598702,0.06115266872488647,3.4589332637660664,0.47949388371652146,
a9b4724c34,180,2084,14588,145.88,252.9861241151384,0.07381548093141571,3.461897638120823,0.5131570501658282,
a9b4724c34,180,2085,14595,145.95,252.96266638626034,0.07531064318100146,3.446131979806871,0.6580961537168741,
a9b4724c34,180,2086,14602,146.02,252.93523446328734,0.059782536180874084,3.4287394174407217,0.2585471228754981,
a9b4724c34,180,2087,14609,146.09,252.9217742103485,0.051144946420871175,3.4406303010233703,0.40941211599677546,
a9b4724c34,180,2088,14616,146.16,252.91049685160235,0.07357822422187517,3.441064371347913,0.6303815106418058,
a9b4724c34,180,2089,14623,146.23,252.89222889115817,0.05574906409556272,3.406328659485343,0.5053457883155041,
a9b4724c34,180,2090,14630,146.3,252.8778797892003,0.0272856259559205,3.3832918828473093,0.20912079138396536,
a9b4724c34,180,2091,14637,146.37,252.87438795720487,0.08838781603618673,3.395410376249138,0.8877458955205405,
a9b4724c34,180,2092,14644,146.44,252.8628630427117,0.12373970378442169,3.5732873372630776,1.0229379285752056,
a9b4724c34,180,2093,14651,146.51,252.82108876360968,0.10591755622426427,3.618387393491434,0.7504438084973736,
a9b4724c34,180,2094,14658,146.58,252.79682784780613,0.13810278029111622,3.70023702095286,1.0848722798555075,
a9b4724c34,180,2095,14665,146.65,252.73204631512976,0.10140576613305156,3.717114607258797,0.3715335003282565,
a9b4724c34,180,2096,14672,146.72,252.71230351060294,0.12172054394277773,3.7519420682887246,0.9401283029421926,
a9b4724c34,180,2097,14679,146.79,252.6726773690086,0.09624460000669745,3.5692981317583894,0.4270616414241667,
a9b4724c34,180,2098,14686,146.86,252.63966351170595,0.07195872853077397,3.2999294325281965,0.6261420958310379,
a9b4724c34,180,2099,14693,146.93,252.62310746076326,0.06371656124641106,3.233559924983062,0.5258078268290934,
a9b4724c34,180,2100,14700,147.0,252.6093149375561,0.07790321188067986,3.2117282332047776,0.7220213872300228,
a9b4724c34,180,2101,14707,147.07,252.5789571573467,0.08255172149204912,3.1766178768008118,0.6114612573763931,
a9b4724c34,180,2102,14714,147.14,252.5508441915326,0.06349593255920818,3.3658120785635655,0.4199852364009183,
a9b4724c34,180,2103,14721,147.21,252.5327198281875,0.04628081219864977,3.2951820944318575,0.16190438589751288,
a9b4724c34,180,2104,14728,147.28,252.5250737485031,0.04856925931418192,3.391015039198419,0.3370673914106438,
a9b4724c34,180,2105,14735,147.35,252.51560600290787,0.058639759375429326,3.337404174403375,0.5406180324388621,
a9b4724c34,180,2106,14742,147.42,252.49983667166876,0.10020780135549123,3.2852431942224425,0.9320754675941394,
a9b4724c34,180,2107,14749,147.49,252.45841586352637,0.04553796277042961,3.195903065699151,0.2692114461417724,
a9b4724c34,180,2108,14756,147.56,252.44874815507788,0.1605912860167739,3.1174314071087297,0.7800941853712445,
a9b4724c34,180,2109,14763,147.63,252.44423005542794,0.17239470362754047,3.4345576308381984,0.4688957597069995,
a9b4724c34,180,2110,14770,147.7,252.4393338788314,0.0925665044004274,3.1151926070528773,0.6088344139410119,
a9b4724c34,180,2111,14777,147.77,252.408099622335,0.05303111990852612,3.156304851192003,0.36146994781790376,
a9b4724c34,180,2112,14784,147.84,252.40091716449143,0.06526827819910345,3.080538086927497,0.6022361579185559,
a9b4724c34,180,2113,14791,147.91,252.38370224569306,0.04879123502827439,3.1021062984932306,0.4417071065732502,
a9b4724c34,180,2114,14798,147.98,252.37592467864107,0.2554193487941694,3.0665205384727123,1.2640436360146514,
a9b4724c34,180,2115,14805,148.05,252.34612833764385,0.12912660020659453,3.968276582162946,0.6164891291555238,
a9b4724c34,180,2116,14812,148.12,252.2745669505166,0.07424466964477723,3.301152374891926,0.43935592586089883,
a9b4724c34,180,2117,14819,148.19,252.25310032669674,0.05272372436814522,3.3267964910762156,0.414789809023406,
a9b4724c34,180,2118,14826,148.26,252.24083993222186,0.0799679712204689,3.3498906273452405,0.5105792159130395,
a9b4724c34,180,2119,14833,148.33,252.21314204694843,0.07758991834823237,3.3950313620268515,0.7068250223958176,
a9b4724c34,180,2120,14840,148.4,252.18879875339115,0.05747796173397492,3.401492204964768,0.21063790872065424,
a9b4724c34,180,2121,14847,148.47,252.18026039773085,0.07201674453504021,3.5606998158593086,0.641193092067872,
a9b4724c34,180,2122,14854,148.54,252.15874308566939,0.06285249511248389,3.401439539906227,0.5138911973436303,
a9b4724c34,180,2123,14861,148.61,252.14370978139107,0.09401695314026927,3.3355579059660907,0.37174705908706845,
a9b4724c34,180,2124,14868,148.68,252.12139360247153,0.06870388154149384,3.2287632960231245,0.4956886344543915,
a9b4724c34,180,2125,14875,148.75,252.11242587924443,0.10063050539041976,3.1955303811546445,0.947635752440053,
a9b4724c34,180,2126,14882,148.82,252.06529927285536,0.1230048464726202,3.2819065308267397,0.6209883813379315,
a9b4724c34,180,2127,14889,148.89,252.0640237025578,0.06930766056126207,3.250042672728793,0.2589683801447146,
a9b4724c34,180,2128,14896,148.96,252.04684029634595,0.0866946731037835,3.2010665334954775,0.7520608973084814,
a9b4724c34,180,2129,14903,149.03,252.01568719410676,0.05649106529229007,3.1675588280285156,0.5063968704386946,
a9b4724c34,180,2130,14910,149.1,252.0047352294911,0.07475458669299874,3.023877077483095,0.2428091161655362,
a9b4724c34,180,2131,14917,149.17,252.00452636153412,0.08851328233524079,3.134577690849135,0.7499587929317216,
a9b4724c34,180,2132,14924,149.24,251.97663653892997,0.05497569055201078,3.1007978020862312,0.5032192540001272,
a9b4724c34,180,2133,14931,149.31,251.96581207474418,0.046214661014146584,3.016116586049252,0.42323515837128345,
a9b4724c34,180,2134,14938,149.38,251.95806736562378,0.06709206830088611,3.0745991977409868,0.519248039097049,
a9b4724c34,180,2135,14945,149.45,251.93933084751066,0.04516181858935911,3.1150712834752188,0.4007617055343195,
a9b4724c34,180,2136,14952,149.52,251.92950675344542,0.04768122206403402,3.139875107873414,0.436459751695506,
a9b4724c34,180,2137,14959,149.59,251.9202544609877,0.10826240864108004,3.12876078812871,1.0242878129001285,
a9b4724c34,180,2138,14966,149.66,251.86598260322162,0.040183181163955466,3.113777185828259,0.33403755411380476,
a9b4724c34,180,2139,14973,149.73,251.86069722248132,0.05057975587126479,3.066607495103038,0.4907979417048946,
a9b4724c34,180,2140,14980,149.8,251.84846841797227,0.03831091948597934,3.0341230977651965,0.2589542811160832,
a9b4724c34,180,2141,14987,149.87,251.84275980795155,0.057654784059477215,2.9629163620553127,0.5845721693354412,
a9b4724c34,180,2142,14994,149.94,251.82602058667402,0.04454296080218139,2.902728627213874,0.22282386262249304,
a9b4724c34,180,2143,15001,150.01,251.81730578205241,0.06306813639504738,2.943529323521519,0.27109535846347754,
a9b4724c34,180,2144,15008,150.08,251.8002629511599,0.1835400206583094,3.0682699905552315,0.9346775040926684,
a9b4724c34,180,2145,15015,150.15,251.79746759644033,0.10818910517049726,3.6533127197863178,0.38020842018355006,
a9b4724c34,180,2146,15022,150.22,251.7518591647336,0.1694212806976697,3.2755656998082054,0.4108359128252118,
a9b4724c34,180,2147,15029,150.29,251.7511559677127,0.10006008525862907,3.923310459279176,0.5300095536344195,
a9b4724c34,180,2148,15036,150.36,251.70874320606816,0.05239207458058051,3.2553821142854282,0.4923379053765618,
a9b4724c34,180,2149,15043,150.43,251.69769078405352,0.06652474822389706,3.4217009362232895,0.4874697547186424,
a9b4724c34,180,2150,15050,150.5,251.6810364575325,0.06889613853165581,3.333476858884952,0.6494157299671269,
a9b4724c34,180,2151,15057,150.57,251.6632848195822,0.07019427817305071,3.2302167582535986,0.6558674047939343,
a9b4724c34,180,2152,15064,150.64,251.64492627469642,0.11450333487930316,3.3559314719247686,1.0196670270785204,
a9b4724c34,180,2153,15071,150.71,251.59247344871068,0.0550428079714924,3.2673735753752697,0.19400220359420242,
a9b4724c34,180,2154,15078,150.78,251.57699768529656,0.06500261028763069,3.197658724863694,0.6279605302372988,
a9b4724c34,180,2155,15085,150.85,251.56435633014905,0.07884772049382903,3.221298399631815,0.6051025797835371,
a9b4724c34,180,2156,15092,150.92,251.54328809655772,0.08398445845927861,3.194865602942674,0.804959227028993,
a9b4724c34,180,2157,15099,150.99,251.5188761205709,0.10103212766636327,3.2434444700761795,0.8901108912898936,
a9b4724c34,180,2158,15106,151.06,251.47663990516946,0.05935378603098989,3.1808978198341844,0.3272393120083066,
a9b4724c34,180,2159,15113,151.13,251.46542630880182,0.07395946231965017,3.3140022759510046,0.5536163663664341,
a9b4724c34,180,2160,15120,151.2,251.44435153397944,0.07610822844880182,3.2490209483012245,0.7288642417533805,
a9b4724c34,180,2161,15127,151.27,251.4209573718378,0.05394467772561592,3.381767617240171,0.4946475986664192,
a9b4724c34,180,2162,15134,151.34,251.41241385581608,0.10034187045005495,3.287303829641485,0.6305025272668867,
a9b4724c34,180,2163,15141,151.41,251.37634266196235,0.06805823188999743,3.355905785086212,0.5048131115104522,
a9b4724c34,180,2164,15148,151.48,251.35914128257716,0.06265513784738674,3.234312084553833,0.5456627016869006,
a9b4724c34,180,2165,15155,151.55,251.33983285255303,0.06802628627048551,3.3594582818715715,0.5608269660953998,
a9b4724c34,180,2166,15162,151.62,251.319414163257,0.07536677986343615,3.3471918467386823,0.7186656831285003,
a9b4724c34,180,2167,15169,151.69,251.2920409466412,0.018320811663997738,3.321385545694914,0.14519233632946732,
a9b4724c34,180,2168,15176,151.76,251.29034049293517,0.06553211939000149,3.3218319494761976,0.6337298790690373,
a9b4724c34,180,2169,15183,151.83,251.27429110839023,0.07135899567497433,3.4519543858914683,0.6523252276636782,
a9b4724c34,180,2170,15190,151.9,251.25347081800365,0.10471113478303307,3.3825165967417354,0.9240794534586896,
a9b4724c34,180,2171,15197,151.97,251.20624034994265,0.06743914605062937,3.3354983550424917,0.5607203941720583,
a9b4724c34,180,2172,15204,152.04,251.18517011607562,0.17240521651142343,3.466569128829128,0.6655797158967259,
a9b4724c34,180,2173,15211,152.11,251.1822322179718,0.19998786635802954,3.9097387842436047,0.44316709090395745,
a9b4724c34,180,2174,15218,152.18,251.1819628655133,0.27700842042538365,3.607264488313072,0.980228110772689,
a9b4724c34,180,2175,15225,152.25,251.13252984195233,0.12521308096859127,3.823598446970634,0.5920203137725583,
a9b4724c34,180,2176,15232,152.32,251.05924425181328,0.047548396107995224,3.4947798838447732,0.37890159449911315,
a9b4724c34,180,2177,15239,152.39,251.05002765019339,0.0482889604055035,3.4261263671853386,0.4016250190895002,
a9b4724c34,180,2178,15246,152.46,251.0413748244439,0.19139279665302347,3.458806579597597,0.8784652360533683,
a9b4724c34,180,2179,15253,152.53,251.03052994222432,0.12576474060493442,3.822385717273977,0.3860184596825769,
a9b4724c34,180,2180,15260,152.6,250.96462374269947,0.19729620605846612,3.318399686812479,0.9442969902123644,
a9b4724c34,180,2181,15267,152.67,250.95945642945048,0.14029543225713303,3.8956630091730324,0.7682785173654517,
a9b4724c34,180,2182,15274,152.74,250.87744016158805,0.04664351784778998,3.6161554266254115,0.2660833205122558,
a9b4724c34,180,2183,15281,152.81,250.8675178391639,0.07039375919995655,3.5635193170837707,0.32302293202926213,
a9b4724c34,180,2184,15288,152.88,250.84477370222532,0.13726907059121043,3.499030425928398,0.44871711010578086,
a9b4724c34,180,2185,15295,152.95,250.83936812818152,0.10218026345628616,3.6738349821262717,0.7354517850318462,
a9b4724c34,180,2186,15302,153.02,250.7922699749606,0.13981214123694902,3.4198717381439003,0.6455122142193311,
a9b4724c34,180,2187,15309,153.09,250.7897963246625,0.1357031074918809,3.5479998459992026,1.0650440917117876,
a9b4724c34,180,2188,15316,153.16,250.71338241214178,0.0598713320485307,3.3535789579888715,0.4670013472307296,
a9b4724c34,180,2189,15323,153.23,250.70577555227015,0.0578455891261289,3.2501488338017093,0.361887914576249,
a9b4724c34,180,2190,15330,153.3,250.69313948284272,0.16149642212262358,3.23874580922887,0.764464352817697,
a9b4724c34,180,2191,15337,153.37,250.69185068002693,0.0925013254660921,3.8007003744308077,0.314441619315065,
a9b4724c34,180,2192,15344,153.44,250.66086505913864,0.05510296016031703,3.363532166669111,0.2856677183793036,
a9b4724c34,180,2193,15351,153.51,250.6490655027514,0.22146062245113918,3.4062036501955495,1.0940286316116234,
a9b4724c34,180,2194,15358,153.58,250.64626132242694,0.13996990005626728,4.437906403384973,0.26780865179654695,
a9b4724c34,180,2195,15365,153.65,250.56790706522867,0.06650909685197891,3.7137650861990377,0.5937716077021077,
a9b4724c34,180,2196,15372,153.72,250.54645582248583,0.1621803462714588,3.5962185764105246,0.816553202460425,
a9b4724c34,180,2197,15379,153.79,250.52761979031683,0.06787346092297836,3.8817113185298164,0.33312825517279737,
a9b4724c34,180,2198,15386,153.86,250.5047180224729,0.03214851357457943,3.6539865502230735,0.29851361944301935,
a9b4724c34,180,2199,15393,153.93,250.5003776951607,0.0755371698330058,3.7346966130005352,0.41855236625756326,
a9b4724c34,180,2200,15400,154.0,250.48647106365107,0.06247725372226406,3.7279846764374995,0.44611228152410387,
a9b4724c34,180,2201,15407,154.07,250.48640855393245,0.08104271028213905,3.8594914588236424,0.5090065755250197,
a9b4724c34,180,2202,15414,154.14,250.47827069959067,0.11908083282531697,3.7026142927809653,0.9693528055983264,
a9b4724c34,180,2203,15421,154.21,250.42066413484125,0.08038615687404708,3.6407138345522405,0.46508634619557354,
a9b4724c34,180,2204,15428,154.28,250.40325496427957,0.13768406587107196,3.5588519999093267,1.2549044734307402,
a9b4724c34,180,2205,15435,154.35,250.3187437796911,0.06387571281500165,3.8178558409477015,0.16726166119477523,
a9b4724c34,180,2206,15442,154.42,250.30606718472615,0.11779500288723332,3.70869562087532,0.9317798402889805,
a9b4724c34,180,2207,15449,154.49,250.2475770251592,0.07166047051947652,3.8489912195852334,0.4740353987195209,
a9b4724c34,180,2208,15456,154.56,250.2242472527775,0.07325683478275323,3.7902360324434037,0.7128146631279596,
a9b4724c34,180,2209,15463,154.63,250.20025227392512,0.044271772871800286,3.953875739781171,0.4307980862008611,
a9b4724c34,180,2210,15470,154.7,250.19192148895047,0.07594715861955748,3.796938383164615,0.48054893008761,
a9b4724c34,180,2211,15477,154.77,250.17076905156514,0.048198224432471064,3.7972142330823497,0.20289949501355514,
a9b4724c34,180,2212,15484,154.84,250.15946398135173,0.12520490574999935,3.7968099909132964,0.3604629165836681,
a9b4724c34,180,2213,15491,154.91,250.15107336352898,0.09724012823106572,4.031153404822221,0.8726714674643213,
a9b4724c34,180,2214,15498,154.98,250.11761563178305,0.07382473440046562,3.795974170597031,0.6435107679579621,
a9b4724c34,180,2215,15505,155.05,250.09275566796052,0.06364066296876252,3.695025058172638,0.6073286450060318,
a9b4724c34,180,2216,15512,155.12,250.0775382423692,0.03445202087442049,3.6559124201757998,0.269827556282081,
a9b4724c34,180,2217,15519,155.19,250.0721987316523,0.052593058696021155,3.5524824507944253,0.5339233700077514,
a9b4724c34,180,2218,15526,155.26,250.0618149196239,0.044016097109993164,3.415737227641517,0.3644042748903417,
a9b4724c34,180,2219,15533,155.33,250.0522287954651,0.07438304159989502,3.4400814299638554,0.706875884191317,
a9b4724c34,180,2220,15540,155.4,250.0294953437977,0.09780368386916324,3.362375547179656,0.9768585270500362,
a9b4724c34,180,2221,15547,155.47,249.98691179057604,0.07134371754454277,3.5906711876698663,0.44233314194182405,
a9b4724c34,180,2222,15554,155.54,249.96865557955354,0.1505252730086353,3.5389958789609475,0.5976231370421828,
a9b4724c34,180,2223,15561,155.61,249.94941464242885,0.10469507408601753,3.8581690803046533,0.8103660589238245,
a9b4724c34,180,2224,15568,155.68,249.89694675249385,0.10027167472295902,3.515854628950902,0.9832302003314549,
a9b4724c34,180,2225,15575,155.75,249.88025292657343,0.11407410993126281,3.5140917689207156,0.9382817508632655,
a9b4724c34,180,2226,15582,155.82,249.8467644092195,0.08687646341508715,3.379701569966011,0.5788138899573988,
a9b4724c34,180,2227,15589,155.89,249.83218746386555,0.08481755226152486,3.469733845093906,0.5869670315646232,
a9b4724c34,180,2228,15596,155.96,249.82025540173234,0.11417094540818193,3.3859605473492653,1.0281452723246698,
a9b4724c34,180,2229,15603,156.03,249.7643213544263,0.07520691076248102,3.4872343399760073,0.6199039639401815,
a9b4724c34,180,2230,15610,156.1,249.74305469567872,0.0969284573835612,3.4875897491104113,0.8984347195642793,
a9b4724c34,180,2231,15617,156.17,249.6984979750119,0.08149019875297922,3.367944791322348,0.49164261481110044,
a9b4724c34,180,2232,15624,156.24,249.6731562569167,0.0859052651748164,3.3919474515469092,0.811709620801775,
a9b4724c34,180,2233,15631,156.31,249.63844183621723,0.17765485863205457,3.338867528852972,0.6477256245523891,
a9b4724c34,180,2234,15638,156.38,249.63356935504987,0.11252721550884716,3.8872682221891153,0.5894016738321977,
a9b4724c34,180,2235,15645,156.45,249.57597543715715,0.05342392700743261,3.513049685795854,0.3797308344731067,
a9b4724c34,180,2236,15652,156.52,249.568221802442,0.07838035448002703,3.4122154891616203,0.566036830487424,
a9b4724c34,180,2237,15659,156.59,249.53727030444793,0.05216214138353761,3.638866254263768,0.37687262338606636,
a9b4724c34,180,2238,15666,156.66,249.5259475871751,0.02462642558273143,3.5940708930166836,0.19566409976225768,
a9b4724c34,180,2239,15673,156.73,249.5229792758592,0.08162255329150676,3.612648853239487,0.6940788008505459,
a9b4724c34,180,2240,15680,156.8,249.49434447468718,0.06646088286147116,3.706207875145661,0.6070833644046211,
a9b4724c34,180,2241,15687,156.87,249.47318512226786,0.05308218439083599,3.5837511866297316,0.4887634739758103,
a9b4724c34,180,2242,15694,156.94,249.46009370751716,0.09199738517080372,3.5862076300988335,0.8966344697998574,
a9b4724c34,180,2243,15701,157.01,249.4251823005875,0.06881959389649378,3.5750616281507797,0.6812210962951123,
a9b4724c34,180,2244,15708,157.08,249.40654851685753,0.08817332559127776,3.5573791218013415,0.16934511297955554,
a9b4724c34,180,2245,15715,157.15,249.37082964047187,0.15715979053554305,3.521167463500318,0.7669320434622089,
a9b4724c34,180,2246,15722,157.22,249.36863499494368,0.09414974181982798,3.7217959708415984,0.5720926581705307,
a9b4724c34,180,2247,15729,157.29,249.32615742045306,0.19441532930063374,3.536772525214015,0.8356587246213285,
a9b4724c34,180,2248,15736,157.36,249.30311184554589,0.11796024127716753,3.8164993941578986,0.8751149768709734,
a9b4724c34,180,2249,15743,157.43,249.24080095361674,0.04843709939699451,3.504350795635243,0.4600084772679611,
a9b4724c34,180,2250,15750,157.5,249.22925913981243,0.06473544797019867,3.454913483512412,0.3057396332203597,
a9b4724c34,180,2251,15757,157.57,249.21124808023185,0.05900056563570922,3.5475439850654595,0.5718628666656707,
a9b4724c34,180,2252,15764,157.64,249.19742694236885,0.06296191003199553,3.6576919642813754,0.5793385087657057,
a9b4724c34,180,2253,15771,157.71,249.1830099149774,0.1266176995752379,3.6345040489335116,0.5704288718767383,
a9b4724c34,180,2254,15778,157.78,249.1802492984608,0.10804423663425525,3.769243493536049,0.5729858868319755,
a9b4724c34,180,2255,15785,157.85,249.1290127776655,0.03622273753130537,3.5869042726139013,0.21113915898854313,
a9b4724c34,180,2256,15792,157.92,249.12282120397262,0.05476081982365483,3.5446282200080574,0.5540061730220545,
a9b4724c34,180,2257,15799,157.99,249.10896229141977,0.06280655403596723,3.601070573484468,0.2683070827546759,
a9b4724c34,180,2258,15806,158.06,249.10682192876172,0.09649503282827458,3.63004859877616,0.9122507345151735,
a9b4724c34,180,2259,15813,158.13,249.06143822166777,0.05081273959832057,3.600896731130639,0.4975336375086475,
a9b4724c34,180,2260,15820,158.2,249.04878326760834,0.21142278435913617,3.6776198844112176,0.8067401070121615,
a9b4724c34,180,2261,15827,158.27,249.0439563576122,0.1332590140090994,4.442436310787597,0.7565176477754179,
a9b4724c34,180,2262,15834,158.34,248.99083364901264,0.11294174174434939,3.733383279333982,0.7208736438048572,
a9b4724c34,180,2263,15841,158.41,248.94561461679507,0.06805417757188595,3.5225772623853735,0.5164200581920123,
a9b4724c34,180,2264,15848,158.48,248.9346455524852,0.17588996435711027,3.517259623344388,0.7537234600972951,
a9b4724c34,180,2265,15855,158.55,248.9336138733242,0.12630254449159564,4.186912207630229,0.7371101800802328,
a9b4724c34,180,2266,15862,158.62,248.88186106236262,0.17849686033577086,3.6654105533897243,0.8257370674254966,
a9b4724c34,180,2267,15869,158.69,248.8744901247546,0.09791867027259071,4.1254042744483055,0.1935980909135165,
a9b4724c34,180,2268,15876,158.76,248.82877395940355,0.0747444239043301,3.6386295621261886,0.7065338495664477,
a9b4724c34,180,2269,15883,158.83,248.80589739128823,0.059528230903667156,3.6725952228867285,0.40443845333016365,
a9b4724c34,180,2270,15890,158.9,248.7898582920221,0.058039840164525375,3.810898665096071,0.5329642066434805,
a9b4724c34,180,2271,15897,158.97,248.77318465953564,0.05222437575229908,3.9491019059975607,0.4615283009832243,
a9b4724c34,180,2272,15904,159.04,248.76036711936186,0.09045748335859818,3.845391000194564,0.38460920024279116,
a9b4724c34,180,2273,15911,159.11,248.72573860333253,0.12901434023508732,3.8306048586075394,0.6005644112694778,
a9b4724c34,180,2274,15918,159.18,248.71384959308367,0.13187702483755176,3.953842206609004,0.5010487853613412,
a9b4724c34,180,2275,15925,159.25,248.70641606629295,0.16386428826231073,3.8704074877508443,1.5699963929771417,
a9b4724c34,180,2276,15932,159.32,248.60291815998815,0.12975043752230267,3.8393525416563272,1.0296460450744624,
a9b4724c34,180,2277,15939,159.39,248.5252116487258,0.06810364768599633,3.6592331943785426,0.6719582488184687,
a9b4724c34,180,2278,15946,159.46,248.5044056374284,0.06254709836597395,3.6546701862503044,0.5273266643513765,
a9b4724c34,180,2279,15953,159.53,248.4876378858358,0.039059212403343084,3.6507000283711184,0.3805426616968267,
a9b4724c34,180,2280,15960,159.6,248.4812634542983,0.04187103037875994,3.6157267967539037,0.2666647750777995,
a9b4724c34,180,2281,15967,159.67,248.47415887109884,0.03617902298356768,3.613317637190041,0.2868186247353503,
a9b4724c34,180,2282,15974,159.74,248.4676467375035,0.10326752135646584,3.6025741335212884,0.9716619593265838,
a9b4724c34,180,2283,15981,159.81,248.4140318301862,0.10082944364708042,3.599878782417896,0.8972480769467025,
a9b4724c34,180,2284,15988,159.88,248.36266585810426,0.0801060058061691,3.8271470467149666,0.46361317626170123,
a9b4724c34,180,2285,15995,159.95,248.33339181058253,0.059044992400345435,3.825373681642224,0.4498623500687544,
a9b4724c34,180,2286,16002,160.02,248.31728851626914,0.12595292316936132,3.82440794317233,0.6235000416314609,
a9b4724c34,180,2287,16009,160.09,248.31526624574323,0.09769895848489753,4.205210261742723,0.5561813556016504,
a9b4724c34,180,2288,16016,160.16,248.27072082192305,0.05991664962260439,3.896110705146436,0.4207123922052055,
a9b4724c34,180,2289,16023,160.23,248.2543440417864,0.189246101802227,3.8039519075323116,0.9196059328277286,
a9b4724c34,180,2290,16030,160.3,248.2452064455721,0.12185203458468237,4.480959168958625,0.5657898950084915,
a9b4724c34,180,2291,16037,160.37,248.17202229264186,0.08927477176146446,4.01729658151323,0.8354352965304084,
a9b4724c34,180,2292,16044,160.44,248.13547354472533,0.07566051608877199,4.165617614238016,0.7090387446753957,
a9b4724c34,180,2293,16051,160.51,248.11080318068034,0.10759556212721094,4.1191437782786835,0.2866703054488051,
a9b4724c34,180,2294,16058,160.58,248.1055688797202,0.07882146023856211,3.888207916627309,0.5181576980439835,
a9b4724c34,180,2295,16065,160.65,248.07638483458797,0.07648210147210761,4.052199727798828,0.2995199209734487,
a9b4724c34,180,2296,16072,160.72,248.07400357548786,0.07596404065176765,4.086407726213962,0.4981313839104745,
a9b4724c34,180,2297,16079,160.79,248.0475470823947,0.03878697766105552,4.085996115205748,0.2860073806520032,
a9b4724c34,180,2298,16086,160.86,248.0446206957968,0.08328593486260782,4.027443584206881,0.714326462789615,
a9b4724c34,180,2299,16093,160.93,248.0253047948346,0.047506408744869694,4.0853172184896245,0.17018076412169478,
a9b4724c34,180,2300,16100,161.0,248.01658245966425,0.047602979130655254,3.9602394949342923,0.3207336729656181,
a9b4724c34,180,2301,16107,161.07,248.00620783621366,0.1893979841193688,4.123706206196617,0.9513408803498871,
a9b4724c34,180,2302,16114,161.14,247.98008197261632,0.16431619174731157,4.256961194296024,0.4988449280796744,
a9b4724c34,180,2303,16121,161.21,247.97686989374833,0.10536386478721878,4.141997594994561,0.6758437017318604,
a9b4724c34,180,2304,16128,161.28,247.9310332434158,0.190173486112863,3.9113641072511465,0.8907668040176344,
a9b4724c34,180,2305,16135,161.35,247.91619271313078,0.1233421258256508,4.6129003476538175,0.9604144835348201,
a9b4724c34,180,2306,16142,161.42,247.86387832188052,0.07462530774384418,4.337842450348914,0.5013621761502188,
a9b4724c34,180,2307,16149,161.49,247.84532801270214,0.13597549811956178,4.257832598407477,1.13405333061428,
a9b4724c34,180,2308,16156,161.56,247.7709997767673,0.061496269706576144,4.187674676480851,0.504550421073921,
a9b4724c34,180,2309,16163,161.63,247.75743485216708,0.0794271550783692,4.077355364004083,0.7085127258527837,
a9b4724c34,180,2310,16170,161.7,247.73402644884166,0.06873332582847015,4.039130255619213,0.6818256027666121,
a9b4724c34,180,2311,16177,161.77,247.71311161941526,0.06562510963530853,4.059630767643169,0.6235928114920476,
a9b4724c34,180,2312,16184,161.84,247.69411877471867,0.05565372687951179,4.221152699709803,0.47207709139463067,
a9b4724c34,180,2313,16191,161.91,247.68263090552037,0.08182080657577077,4.2174430607154285,0.4708424116543605,
a9b4724c34,180,2314,16198,161.98,247.64866020698767,0.06705931603249402,4.2467688043921425,0.44017902532565817,
a9b4724c34,180,2315,16205,162.05,247.63070388165858,0.0975893866328954,4.128904270384689,0.5358371309690221,
a9b4724c34,180,2316,16212,162.12,247.5945511467252,0.0565318203657319,3.9543452493049847,0.3304121827139181,
a9b4724c34,180,2317,16219,162.19,247.5838480678982,0.10688013139298469,3.955671130042998,1.028159957594884,
a9b4724c34,180,2318,16226,162.26,247.5293932824766,0.12318311231825696,3.959419822815288,1.1986895721107378,
a9b4724c34,180,2319,16233,162.33,247.47229249866754,0.17018721497144854,4.269283920926187,1.6383646822552398,
a9b4724c34,180,2320,16240,162.4,247.3900464929436,0.12746935250316252,4.249871470368833,0.8303911665678481,
a9b4724c34,180,2321,16247,162.47,247.34518907735787,0.09326302499184565,4.069314517536251,0.4392868926058502,
a9b4724c34,180,2322,16254,162.54,247.31841398199816,0.06283353833261918,4.077606835993759,0.3322539708049289,
a9b4724c34,180,2323,16261,162.61,247.30951571984826,0.10725466442277189,4.0252342207016865,0.9667154262891162,
a9b4724c34,180,2324,16268,162.68,247.25824110810242,0.04807711716406191,4.159226112587162,0.20589801985387385,
a9b4724c34,180,2325,16275,162.75,247.24974783863757,0.04793178778263704,4.1481322978053505,0.37846119643945275,
a9b4724c34,180,2326,16282,162.82,247.2434843005512,0.10391308946540437,4.022623079535377,1.0234951361715552,
a9b4724c34,180,2327,16289,162.89,247.1945542997993,0.08561571239886236,4.001094614868072,0.6593725469729214,
a9b4724c34,180,2328,16296,162.96,247.1668681005921,0.07586838426521046,3.9188474610462083,0.6040890083311354,
a9b4724c34,180,2329,16303,163.03,247.14717088312165,0.06039753035194974,3.894334333460973,0.5074242196768745,
a9b4724c34,180,2330,16310,163.1,247.13852303638635,0.09615996090846923,3.843732842758889,0.5996404088530749,
a9b4724c34,180,2331,16317,163.17,247.099116843893,0.08457256331245475,3.892920897882799,0.5404672720183212,
a9b4724c34,180,2332,16324,163.24,247.08061276631395,0.0948291284522978,3.8360980863248515,0.7451576461159586,
a9b4724c34,180,2333,16331,163.31,247.05092360334433,0.14808450199785417,3.98560750294761,0.9384367837155154,
a9b4724c34,180,2334,16338,163.38,246.94476391380596,0.08398765997382714,3.991354480765989,0.5791543932388791,
a9b4724c34,180,2335,16345,163.45,246.9170755444479,0.05628931687789181,4.214633030255815,0.43525235959719427,
a9b4724c34,180,2336,16352,163.52,246.90398838153024,0.118276303901387,4.155578053458641,1.1695997796141775,
a9b4724c34,180,2337,16359,163.59,246.83246337387567,0.042684525353353424,4.219139377795077,0.2588679944447501,
a9b4724c34,180,2338,16366,163.66,246.8245826927028,0.12750096237074873,4.184843592487623,1.0957125971129211,
a9b4724c34,180,2339,16373,163.73,246.7525909878775,0.11981257015253954,4.131196416947117,0.8665184956339138,
a9b4724c34,180,2340,16380,163.8,246.67967165223976,0.07558491996551954,3.934185633072499,0.41264350270252953,
a9b4724c34,180,2341,16387,163.87,246.65160290879268,0.21437703740937186,3.9080322353429264,0.9114498057903464,
a9b4724c34,180,2342,16394,163.94,246.6295616665182,0.15282571126924183,4.462948207801129,1.0693765226574317,
a9b4724c34,180,2343,16401,164.01,246.56995136111811,0.11789828717370837,3.944958035342731,0.8730474540386234,
a9b4724c34,180,2344,16408,164.08,246.5261857002195,0.08835806348268775,3.76741552195844,0.4512141019797097,
a9b4724c34,180,2345,16415,164.15,246.49768623005747,0.07919360178071358,3.6464030371793386,0.5980912109447609,
a9b4724c34,180,2346,16422,164.22,246.47327577666164,0.07269569954674876,3.544657397516658,0.6022975791063424,
a9b4724c34,180,2347,16429,164.29,246.4490631922634,0.14807963154376208,3.578774338061436,0.5793795354664142,
a9b4724c34,180,2348,16436,164.36,246.43997660717983,0.08273193114275118,3.917687822229062,0.48025507090370156,
a9b4724c34,180,2349,16443,164.43,246.40718182569537,0.08090241783652079,3.616564131903423,0.7726397159969366,
a9b4724c34,180,2350,16450,164.5,246.38006179771216,0.04978708354699683,3.604288753194414,0.4249539332647432,
a9b4724c34,180,2351,16457,164.57,246.36956730673424,0.12324542251855067,3.6254702450382723,0.6071808136763184,
a9b4724c34,180,2352,16464,164.64,246.3679056339089,0.06987152850306252,3.7022212828893104,0.3225619911099225,
a9b4724c34,180,2353,16471,164.71,246.34449743785524,0.033444984135545114,3.6049527792284244,0.30671393093928934,
a9b4724c34,180,2354,16478,164.78,246.33942063040564,0.04689610860379147,3.5662233740107894,0.4490910262942048,
a9b4724c34,180,2355,16485,164.85,246.32930283410676,0.08124935932307473,3.593007883819088,0.777814972589997,
a9b4724c34,180,2356,16492,164.92,246.30764249160353,0.09896661684617448,3.643658095259047,0.9610118221647499,
a9b4724c34,180,2357,16499,164.99,246.26376028705351,0.04785639294372217,3.7601857106005467,0.29848792019527914,
a9b4724c34,180,2358,16506,165.06,246.25878650175756,0.07346536643696837,3.7571332528966415,0.623407034157851,
a9b4724c34,180,2359,16513,165.13,246.23923424017724,0.09215873916587626,3.7123905812943354,0.4629352870554006,
a9b4724c34,180,2360,16520,165.2,246.19970710935493,0.07670279272231197,3.575821075647227,0.7038990725862356,
a9b4724c34,180,2361,16527,165.27,246.1725521165548,0.054411743565277566,3.790940431646552,0.32352893426165624,
a9b4724c34,180,2362,16534,165.34,246.1574794637227,0.03151567533499282,3.6201402182487463,0.20557356575477775,
a9b4724c34,180,2363,16541,165.41,246.1535308418737,0.24470927928981612,3.7274913980677242,1.2131093587878572,
a9b4724c34,180,2364,16548,165.48,246.13339605300723,0.1530848318091908,4.273715269720158,1.0649260248619805,
a9b4724c34,180,2365,16555,165.55,246.01490855689593,0.07957992769498842,3.540617500086328,0.6685672043462039,
a9b4724c34,180,2366,16562,165.62,245.98509410245168,0.03159276119944795,3.3803456148554725,0.2865167716804531,
a9b4724c34,180,2367,16569,165.69,245.98079929625737,0.06915340518813959,3.4081487752666795,0.09491352542716264,
a9b4724c34,180,2368,16576,165.76,245.9608934214973,0.1036602912167636,3.4222325972460665,1.0034071792042394,
a9b4724c34,180,2369,16583,165.83,245.91927372162064,0.08741576701004582,3.60669454558717,0.6541459884675833,
a9b4724c34,180,2370,16590,165.9,245.8879680691478,0.026418623419354626,3.4179027062280003,0.20062068641278308,
a9b4724c34,180,2371,16597,165.97,245.88557887171743,0.06960565698952423,3.491454454843016,0.689772541420725,
a9b4724c34,180,2372,16604,166.04,245.86435632475673,0.035080472561711346,3.366643559801726,0.22045390204493534,
a9b4724c34,180,2373,16611,166.11,245.85964716087042,0.0477220505144729,3.429157937976604,0.4158340443134597,
a9b4724c34,180,2374,16618,166.18,245.84829622867738,0.046672775259393416,3.4093549202495224,0.3390313349373444,
a9b4724c34,180,2375,16625,166.25,245.8398061605377,0.047957643587009845,3.4263420753706084,0.4411447986753284,
a9b4724c34,180,2376,16632,166.32,245.82913614897342,0.06271420899511258,3.471935883038135,0.15999367684148866,
a9b4724c34,180,2377,16639,166.39,245.82742668164553,0.0621797700895179,3.4140626338004143,0.35536041545423713,
a9b4724c34,180,2378,16646,166.46,245.8137325463894,0.05368907581419658,3.4129973113681156,0.5103262432417348,
a9b4724c34,180,2379,16653,166.53,245.8029047962401,0.046352847479212804,3.419027308051616,0.42032030695828076,
a9b4724c34,180,2380,16660,166.6,245.7960961450601,0.041422875314469025,3.3510722686815644,0.36667775663152974,
a9b4724c34,180,2381,16667,166.67,245.79028878065506,0.022604710964752417,3.412633567777935,0.15504577182125223,
a9b4724c34,180,2382,16674,166.74,245.7886348924032,0.15783256985549957,3.389389896372001,0.7145249072589396,
a9b4724c34,180,2383,16681,166.81,245.7822589247479,0.21891708543757737,3.9599341294814123,0.8707807543629412,
a9b4724c34,180,2384,16688,166.88,245.77510397887175,0.2476217803869956,3.6874264098797576,0.7403975981545103,
a9b4724c34,180,2385,16695,166.95,245.7709651322105,0.16223173924194353,4.240332739936363,0.695478354082491,
a9b4724c34,180,2386,16702,167.02,245.67200542099226,0.08195321665765355,3.866430453166087,0.488110636403527,
a9b4724c34,180,2387,16709,167.09,245.64843794085462,0.1799503208269128,3.7376512607678354,0.706396207131592,
a9b4724c34,180,2388,16716,167.16,245.63000748218295,0.10802267958179028,4.068055026973232,0.8067126803987482,
a9b4724c34,180,2389,16723,167.23,245.57220334225843,0.1132108746208548,3.59682850908496,0.986521205989971,
a9b4724c34,180,2390,16730,167.3,245.50733048004028,0.06977138081780936,3.5749029200884057,0.4896797623642069,
a9b4724c34,180,2391,16737,167.37,245.4830910774877,0.06973754897695027,3.4554694775274415,0.6827136172451972,
a9b4724c34,180,2392,16744,167.44,245.4586163684043,0.0501967713880924,3.513940924210443,0.4968863643538531,
a9b4724c34,180,2393,16751,167.51,245.44636289263588,0.09192420760511462,3.568453838464802,0.2793136613669177,
a9b4724c34,180,2394,16758,167.58,245.4043961597429,0.05460009330309249,3.4129193620527456,0.4144733819588218,
a9b4724c34,180,2395,16765,167.65,245.39233923552098,0.06710113048196635,3.479557722237427,0.49920512048241955,
a9b4724c34,180,2396,16772,167.72,245.37019825650952,0.08946175265489444,3.574612800118625,0.7914231515725443,
a9b4724c34,180,2397,16779,167.79,245.33567300895493,0.0566231556263423,3.387398392845167,0.43931305302555645,
a9b4724c34,180,2398,16786,167.86,245.32210651874703,0.03144568331189467,3.367343609094012,0.24528288449100363,
a9b4724c34,180,2399,16793,167.93,245.32091851837296,0.043060853519108676,3.419403137194928,0.3044578868038974,
a9b4724c34,180,2400,16800,168.0,245.31434678418088,0.07808239668909973,3.360149615388288,0.6800230266466712,
a9b4724c34,180,2401,16807,168.07,245.2895086670835,0.058160163415907976,3.372546090713267,0.5265605236575163,
a9b4724c34,180,2402,16814,168.14,245.27724985562125,0.07255639518813932,3.3294838757029654,0.5129876358283282,
a9b4724c34,180,2403,16821,168.21,245.25475459621788,0.04276009410263166,3.5582739309823945,0.2716328762856788,
a9b4724c34,180,2404,16828,168.28,245.24933636197642,0.07408027675487099,3.5171867891843758,0.6399824735326255,
a9b4724c34,180,2405,16835,168.35,245.22122006938537,0.0650368318234663,3.5984960355302187,0.6409845202048625,
a9b4724c34,180,2406,16842,168.42,245.20254552728932,0.14188036529900613,3.683678672953762,0.7919292718284617,
a9b4724c34,180,2407,16849,168.49,245.14873880310557,0.09041644633525897,3.775101484753288,0.6074589998152798,
a9b4724c34,180,2408,16856,168.56,245.13242890314183,0.11670919092243355,3.5129594046088455,0.7126974850980496,
a9b4724c34,180,2409,16863,168.63,245.0676997825243,0.279261621616445,3.1532698294243153,0.8943922542480851,
a9b4724c34,180,2410,16870,168.7,245.05082545418622,0.15907197224430478,4.193285215312977,0.9581026733672664,
a9b4724c34,180,2411,16877,168.77,244.9557898417299,0.08144478821865132,3.406006450328716,0.6160129755452364,
a9b4724c34,180,2412,16884,168.84,244.92212374867904,0.22367261300007746,3.282229447074219,1.0331385863217073,
a9b4724c34,180,2413,16891,168.91,244.90441995409532,0.13660455897384685,3.674969628017402,1.0047844193039226,
a9b4724c34,180,2414,16898,168.98,244.82464683569222,0.12441646375674252,3.477598153497731,1.1315608264601849,
a9b4724c34,180,2415,16905,169.05,244.78156233501105,0.11012978704070112,3.2428261526740094,0.9610088925022509,
a9b4724c34,180,2416,16912,169.12,244.73306538522652,0.09624702713677553,3.265648433621642,0.5725054781093749,
a9b4724c34,180,2417,16919,169.19,244.6991435468112,0.06433289792778019,3.210321404228487,0.559423814968257,
a9b4724c34,180,2418,16926,169.26,244.68448270297873,0.09250466050266666,3.2157656453329184,0.46901002987313295,
a9b4724c34,180,2419,16933,169.33,244.64736179244431,0.051463379296074495,3.148963732874176,0.26480703382041326,
a9b4724c34,180,2420,16940,169.4,244.6356425413864,0.1299833720836979,3.102306620244565,0.5698951973302518,
a9b4724c34,180,2421,16947,169.47,244.62949344371796,0.08699985470733294,3.4023149588826027,0.38374528362923116,
a9b4724c34,180,2422,16954,169.54,244.59972115383496,0.04273535899104969,3.1308121324440576,0.3802563622870482,
a9b4724c34,180,2423,16961,169.61,244.59069172961298,0.06524760654356047,3.095073422757925,0.6677402700303727,
a9b4724c34,180,2424,16968,169.68,244.57581884446236,0.0560611459291431,3.0275676034120416,0.39353611480729495,
a9b4724c34,180,2425,16975,169.75,244.56234825505197,0.04880551396844189,3.0800130281708222,0.48761288271720155,
a9b4724c34,180,2426,16982,169.82,244.55309164707666,0.05258144013384804,3.0334843071030346,0.4973062432838919,
a9b4724c34,180,2427,16989,169.89,244.53997432763902,0.06423834325362665,3.0126203932899767,0.6396656257766893,
a9b4724c34,180,2428,16996,169.96,244.52272059205748,0.05706720186825167,2.8994645465150497,0.5314468002069698,
a9b4724c34,180,2429,17003,170.03,244.50639641134157,0.0260873136168727,2.9632688730378267,0.2654470722805955,
a9b4724c34,180,2430,17010,170.1,244.50331591665991,0.03324333745030029,2.9329708840713207,0.3152233674909843,
a9b4724c34,180,2431,17017,170.17,244.49790560923893,0.044976122938173636,2.989475408753226,0.30295367490702124,
a9b4724c34,180,2432,17024,170.24,244.4885818965638,0.06437951315437469,3.0028087206129603,0.643473509231044,
a9b4724c34,180,2433,17031,170.31,244.47097593064854,0.06362921044919936,3.0363487065519434,0.4578440510343807,
a9b4724c34,180,2434,17038,170.38,244.45431450979424,0.028272381764124006,2.920854410709633,0.24192798126583348,
a9b4724c34,180,2435,17045,170.45,244.4504223348621,0.11487882675056028,2.9658458100935796,1.1032325931477038,
a9b4724c34,180,2436,17052,170.52,244.40084911794023,0.062084732239375405,3.0194577479690166,0.322253814322797,
a9b4724c34,180,2437,17059,170.59,244.3811679433215,0.06343367732202122,2.8867787429992373,0.6251081141280732,
a9b4724c34,180,2438,17066,170.66,244.3643491856288,0.03691791374658945,2.934489978736986,0.3548179476406939,
a9b4724c34,180,2439,17073,170.73,244.35934559870566,0.0870194088131486,2.9232161349108607,0.686480583719242,
a9b4724c34,180,2440,17080,170.8,244.33357196294978,0.0819172905682026,3.0059376233497583,0.6750291465491193,
a9b4724c34,180,2441,17087,170.87,244.3070075697428,0.05480443981351987,2.902885434563139,0.49469804755587604,
a9b4724c34,180,2442,17094,170.94,244.29858362117625,0.056567865499929024,3.003586406186194,0.5302417105234059,
a9b4724c34,180,2443,17101,171.01,244.28295567418886,0.032655450884074594,3.0319537657470508,0.23270901509579012,
a9b4724c34,180,2444,17108,171.08,244.27787270122965,0.05067071279091331,3.0910675536503103,0.254881728504026,
a9b4724c34,180,2445,17115,171.15,244.26705269953797,0.165820578189884,3.070149682497684,0.782601530881364,
a9b4724c34,180,2446,17122,171.22,244.25474865093034,0.13740070851974412,3.5264111333211066,0.736410060590623,
a9b4724c34,180,2447,17129,171.29,244.17343445647617,0.061254270655487504,2.917729403268707,0.455697206967427,
a9b4724c34,180,2448,17136,171.36,244.15988161540272,0.1052976653473978,2.982123573225428,0.4501223403329412,
a9b4724c34,180,2449,17143,171.43,244.15913939412135,0.0639650166087007,3.224476987049783,0.43870320815138686,
a9b4724c34,180,2450,17150,171.5,244.1440526293563,0.09099178181408712,3.1036502320643304,0.8764634076858531,
a9b4724c34,180,2451,17157,171.57,244.10946951910827,0.060961147838603555,2.9391600724362257,0.4521084997206489,
a9b4724c34,180,2452,17164,171.64,244.09352736191184,0.11982435806867595,2.884891778498457,0.40612112776740467,
a9b4724c34,180,2453,17171,171.71,244.08133231659926,0.06941114800513218,3.0985856171819117,0.5313641348740794,
a9b4724c34,180,2454,17178,171.78,244.06190952494185,0.04406808085913923,2.9091525526578152,0.399354374031242,
a9b4724c34,180,2455,17185,171.85,244.05395617133854,0.05472535775891809,2.925987115268858,0.4372301740692393,
a9b4724c34,180,2456,17192,171.92,244.0423667995229,0.029782475808664548,2.9040357723562567,0.24345028674962949,
a9b4724c34,180,2457,17199,171.99,244.03826131385114,0.028344996614895826,2.934467248851175,0.16695294036147326,
a9b4724c34,180,2458,17206,172.06,244.0342545574025,0.1587441021900694,2.9456714253930567,0.6192968386957817,
a9b4724c34,180,2459,17213,172.13,244.03377848243855,0.09126568721745051,3.4544116662536637,0.2160010511748981,
a9b4724c34,180,2460,17220,172.2,243.99179889863802,0.059705236625603654,2.9605496353374603,0.4441864133875061,
a9b4724c34,180,2461,17227,172.27,243.97389682774502,0.13439624306409448,2.9229825494511603,0.6810350544185377,
a9b4724c34,180,2462,17234,172.34,243.97015420312655,0.16258469078570048,3.2639094621433595,0.31251306802632167,
a9b4724c34,180,2463,17241,172.41,243.95731928198663,0.2376966551604581,3.1573077647961765,0.7995402323802507,
a9b4724c34,180,2464,17248,172.48,243.93238492389943,0.10398995831146533,3.7024758088802585,0.23074722287137728,
a9b4724c34,180,2465,17255,172.55,243.87743998317626,0.05565893637824075,3.186850643889592,0.28478019106830926,
a9b4724c34,180,2466,17262,172.62,243.86489944882908,0.06116826725868275,3.098450973204858,0.38221357166384423,
a9b4724c34,180,2467,17269,172.69,243.84638630316414,0.12258839291035492,3.0445386518382813,0.297619106378158,
a9b4724c34,180,2468,17276,172.76,243.84056247083737,0.07647180208836735,3.2356272868508937,0.4756059932937764,
a9b4724c34,180,2469,17283,172.83,243.81707456498316,0.0649443417552495,3.032755740341954,0.6096869144498526,
a9b4724c34,180,2470,17290,172.9,243.8014227018181,0.07375890837566523,3.0632304171040885,0.368659923774133,
a9b4724c34,180,2471,17297,172.97,243.7817676890299,0.07251742856548302,2.941496541305204,0.5356262732404716,
a9b4724c34,180,2472,17304,173.04,243.76028340453547,0.04885941384535642,2.9134511948829767,0.45212822718636864,
a9b4724c34,180,2473,17311,173.11,243.7509966374439,0.07995958022786859,2.8578523178772994,0.7667610941533493,
a9b4724c34,180,2474,17318,173.18,243.72130023407897,0.0835868554045431,2.856517578842383,0.8031791871038063,
a9b4724c34,180,2475,17325,173.25,243.70166675826286,0.05305479080872239,2.8950542731271183,0.33236550550946364,
a9b4724c34,180,2476,17332,173.32,243.6932475070774,0.03827135119655222,2.817665117519078,0.21652094744895228,
a9b4724c34,180,2477,17339,173.39,243.6899670961771,0.039259332551457395,2.856624187007331,0.27739827254265526,
a9b4724c34,180,2478,17346,173.46,243.6860450231013,0.053750477311631316,2.8183643433067753,0.44009003076960485,
a9b4724c34,180,2479,17353,173.53,243.6759277953076,0.09558460568179904,2.7594489559633573,0.8593018668957321,
a9b4724c34,180,2480,17360,173.6,243.6420419222096,0.05474731863452557,2.8632013383867068,0.40145252237280704,
a9b4724c34,180,2481,17367,173.67,243.63457323084057,0.07702066424176726,2.6795730117407497,0.49624792245669125,
a9b4724c34,180,2482,17374,173.74,243.61068357859065,0.061673494230757096,2.8077873581445023,0.4401057134845837,
a9b4724c34,180,2483,17381,173.81,243.59846706118597,0.049426078518836264,2.8115610904293016,0.4548023185467556,
a9b4724c34,180,2484,17388,173.88,243.58775900810625,0.1394491815242962,2.694824452779466,0.2648489698828219,
a9b4724c34,180,2485,17395,173.95,243.58410873050622,0.16591042225647917,3.005772067869118,0.6010202923711983,
a9b4724c34,180,2486,17402,174.02,243.58262311006087,0.08771228492087274,2.936690743722075,0.33657047804789536,
a9b4724c34,180,2487,17409,174.09,243.5460873463911,0.02360747552426832,2.7381718137134166,0.17180392029704394,
a9b4724c34,180,2488,17416,174.16,243.54430532527041,0.2117011109604598,2.6787133483372685,0.7476647052593631,
a9b4724c34,180,2489,17423,174.23,243.53055580650198,0.10164641832434076,3.3618786864175294,0.49414218983462144,
a9b4724c34,180,2490,17430,174.3,243.47792765398054,0.06592288493438594,2.74418701870563,0.6272063343114974,
a9b4724c34,180,2491,17437,174.37,243.4571840260747,0.1293263786005461,2.7168517980895013,0.6417825784989305,
a9b4724c34,180,2492,17444,174.44,243.452526878689,0.09030998112202386,3.234126154307255,0.5884902525519622,
a9b4724c34,180,2493,17451,174.51,243.4213651344766,0.061065374321573496,2.8057698788574212,0.48522734802410444,
a9b4724c34,180,2494,17458,174.58,243.404076220619,0.036168242472179396,2.7697119605671334,0.3636042463797164,
a9b4724c34,180,2495,17465,174.65,243.39809640441106,0.06671759138705703,2.716672061602738,0.6657372212407086,
a9b4724c34,180,2496,17472,174.72,243.38110454334912,0.062211638191116025,2.701869487551994,0.5289479245985651,
a9b4724c34,180,2497,17479,174.79,243.36231618190192,0.08134984416229438,2.7234287188271256,0.7890831978107623,
a9b4724c34,180,2498,17486,174.86,243.330217851382,0.028528787196537113,2.8400996932834848,0.2523532080868233,
a9b4724c34,180,2499,17493,174.93,243.32670216566532,0.06155173873975592,2.77464475354292,0.5694201968614463,
a9b4724c34,180,2500,17500,175.0,243.31112577436863,0.044933581030046264,2.7485926653376787,0.4391588852356597,
a9b4724c34,180,2501,17507,175.07,243.3019401688196,0.04317877391115677,2.619907223042324,0.4291834696673244,
a9b4724c34,180,2502,17514,175.14,243.2950157689622,0.060209513612277464,2.6197386275052383,0.5952899798066527,
a9b4724c34,180,2503,17521,175.21,243.27822908527958,0.04779406445422275,2.5784908945355656,0.4577030022405875,
a9b4724c34,180,2504,17528,175.28,243.26833888729033,0.03904814344646535,2.669848790818245,0.23082836933834125,
a9b4724c34,180,2505,17535,175.35,243.2607368783824,0.04541906539690232,2.6821748591713304,0.45274816621357733,
a9b4724c34,180,2506,17542,175.42,243.2520200580646,0.0474292250535943,2.7040564188457963,0.2577804379804234,
a9b4724c34,180,2507,17549,175.49,243.24517073935684,0.16177904875123728,2.765404443097201,0.7988070358749874,
a9b4724c34,180,2508,17556,175.56,243.2446901897452,0.11181334441028876,2.942688461974228,0.6096409610334167,
a9b4724c34,180,2509,17563,175.63,243.18829158206722,0.052947659160784394,2.768411931473723,0.4065556766020485,
a9b4724c34,180,2510,17570,175.7,243.17931632439098,0.0726038339815082,2.640120151778414,0.35102030552004354,
a9b4724c34,180,2511,17577,175.77,243.15643284230774,0.04244981297453077,2.6234095661953645,0.38778632733690943,
a9b4724c34,180,2512,17584,175.84,243.14885724405875,0.07594034656357808,2.568553700437944,0.371505308309218,
a9b4724c34,180,2513,17591,175.91,243.1426182862038,0.05263906027133388,2.5319495877176363,0.3020280650454343,
a9b4724c34,180,2514,17598,175.98,243.13010128229513,0.045844641289756224,2.536434664089012,0.4041102999075464,
a9b4724c34,180,2515,17605,176.05,243.1193418917265,0.02447937890756368,2.5403136430235964,0.19642435996165222,
a9b4724c34,180,2516,17612,176.12,243.11675446155678,0.055687581804394586,2.6129948650498234,0.5112272334105683,
a9b4724c34,180,2517,17619,176.19,243.104891430156,0.12774366071601215,2.517294876360468,0.4808691861695068,
a9b4724c34,180,2518,17626,176.26,243.09071050765414,0.05223293860637899,2.821927364497614,0.1881860129103264,
a9b4724c34,180,2519,17633,176.33,243.07790013810435,0.07373843077764039,2.6227866506940427,0.722596598491221,
a9b4724c34,180,2520,17640,176.4,243.0567554264475,0.035864496125248065,2.618448505809224,0.3255121800320863,
a9b4724c34,180,2521,17647,176.47,243.05047365958657,0.06734450539793235,2.547786959321374,0.6815045131473477,
a9b4724c34,180,2522,17654,176.54,243.03194742192144,0.10740696011628645,2.7144410276634257,1.0010828552906832,
a9b4724c34,180,2523,17661,176.61,242.97643676320376,0.05466609163692018,2.721878301075365,0.4486655978938762,
a9b4724c34,180,2524,17668,176.68,242.96740088878556,0.1065162588559714,2.777227222175723,0.2978111685583727,
a9b4724c34,180,2525,17675,176.75,242.95988764526373,0.07399144007769169,2.883800367147405,0.34169890142580367,
a9b4724c34,180,2526,17682,176.82,242.9436717026611,0.08455624795280603,2.9741820140729582,0.5764994286627803,
a9b4724c34,180,2527,17689,176.89,242.90805998420234,0.04467243399135237,2.8535668352468253,0.36871966906007675,
a9b4724c34,180,2528,17696,176.96,242.8983616081603,0.06747313851445738,2.846518849644445,0.604598945424879,
a9b4724c34,180,2529,17703,177.03,242.8779173028568,0.059508466396259056,2.820799424742824,0.5088899042661549,
a9b4724c34,180,2530,17710,177.1,242.86335598237565,0.07336906332770086,2.778558311121806,0.38410884313786486,
a9b4724c34,180,2531,17717,177.17,242.84373115164323,0.05250608695732899,2.699916666809771,0.45212403678681046,
a9b4724c34,180,2532,17724,177.24,242.8325623857998,0.03873369849677715,2.7166991052562834,0.3297964915035913,
a9b4724c34,180,2533,17731,177.31,242.82634018917287,0.03274873669884413,2.670794923434009,0.18776600791153733,
a9b4724c34,180,2534,17738,177.38,242.82236326668,0.06757607050163063,2.6977775900745664,0.5656380510340248,
a9b4724c34,180,2535,17745,177.45,242.80048144825005,0.05928387896321097,2.8049065667782984,0.5759594198036302,
a9b4724c34,180,2536,17752,177.52,242.78895906896784,0.049135529951100786,2.7767079378629864,0.3504304019255988,
a9b4724c34,180,2537,17759,177.59,242.77978349843903,0.06310126475179105,2.883963376099736,0.5764356520164043,
a9b4724c34,180,2538,17766,177.66,242.76076736231974,0.06605326281221655,2.8011966163007687,0.6573796958763666,
a9b4724c34,180,2539,17773,177.73,242.74117023599752,0.04371058218534752,2.6408464140032923,0.41862959973217884,
a9b4724c34,180,2540,17780,177.8,242.73329647354,0.10417323232399883,2.6837453367141637,0.4238288134161947,
a9b4724c34,180,2541,17787,177.87,242.73055999831396,0.05817674277482913,2.92094470517672,0.32419732296211823,
a9b4724c34,180,2542,17794,177.94,242.71485121835468,0.07342213275651308,2.7097179424573503,0.19286378098431,
a9b4724c34,180,2543,17801,178.01,242.71468523964452,0.0700573885350723,2.8404253168811113,0.5820649370129626,
a9b4724c34,180,2544,17808,178.08,242.69766052883946,0.04204086856479494,2.9110079971725096,0.36894048728693485,
a9b4724c34,180,2545,17815,178.15,242.69240409405003,0.03776471307951228,2.8264194711358654,0.2795567563802063,
a9b4724c34,180,2546,17822,178.22,242.68639569789607,0.0563716685345271,2.831148273276667,0.4491308930743739,
a9b4724c34,180,2547,17829,178.29,242.67539535620597,0.05604743147885804,2.7661045755364313,0.26791904244928305,
a9b4724c34,180,2548,17836,178.36,242.6605397049331,0.04078480120057048,2.780965953302187,0.39631074933770627,
a9b4724c34,180,2549,17843,178.43,242.6552621621889,0.0414051777103792,2.7407806157186294,0.38545611177815087,
a9b4724c34,180,2550,17850,178.5,242.64990414012192,0.06398257323779913,2.8395089538386773,0.44176697742779947,
a9b4724c34,180,2551,17857,178.57,242.63645202692624,0.20607939073257375,2.8209023777377267,1.029285358561754,
a9b4724c34,180,2552,17864,178.64,242.63530108597507,0.11576174510093762,3.094197661038829,0.4516634908247349,
a9b4724c34,180,2553,17871,178.71,242.5835091742959,0.08271081732720856,2.839779969511462,0.3956272279259266,
a9b4724c34,180,2554,17878,178.78,242.55740025285593,0.035069449650034695,2.3847600314985034,0.22093476813032834,
a9b4724c34,180,2555,17885,178.85,242.55310114189632,0.04290468855105084,2.4163304265523493,0.41151763159531235,
a9b4724c34,180,2556,17892,178.92,242.54579150762476,0.04551567259314947,2.3336948449208594,0.4257592162500563,
a9b4724c34,180,2557,17899,178.99,242.5362215319421,0.0971163495351502,2.323113270528189,0.41780979832846304,
a9b4724c34,180,2558,17906,179.06,242.53578156788964,0.08366963470862221,2.3124365168013115,0.5215437549031877,
a9b4724c34,180,2559,17913,179.13,242.51832607942887,0.06498482033483957,2.4408735980653185,0.4233526117807249,
a9b4724c34,180,2560,17920,179.2,242.50384039632797,0.11302271029170094,2.225447804049906,0.2997762550302204,
a9b4724c34,180,2561,17927,179.27,242.49690265431724,0.06638990369238065,2.553261555901467,0.4739846119228813,
a9b4724c34,180,2562,17934,179.34,242.48128485851018,0.10570281255784754,2.2792620766643097,0.4724878895112173,
a9b4724c34,180,2563,17941,179.41,242.4777855620734,0.06545473497889535,2.520793522634086,0.25236755699062235,
a9b4724c34,180,2564,17948,179.48,242.46082722501453,0.08479655116446067,2.3170457247511305,0.5229339301860509,
a9b4724c34,180,2565,17955,179.55,242.42636248072128,0.04717344660020091,2.371785429648752,0.3807807088893747,
a9b4724c34,180,2566,17962,179.62,242.41727456413037,0.051035784488150895,2.2346295223130963,0.397684224222459,
a9b4724c34,180,2567,17969,179.69,242.40567811019136,0.03317249487254934,2.3569544436278798,0.316554272993218,
a9b4724c34,180,2568,17976,179.76,242.4012956978177,0.052312701181431984,2.2999557367113477,0.16355846179582093,
a9b4724c34,180,2569,17983,179.83,242.3891223175578,0.04729058100512472,2.2051267388097546,0.4343011223501483,
a9b4724c34,180,2570,17990,179.9,242.38073786461527,0.03773039070891654,2.2203423099524953,0.3301057478021555,
a9b4724c34,180,2571,17997,179.97,242.37837567377775,,2.2254576306536364,0.30066473621189904,
28a8d02dee,180,0,0,0.0,2727010.761415566,410.62332572153224,10212.732359910277,1865.7955537536704,"ProjectedCommonDirectionsConfig(subspace_frac_grads=0.02, subspace_frac_updates=0.02, subspace_frac_random=0.01, direction_str=sd, random_proj=True, random_proj_dim_frac=0.03, ensemble=haar, inner_use_full_grad=True, orth_P_k=True, beta=0.001, tau=0.5, c_const=inf, N_try=200, alpha_max=100, p_const=1)"
28a8d02dee,180,1,7,0.07,2368977.274690719,279.6614869723913,9057.175113374615,1069.6499232907838,
28a8d02dee,180,2,14,0.14,2213144.2835709844,360.65435545238756,8707.448936257826,1745.4606792462191,
28a8d02dee,180,3,21,0.21,2004060.4137578332,335.19373958755114,7859.875276663836,1283.3672994736946,
28a8d02dee,180,4,28,0.28,1789063.9260023823,215.00094635333676,7158.408135072076,402.148017280726,
28a8d02dee,180,5,35,0.35,1730484.8578736053,328.96352500456584,6932.87441576655,1430.5396918486115,
28a8d02dee,180,6,42,0.42,1556867.6172153414,342.79650830362084,6358.408423822825,1475.0162270282137,
28a8d02dee,180,7,49,0.49,1377182.4664067968,184.97649763439136,5402.455459650748,453.7570288927268,
28a8d02dee,180,8,56,0.56,1299944.698680029,179.40291442945295,5479.029030711023,895.6020721400927,
28a8d02dee,180,9,63,0.63,1236459.0924595548,260.9275071710175,5042.774547451806,378.6666672312508,
28a8d02dee,180,10,70,0.7,1210722.9671272945,293.22506035117226,5046.251909118281,1421.1540325887058,
28a8d02dee,180,11,77,0.77,1064060.5945021638,237.93619604155552,4369.749309711486,958.4578494248043,
28a8d02dee,180,12,84,0.84,937216.8464637162,99.03823131171319,4112.419556110568,357.12072390344065,
28a8d02dee,180,13,91,0.91,915419.0020065508,261.46520848579365,4041.827904258184,1289.3648459815254,
28a8d02dee,180,14,98,0.98,757554.9584696242,169.12746756188523,3474.168793159757,741.3870300048043,
28a8d02dee,180,15,105,1.05,703067.2443140887,112.53677648323928,3249.9329603150336,414.45782111378116,
28a8d02dee,180,16,112,1.12,670336.8295043792,115.1627837305558,3138.2660912071306,561.0018304023727,
28a8d02dee,180,17,119,1.19,644140.9625266631,95.62575900800002,3147.507854797306,168.40184344960312,
28a8d02dee,180,18,126,1.26,626397.440547061,79.48040830036402,3023.514304220784,236.90933162574794,
28a8d02dee,180,19,133,1.33,610775.227590681,81.21374707346394,2996.2875842902026,272.22978040890797,
28a8d02dee,180,20,140,1.4,597859.2510655642,76.48525002521603,2971.1748623625426,342.42121492895046,
28a8d02dee,180,21,147,1.47,584076.717791668,136.08998791009012,2931.6847097493337,615.5109451097625,
28a8d02dee,180,22,154,1.54,546751.2289771348,193.19390010270905,2921.400576842073,461.36842849950085,
28a8d02dee,180,23,161,1.61,533299.5343949768,123.2916657609836,2781.0240255499675,358.5408058649819,
28a8d02dee,180,24,168,1.68,499641.80639516993,47.23011700100036,2788.834806807064,145.42962599287702,
28a8d02dee,180,25,175,1.75,495358.53457294416,70.97298875986513,2725.6185019077902,346.39684341959537,
28a8d02dee,180,26,182,1.82,485014.00906939904,77.78706833063579,2693.2066722096583,365.3736538501759,
28a8d02dee,180,27,189,1.89,474678.37875177606,118.78629383555663,2624.544703959638,275.3472025933004,
28a8d02dee,180,28,196,1.96,446746.8277391654,104.05902152709082,2474.0939736682376,464.10643316165704,
28a8d02dee,180,29,203,2.03,429165.5161103307,78.14308689120595,2557.3809476681763,275.81327355644,
28a8d02dee,180,30,210,2.1,416097.7606249891,93.9899173082069,2423.266296094519,325.59500039907834,
28a8d02dee,180,31,217,2.17,402237.1663489655,77.09370121558652,2333.0019394957867,281.54304775302313,
28a8d02dee,180,32,224,2.24,388003.7676098969,139.29008506944538,2310.2631050300943,656.5696389518235,
28a8d02dee,180,33,231,2.31,344925.70726213214,93.19545763702007,2357.651308636319,449.7212698133747,
28a8d02dee,180,34,238,2.38,329887.27556831494,59.39657455791875,2198.912657092505,126.82281566275651,
28a8d02dee,180,35,245,2.45,322313.45971947117,75.10014916597494,2182.678535021862,380.0113702924949,
28a8d02dee,180,36,252,2.52,310406.385877513,74.8362702640868,2099.3250949602298,229.92006195749593,
28a8d02dee,180,37,259,2.59,298226.34043885564,46.93024126915214,2011.5073099120352,223.75423584027675,
28a8d02dee,180,38,266,2.66,293125.7991978199,46.8650789917524,1978.95880168711,179.70538071882422,
28a8d02dee,180,39,273,2.73,289085.4315971128,50.09157691158113,1954.021226163786,233.52226875449168,
28a8d02dee,180,40,280,2.8,283906.5670111218,15.149339204679215,1923.6175489437514,51.759388446840774,
28a8d02dee,180,41,287,2.87,283294.9946690363,112.01063477010995,1928.1175910387697,555.5924895186802,
28a8d02dee,180,42,294,2.94,254718.60995961665,49.84471961201418,1728.3741750979082,231.88957518915322,
28a8d02dee,180,43,301,3.01,250056.1510897618,49.7457988773515,1710.6486449103672,190.85739927794103,
28a8d02dee,180,44,308,3.08,245780.62518679132,57.59468701614689,1633.630000490895,257.36179788291474,
28a8d02dee,180,45,315,3.15,239182.2103056385,83.82401224406243,1564.5265976799826,266.85437138080846,
28a8d02dee,180,46,322,3.22,224383.89150232618,36.73484616516372,1550.6403082456602,161.60225644643094,
28a8d02dee,180,47,329,3.29,221270.72715273785,82.94300679820793,1539.8184226061653,421.884916826626,
28a8d02dee,180,48,336,3.36,208520.07882223043,51.26303523206501,1451.0983699791593,27.308935597095076,
28a8d02dee,180,49,343,3.43,203380.49339623918,35.45304761692724,1410.839764560482,161.555577409487,
28a8d02dee,180,50,350,3.5,200388.6885876933,56.86840028255153,1358.3992387895564,281.1419813881562,
28a8d02dee,180,51,357,3.57,193764.2218635594,32.02218524533453,1320.3440118087874,75.5285928320641,
28a8d02dee,180,52,364,3.64,192041.37718445022,34.10819036123443,1313.6171270005416,148.37593871749405,
28a8d02dee,180,53,371,3.71,190152.37588807938,47.85339923590108,1286.7079391572152,188.76266194843757,
28a8d02dee,180,54,378,3.78,186408.0178548473,30.667536006885577,1267.1262067056346,123.79338143990542,
28a8d02dee,180,55,385,3.85,184367.4773352254,33.788109906469394,1239.8132132027097,120.68472469205487,
28a8d02dee,180,56,392,3.92,181767.40000547274,51.77903632382901,1232.115365536775,230.96485537035198,
28a8d02dee,180,57,399,3.99,177091.9594407374,31.144552842186773,1195.2061195880456,97.7181980030425,
28a8d02dee,180,58,406,4.06,175472.76594373334,58.47533612849097,1202.7576994263225,284.77979412425367,
28a8d02dee,180,59,413,4.13,168901.56170795517,42.405155542587146,1206.7248013068115,148.47112828237226,
28a8d02dee,180,60,420,4.2,164828.23444339682,15.452478969381934,1159.8175536239137,65.89855034883131,
28a8d02dee,180,61,427,4.27,164688.23719459772,60.795839443619805,1176.8534495304216,148.37772917045868,
28a8d02dee,180,62,434,4.34,163227.21943610482,58.145536708528056,1197.7694864215994,265.8891175368477,
28a8d02dee,180,63,441,4.41,158008.04580489802,21.488377365349727,1178.2259064449881,172.32824862810637,
28a8d02dee,180,64,448,4.48,155860.08811266287,28.125081326475886,1165.010952379916,135.24121304759709,
28a8d02dee,180,65,455,4.55,154281.6452569808,60.43567692286573,1140.2932793067885,296.1244090953676,
28a8d02dee,180,66,462,4.62,147842.1930925776,23.98996270341018,1070.758823637435,84.50314556240797,
28a8d02dee,180,67,469,4.69,146853.34614431905,27.348893146916293,1057.685892304097,131.5911573885578,
28a8d02dee,180,68,476,4.76,145772.7898380107,33.92679955867448,1095.5159034647654,158.23780030592255,
28a8d02dee,180,69,483,4.83,143528.07192058838,50.53619803418257,1068.4015304798734,242.16642147940058,
28a8d02dee,180,70,490,4.9,138684.83858608818,30.248280983555162,1005.7656513898902,84.42670506048118,
28a8d02dee,180,71,497,4.97,137009.09682970706,93.14172162200873,988.1912479089385,123.9358686226895,
28a8d02dee,180,72,504,5.04,134192.9109618082,46.74283677061944,1039.1756265957135,127.59236703483842,
28a8d02dee,180,73,511,5.11,130024.76221484416,50.328834815385015,982.2975400442724,228.6875521734381,
28a8d02dee,180,74,518,5.18,125132.6623566639,37.76287213983274,960.9903279402135,140.35146228841026,
28a8d02dee,180,75,525,5.25,122301.55078449301,44.7091503642102,967.5494342370276,216.19194425926884,
28a8d02dee,180,76,532,5.32,118192.6899911103,37.81963554132745,952.860019196688,179.0518410497446,
28a8d02dee,180,77,539,5.39,115892.88490431632,33.16180017638808,945.3667745959003,104.28926663611095,
28a8d02dee,180,78,546,5.46,114565.32889792901,34.04052288768464,919.3315934783874,136.02466431570483,
28a8d02dee,180,79,553,5.53,113443.03699806482,54.57266906960399,931.3045309120495,244.22627244623507,
28a8d02dee,180,80,560,5.6,107367.9969324184,24.640386858949203,887.9037968554667,45.399718622744025,
28a8d02dee,180,81,567,5.67,106357.48163978384,32.75716381815847,867.5454795132189,161.86525631288077,
28a8d02dee,180,82,574,5.74,104321.49835341681,40.75196280952533,878.3931332300584,200.09973284493546,
28a8d02dee,180,83,581,5.81,100765.96348674808,29.291042825265922,852.8629922005958,46.3500175381656,
28a8d02dee,180,84,588,5.88,98648.0607811103,34.28401532868264,856.4311050209245,78.30162425482871,
28a8d02dee,180,85,595,5.95,97102.53508660899,50.11452570756413,820.9661412639136,214.25044039224179,
28a8d02dee,180,86,602,6.02,93056.04270749736,45.5934203539571,835.5724964902178,202.36725690824215,
28a8d02dee,180,87,609,6.09,89868.52212149264,30.752706815354916,793.9417254132037,51.13392128947661,
28a8d02dee,180,88,616,6.16,88960.96174463048,38.061564705666015,796.9905447538872,104.87248014624797,
28a8d02dee,180,89,623,6.23,87198.6105782026,41.37496580587652,762.9223693593934,144.66856200430425,
28a8d02dee,180,90,630,6.3,83840.2877696426,39.88657495483715,750.9904019740844,178.64243545923577,
28a8d02dee,180,91,637,6.37,80318.46703949527,19.5595782620636,736.9262668398995,54.57726048183347,
28a8d02dee,180,92,644,6.44,79720.8856435915,63.57983799424935,741.3564185209921,120.32241424331716,
28a8d02dee,180,93,651,6.51,79490.17224434453,39.64644944679353,833.2163780277415,69.73516908207927,
28a8d02dee,180,94,658,6.58,77187.89498518803,39.277704307492925,772.0588915469662,158.29816221870908,
28a8d02dee,180,95,665,6.65,74208.77766451267,23.9794469722756,736.4835611322303,111.62205204555806,
28a8d02dee,180,96,672,6.72,72937.58017611662,42.27966818105189,717.8910776799769,159.87300215220426,
28a8d02dee,180,97,679,6.79,70036.79918270015,47.80688762532651,705.9796650337004,207.8273513247288,
28a8d02dee,180,98,686,6.86,65516.17038504686,25.467731572996424,656.2081930390372,113.04588170146509,
28a8d02dee,180,99,693,6.93,64320.19121093152,19.931076866634104,618.5672206019367,94.59428528410206,
28a8d02dee,180,100,700,7.0,63563.138044875835,34.108849496073,628.3664773359693,99.15548681872355,
28a8d02dee,180,101,707,7.07,60976.239915868304,25.884284171195556,581.9337218508787,111.88948256584264,
28a8d02dee,180,102,714,7.14,59449.088267142724,20.860477513410846,588.2926415145268,103.23224836433445,
28a8d02dee,180,103,721,7.21,58707.78032401283,30.893742417390275,578.0146517853314,137.02584852939677,
28a8d02dee,180,104,728,7.28,56299.446165767455,30.486076266200595,584.9280098779707,44.11233674929759,
28a8d02dee,180,105,735,7.35,54822.47024002651,16.166912516730225,570.8504660695538,47.62176282319124,
28a8d02dee,180,106,742,7.42,54342.60890289211,13.339593521684213,572.7834826709736,41.01808064191504,
28a8d02dee,180,107,749,7.49,54008.27514387732,5.730876239733415,574.0266110743005,25.254848830106766,
28a8d02dee,180,108,756,7.56,54001.8556269525,36.479521445935596,564.4668951515547,171.21163694805298,
28a8d02dee,180,109,763,7.63,50698.06328454973,15.666570452609937,531.84480985656,78.20409849685326,
28a8d02dee,180,110,770,7.7,50415.58279914279,20.681145975529656,547.8374409190171,94.92836419930067,
28a8d02dee,180,111,777,7.77,49591.03193883326,20.283799055221603,543.2769152691901,99.4310279077906,
28a8d02dee,180,112,784,7.84,48917.13261763698,12.050729178157273,551.9270401647005,17.19360858108546,
28a8d02dee,180,113,791,7.91,48786.34121313082,32.4844335386511,535.0638549348133,126.23474823014058,
28a8d02dee,180,114,798,7.98,46928.033399763,23.69766309104473,567.6470721024098,50.1641858303237,
28a8d02dee,180,115,805,8.05,45958.34419598007,26.11473514270288,505.8559643049609,118.21804324657927,
28a8d02dee,180,116,812,8.12,44345.674712727334,18.980470529550484,495.4431277325563,89.85906674277392,
28a8d02dee,180,117,819,8.19,43787.803711012,19.010023908997407,497.13779086501336,54.565485646564255,
28a8d02dee,180,118,826,8.26,43333.60319910154,23.69329818547233,524.2712346578082,88.43939566456855,
28a8d02dee,180,119,833,8.33,42480.72337468732,23.856149540369607,499.4521843053243,86.8940966352617,
28a8d02dee,180,120,840,8.4,41479.380991688886,23.734822917326102,483.65691732949233,118.64233953619173,
28a8d02dee,180,121,847,8.47,40267.60633239643,25.344238220478463,466.4336838201535,121.70140811169559,
28a8d02dee,180,122,854,8.54,39187.850224702,25.119549462946544,433.3807714288043,81.47148273569071,
28a8d02dee,180,123,861,8.61,37715.60967501508,18.358122933062972,404.0477651469247,72.31114109517694,
28a8d02dee,180,124,868,8.68,37027.38133162677,12.657512919172262,427.33090723468905,59.73232552959767,
28a8d02dee,180,125,875,8.75,36840.4555887827,22.204734170463258,419.24357846466035,84.6266554127817,
28a8d02dee,180,126,882,8.82,36017.08085536052,23.52906086024073,401.6089987917864,68.60701757393463,
28a8d02dee,180,127,889,8.89,34695.05750597339,8.941799059263941,423.78549314288637,33.077988428118644,
28a8d02dee,180,128,896,8.96,34484.14807688805,17.09677248603539,421.96181379171065,60.2734746177065,
28a8d02dee,180,129,903,9.03,33932.14532515411,20.239035166771814,394.6840919276053,89.43206617637536,
28a8d02dee,180,130,910,9.1,33250.648972988005,28.749604461503615,405.9552336684747,84.06036765590054,
28a8d02dee,180,131,917,9.17,31568.643572469107,14.761227761545271,373.5750041562128,33.63733325998299,
28a8d02dee,180,132,924,9.24,31321.253071386356,11.353433235318724,381.97351153946386,33.615905407048835,
28a8d02dee,180,133,931,9.31,31239.362016130017,14.75563250352923,368.48812541513576,52.63095868837261,
28a8d02dee,180,134,938,9.38,31153.900128899055,14.629777544951374,367.36240792664336,49.43826904811603,
28a8d02dee,180,135,945,9.45,30813.471594596274,20.91306782655728,362.90582631753915,81.22777885542162,
28a8d02dee,180,136,952,9.52,30098.691043692244,16.56082208076454,355.60709431198603,66.28079851628289,
28a8d02dee,180,137,959,9.59,29604.143674851286,8.147085577887408,328.66859807887425,27.462514921421,
28a8d02dee,180,138,966,9.66,29507.4194170939,13.981618795280593,325.77207262500013,67.9101109309962,
28a8d02dee,180,139,973,9.73,29046.233645259366,6.721262833222752,324.5175558041031,31.879937678181406,
28a8d02dee,180,140,980,9.8,28949.599463475268,10.833458049597072,314.4641456263691,49.98020297926022,
28a8d02dee,180,141,987,9.87,28747.181347561833,10.82557332534921,315.087970545868,36.99241471888318,
28a8d02dee,180,142,994,9.94,28531.76875098576,16.218598814341878,324.7819929726545,75.25145442815446,
28a8d02dee,180,143,1001,10.01,28169.07637608393,21.462208490548782,312.88114309000053,89.34971019731296,
28a8d02dee,180,144,1008,10.08,27540.687141187267,16.35133565706781,317.16484460727935,60.7961925288146,
28a8d02dee,180,145,1015,10.15,26949.262043727176,11.425119475255586,290.00883842816137,55.31629302573405,
28a8d02dee,180,146,1022,10.22,26736.605650470152,9.839948078957097,303.0846094477743,45.97604717392609,
28a8d02dee,180,147,1029,10.29,26560.418201965036,13.949177874071928,306.33955214015293,69.54289742664358,
28a8d02dee,180,148,1036,10.36,26094.23999550039,9.107316172603749,299.21885199917676,40.46889549866967,
28a8d02dee,180,149,1043,10.43,25926.75700308729,11.54479441786739,287.463140590286,49.567656235409956,
28a8d02dee,180,150,1050,10.5,25636.596366714126,9.524393818410914,290.8101329217427,36.79022839116715,
28a8d02dee,180,151,1057,10.57,25507.619170491205,9.916380371987822,287.5293914679794,47.42513183932185,
28a8d02dee,180,152,1064,10.64,25313.49480948689,7.471312074456584,291.0347694253803,24.321803174790595,
28a8d02dee,180,153,1071,10.71,25209.741389170165,14.450737741361175,294.01925814622916,25.464531678601727,
28a8d02dee,180,154,1078,10.78,25192.88565013827,10.259218375678737,290.53609803837475,40.742735891315235,
28a8d02dee,180,155,1085,10.85,25117.413739871932,12.612346930562364,271.0781798293126,30.36485702777663,
28a8d02dee,180,156,1092,10.92,24810.20432228923,13.71152138304714,284.37515496354604,55.65690830578251,
28a8d02dee,180,157,1099,10.99,24522.727344674728,11.941632863966706,283.66728951443224,56.27979119143288,
28a8d02dee,180,158,1106,11.06,24296.18780282354,7.95570859106606,281.66770866315596,34.258230063610796,
28a8d02dee,180,159,1113,11.13,24203.6629917708,8.670923956825876,279.6188934960164,35.1436621286806,
28a8d02dee,180,160,1120,11.2,24069.834870327937,14.726502244137636,284.53826965981665,43.375124006943636,
28a8d02dee,180,161,1127,11.27,23757.866749797482,15.221997049840924,292.3770945356025,63.780021983506444,
28a8d02dee,180,162,1134,11.34,23584.890761498616,10.028890009289507,310.01671037996425,46.06985819043052,
28a8d02dee,180,163,1141,11.41,23116.893551299818,9.088091944211284,280.24722293785584,44.047282927850866,
28a8d02dee,180,164,1148,11.48,23034.82102834444,13.597311084975251,290.86671870610996,57.33017279576627,
28a8d02dee,180,165,1155,11.55,22878.68658940281,10.895783596326055,280.8270747348279,32.17489891459047,
28a8d02dee,180,166,1162,11.62,22739.855811735135,15.627374861194772,274.68035383736463,32.300341041465245,
28a8d02dee,180,167,1169,11.69,22449.986283197555,8.802737562252196,283.85892680275373,29.864792880985373,
28a8d02dee,180,168,1176,11.76,22256.34721322425,15.778161010169214,265.29638341349437,67.3140972579531,
28a8d02dee,180,169,1183,11.83,21670.475453767907,12.2847314752999,263.6389706190781,58.1970709678163,
28a8d02dee,180,170,1190,11.9,21419.922087331703,12.436525130048073,272.2790101659363,30.79061923601859,
28a8d02dee,180,171,1197,11.97,21281.499051382052,14.556142960379256,261.5621142026107,36.07230937876279,
28a8d02dee,180,172,1204,12.04,21075.26177535748,6.4267768233163824,242.63581052398845,42.83236386086072,
28a8d02dee,180,173,1211,12.11,20863.954884946863,4.804619140300637,247.22762325772334,22.00220064191067,
28a8d02dee,180,174,1218,12.18,20835.90437971978,6.070562214771999,238.25397057909356,25.91080989434114,
28a8d02dee,180,175,1225,12.25,20740.112533642903,6.355217504596396,243.74347367248785,26.110199465076942,
28a8d02dee,180,176,1232,12.32,20647.283431187716,9.15817056987242,240.6193946507404,40.8871489116417,
28a8d02dee,180,177,1239,12.39,20472.05001964219,5.165330198790749,247.0080457232034,16.76479844522306,
28a8d02dee,180,178,1246,12.46,20417.492952675253,7.269975556903702,248.67726360967677,32.4295950276967,
28a8d02dee,180,179,1253,12.53,20405.552909843074,11.766939533300947,239.72942072699095,26.102760276966375,
28a8d02dee,180,180,1260,12.6,20190.126479900904,12.424211194497776,250.1199535131495,58.10916834325953,
28a8d02dee,180,181,1267,12.67,19958.763780926958,11.542375684677483,246.44571022832858,46.04858777041128,
28a8d02dee,180,182,1274,12.74,19743.80865136809,8.652286520139306,241.74086497153584,29.832908957040903,
28a8d02dee,180,183,1281,12.81,19678.07362778338,10.624513034189329,245.8977651459173,41.39964691271834,
28a8d02dee,180,184,1288,12.88,19676.822916575664,5.325224266123672,264.2195377759711,20.24650082278359,
28a8d02dee,180,185,1295,12.95,19527.967699200133,4.006287723671911,240.91458639124596,11.520182706525796,
28a8d02dee,180,186,1302,13.02,19466.988777919807,12.769517365920239,247.43685786832464,52.15330566817298,
28a8d02dee,180,187,1309,13.09,19222.147561707734,9.475661728681201,236.09633620183376,29.7255322830993,
28a8d02dee,180,188,1316,13.16,19113.0250693527,10.909967784585797,236.75677988884735,48.473605052247045,
28a8d02dee,180,189,1323,13.23,18871.271868797776,7.827731472043181,230.3787252303676,33.38064951720584,
28a8d02dee,180,190,1330,13.3,18765.863269151356,12.253999836373872,226.86486876385982,57.76261063389597,
28a8d02dee,180,191,1337,13.37,18552.577923456913,9.952608164789272,238.83714927851568,40.11122332988137,
28a8d02dee,180,192,1344,13.44,18272.854747970316,8.277472983420719,226.8800257347533,28.730936956783093,
28a8d02dee,180,193,1351,13.51,18166.281756758588,6.16842950469255,217.5810867968979,22.830186200652143,
28a8d02dee,180,194,1358,13.58,18104.96724893075,16.54634538881,221.53027152325234,76.84699025115695,
28a8d02dee,180,195,1365,13.65,17542.620559879935,8.900401754722354,214.0740315140845,43.04828138604497,
28a8d02dee,180,196,1372,13.72,17387.896208650596,16.997752144820165,218.27916024032956,28.14009402965603,
28a8d02dee,180,197,1379,13.79,17277.265123530524,12.794826462072749,232.91169295614054,18.66982054277881,
28a8d02dee,180,198,1386,13.86,17200.84835448601,8.376124904702554,221.24273872619844,16.952959448792054,
28a8d02dee,180,199,1393,13.93,17046.617298350197,16.758444985357226,215.30777087129084,85.3846381664128,
28a8d02dee,180,200,1400,14.0,16349.480030940678,7.050914533197756,214.91407515619963,33.11581551443932,
28a8d02dee,180,201,1407,14.07,16248.846569594263,20.349019792558522,219.45964067911063,46.392650555833804,
28a8d02dee,180,202,1414,14.14,16243.590444321915,14.17932685542086,263.5566400134787,16.641770142528774,
28a8d02dee,180,203,1421,14.21,15968.280610689852,9.520402259578017,218.69271550155085,24.931241373515252,
28a8d02dee,180,204,1428,14.28,15813.477713447632,7.220079641437623,214.58403351000786,24.42404543433287,
28a8d02dee,180,205,1435,14.35,15764.70720608675,12.441410129357429,206.53315403313087,59.80093880452606,
28a8d02dee,180,206,1442,14.42,15560.349609695055,11.977940566714592,207.74704042732355,41.61656931110283,
28a8d02dee,180,207,1449,14.49,15321.228723235154,10.393879451847909,202.43821147680177,46.598432257523065,
28a8d02dee,180,208,1456,14.56,15229.516371580221,7.610243304438687,203.51969352924277,35.316400016524355,
28a8d02dee,180,209,1463,14.63,15024.214453878558,12.82211008873888,200.04636982362936,47.79036857188892,
28a8d02dee,180,210,1470,14.7,14786.179900279223,11.035419804990005,189.49143572331715,34.33331287454433,
28a8d02dee,180,211,1477,14.77,14625.100913395194,5.542136996261814,199.80502142795257,17.44414598199417,
28a8d02dee,180,212,1484,14.84,14516.493390105325,6.080701947955788,186.64291353508918,20.23894285356002,
28a8d02dee,180,213,1491,14.91,14477.46294014042,4.0716766486580855,185.22277069354908,16.568383162263313,
28a8d02dee,180,214,1498,14.98,14416.69776808531,4.763583149968503,177.5398914613256,8.770741682968255,
28a8d02dee,180,215,1505,15.05,14372.110745646474,6.09192381658917,175.12765899242237,19.026550362301837,
28a8d02dee,180,216,1512,15.12,14318.165072285088,5.61262687887138,171.49319686073304,25.49659175598351,
28a8d02dee,180,217,1519,15.19,14250.443183916663,8.185939728152803,179.2421394840581,36.42593206598632,
28a8d02dee,180,218,1526,15.26,14166.038891979944,9.08386409173517,181.64837244145386,37.24066319270447,
28a8d02dee,180,219,1533,15.33,14146.308415351461,10.989867868844835,180.65042455573294,26.967871125274304,
28a8d02dee,180,220,1540,15.4,14068.444551115792,11.327706283156735,177.4420100931821,24.477579906413894,
28a8d02dee,180,221,1547,15.47,13921.409505656307,7.3588549542426325,175.29014958050547,26.146810629269183,
28a8d02dee,180,222,1554,15.54,13795.946428626332,8.013279975250976,174.75315950876907,39.317584415614235,
28a8d02dee,180,223,1561,15.61,13639.281685523016,3.9200091273861126,182.25516648644697,3.913116952455192,
28a8d02dee,180,224,1568,15.68,13625.609272499909,6.8867598790755595,182.91540337516662,30.576485386779847,
28a8d02dee,180,225,1575,15.75,13591.340467434326,6.74419991229553,179.9297915342018,23.761004224829495,
28a8d02dee,180,226,1582,15.82,13499.902761147818,3.5290218240455604,176.33511443299275,31.349574421198966,
28a8d02dee,180,227,1589,15.89,13444.81570040414,4.099743666405202,171.9081673876044,17.473430626742722,
28a8d02dee,180,228,1596,15.96,13443.228613233787,8.729557149572337,173.33588997920603,34.106364656617316,
28a8d02dee,180,229,1603,16.03,13419.30034856268,8.835027216596707,165.44234100669863,24.81699260728992,
28a8d02dee,180,230,1610,16.1,13370.102334135592,9.341981504059849,174.90315002225577,27.33795506991961,
28a8d02dee,180,231,1617,16.17,13277.255292701935,5.753033052801325,172.11038739940136,14.424950601885328,
28a8d02dee,180,232,1624,16.24,13195.163657399677,8.964448055756405,170.42849468957405,42.06208003719191,
28a8d02dee,180,233,1631,16.31,13033.119401831076,9.188099754277431,177.379917720584,35.54096727216833,
28a8d02dee,180,234,1638,16.38,12874.735159528604,10.870904684786108,170.56667908605692,26.36594259625181,
28a8d02dee,180,235,1645,16.45,12829.907197317478,11.12651643938361,181.15201220872666,38.459822741629445,
28a8d02dee,180,236,1652,16.52,12622.441071240259,8.756491559941319,175.21809201675643,16.57342972800502,
28a8d02dee,180,237,1659,16.59,12565.860565974928,7.944179616406119,170.13992410116217,27.152641363210815,
28a8d02dee,180,238,1666,16.66,12477.709389555355,11.657139317399679,172.15616645299215,28.613082435557168,
28a8d02dee,180,239,1673,16.73,12360.02042407164,8.03761372804271,167.10890274443707,23.406227280893585,
28a8d02dee,180,240,1680,16.8,12288.252848123264,5.479759931213587,174.6026012989148,46.990079577071086,
28a8d02dee,180,241,1687,16.87,12154.18938546788,6.540887344390379,148.31615549289532,28.23745405592591,
28a8d02dee,180,242,1694,16.94,12104.544908256757,3.2636387409990375,161.08107256811527,20.988461922300168,
28a8d02dee,180,243,1701,17.01,12049.61352342292,3.290787660190059,150.14670693692528,14.607371260939031,
28a8d02dee,180,244,1708,17.08,12031.84003692339,7.994980905275356,155.41399676916276,39.15629706979758,
28a8d02dee,180,245,1715,17.15,11941.548430408133,7.867749313903728,171.16245241202333,15.05797114175926,
28a8d02dee,180,246,1722,17.22,11938.237974774021,9.590682610469303,158.64174526869982,23.43483610081786,
28a8d02dee,180,247,1729,17.29,11862.400698143798,11.150827521132548,165.46217529167689,18.035147876650534,
28a8d02dee,180,248,1736,17.36,11818.582010041093,9.874750584644762,171.57166621100015,16.281205014449018,
28a8d02dee,180,249,1743,17.43,11726.026100500265,8.732658854038451,155.88288338588376,13.972155995100598,
28a8d02dee,180,250,1750,17.5,11724.054862021658,9.109574799564351,160.73488806605528,28.12196817800597,
28a8d02dee,180,251,1757,17.57,11691.269872585473,5.716879935216363,162.32227176836156,33.50680082751983,
28a8d02dee,180,252,1764,17.64,11545.402238315344,7.112779718094137,149.25871164004116,24.628708292223074,
28a8d02dee,180,253,1771,17.71,11468.110704227249,4.551777367839871,152.8190812063006,31.24903584214379,
28a8d02dee,180,254,1778,17.78,11374.267982908214,7.696086918970238,150.92685449348576,22.439401693902933,
28a8d02dee,180,255,1785,17.85,11337.806631083793,9.327643719436743,155.94337168499183,39.989373117643005,
28a8d02dee,180,256,1792,17.92,11196.719348552915,5.612300553611019,154.76366932811985,4.539906896105564,
28a8d02dee,180,257,1799,17.99,11160.313057767602,3.2433654639920064,146.6092470757846,27.094588361549693,
28a8d02dee,180,258,1806,18.06,11108.257712409151,1.5792996449732084,150.05174378094085,15.695787557042532,
28a8d02dee,180,259,1813,18.13,11095.733717232317,4.200578548870536,149.5536359720414,20.075471740455583,
28a8d02dee,180,260,1820,18.2,11080.686787767641,8.34129352819022,156.41902856864033,37.41204919158535,
28a8d02dee,180,261,1827,18.27,11029.994792934158,4.170831785533211,154.6254602892407,28.10014014965294,
28a8d02dee,180,262,1834,18.34,10952.074417609087,1.933593858982744,149.42916756716411,13.486692939745161,
28a8d02dee,180,263,1841,18.41,10934.33966357504,7.068137101120335,145.216204709141,35.62779812704975,
28a8d02dee,180,264,1848,18.48,10928.553878856394,4.545485893559905,160.94119269882168,18.143039329152966,
28a8d02dee,180,265,1855,18.55,10838.916517053975,2.197887790205103,141.2852318905941,17.540251644038868,
28a8d02dee,180,266,1862,18.62,10813.979174431002,5.522933198853687,140.89465270045937,24.621319730514227,
28a8d02dee,180,267,1869,18.69,10770.389638566841,4.687932504763367,153.42954610740568,19.05016394706493,
28a8d02dee,180,268,1876,18.76,10730.492012316137,2.171321178661636,146.2201011276253,15.879529256846748,
28a8d02dee,180,269,1883,18.83,10711.119250532262,3.979625378984806,146.7687996192833,14.837138360935702,
28a8d02dee,180,270,1890,18.9,10699.858426252917,9.472552424082803,151.02338194011196,42.836564917667495,
28a8d02dee,180,271,1897,18.97,10679.47963126935,9.217648796451904,158.94443958149574,31.04722489413378,
28a8d02dee,180,272,1904,19.04,10609.808828051215,10.109072041049899,150.81715760843016,32.072651725307374,
28a8d02dee,180,273,1911,19.11,10537.75983899994,8.197300669009902,157.86962604927606,23.413756578188213,
28a8d02dee,180,274,1918,19.18,10486.463118934533,11.503243651170378,150.35747890833946,42.653558416885,
28a8d02dee,180,275,1925,19.25,10426.376033960343,8.58646852466453,163.0360134836981,18.844130967606258,
28a8d02dee,180,276,1932,19.32,10311.667367575927,5.78070918903403,148.67637460013216,18.616131321069453,
28a8d02dee,180,277,1939,19.39,10268.885194625966,7.5716066534683835,155.99833217402087,20.600584117962736,
28a8d02dee,180,278,1946,19.46,10169.670238340319,8.146574602845302,152.57239430699494,23.56618974206243,
28a8d02dee,180,279,1953,19.53,10100.330735248213,7.295507770827728,165.62996042198205,26.537303078944095,
28a8d02dee,180,280,1960,19.6,10038.245492619984,7.590183636031941,138.94088609178087,29.56528497131142,
28a8d02dee,180,281,1967,19.67,9952.524003185403,9.111228986332888,153.27559802560287,38.42026127716455,
28a8d02dee,180,282,1974,19.74,9928.026799306426,8.939342545078235,162.25052659141892,22.168615618335032,
28a8d02dee,180,283,1981,19.81,9905.840760879437,4.752050353377054,148.23191148511913,19.18448560087017,
28a8d02dee,180,284,1988,19.88,9804.435336849276,7.80466851545622,144.46001924937534,30.768190426990436,
28a8d02dee,180,285,1995,19.95,9763.726607316747,4.199211617440222,143.5351082959077,11.387712193475902,
28a8d02dee,180,286,2002,20.02,9703.386732780598,7.87562102711327,146.43525288602737,27.412524732128965,
28a8d02dee,180,287,2009,20.09,9682.000316952164,12.080517498464765,147.757006598295,30.123678507452517,
28a8d02dee,180,288,2016,20.16,9672.097767266816,7.007350715101115,159.86829507721745,7.706783239870751,
28a8d02dee,180,289,2023,20.23,9479.379339963685,10.01789144615844,141.76009908698327,25.351588267569547,
28a8d02dee,180,290,2030,20.3,9431.684111377355,9.398814936292515,145.97420826267532,21.948920440742473,
28a8d02dee,180,291,2037,20.37,9378.728419056964,7.623045614187285,136.35556175141087,12.872232483694962,
28a8d02dee,180,292,2044,20.44,9353.380642163484,5.488136685553811,151.3521487814362,32.084587402152174,
28a8d02dee,180,293,2051,20.51,9232.029247966722,8.216889744370953,133.42138011433667,27.04121867777154,
28a8d02dee,180,294,2058,20.58,9222.985211256655,5.556535339208892,151.30475383892315,31.80320777573016,
28a8d02dee,180,295,2065,20.65,9091.32007308659,7.852685926289351,130.76892346025485,38.78844088423585,
28a8d02dee,180,296,2072,20.72,9058.349977233967,8.566592529748688,140.08328316669758,36.676540623834796,
28a8d02dee,180,297,2079,20.79,8933.556054720722,5.435627031486655,129.7789413574997,21.202535379853472,
28a8d02dee,180,298,2086,20.86,8882.590872579578,6.224100769863364,137.39809729901356,26.393585928512074,
28a8d02dee,180,299,2093,20.93,8801.693864581111,3.404424399154917,130.97383887246716,29.528132107295807,
28a8d02dee,180,300,2100,21.0,8751.945103406291,1.343826233527213,128.7557689525097,5.420580218981276,
28a8d02dee,180,301,2107,21.07,8744.326310444665,2.461706606993661,127.3996765791233,10.705201710616407,
28a8d02dee,180,302,2114,21.14,8741.890962897307,3.851642718132869,136.06332258404825,11.09232968042915,
28a8d02dee,180,303,2121,21.21,8728.679518201869,2.6691517127632176,128.13995093344806,20.316175874722795,
28a8d02dee,180,304,2128,21.28,8694.233662626499,5.120026419725748,129.39049762713324,24.87741285008078,
28a8d02dee,180,305,2135,21.35,8659.302952584592,9.995233493381951,133.43512475530338,48.41398242026726,
28a8d02dee,180,306,2142,21.42,8615.122610951852,7.674380764806748,153.1525349753934,18.058720713353434,
28a8d02dee,180,307,2149,21.49,8558.409070723274,10.495132033041987,129.869661026476,18.85699083791552,
28a8d02dee,180,308,2156,21.56,8536.354028301339,8.695792164471042,144.57498844557543,30.71188383154734,
28a8d02dee,180,309,2163,21.63,8461.14434301699,8.318376459648738,123.18114248519399,19.449851849616227,
28a8d02dee,180,310,2170,21.7,8401.867021157213,7.65031773421475,131.82253985061826,24.966607830646677,
28a8d02dee,180,311,2177,21.77,8327.309123545821,5.512986651398082,119.15234725273046,18.71310508826995,
28a8d02dee,180,312,2184,21.84,8306.526236932297,3.8159746085831427,122.31665185286484,26.44373140776134,
28a8d02dee,180,313,2191,21.91,8234.47798473006,6.357699658780656,112.14090652487882,15.92693083806532,
28a8d02dee,180,314,2198,21.98,8176.958655484614,4.775309200357426,123.02838488583261,8.305189471504868,
28a8d02dee,180,315,2205,22.05,8145.236119398781,4.615621720405242,115.14106895562722,15.856356380552752,
28a8d02dee,180,316,2212,22.12,8122.608895461568,5.948147317517912,127.04347706490854,13.695623196234026,
28a8d02dee,180,317,2219,22.19,8065.976180631694,6.3109635045264945,127.66774935709468,25.918870924086498,
28a8d02dee,180,318,2226,22.26,8022.030632236973,3.2089207206108017,125.45419917449799,6.261452905820022,
28a8d02dee,180,319,2233,22.33,8000.2931077433195,4.021798648866284,123.32229636025855,19.706414499580713,
28a8d02dee,180,320,2240,22.4,7988.424261617148,3.2019706870643807,116.80603815852447,25.850878329244274,
28a8d02dee,180,321,2247,22.47,7938.635284107822,2.561514067109179,117.0572624201413,10.65478521453198,
28a8d02dee,180,322,2254,22.54,7935.2261897207,3.650493657115033,120.2121218070076,14.401698121033323,
28a8d02dee,180,323,2261,22.61,7934.765749718883,5.7639524404669515,113.87827916290848,23.188795621728865,
28a8d02dee,180,324,2268,22.68,7914.812925308922,2.856989704499532,118.90457750993787,8.946776059259472,
28a8d02dee,180,325,2275,22.75,7874.700646442203,3.9698247792728307,111.2863305945243,16.2999266445216,
28a8d02dee,180,326,2282,22.82,7840.240566233069,6.53058069570458,116.91179671329623,31.98386767193604,
28a8d02dee,180,327,2289,22.89,7814.435401890488,7.756332070940558,121.39443641928145,29.64902227839487,
28a8d02dee,180,328,2296,22.96,7797.663914385321,8.328488868790577,120.67696768810696,21.50209278016195,
28a8d02dee,180,329,2303,23.03,7770.381731065949,8.088764796485497,121.65396174391621,13.592593950958811,
28a8d02dee,180,330,2310,23.1,7732.155710263987,5.05006583157399,121.37988070035748,39.159813039563986,
28a8d02dee,180,331,2317,23.17,7621.237062401988,5.525045825798671,106.8897059352309,3.7173621389274114,
28a8d02dee,180,332,2324,23.24,7590.936473658283,4.975819998432463,111.48219312070304,20.65666188385513,
28a8d02dee,180,333,2331,23.31,7564.92139937035,5.231182200276549,105.68890791539683,20.82731630147256,
28a8d02dee,180,334,2338,23.38,7542.364299615095,7.82350117522812,109.9102346574825,30.99480433036543,
28a8d02dee,180,335,2345,23.45,7477.276953179236,4.155886110632591,102.54181549722904,11.428259433959424,
28a8d02dee,180,336,2352,23.52,7455.114955099453,5.0165749285416865,100.51503290328752,16.80972387464224,
28a8d02dee,180,337,2359,23.59,7445.397813827731,4.455663233991606,110.81931282748549,10.929776725535707,
28a8d02dee,180,338,2366,23.66,7424.390153397225,5.623635774166407,105.41152024693052,22.352492618206494,
28a8d02dee,180,339,2373,23.73,7387.602219127974,5.866084608709694,109.69356209910904,23.28371829310168,
28a8d02dee,180,340,2380,23.8,7347.34413105076,6.706017213561843,111.8778798755235,10.83207790797701,
28a8d02dee,180,341,2387,23.87,7321.742975118198,6.870375772679087,112.6045566326976,16.92754230687942,
28a8d02dee,180,342,2394,23.94,7316.10481567886,3.981826206894553,114.60768764139195,26.870097269998624,
28a8d02dee,180,343,2401,24.01,7229.112349958126,3.0480466553865213,100.54243126376048,11.776799371257278,
28a8d02dee,180,344,2408,24.08,7222.7944547003435,2.284309336650368,106.94416106899094,21.337096852304338,
28a8d02dee,180,345,2415,24.15,7199.4189232717845,3.5210218975786662,101.40200450855494,9.862219428186688,
28a8d02dee,180,346,2422,24.22,7193.8815160784525,2.687982019165715,105.1603330950041,17.3332177638542,
28a8d02dee,180,347,2429,24.29,7165.892307331646,3.443922887032908,107.51158537037665,24.868514025050192,
28a8d02dee,180,348,2436,24.36,7111.676146058739,1.4527548875860647,99.38632908555155,10.09076234516384,
28a8d02dee,180,349,2443,24.43,7102.212776513384,1.4310212526030321,101.09214379876022,12.407052478088577,
28a8d02dee,180,350,2450,24.5,7092.6396644229835,0.8388382694557097,98.08418896861599,7.854890194410447,
28a8d02dee,180,351,2457,24.57,7089.43740752678,4.031135245019394,98.20824433019624,17.28819686769155,
28a8d02dee,180,352,2464,24.64,7084.997565264609,4.1431721320106485,103.6163961293198,12.169195091631837,
28a8d02dee,180,353,2471,24.71,7063.655907323961,2.296495499978523,98.22430226379421,17.177540793393636,
28a8d02dee,180,354,2478,24.78,7039.449072977969,3.8333691811765043,100.24341907692389,18.263116771138016,
28a8d02dee,180,355,2485,24.85,7022.099215840535,3.224874916728704,101.43633063300105,28.964617536227724,
28a8d02dee,180,356,2492,24.92,6969.958705644061,5.883021970986631,101.20902149322242,26.789647848069198,
28a8d02dee,180,357,2499,24.99,6952.00087635802,4.118530942314857,118.97117569502856,29.5250514898533,
28a8d02dee,180,358,2506,25.06,6874.151295339419,1.9809810857598251,106.5214394914369,5.813479898817046,
28a8d02dee,180,359,2513,25.13,6869.862284190201,1.8720802203766718,106.83941458659001,16.300544837456076,
28a8d02dee,180,360,2520,25.2,6851.7568497982675,3.5521635770215827,102.47999389911644,35.778403685109744,
28a8d02dee,180,361,2527,25.27,6814.269396608062,2.4461864429079334,103.63861377200048,12.061349876942645,
28a8d02dee,180,362,2534,25.34,6785.452186708241,4.686918440277198,92.13672306794754,21.01358466487337,
28a8d02dee,180,363,2541,25.41,6779.384094676459,3.0453059501225375,102.30979480028356,16.6836568481703,
28a8d02dee,180,364,2548,25.48,6738.907252815814,2.863830269927006,99.2706239697601,21.687731483900865,
28a8d02dee,180,365,2555,25.55,6701.590475482463,3.472631837343648,96.28168144709136,13.817344604000482,
28a8d02dee,180,366,2562,25.62,6695.139590819371,2.1919334169150666,98.31532356065685,10.064379483412466,
28a8d02dee,180,367,2569,25.69,6679.1790388845375,2.2981488782562076,96.2617298663156,20.242458526905693,
28a8d02dee,180,368,2576,25.76,6658.7937622872,2.3279390494975063,97.4690480106477,15.257845035380855,
28a8d02dee,180,369,2583,25.83,6635.139589608258,2.935815124567295,94.2047040107098,14.007450916740297,
28a8d02dee,180,370,2590,25.9,6619.136850656234,3.6988166255966086,93.1170430924007,12.404958357451184,
28a8d02dee,180,371,2597,25.97,6604.803683460989,3.8453033992804455,103.94816327381466,16.088696087530177,
28a8d02dee,180,372,2604,26.04,6603.6003151612695,4.675832927276838,100.14220136637381,15.664297063376628,
28a8d02dee,180,373,2611,26.11,6597.299299161011,3.1964345875498053,104.38250571419925,15.790654057312333,
28a8d02dee,180,374,2618,26.18,6548.161229561032,3.4996172566206116,97.47716777238436,15.518967209838237,
28a8d02dee,180,375,2625,26.25,6535.88027454304,2.153232986154286,96.13471982106486,12.98705890020001,
28a8d02dee,180,376,2632,26.32,6517.828608600001,1.1455745829391513,91.04735733555317,9.3987392455955,
28a8d02dee,180,377,2639,26.39,6511.226007909254,2.8604918376993598,89.88701770622215,4.115485736610268,
28a8d02dee,180,378,2646,26.46,6503.0200414069795,1.6084089957684435,92.71953702541256,10.09820977864105,
28a8d02dee,180,379,2653,26.53,6490.748013872871,4.831668446991905,90.90105949649919,21.119858343367387,
28a8d02dee,180,380,2660,26.6,6476.916313582687,3.622029416902208,94.05037629018193,11.967050511449052,
28a8d02dee,180,381,2667,26.67,6458.83705567333,4.411073662702961,84.85343496903842,15.345109188531104,
28a8d02dee,180,382,2674,26.74,6418.368071386415,3.7736327465488886,92.43786791206458,13.397825782245283,
28a8d02dee,180,383,2681,26.81,6392.688218706053,3.189566695129457,91.77643442648973,12.495041771183578,
28a8d02dee,180,384,2688,26.88,6390.084344309258,4.254884742209892,95.05441926567424,14.914095378626032,
28a8d02dee,180,385,2695,26.95,6387.140642542015,5.418979788444526,97.25231199670317,19.86369105484501,
28a8d02dee,180,386,2702,27.02,6384.6600133935035,3.7635658534139624,103.1857684934697,23.243614297466625,
28a8d02dee,180,387,2709,27.09,6318.816101379736,2.044963488288072,87.91722081747655,9.851666810708876,
28a8d02dee,180,388,2716,27.16,6317.14245006792,2.633961436425268,85.39191184912926,11.21914657837098,
28a8d02dee,180,389,2723,27.23,6309.644859593478,2.7702564923829436,88.90491787533668,13.373170088789927,
28a8d02dee,180,390,2730,27.3,6283.055666492919,1.861526417830281,93.66232362186646,17.59045103584419,
28a8d02dee,180,391,2737,27.37,6265.576880696199,1.6898096374319398,91.83480521172335,16.689699993716122,
28a8d02dee,180,392,2744,27.44,6251.3291894275835,4.335744738675176,92.2571883900844,19.741114438698958,
28a8d02dee,180,393,2751,27.51,6246.2129331286105,3.0293330544665227,108.17073156125943,20.371976865381914,
28a8d02dee,180,394,2758,27.58,6204.291496168196,3.228426786962856,101.03668215171407,7.436896255900422,
28a8d02dee,180,395,2765,27.65,6196.325237366352,2.9539054483794795,99.5314789365285,6.654449086990943,
28a8d02dee,180,396,2772,27.72,6185.510040778328,2.361474043423899,95.73277864048774,21.199967707748762,
28a8d02dee,180,397,2779,27.79,6156.667936406528,2.501776789309295,90.07730561252286,19.826088925925255,
28a8d02dee,180,398,2786,27.86,6128.489759108268,1.598648883372021,94.01177097639467,12.405007436419803,
28a8d02dee,180,399,2793,27.93,6121.350540037571,0.860499998567348,92.04226486089443,4.25329877663211,
28a8d02dee,180,400,2800,28.0,6117.865240284129,1.7321868480363016,90.19514850448972,17.303542188000073,
28a8d02dee,180,401,2807,28.07,6106.41657312273,1.773882729350014,93.38637245615573,15.840331523018016,
28a8d02dee,180,402,2814,28.14,6091.565297341311,1.9469026431327299,88.5371824313514,19.47906131729605,
28a8d02dee,180,403,2821,28.21,6075.659309228233,1.0194770432519507,88.24644805288335,8.3631244144117,
28a8d02dee,180,404,2828,28.28,6072.384465601665,1.7020267982057504,89.11270979547531,13.846866364921919,
28a8d02dee,180,405,2835,28.35,6059.289682464159,3.1280932738121296,90.44255627755685,15.372268040419625,
28a8d02dee,180,406,2842,28.42,6049.37880522987,1.9474823753004016,89.57165519272445,8.168618166351468,
28a8d02dee,180,407,2849,28.49,6035.268015176403,1.3020923712758372,91.9879697997553,8.915466077668368,
28a8d02dee,180,408,2856,28.56,6030.324854607234,4.043057608148969,89.2826047645333,18.483495961658328,
28a8d02dee,180,409,2863,28.63,6024.779209803074,2.4201999505498586,96.70213322498233,18.200691839992317,
28a8d02dee,180,410,2870,28.7,5994.14110619301,2.361494457145107,95.7626809568473,17.079283562368232,
28a8d02dee,180,411,2877,28.77,5968.671186990957,2.560732580656965,94.67818179466201,7.673046250851503,
28a8d02dee,180,412,2884,28.84,5944.810830405706,1.6825454276030178,96.83393619460107,11.4709910900675,
28a8d02dee,180,413,2891,28.91,5934.175148624734,2.099653044987073,93.53450772708985,20.76503684599234,
28a8d02dee,180,414,2898,28.98,5913.069586200767,2.567399416322801,92.94209516061586,19.460736357377858,
28a8d02dee,180,415,2905,29.05,5887.200883668233,1.061957639630896,85.79447351003539,8.206703513990966,
28a8d02dee,180,416,2912,29.12,5882.127726390874,1.469433418101669,85.3104045526422,12.03586357369369,
28a8d02dee,180,417,2919,29.19,5871.751057694861,1.3852110104355149,85.6522980922978,13.611803865959672,
28a8d02dee,180,418,2926,29.26,5862.4999180644945,1.1213742851127624,87.15631800669732,10.514416096243759,
28a8d02dee,180,419,2933,29.33,5857.36664283416,1.4192244318473917,86.60252467944959,13.099132121032433,
28a8d02dee,180,420,2940,29.4,5848.6956712277515,2.1075206786892737,86.01073867998196,18.56047520391427,
28a8d02dee,180,421,2947,29.47,5833.791116413266,2.8680845112559985,84.56683503925727,10.882270767315424,
28a8d02dee,180,422,2954,29.54,5828.403878876223,2.001628077828725,85.41670621268604,14.68099032507634,
28a8d02dee,180,423,2961,29.61,5816.32219712723,1.3428571044895334,82.35049912104503,8.786239570187877,
28a8d02dee,180,424,2968,29.68,5811.993218130946,1.7432890985006684,82.93167894989617,14.735319977656022,
28a8d02dee,180,425,2975,29.75,5803.913637323475,3.0015538795714285,85.276753580807,17.903197439289844,
28a8d02dee,180,426,2982,29.82,5769.243012835043,1.6782217291945754,82.96494951671494,12.690910023612693,
28a8d02dee,180,427,2989,29.89,5755.83131365051,1.4926985684137473,83.08532071110314,8.605467208315865,
28a8d02dee,180,428,2996,29.96,5745.287928642119,2.094776563160345,86.67685613895799,19.80409659542291,
28a8d02dee,180,429,3003,30.03,5728.438700093394,2.132907791168141,85.16112736177952,19.315537253439658,
28a8d02dee,180,430,3010,30.1,5711.396927914678,2.1079261092447834,82.2485093140444,20.839741398239337,
28a8d02dee,180,431,3017,30.17,5688.108530905302,1.578096812869536,80.13699833517518,7.835281120087015,
28a8d02dee,180,432,3024,30.24,5687.501278084641,1.518521652583635,79.20171877582507,7.882103450580318,
28a8d02dee,180,433,3031,30.31,5677.488064662601,2.6705801005295493,80.24357580035199,22.867160742360603,
28a8d02dee,180,434,3038,30.38,5645.905022631737,0.9892729657096847,82.75172848980617,7.696351655035655,
28a8d02dee,180,435,3045,30.45,5641.804497137974,0.8913498516823535,81.2023874798219,6.981167197132053,
28a8d02dee,180,436,3052,30.52,5639.643808347985,0.6869806709057675,81.06812989826759,4.420709254134604,
28a8d02dee,180,437,3059,30.59,5637.275761689938,2.551546522042546,80.55779758482844,20.192959154753744,
28a8d02dee,180,438,3066,30.66,5610.706465068055,1.576500897665466,79.55904174617403,10.346977116689946,
28a8d02dee,180,439,3073,30.73,5603.597171380234,1.4173772399361346,74.54882468163446,10.310189699255947,
28a8d02dee,180,440,3080,30.8,5596.3951998716975,1.821036111869578,79.88551572434575,12.821917549265084,
28a8d02dee,180,441,3087,30.87,5586.671392534183,1.6976606056526193,79.13456161070462,15.498272976676322,
28a8d02dee,180,442,3094,30.94,5575.043726363648,2.8282040209103525,78.56923239817296,13.054909758159093,
28a8d02dee,180,443,3101,31.01,5570.024850225798,1.8961672213815035,79.07564970208507,14.954383150372644,
28a8d02dee,180,444,3108,31.08,5554.5333641580855,2.9878962301840915,79.71034630412461,13.046730751826892,
28a8d02dee,180,445,3115,31.15,5553.103060046798,2.2169476436203834,89.30257245570589,8.259175106139343,
28a8d02dee,180,446,3122,31.22,5539.028505584364,1.5036455586320479,83.38903906358243,3.962254235925795,
28a8d02dee,180,447,3129,31.29,5533.521571132855,2.0351682911970337,82.97419998140987,17.772098017244414,
28a8d02dee,180,448,3136,31.36,5519.34794955912,1.585885970221247,84.59143257525572,10.120186629691556,
28a8d02dee,180,449,3143,31.43,5518.599017021855,2.518306845376253,85.75554217868948,22.174866359299045,
28a8d02dee,180,450,3150,31.5,5498.564774249807,1.6955462032648319,90.52530209743614,11.306916021915146,
28a8d02dee,180,451,3157,31.57,5493.561300918655,1.4325217427062982,88.97679112595326,5.126347082754362,
28a8d02dee,180,452,3164,31.64,5489.282053771715,1.2546821679354792,87.1751816652426,8.631725680773062,
28a8d02dee,180,453,3171,31.71,5485.3699807413195,2.206599214248382,86.80865973116954,22.24207536093595,
28a8d02dee,180,454,3178,31.78,5463.303326614731,1.0188300602991083,89.80107144546668,8.414949685500217,
28a8d02dee,180,455,3185,31.85,5459.119116810431,2.177176537628492,88.24734601936439,10.214754797597019,
28a8d02dee,180,456,3192,31.92,5458.747036288152,2.1842299867883477,86.28843433752428,13.468634533377243,
28a8d02dee,180,457,3199,31.99,5437.9093224982225,0.802657657966585,83.82199355377504,4.756661107067835,
28a8d02dee,180,458,3206,32.06,5435.635539822118,1.0079982163610335,84.79050407062972,7.155538045759255,
28a8d02dee,180,459,3213,32.13,5431.060581880489,2.7024903183283846,83.75885117057982,11.8248004854502,
28a8d02dee,180,460,3220,32.2,5429.722002044135,1.8740784570433267,87.07228410417257,13.570266167346096,
28a8d02dee,180,461,3227,32.27,5412.540480031147,3.3423100704900883,82.4225240348604,13.290928692956596,
28a8d02dee,180,462,3234,32.34,5406.879383853744,4.596289255230716,89.65450603363331,19.67053531635498,
28a8d02dee,180,463,3241,32.41,5398.971340886554,4.392725474865945,91.65939466242128,6.285676826864053,
28a8d02dee,180,464,3248,32.48,5392.256162461513,4.836554778788482,89.29261110565811,17.63568436997293,
28a8d02dee,180,465,3255,32.55,5389.497754324656,2.8449394250126834,88.41174402230564,15.486655126332762,
28a8d02dee,180,466,3262,32.62,5349.738649987253,1.6080589047842506,85.28006751344297,15.431977475200162,
28a8d02dee,180,467,3269,32.69,5337.7586435690755,1.9653902710201592,83.07852436707793,9.85373813321919,
28a8d02dee,180,468,3276,32.76,5335.086433648421,2.129726133495052,82.64759789589344,8.646731791470485,
28a8d02dee,180,469,3283,32.83,5334.7861809596425,2.8303493172454353,81.52769365124698,25.1583893137815,
28a8d02dee,180,470,3290,32.9,5299.474241341682,1.3760531975710888,73.05853651509099,5.6038971366277925,
28a8d02dee,180,471,3297,32.97,5290.2497905577675,1.5457519887701654,73.4026229643156,10.938455166289396,
28a8d02dee,180,472,3304,33.04,5282.544061231065,1.0743057476771745,77.49958032855523,7.760964559759479,
28a8d02dee,180,473,3311,33.11,5277.184714317018,2.1439784599796137,75.62280093919014,21.050913746922976,
28a8d02dee,180,474,3318,33.18,5258.765008631177,1.744766617705455,74.24951168222961,15.279023474719395,
28a8d02dee,180,475,3325,33.25,5244.817339210435,1.647674128727388,75.42671003561095,14.279313556100936,
28a8d02dee,180,476,3332,33.32,5239.633282143336,2.014728503772684,77.99531189200175,17.457619898733068,
28a8d02dee,180,477,3339,33.39,5230.892577423307,1.598512596637167,77.05440215672952,5.287039636676715,
28a8d02dee,180,478,3346,33.46,5227.830816616341,1.6201870613207447,77.04978107018493,8.53780931643289,
28a8d02dee,180,479,3353,33.53,5221.03041189834,1.3246113867905684,75.7362763336638,9.058034767082495,
28a8d02dee,180,480,3360,33.6,5219.041375194502,1.6762827786574102,77.92568747209393,12.908552523179715,
28a8d02dee,180,481,3367,33.67,5206.901848663657,3.957571802470543,72.78887981714267,16.81706241335052,
28a8d02dee,180,482,3374,33.74,5204.657592700941,2.9844185288195835,87.53568761170766,22.696770484428153,
28a8d02dee,180,483,3381,33.81,5170.615353098875,1.3645953622576596,77.62166670489304,9.922071840209478,
28a8d02dee,180,484,3388,33.88,5161.119912480306,1.6807217523404996,76.76154988855009,7.398190767524984,
28a8d02dee,180,485,3395,33.95,5160.547832958977,2.106696959534264,79.35203189815569,7.884361728860754,
28a8d02dee,180,486,3402,34.02,5159.8137594165455,1.2910519483936107,76.77383740103504,6.705014102695146,
28a8d02dee,180,487,3409,34.09,5152.316090282979,2.073979056536862,76.85984192424935,9.569148223760404,
28a8d02dee,180,488,3416,34.16,5148.6011349225455,3.149953963076447,79.97079445672122,14.916333535705752,
28a8d02dee,180,489,3423,34.23,5147.963021628308,3.3640801171318127,83.57001875005021,3.4970781400062236,
28a8d02dee,180,490,3430,34.3,5146.937525761104,1.8792840913327642,78.29434535519154,9.569022722847167,
28a8d02dee,180,491,3437,34.37,5131.789939616082,2.841144636437534,77.2217492766087,9.190325101601267,
28a8d02dee,180,492,3444,34.44,5126.315294021747,2.1238292577136937,76.58072188973239,13.278162682177191,
28a8d02dee,180,493,3451,34.51,5105.503443107376,1.4038729331045434,79.81375579169665,6.775036265284162,
28a8d02dee,180,494,3458,34.58,5096.016049539441,4.479549622357214,78.54607489040758,22.173399690367987,
28a8d02dee,180,495,3465,34.65,5090.806765931816,3.919822096067079,83.6353268942878,5.7170213654432995,
28a8d02dee,180,496,3472,34.72,5081.667264266626,3.290430142632036,75.60545052503728,1.9154022896503469,
28a8d02dee,180,497,3479,34.79,5081.506941619103,2.2421076068762673,81.51729329500039,5.354924429798182,
28a8d02dee,180,498,3486,34.86,5057.195481990591,4.9918687575539025,73.80962915532209,22.310117978424636,
28a8d02dee,180,499,3493,34.93,5045.343064149226,2.1789094436358036,89.5191575793965,8.711316807501758,
28a8d02dee,180,500,3500,35.0,5021.6246863798015,1.9041356796330096,78.4947924302589,16.463690640430016,
28a8d02dee,180,501,3507,35.07,5006.542102738118,2.071689202226749,78.3303346963216,16.005375238381134,
28a8d02dee,180,502,3514,35.14,4986.41534970161,1.1516876424760756,75.51233822726454,7.950011557615793,
28a8d02dee,180,503,3521,35.21,4979.887378521058,1.1592810003057523,76.44913977782319,4.620482788780014,
28a8d02dee,180,504,3528,35.28,4977.65062236438,1.6082190632777176,77.8869912610998,15.599190500844477,
28a8d02dee,180,505,3535,35.35,4966.702580581924,1.3708611049506252,76.3752239060382,13.725518145189534,
28a8d02dee,180,506,3542,35.42,4961.258664426923,3.961074603414528,74.52765120355792,8.389076789207644,
28a8d02dee,180,507,3549,35.49,4957.529488070571,3.8423480276817092,88.56319541046442,8.622675180501393,
28a8d02dee,180,508,3556,35.56,4953.705021110871,2.318665447460922,79.82414302660567,8.012085063735496,
28a8d02dee,180,509,3563,35.63,4926.822376994254,3.3528946383040434,80.81725517056267,14.326305014245348,
28a8d02dee,180,510,3570,35.7,4924.583240648092,2.898600012745771,86.07708639207449,19.34119446409423,
28a8d02dee,180,511,3577,35.77,4885.024531318597,0.6013451928508501,80.86224535052582,4.60197981640034,
28a8d02dee,180,512,3584,35.84,4883.577215095821,2.0215481602998233,79.55192356204284,8.492131547301089,
28a8d02dee,180,513,3591,35.91,4882.734229236284,3.9085132474194206,80.74995071364022,12.192056498865112,
28a8d02dee,180,514,3598,35.98,4864.652609679458,3.547037303601225,79.37654557803909,15.233237023112622,
28a8d02dee,180,515,3605,36.05,4863.572802918352,2.166400278737641,86.32922786040506,6.746830162931987,
28a8d02dee,180,516,3612,36.12,4846.68987797775,1.8097527033034315,76.5327843826137,16.272418592986384,
28a8d02dee,180,517,3619,36.19,4830.1181113432995,2.5662397436448807,72.55893047445242,7.286687757117105,
28a8d02dee,180,518,3626,36.26,4821.072916269679,3.9034372393781624,80.0767089157901,17.277795506872085,
28a8d02dee,180,519,3633,36.33,4800.203393863214,3.455179631567758,78.88529562280526,12.843144451752691,
28a8d02dee,180,520,3640,36.4,4794.921873652781,2.4814361831788805,77.37937143111876,16.909343491494305,
28a8d02dee,180,521,3647,36.47,4770.7852404304,1.8615025561752758,73.58392706088019,15.728124041844598,
28a8d02dee,180,522,3654,36.54,4753.122488585441,1.2051600509262352,70.99080111869591,11.849667358471962,
28a8d02dee,180,523,3661,36.61,4747.039110220098,3.15493749340924,71.54732833953123,32.05373238229504,
28a8d02dee,180,524,3668,36.68,4703.16591914849,2.0203270510618325,78.71141114027782,18.971090817121436,
28a8d02dee,180,525,3675,36.75,4682.13439138054,1.3499745209729557,76.17893630144609,13.703362617201543,
28a8d02dee,180,526,3682,36.82,4673.19583175528,0.6766958419710088,76.17222711548864,5.729915564535291,
28a8d02dee,180,527,3689,36.89,4671.224465670995,1.144094983264896,77.77648491637676,10.625303702971602,
28a8d02dee,180,528,3696,36.96,4665.3391786479915,0.9624078192026049,75.35566696613142,7.207723284172452,
28a8d02dee,180,529,3703,37.03,4662.118143068582,4.08326113168064,75.85549518065362,19.14834454490952,
28a8d02dee,180,530,3710,37.1,4652.066692231029,2.0735277133627683,78.38865514368813,9.876609010490833,
28a8d02dee,180,531,3717,37.17,4630.283497448912,3.908077238666059,73.0226857549474,10.560790028366442,
28a8d02dee,180,532,3724,37.24,4626.802744901796,2.5267833489130496,76.53540059397814,10.931580343463295,
28a8d02dee,180,533,3731,37.31,4601.412241092645,1.9171093180183387,76.11915082793455,17.349192667617388,
28a8d02dee,180,534,3738,37.38,4589.014223772261,2.89948688660665,77.40194340920107,28.67400288119495,
28a8d02dee,180,535,3745,37.45,4561.811013848855,1.9564068379458404,78.3147565639142,12.128281004522917,
28a8d02dee,180,536,3752,37.52,4543.520925774432,0.9331443477351614,72.04289414109738,8.270575934303356,
28a8d02dee,180,537,3759,37.59,4539.777880282905,0.3485395932598274,72.0289404324488,2.2719048837923688,
28a8d02dee,180,538,3766,37.66,4539.38579773117,3.0644459991855904,72.02256251530721,11.873402804518378,
28a8d02dee,180,539,3773,37.73,4539.039164780493,2.5608432127336664,77.96022853463401,19.177156329884713,
28a8d02dee,180,540,3780,37.8,4518.545809158243,2.3035192111542773,77.72105828208149,20.416891104652567,
28a8d02dee,180,541,3787,37.87,4503.300298282475,1.668702560417,77.11344491050819,12.141700159049568,
28a8d02dee,180,542,3794,37.94,4492.503556551733,2.7700453227605304,72.2185990418699,12.977601354506179,
28a8d02dee,180,543,3801,38.01,4491.724518323457,2.7497845202597144,75.07396966734476,12.26428535769876,
28a8d02dee,180,544,3808,38.08,4473.549648218357,1.8931772891484075,69.77369437372224,10.824184101921679,
28a8d02dee,180,545,3815,38.15,4467.432887085141,1.7611775736514352,71.35801405356877,8.472217445132648,
28a8d02dee,180,546,3822,38.22,4466.2514928842165,2.4540009947681116,69.9635192341042,20.103254953643436,
28a8d02dee,180,547,3829,38.29,4452.636295657197,2.195927585871715,73.32651224085029,13.59001804910844,
28a8d02dee,180,548,3836,38.36,4442.2539055683055,1.7713838307665493,70.74829209072354,10.719921676804155,
28a8d02dee,180,549,3843,38.43,4436.981828228989,1.7103631198354976,71.25675970845352,5.366124914064619,
28a8d02dee,180,550,3850,38.5,4430.133910140919,2.0130719115940705,70.65203076684126,15.519389476378167,
28a8d02dee,180,551,3857,38.57,4421.582923378077,1.8881670506251267,70.2281493767361,8.776897733790616,
28a8d02dee,180,552,3864,38.64,4409.393002833151,2.0383215769558407,69.52171310032533,11.231573228479146,
28a8d02dee,180,553,3871,38.71,4403.135609731685,1.973117757355657,77.4264452022541,14.215110157939565,
28a8d02dee,180,554,3878,38.78,4399.570183413688,2.2864508964609476,73.65366477413468,13.528037498524162,
28a8d02dee,180,555,3885,38.85,4389.376127269134,1.2445669237604358,72.73537967284348,18.12637077539956,
28a8d02dee,180,556,3892,38.92,4374.247552744206,3.7799907032842968,67.39138025767826,17.975050634850206,
28a8d02dee,180,557,3899,38.99,4374.043152254333,2.8679595408151934,76.61736066324099,19.644636309177603,
28a8d02dee,180,558,3906,39.06,4343.169580716503,1.2853765275807183,68.3152914676788,4.639815358775106,
28a8d02dee,180,559,3913,39.13,4334.973423330075,1.5953482273612472,65.2066665810466,15.971431243672466,
28a8d02dee,180,560,3920,39.2,4321.912415632413,1.65337068605552,64.30569030430934,5.871623886255964,
28a8d02dee,180,561,3927,39.27,4318.858705565452,1.737153900113053,68.41068924772344,16.834590754994302,
28a8d02dee,180,562,3934,39.34,4305.001536326483,0.8668116972386816,64.50263672490746,6.244893572242825,
28a8d02dee,180,563,3941,39.41,4301.269758264209,0.9301299225946144,63.67125410857068,9.270560896367241,
28a8d02dee,180,564,3948,39.48,4297.348831906785,2.842131093687366,64.00106849932594,12.957409189167384,
28a8d02dee,180,565,3955,39.55,4293.237796233963,1.496009764342236,70.46871153096635,8.520694691372835,
28a8d02dee,180,566,3962,39.62,4282.644636070802,1.4363383813565846,68.79042483912119,12.496594395419145,
28a8d02dee,180,567,3969,39.69,4272.914528240872,1.9477255154892243,69.43411802281169,18.46388592281415,
28a8d02dee,180,568,3976,39.76,4256.809448030434,1.040170513407803,67.79656897499834,6.958752103685278,
28a8d02dee,180,569,3983,39.83,4252.524351708953,2.5621791220194408,69.19762930254025,7.835069576876585,
28a8d02dee,180,570,3990,39.9,4249.73327771523,2.7145865711208903,70.6145403983722,16.346378242712902,
28a8d02dee,180,571,3997,39.97,4214.517973982415,1.5844172380526111,63.17931607445191,13.616897834744243,
28a8d02dee,180,572,4004,40.04,4205.055633952013,0.9643950813047867,63.333785713307684,7.597928679521683,
28a8d02dee,180,573,4011,40.11,4203.150741606881,0.8470265213431408,64.3359831842411,6.232113290658093,
28a8d02dee,180,574,4018,40.18,4201.152731948662,2.9523629996308194,62.83869586399659,13.035208598024932,
28a8d02dee,180,575,4025,40.25,4198.579478899756,1.7620800749739256,76.56931489454168,10.888473509443314,
28a8d02dee,180,576,4032,40.32,4188.2364045469585,1.5926315330205358,66.97450048371135,13.37718095387184,
28a8d02dee,180,577,4039,40.39,4176.040455606466,1.392306109858931,62.610704472281625,11.525724125686239,
28a8d02dee,180,578,4046,40.46,4167.711587893993,1.4205511560814463,63.17364191205063,14.235668818765948,
28a8d02dee,180,579,4053,40.53,4158.023611041433,1.0393085574218939,64.2341306821483,10.003924856007954,
28a8d02dee,180,580,4060,40.6,4154.69339064391,2.8360072473726277,62.74538391384712,13.50964263741217,
28a8d02dee,180,581,4067,40.67,4152.682614735061,2.707289033477712,70.01978850926422,23.683804007622502,
28a8d02dee,180,582,4074,40.74,4121.099304325147,1.165640711239229,60.16810368306293,10.773524338614772,
28a8d02dee,180,583,4081,40.81,4115.320278563683,0.99215919040407,57.33303316046078,7.910170019004376,
28a8d02dee,180,584,4088,40.88,4111.6841577222895,1.0960743836056566,56.23615513805075,10.05780903801838,
28a8d02dee,180,585,4095,40.95,4106.621000055783,0.9451965779728797,58.20121505873419,9.105542868984282,
28a8d02dee,180,586,4102,41.02,4102.838236890467,0.5927860953560575,56.69083315541175,5.1245339683373246,
28a8d02dee,180,587,4109,41.09,4101.71742748997,1.661438776897023,59.79644799132704,14.145625332658415,
28a8d02dee,180,588,4116,41.16,4094.368512049276,1.3886790384105625,60.98705862879021,10.24305127544215,
28a8d02dee,180,589,4123,41.23,4087.9252804642824,1.5661398465579284,61.70514095340123,14.661716351551917,
28a8d02dee,180,590,4130,41.3,4076.590666081801,1.094546957794828,63.286362061224956,9.455131404442522,
28a8d02dee,180,591,4137,41.37,4071.1943211780026,2.401824367979693,62.07893489932354,11.948944498905592,
28a8d02dee,180,592,4144,41.44,4067.9910698492695,1.9108340210664652,68.22239263071444,17.294515261377107,
28a8d02dee,180,593,4151,41.51,4050.3896458960307,1.4924584022660543,64.09745209601901,14.858844472096711,
28a8d02dee,180,594,4158,41.58,4041.4074563301574,2.3755106213714154,65.1513283114242,23.07393973640392,
28a8d02dee,180,595,4165,41.65,4011.925547547313,1.0164642388338752,60.84481486358739,4.917101652437421,
28a8d02dee,180,596,4172,41.72,4007.7126554832603,0.48725388673678527,63.840436121413504,2.868219780914372,
28a8d02dee,180,597,4179,41.79,4007.296000746118,0.472308275404786,63.46445183767811,2.740890312622027,
28a8d02dee,180,598,4186,41.86,4006.341145314403,2.6977691054457584,63.189073426510696,7.268025265496301,
28a8d02dee,180,599,4193,41.93,3999.0688641836246,1.399263457196716,67.66645221910979,8.86318426208831,
28a8d02dee,180,600,4200,42.0,3989.539404151839,1.4117754612436613,64.14895131579516,13.860667748303191,
28a8d02dee,180,601,4207,42.07,3980.4616082759835,0.7296069255369565,63.29969239160589,6.081974476741235,
28a8d02dee,180,602,4214,42.14,3979.0082856692175,1.595024498413498,65.74054401379438,11.946887787800117,
28a8d02dee,180,603,4221,42.21,3969.163477272281,1.1568427700228663,63.329085512570614,4.967051534732258,
28a8d02dee,180,604,4228,42.28,3963.962991128176,1.2316009742666003,63.777643354200926,11.440867500330306,
28a8d02dee,180,605,4235,42.35,3958.886720526915,1.3415403740040248,64.07056619520085,5.364559168425748,
28a8d02dee,180,606,4242,42.42,3950.185474837258,1.227368728498289,64.7333118822442,11.57115690846157,
28a8d02dee,180,607,4249,42.49,3944.068232054266,2.1090156530396484,63.99998089198388,4.9519771969774435,
28a8d02dee,180,608,4256,42.56,3944.0301845753074,1.4287795964184302,72.75490177474744,8.606436166770678,
28a8d02dee,180,609,4263,42.63,3936.1627475262626,1.5522366474521267,69.89696661082728,12.527934125508327,
28a8d02dee,180,610,4270,42.7,3926.150223900071,0.9867628618776174,65.95708331101926,9.09513738919105,
28a8d02dee,180,611,4277,42.77,3922.5769017354633,1.069678199465106,65.4373487824919,6.2344897530449215,
28a8d02dee,180,612,4284,42.84,3919.1394016541904,1.4320100215756455,61.89213057347839,11.040653642895576,
28a8d02dee,180,613,4291,42.91,3913.191351985528,1.4155031747375582,61.07294103177914,13.348408520003893,
28a8d02dee,180,614,4298,42.98,3905.464058364452,0.6423813383666186,59.93773671683656,3.160539098582025,
28a8d02dee,180,615,4305,43.05,3904.10936020721,1.3999441284145868,59.06605278151086,11.970367572228344,
28a8d02dee,180,616,4312,43.12,3895.993991096238,1.537264403045259,61.9910176709838,13.387204708503434,
28a8d02dee,180,617,4319,43.19,3886.995280656052,1.8321855675918812,59.57451985513741,17.360245879437695,
28a8d02dee,180,618,4326,43.26,3872.9470070390835,0.9497800061026495,63.57129755816454,7.038221559302039,
28a8d02dee,180,619,4333,43.33,3869.29262058037,0.881137758401169,62.377298417398805,6.092595933904133,
28a8d02dee,180,620,4340,43.4,3866.1312037588445,0.8835576961018927,62.51428612571667,7.939187175569521,
28a8d02dee,180,621,4347,43.47,3862.9286907894834,1.0370791696309778,62.5018664053268,7.227565794278452,
28a8d02dee,180,622,4354,43.54,3858.886700975403,0.9696277741692165,64.96855018362115,9.421388157803554,
28a8d02dee,180,623,4361,43.61,3854.673905173071,1.705538170473172,65.3811327477854,16.080205686419,
28a8d02dee,180,624,4368,43.68,3840.1810176007198,0.9477709083304785,64.10574031970401,8.272608289902484,
28a8d02dee,180,625,4375,43.75,3835.574976150351,0.8938329915011408,66.34822133116415,9.024698563848215,
28a8d02dee,180,626,4382,43.82,3832.213715550204,0.892717969554326,65.89359063338313,6.436262526199551,
28a8d02dee,180,627,4389,43.89,3828.960140757638,1.1140143347962583,66.1423249098685,8.01364416021123,
28a8d02dee,180,628,4396,43.96,3824.011952258562,0.8669594698382616,64.93200392254808,7.889246530745781,
28a8d02dee,180,629,4403,44.03,3822.5790068124943,1.358394339752178,66.06927800302408,11.080146476131114,
28a8d02dee,180,630,4410,44.1,3819.7037822825996,1.8863972788728463,65.86803404635872,16.200999311318974,
28a8d02dee,180,631,4417,44.17,3811.5040049374884,1.2024411612816384,65.36839628821235,4.2379977850053505,
28a8d02dee,180,632,4424,44.24,3809.4626759914663,1.2939839401098419,63.58799293754018,11.450820012566576,
28a8d02dee,180,633,4431,44.31,3804.4056840609533,1.6094588823247655,60.64522592376786,15.138864161393215,
28a8d02dee,180,634,4438,44.38,3795.3443499041437,0.8353606178273806,62.31046263893509,4.671724588353678,
28a8d02dee,180,635,4445,44.45,3792.8397743842793,1.3930237718094538,60.882995506362484,8.813756696288786,
28a8d02dee,180,636,4452,44.52,3789.672877067433,1.1364218653427407,66.05438823665358,2.9734282974656874,
28a8d02dee,180,637,4459,44.59,3785.051406478779,0.6645789738716116,61.200997286617245,1.3944874091103863,
28a8d02dee,180,638,4466,44.66,3784.1505716957618,1.3494455741380724,62.86765040200095,11.446689149086216,
28a8d02dee,180,639,4473,44.73,3776.303813114515,0.8439416688935125,63.44424284358247,7.447308805411338,
28a8d02dee,180,640,4480,44.8,3773.420967346319,1.267099195436381,63.09831595808364,12.529152946033102,
28a8d02dee,180,641,4487,44.87,3768.2921063889657,0.8164719303350157,62.7764915681036,6.671112327977911,
28a8d02dee,180,642,4494,44.94,3765.8825008471704,1.7852890000875534,61.532044517491244,16.40441281151734,
28a8d02dee,180,643,4501,45.01,3757.2298129222695,1.723552074748311,62.259264107592614,12.922291361504477,
28a8d02dee,180,644,4508,45.08,3745.295544737757,0.9718769770512998,58.89016135064431,8.079031028349698,
28a8d02dee,180,645,4515,45.15,3741.431035917721,1.094180985340679,59.64027911975943,10.493510880672712,
28a8d02dee,180,646,4522,45.22,3737.374491551433,0.7651503892684849,59.92127780156817,5.115269674118347,
28a8d02dee,180,647,4529,45.29,3735.233982440043,1.4766571986913404,58.644350787288396,14.510980842531747,
28a8d02dee,180,648,4536,45.36,3728.6397440514174,0.8808864101571591,58.77292056547388,1.4729330797531421,
28a8d02dee,180,649,4543,45.43,3725.847716125255,1.2052704728668944,57.931826132989926,5.505611414324638,
28a8d02dee,180,650,4550,45.5,3722.8094410362173,1.1662916275986932,59.44685422260043,7.93123257977577,
28a8d02dee,180,651,4557,45.57,3718.110003025772,0.8712366813972139,54.40586030622163,7.3770008390178585,
28a8d02dee,180,652,4564,45.64,3715.664738817167,1.0484371716870333,56.6034851365187,10.137991521699254,
28a8d02dee,180,653,4571,45.71,3712.795421171564,1.5479197994852205,53.85861200682099,13.840920805961638,
28a8d02dee,180,654,4578,45.78,3702.345725005675,1.3386084019291342,53.85405878784007,12.258900341517444,
28a8d02dee,180,655,4585,45.85,3695.105747875152,0.9822732138290058,52.86669927352193,8.170009306841692,
28a8d02dee,180,656,4592,45.92,3690.8955061963015,0.7685967275103515,52.47831833874522,7.063949970375821,
28a8d02dee,180,657,4599,45.99,3688.228455958842,1.0028851237210876,51.496057347607575,8.845937343022952,
28a8d02dee,180,658,4606,46.06,3684.0199590180114,1.3932771265386499,53.62283889070914,12.412769082059606,
28a8d02dee,180,659,4613,46.13,3675.1915210293837,1.0625595512393966,51.09413570693602,8.999889751260651,
28a8d02dee,180,660,4620,46.2,3671.461985492193,1.420911861234261,53.49801215861205,12.761643878737313,
28a8d02dee,180,661,4627,46.27,3665.284339120265,1.1263262157310925,51.19519716229742,7.530083384389778,
28a8d02dee,180,662,4634,46.34,3659.4836345679487,0.7590762443680941,52.557042218896946,6.024610354211845,
28a8d02dee,180,663,4641,46.41,3656.8394275074047,1.0815112771293498,53.325906364081824,10.60466665256538,
28a8d02dee,180,664,4648,46.48,3651.47461349006,0.5249195018031179,55.86663990984008,3.6562663738753267,
28a8d02dee,180,665,4655,46.55,3650.75132971365,1.7602327300431713,55.180164332584695,7.216473178076993,
28a8d02dee,180,666,4662,46.62,3650.3593342162185,1.313956127892065,61.64517018147499,4.206756245361425,
28a8d02dee,180,667,4669,46.69,3644.086390438211,0.5350675779597273,58.899377564774454,2.1974200312792855,
28a8d02dee,180,668,4676,46.76,3643.2581863251216,2.4095102705646494,58.37175013568971,7.482176782540437,
28a8d02dee,180,669,4683,46.83,3642.007183255654,1.7365882843913794,65.73608234548834,12.127344932360728,
28a8d02dee,180,670,4690,46.9,3631.0028663518033,1.0078132687631671,58.8147732901372,5.453420779138867,
28a8d02dee,180,671,4697,46.97,3627.066672241089,1.1614064467630387,56.79013574930761,3.526215308312156,
28a8d02dee,180,672,4704,47.04,3622.6430685536297,1.77670160588642,58.349179656577995,7.775657842150717,
28a8d02dee,180,673,4711,47.11,3621.582193245176,1.5812073598090304,56.36434684422352,13.565263725856735,
28a8d02dee,180,674,4718,47.18,3610.135727830669,2.40515242180213,54.78219474388107,7.964679972706781,
28a8d02dee,180,675,4725,47.25,3606.9415720721236,2.1914843803494524,58.85236613187932,19.134847927964184,
28a8d02dee,180,676,4732,47.32,3591.4295266806425,1.4400364169824813,58.3228275017409,10.673236784884775,
28a8d02dee,180,677,4739,47.39,3584.5683063827405,1.344712959558269,57.54932902962967,11.71297256990454,
28a8d02dee,180,678,4746,47.46,3576.0966134198948,2.500612875138128,55.369098910790974,10.79726169100684,
28a8d02dee,180,679,4753,47.53,3571.756070458415,1.3879445468308287,59.43132193799649,9.73672031375342,
28a8d02dee,180,680,4760,47.6,3562.251380146386,2.154093993422904,56.742581675564786,10.384400451510599,
28a8d02dee,180,681,4767,47.67,3562.0200248427154,2.071174913001065,59.281148667351424,15.0193965964608,
28a8d02dee,180,682,4774,47.74,3545.175878377457,0.7504202400736717,53.88970016125036,4.3254926688572075,
28a8d02dee,180,683,4781,47.81,3543.2822873395667,1.8160700234069638,53.260056448349694,8.265323309903312,
28a8d02dee,180,684,4788,47.88,3539.8306458931615,1.2146012675636595,54.178879795852204,3.7970578727643223,
28a8d02dee,180,685,4795,47.95,3532.3406995769915,0.964015942445372,52.85478122833225,9.817988885885919,
28a8d02dee,180,686,4802,48.02,3527.623366631288,0.9254904302155139,53.42802659623191,4.29884895993203,
28a8d02dee,180,687,4809,48.09,3524.7845205272974,1.4079618875810456,54.674683584591115,10.185495583492218,
28a8d02dee,180,688,4816,48.16,3516.446650798952,0.773976889167926,52.65754088012216,6.2258564332208595,
28a8d02dee,180,689,4823,48.23,3513.9869166675626,0.9889721361986492,54.06576869995603,8.049908862802202,
28a8d02dee,180,690,4830,48.3,3510.6254597513657,2.4058448734243663,55.88571974088097,12.007048487954314,
28a8d02dee,180,691,4837,48.37,3505.078356196418,2.1335277079791832,55.584248052460836,7.5544013719731264,
28a8d02dee,180,692,4844,48.44,3503.6415700225507,1.5197963520812452,58.506642493243284,12.507310700949807,
28a8d02dee,180,693,4851,48.51,3496.121509031892,1.7369571040803085,56.40589679128934,15.199556184418517,
28a8d02dee,180,694,4858,48.58,3486.256194452167,1.4414124684557084,58.72027568438439,12.833134007205004,
28a8d02dee,180,695,4865,48.65,3477.2218129297676,1.3865478079768665,56.74994189456762,6.522013647658217,
28a8d02dee,180,696,4872,48.72,3468.8703069179646,2.598672866287536,55.87090836922075,10.06489276530468,
28a8d02dee,180,697,4879,48.79,3460.009353174168,4.280916322470989,55.44144833132638,19.807389808793275,
28a8d02dee,180,698,4886,48.86,3454.002710866692,2.347882088922611,69.32571807553273,6.866398674714384,
28a8d02dee,180,699,4893,48.93,3425.85087008465,2.596214620458391,56.6078005233538,12.944770178829252,
28a8d02dee,180,700,4900,49.0,3421.2886234685498,1.3676348829373124,60.69647708501997,10.084936450536578,
28a8d02dee,180,701,4907,49.07,3412.719220820805,2.5225633055010666,53.765362260823956,11.893747843468445,
28a8d02dee,180,702,4914,49.14,3411.9256929676226,1.3742560846548257,61.17041200270974,4.939630004529974,
28a8d02dee,180,703,4921,49.21,3402.912060932672,2.090690019307582,54.85017083081851,7.140966865745924,
28a8d02dee,180,704,4928,49.28,3401.31728484502,1.533005370023393,55.00910916206444,7.7181827123391145,
28a8d02dee,180,705,4935,49.35,3390.5803012313504,1.3137446399203696,55.18540678329865,7.190003216973021,
28a8d02dee,180,706,4942,49.42,3382.2855528997384,1.8145024940580108,52.66043754137909,9.007732682608394,
28a8d02dee,180,707,4949,49.49,3379.6223491409364,3.1795107122384327,53.576036297920574,13.372034122958656,
28a8d02dee,180,708,4956,49.56,3372.545133872111,1.3217271111568651,58.50288440099973,2.507496184679457,
28a8d02dee,180,709,4963,49.63,3365.360450496938,1.05249527131415,50.42372447089093,8.533018053831366,
28a8d02dee,180,710,4970,49.7,3359.768967908542,0.7026079954801518,52.327459790987874,4.540147980044178,
28a8d02dee,180,711,4977,49.77,3358.5759420125746,1.3498262574832078,51.3267558997189,11.311248072869466,
28a8d02dee,180,712,4984,49.84,3349.2648018169766,1.9182598344104869,51.504208143392425,8.13859154844365,
28a8d02dee,180,713,4991,49.91,3348.120613011206,1.3382671506454908,58.667073351417045,5.36666235274523,
28a8d02dee,180,714,4998,49.98,3341.5684479567535,0.607646151840966,54.784400964322856,2.5085406746162846,
28a8d02dee,180,715,5005,50.05,3340.2150910615933,0.7532147054767664,53.75369265071426,5.812953224373923,
28a8d02dee,180,716,5012,50.12,3338.2972241703224,1.4595615306252596,53.76943551685197,11.428862358743237,
28a8d02dee,180,717,5019,50.19,3327.8664967779646,1.1761151438905977,52.57083541193666,10.910838680075312,
28a8d02dee,180,718,5026,50.26,3321.334845774391,1.605120799220858,49.96080934537055,6.686777339298991,
28a8d02dee,180,719,5033,50.33,3320.4172345719826,1.0623680624943543,54.118259431847086,7.009026280140054,
28a8d02dee,180,720,5040,50.4,3315.979945303795,2.064877764686761,51.257279915228416,3.1423233113042226,
28a8d02dee,180,721,5047,50.47,3314.372284062726,1.3828348825580516,55.632467118383,11.426030674527459,
28a8d02dee,180,722,5054,50.54,3304.6480197821465,1.3799682685785775,51.57727284425348,12.84783559835669,
28a8d02dee,180,723,5061,50.61,3296.589523715103,1.1659219704673058,50.3789308309752,9.778782978514927,
28a8d02dee,180,724,5068,50.68,3292.394559461227,0.9982953099228837,51.70981245295912,6.542880887421574,
28a8d02dee,180,725,5075,50.75,3289.6735734281847,0.7198400172114722,50.63890005489333,2.849792359222303,
28a8d02dee,180,726,5082,50.82,3287.55547994084,1.4000471043375826,51.09173324459118,8.60288538745742,
28a8d02dee,180,727,5089,50.89,3278.004187522013,2.8796566017893483,48.48781215108459,13.156396480217275,
28a8d02dee,180,728,5096,50.96,3273.3721797288053,2.8701273508844207,56.86967787229892,6.56753344196996,
28a8d02dee,180,729,5103,51.03,3273.055089315147,2.9763958987036734,51.61431759677748,6.961940857792086,
28a8d02dee,180,730,5110,51.1,3271.6202103320775,2.3328414543049742,55.3737639367515,16.396999301447668,
28a8d02dee,180,731,5117,51.17,3251.8131409097214,0.727306100079371,55.22940495229093,2.3449581289904393,
28a8d02dee,180,732,5124,51.24,3249.973655594803,0.9358743523753135,51.26356216995884,7.446078260320349,
28a8d02dee,180,733,5131,51.31,3245.646685456652,0.7858775934854642,52.325124385024196,3.702854653330145,
28a8d02dee,180,734,5138,51.38,3242.658309631283,1.6807387107411658,51.268008435699166,8.528104070310825,
28a8d02dee,180,735,5145,51.45,3242.205910917842,1.1420343553811731,53.37856597946899,5.319083989314854,
28a8d02dee,180,736,5152,51.52,3236.5662502598357,1.382618958030784,51.445534720132436,6.701408984665606,
28a8d02dee,180,737,5159,51.59,3234.805017657802,1.2410996684736182,52.52481937750696,6.030066151724181,
28a8d02dee,180,738,5166,51.66,3229.1498439471766,0.8648065654420571,50.639061228238745,7.4419687239602865,
28a8d02dee,180,739,5173,51.73,3225.5823621915933,0.9331082946154932,50.55304682644275,0.34480906880304973,
28a8d02dee,180,740,5180,51.8,3222.624906720785,1.2051846203476664,51.62644919049225,5.568023547778141,
28a8d02dee,180,741,5187,51.87,3215.931259409014,2.875127683438371,49.63675322212447,12.482838139620423,
28a8d02dee,180,742,5194,51.94,3212.864500060243,1.7466682533936293,59.9026406774989,10.55032497947248,
28a8d02dee,180,743,5201,52.01,3200.6793041329306,2.664702336927803,52.58018666863449,11.3365737212278,
28a8d02dee,180,744,5208,52.08,3198.581625997665,1.5737177501059603,63.28876253290945,7.595861277139526,
28a8d02dee,180,745,5215,52.15,3190.434778860093,0.8157484662253446,56.28971731250362,2.935727379358937,
28a8d02dee,180,746,5222,52.22,3188.54620105982,0.6474062470100491,55.386609828700095,4.952579271863051,
28a8d02dee,180,747,5229,52.29,3186.4045031117726,1.128669589702409,54.36530614615465,10.738486142192832,
28a8d02dee,180,748,5236,52.36,3183.1558239077476,0.8092668143966769,54.17517704403163,5.365051038911239,
28a8d02dee,180,749,5243,52.43,3180.799231563335,1.0402691775093578,52.97448403332651,9.086610903627106,
28a8d02dee,180,750,5250,52.5,3176.434470521199,1.1770212221042384,51.76893468923279,9.398387721155784,
28a8d02dee,180,751,5257,52.57,3170.456770909852,1.3338844421193388,53.62375919113211,11.865179001522158,
28a8d02dee,180,752,5264,52.64,3162.7436520049064,1.353601493350943,52.77572340619643,13.079109231272154,
28a8d02dee,180,753,5271,52.71,3153.776604011237,1.513508665264,54.97243207474226,10.344814163294288,
28a8d02dee,180,754,5278,52.78,3142.2902956860326,1.5502989371661462,57.216015707901754,10.96299779724502,
28a8d02dee,180,755,5285,52.85,3130.3090019521023,1.3848401277607318,57.831492438848,11.245791322515451,
28a8d02dee,180,756,5292,52.92,3125.0019918668145,1.7757903118156697,55.73928600947219,16.26560810210381,
28a8d02dee,180,757,5299,52.99,3111.507604541599,1.2641604208329111,51.060657123990985,11.306031065635318,
28a8d02dee,180,758,5306,53.06,3108.2856626497273,1.4564503386127652,51.43667115658126,12.1154005096415,
28a8d02dee,180,759,5313,53.13,3101.2764919375827,1.443880113739779,49.21136881515309,12.581357689868854,
28a8d02dee,180,760,5320,53.2,3091.5447288034575,0.6626786621475521,48.58382642145727,5.532771123049668,
28a8d02dee,180,761,5327,53.27,3089.775201214968,0.2893471087949715,48.342558588919445,2.602973972905611,
28a8d02dee,180,762,5334,53.34,3089.403432127887,0.6628766912687969,47.90979393465962,5.984106497423657,
28a8d02dee,180,763,5341,53.41,3087.584716865456,0.5579425467223059,48.42962422159036,4.574005558550639,
28a8d02dee,180,764,5348,53.48,3086.7124523746284,0.6519751068002335,48.06245639930761,5.602732761811491,
28a8d02dee,180,765,5355,53.55,3084.7613159867356,2.1386014487617606,47.8139983948308,8.064889473460658,
28a8d02dee,180,766,5362,53.62,3081.3406708960165,1.0549236977416316,57.7030596343181,3.6190198647118073,
28a8d02dee,180,767,5369,53.69,3076.9616862010853,0.7872384524364093,52.68419696387785,2.642176879419945,
28a8d02dee,180,768,5376,53.76,3073.9290315924572,2.810517014166655,52.84711009730308,12.289624980941177,
28a8d02dee,180,769,5383,53.83,3069.3621698969323,1.3196476646706847,57.28182177947887,6.46095667869104,
28a8d02dee,180,770,5390,53.9,3061.691719563976,0.6755770978287757,55.22347614287729,4.462884128143508,
28a8d02dee,180,771,5397,53.97,3059.7569080460325,1.5441582598236505,53.16693859900267,15.599800415842045,
28a8d02dee,180,772,5404,54.04,3048.113553198176,0.8223797018817514,55.12631957443176,7.58437235934702,
28a8d02dee,180,773,5411,54.11,3045.4234775171985,1.4098803918676173,54.56110378964847,4.606844382213381,
28a8d02dee,180,774,5418,54.18,3045.083867839302,1.4821374021177802,57.53684349955198,13.320594167826323,
28a8d02dee,180,775,5425,54.25,3034.4385703111266,1.1152288969416122,54.50418137692222,8.98807959102984,
28a8d02dee,180,776,5432,54.32,3029.1204772333313,1.1395282966318667,51.66911696204607,9.322531200712527,
28a8d02dee,180,777,5439,54.39,3022.9148458921172,2.1584573165875804,50.18251143832408,10.580485791891869,
28a8d02dee,180,778,5446,54.46,3018.1961350913975,1.4001862002111762,55.93596984754839,9.714871191135797,
28a8d02dee,180,779,5453,54.53,3012.3111803458614,1.0333894095332947,51.686734526308705,6.180619029368101,
28a8d02dee,180,780,5460,54.6,3008.0900566837613,1.4882770487020371,51.873517942898715,12.867573390203907,
28a8d02dee,180,781,5467,54.67,2997.699887295269,0.9975252195675396,48.51637614263447,8.782465421007446,
28a8d02dee,180,782,5474,54.74,2992.603575599062,1.0253744889198144,48.35686696167127,10.056321266566705,
28a8d02dee,180,783,5481,54.81,2987.929158319967,1.4523024982333812,50.91849258012687,11.542261005514868,
28a8d02dee,180,784,5488,54.88,2977.1953600901647,0.8773939257695416,49.245624931016934,4.481205941034201,
28a8d02dee,180,785,5495,54.95,2973.240912154994,0.6572626331930821,49.87151663643941,6.251689448339493,
28a8d02dee,180,786,5502,55.02,2971.488131065143,0.4193468642854288,49.018581138702665,3.24160662205634,
28a8d02dee,180,787,5509,55.09,2970.787852467423,0.9936792886792434,50.097905418211624,9.699281882583367,
28a8d02dee,180,788,5516,55.16,2966.353809392888,1.1824187622989766,52.46748364935935,11.579423161570878,
28a8d02dee,180,789,5523,55.23,2962.3961244356196,0.7478401603623189,48.07689589191774,0.715787436870586,
28a8d02dee,180,790,5530,55.3,2960.7435387874366,0.4689478586823081,50.34209177583799,2.503772920499498,
28a8d02dee,180,791,5537,55.37,2960.6218566487355,0.7069381387605942,48.30607611740332,4.412771804021856,
28a8d02dee,180,792,5544,55.44,2958.3529925879307,0.7965079083965537,49.3003571489792,7.504443767833867,
28a8d02dee,180,793,5551,55.51,2956.0723207034566,1.3022438578095374,48.483769422169075,11.499940215943681,
28a8d02dee,180,794,5558,55.58,2948.3225600600085,1.0446123514463022,50.397008939250014,7.300542030698719,
28a8d02dee,180,795,5565,55.65,2943.4047228549834,1.0152924177198606,48.01446206389596,9.566832616472837,
28a8d02dee,180,796,5572,55.72,2938.4950899035107,0.9343013345815111,50.999365805222645,7.924383886468155,
28a8d02dee,180,797,5579,55.79,2935.4186517631238,0.479137727379618,50.70161470021994,2.235018369771263,
28a8d02dee,180,798,5586,55.86,2935.084222812509,0.9223432673252079,51.15732658334421,6.211178230007677,
28a8d02dee,180,799,5593,55.93,2931.2692637368777,1.0540260650887214,50.123956690936815,5.685358040899199,
28a8d02dee,180,800,5600,56.0,2926.071744176025,1.298928750673923,48.93444358894563,2.9167561075406883,
28a8d02dee,180,801,5607,56.07,2924.7616273126005,0.8393948913163254,54.07780609756382,4.904147832040318,
28a8d02dee,180,802,5614,56.14,2921.427602263256,0.6705511486029542,52.97910325057962,6.13973910483946,
28a8d02dee,180,803,5621,56.21,2919.308920032263,0.9532358466035429,52.95161988977737,4.794697376343224,
28a8d02dee,180,804,5628,56.28,2916.6195923545274,1.0342630762914058,52.227889395436186,9.412623332235437,
28a8d02dee,180,805,5635,56.35,2913.1407696401448,2.333207101334334,52.91780332707925,10.773730876673127,
28a8d02dee,180,806,5642,56.42,2911.4534728577423,1.5864217023939637,51.51579101793485,7.029170270742772,
28a8d02dee,180,807,5649,56.49,2898.98460533438,1.0065260876627624,48.854064624024545,9.48399046418849,
28a8d02dee,180,808,5656,56.56,2894.473916931656,0.4267434760991736,49.05174786604536,1.331030147219487,
28a8d02dee,180,809,5663,56.63,2893.7469865667504,1.7323317766132906,48.821061282489175,7.086751426711447,
28a8d02dee,180,810,5670,56.7,2892.9502213969145,1.586121001762556,53.905458711893246,10.85128190622728,
28a8d02dee,180,811,5677,56.77,2880.4521689503604,0.803773892922691,48.28168703962029,7.806853193419097,
28a8d02dee,180,812,5684,56.84,2877.4416157486703,0.759020433183155,49.28356960892176,7.50716703854376,
28a8d02dee,180,813,5691,56.91,2874.5777055475787,2.380906516951067,47.25044846233546,11.894736337738989,
28a8d02dee,180,814,5698,56.98,2871.820640574734,1.5554496211151974,52.440660137616476,11.591152220268215,
28a8d02dee,180,815,5705,57.05,2861.237153498765,2.155379456107289,49.6179088162802,8.854398157051781,
28a8d02dee,180,816,5712,57.12,2860.1468778509584,1.696989525317514,58.710866053527276,8.91298190584893,
28a8d02dee,180,817,5719,57.19,2847.599443986095,1.2250706480227818,49.1904788325916,9.870758773882281,
28a8d02dee,180,818,5726,57.26,2844.2758150410928,0.9102665570484083,48.888115032938146,4.9888099704527855,
28a8d02dee,180,819,5733,57.33,2841.35696224521,0.8074813047425006,46.42499747112719,6.7128900453997655,
28a8d02dee,180,820,5740,57.4,2839.5591172769086,0.8508240620118658,47.76627870771371,5.57695902620596,
28a8d02dee,180,821,5747,57.47,2835.9918474876936,1.0313411774947652,45.16135522360448,8.681127391106529,
28a8d02dee,180,822,5754,57.54,2832.2567519395798,0.858728250957964,45.994190524785765,7.61957604369536,
28a8d02dee,180,823,5761,57.61,2829.0822202792046,0.6292554396674954,42.924494746216006,4.515237408572449,
28a8d02dee,180,824,5768,57.68,2827.241316149702,2.034347753422164,43.714161701973765,9.459640468277962,
28a8d02dee,180,825,5775,57.75,2827.0693936899133,1.3044068941059503,50.70215077254102,7.353428620044877,
28a8d02dee,180,826,5782,57.82,2818.975784929398,1.3424092182047227,45.190786114214724,8.565416685683235,
28a8d02dee,180,827,5789,57.89,2810.2979357913982,1.1627211064161778,42.72565011133624,5.626674415654214,
28a8d02dee,180,828,5796,57.96,2809.855009949304,0.9300721410399032,45.39594695747075,5.174651764473628,
28a8d02dee,180,829,5803,58.03,2805.8216007189135,0.7855850967544585,46.29972395476622,7.808590007162556,
28a8d02dee,180,830,5810,58.1,2802.8347609262405,2.0894077458979146,45.35144189115787,7.2784779452747115,
28a8d02dee,180,831,5817,58.17,2800.539730839569,1.2626523657681292,49.03035657153546,10.179335058988606,
28a8d02dee,180,832,5824,58.24,2795.2367593103954,1.1415038143048393,46.06800751766123,9.058689730275953,
28a8d02dee,180,833,5831,58.31,2789.640207740059,0.8819265012529469,44.557368669544566,8.252460332959288,
28a8d02dee,180,834,5838,58.38,2787.7219909842365,0.8571556999575446,44.34762085830582,7.528471196227425,
28a8d02dee,180,835,5845,58.45,2785.299110296841,0.7433919857508253,43.44300183565855,6.7781656816258105,
28a8d02dee,180,836,5852,58.52,2783.5824566512456,0.5904919657297538,44.1524815435863,4.632517014100868,
28a8d02dee,180,837,5859,58.59,2782.634322376639,0.8351381633488258,43.41797591996536,6.913048213775912,
28a8d02dee,180,838,5866,58.66,2779.68066785582,0.7963453814861747,45.04687578418169,6.744771640598194,
28a8d02dee,180,839,5873,58.73,2776.783033709102,0.6773129486425602,45.40666232555538,6.7641711529780135,
28a8d02dee,180,840,5880,58.8,2774.9907465807046,0.9229402084110002,45.576500040373695,9.357780276867787,
28a8d02dee,180,841,5887,58.87,2770.9957688325167,0.6696914768198303,44.53689256053108,6.186187153952387,
28a8d02dee,180,842,5894,58.94,2769.4792293681207,0.6472303598533568,44.25918652325001,3.8722897785289514,
28a8d02dee,180,843,5901,59.01,2768.33622816523,1.0769009512914405,44.36790377829902,6.694458349881618,
28a8d02dee,180,844,5908,59.08,2764.2503216518703,0.7022462694021265,43.64622266955875,5.430700750343475,
28a8d02dee,180,845,5915,59.15,2761.973845725458,0.9607807094000066,43.76805510639622,8.397921218805559,
28a8d02dee,180,846,5922,59.22,2757.5828044986106,1.1642981924831004,41.46677463247053,4.668522487825468,
28a8d02dee,180,847,5929,59.29,2752.371083128039,0.969810626433267,42.95144943815743,8.525441402889504,
28a8d02dee,180,848,5936,59.36,2748.684177336117,1.243620029669612,43.42306468476092,12.12625923771266,
28a8d02dee,180,849,5943,59.43,2743.8523960564553,0.607128029733378,44.16162986647055,2.3216559427187202,
28a8d02dee,180,850,5950,59.5,2743.2070914593824,0.5499028691789041,43.97856167769274,3.411143164459589,
28a8d02dee,180,851,5957,59.57,2742.345616821581,1.0027350072716603,43.93956582043895,9.913181320953717,
28a8d02dee,180,852,5964,59.64,2740.0123230537056,0.8959706502678879,46.76534292333164,6.405936929447265,
28a8d02dee,180,853,5971,59.71,2737.994762053052,0.6705219413990504,44.21911312869336,3.4644435607854303,
28a8d02dee,180,854,5978,59.78,2736.8155834102145,1.183635684980443,44.13695156575885,10.850706437805952,
28a8d02dee,180,855,5985,59.85,2730.9951276631346,1.5727892121555924,41.4162172264239,14.40942879678631,
28a8d02dee,180,856,5992,59.92,2719.008165866574,0.8224983058791591,45.63432874093468,5.8836111966532485,
28a8d02dee,180,857,5999,59.99,2715.874574174163,0.8786173122362221,45.54913817721966,6.8984249208032065,
28a8d02dee,180,858,6006,60.06,2712.09469517015,0.8600352307694485,46.06022221595873,8.334164834325296,
28a8d02dee,180,859,6013,60.13,2709.111962269715,1.2384389857728813,46.272862787815875,7.793932430464615,
28a8d02dee,180,860,6020,60.2,2702.047191319847,1.482134701064337,48.47581410009782,13.845180727872481,
28a8d02dee,180,861,6027,60.27,2691.0962738761436,1.100357351102452,49.09549355023568,10.786445017101244,
28a8d02dee,180,862,6034,60.34,2686.1291634379236,0.6733846214545174,49.79759126776121,4.6611641975828535,
28a8d02dee,180,863,6041,60.41,2683.8747809400984,1.3947125618750984,49.54692478584179,6.734146088854233,
28a8d02dee,180,864,6048,60.48,2683.316760219858,0.756983235332221,53.37698398394271,2.4867160509552635,
28a8d02dee,180,865,6055,60.55,2680.977380471861,0.9463970388102466,50.93394372081508,3.690193250880974,
28a8d02dee,180,866,6062,60.62,2680.5074086928303,1.6858964485115868,51.21868086463645,6.921072820932007,
28a8d02dee,180,867,6069,60.69,2680.3589571552693,1.0725558037781386,53.4770226799645,6.174471725697148,
28a8d02dee,180,868,6076,60.76,2676.3707663511013,0.8184901287466412,51.37414581232378,7.833811667006857,
28a8d02dee,180,869,6083,60.83,2674.1045142445855,0.7063178983074437,49.01638228466745,6.451855146247213,
28a8d02dee,180,870,6090,60.9,2672.171344603084,2.531121706227571,48.941036610453764,11.282060545186141,
28a8d02dee,180,871,6097,60.97,2669.9221905632226,1.8787716606796037,51.67470471207929,9.483739410529068,
28a8d02dee,180,872,6104,61.04,2662.0714234709853,1.3059393369674261,48.490571749872416,6.4264536697325365,
28a8d02dee,180,873,6111,61.11,2657.979875111439,1.4680421557340766,45.489766710522886,12.65885903609615,
28a8d02dee,180,874,6118,61.18,2651.3737772783356,1.2931010198497943,44.339434168962114,9.370022949211622,
28a8d02dee,180,875,6125,61.25,2646.471091234963,1.1926292276197308,44.84785322961473,3.317341861811008,
28a8d02dee,180,876,6132,61.32,2641.7772943499053,0.7568774618914388,45.20773188385724,4.9903039395296815,
28a8d02dee,180,877,6139,61.39,2639.8987948667814,0.8158477876384401,44.7943633835143,6.692476488916358,
28a8d02dee,180,878,6146,61.46,2638.2464251089764,0.9837207945614661,45.31928390623167,7.971225166667652,
28a8d02dee,180,879,6153,61.53,2635.076120683269,1.0337343163953603,45.38616172162779,2.5163836107262245,
28a8d02dee,180,880,6160,61.6,2630.107761568921,1.1687395673374057,44.617402567507526,10.326527788176271,
28a8d02dee,180,881,6167,61.67,2625.6031685033813,1.3280575036512827,45.73534833240825,11.82076216715134,
28a8d02dee,180,882,6174,61.74,2617.049458845525,0.35485350957920403,46.49439558180774,2.231722986410396,
28a8d02dee,180,883,6181,61.81,2616.476467781149,1.3928918414290243,46.90386984197608,12.729566914826881,
28a8d02dee,180,884,6188,61.88,2609.5763550229385,1.0512157398705484,45.23281618701209,9.591516289062533,
28a8d02dee,180,885,6195,61.95,2606.5041067532657,0.9327035694755065,45.606408763243664,7.806590100650534,
28a8d02dee,180,886,6202,62.02,2604.325531305643,1.287004777645986,46.67649888211563,10.914016311268842,
28a8d02dee,180,887,6209,62.09,2598.272748983374,0.7948131726851326,46.85895429205242,4.329749376189645,
28a8d02dee,180,888,6216,62.16,2595.3180848539587,1.0442598329688404,48.41266654039161,6.208027594707918,
28a8d02dee,180,889,6223,62.23,2590.96602649855,0.7342497181679563,45.80321328847808,6.503093486647701,
28a8d02dee,180,890,6230,62.3,2588.4568051089245,1.1064365770501357,45.28238078314563,11.010560964741119,
28a8d02dee,180,891,6237,62.37,2582.450935149061,0.9995038944000401,44.68245328686465,7.200948291627868,
28a8d02dee,180,892,6244,62.44,2577.7108579434794,2.363200012713323,44.55431814577112,7.242907667990058,
28a8d02dee,180,893,6251,62.51,2575.887139575265,2.2005068553502007,51.55624468201482,5.003421867381243,
28a8d02dee,180,894,6258,62.58,2574.521945512759,1.4659763573370137,45.13182168438361,10.112532167068743,
28a8d02dee,180,895,6265,62.65,2565.978949447986,0.7441419221139672,45.573012423814674,4.665304326182346,
28a8d02dee,180,896,6272,62.72,2563.74691408673,0.7466943301523182,44.4831379402933,7.104269968007158,
28a8d02dee,180,897,6279,62.79,2562.4629752424585,0.8808567466932781,47.481779096450694,5.562856583856119,
28a8d02dee,180,898,6286,62.86,2559.8769951421423,2.585935139597903,44.4386516440795,12.333117589772101,
28a8d02dee,180,899,6293,62.93,2553.7762908931045,1.042586310013506,50.218841443698935,4.874216883425422,
28a8d02dee,180,900,6300,63.0,2549.431646278975,0.7805291466493696,46.31381490416228,5.027943989508648,
28a8d02dee,180,901,6307,63.07,2547.8274416680197,1.0414492478486883,47.03738942862395,9.040094642640943,
28a8d02dee,180,902,6314,63.14,2544.0941930085646,1.204406068075857,45.49006752644543,8.919316973143681,
28a8d02dee,180,903,6321,63.21,2540.159060990088,0.8441513237269439,46.09481510276251,5.164672382850484,
28a8d02dee,180,904,6328,63.28,2537.193691114245,2.6696672126164134,44.505643838411416,10.828611089967994,
28a8d02dee,180,905,6335,63.35,2531.798081974032,1.3917024793022932,53.078766219681505,5.973902797403357,
28a8d02dee,180,906,6342,63.42,2522.8745757241636,1.0855567258433474,44.771878121617405,10.61271252331759,
28a8d02dee,180,907,6349,63.49,2517.765233212119,0.5372725800733696,45.639413559711414,5.289068022654728,
28a8d02dee,180,908,6356,63.56,2516.4694172588574,0.5971983235196973,45.356434756295585,5.35276665806779,
28a8d02dee,180,909,6363,63.63,2514.671742322383,2.1810388655065402,46.03993218615119,6.854301660678681,
28a8d02dee,180,910,6370,63.7,2509.9000901885383,1.3889962288268807,49.857452101754966,12.316327486235677,
28a8d02dee,180,911,6377,63.77,2501.046368125583,1.697239050675076,49.62315273936644,16.98118988199413,
28a8d02dee,180,912,6384,63.84,2488.725157651614,0.6155636629653484,47.09804090776106,5.025745797789951,
28a8d02dee,180,913,6391,63.91,2486.9119943372366,0.7494906218307189,45.987350657578716,5.136774321572782,
28a8d02dee,180,914,6398,63.98,2484.0151590214464,0.7727081747850479,44.19930947901602,5.302880686540297,
28a8d02dee,180,915,6405,64.05,2481.2655994318397,1.1946250499375253,46.27708334974315,6.046239932214404,
28a8d02dee,180,916,6412,64.12,2479.95463531214,0.9384351573926566,45.470617189310175,7.804268873017108,
28a8d02dee,180,917,6419,64.19,2475.468996116576,1.504014636881342,45.452024307879846,15.176554669620836,
28a8d02dee,180,918,6426,64.26,2465.9957347859067,1.4375919630653857,47.50743100484482,5.469122574910729,
28a8d02dee,180,919,6433,64.33,2465.787553729364,2.0840998473987873,45.060869684152934,4.759543433288206,
28a8d02dee,180,920,6440,64.4,2465.143846094534,1.1253630736466032,50.86736422844302,3.7302804302404837,
28a8d02dee,180,921,6447,64.47,2459.5074704388803,0.4757984119403045,46.16718672485508,3.1330362730027326,
28a8d02dee,180,922,6454,64.54,2458.4949114056003,1.0491340527425197,44.77987225263204,8.408560112604547,
28a8d02dee,180,923,6461,64.61,2453.9787099428104,0.5358601855413002,46.70756362778684,4.431189317624708,
28a8d02dee,180,924,6468,64.68,2453.2860583715456,1.1671027091317463,46.1695416333614,9.158339294925236,
28a8d02dee,180,925,6475,64.75,2447.5045242178726,1.223764473533059,43.982365124098315,10.075058593073074,
28a8d02dee,180,926,6482,64.82,2440.284507993351,0.9605348765730283,43.98916520474106,7.051299970160189,
28a8d02dee,180,927,6489,64.89,2437.0975511944416,0.8439527398107501,43.72280394853825,6.563122971150083,
28a8d02dee,180,928,6496,64.96,2434.2431035271093,2.01444970270359,42.302745126743964,7.316985348472558,
28a8d02dee,180,929,6503,65.03,2433.759920840225,1.4974529144757418,42.41266505265777,12.214971698144653,
28a8d02dee,180,930,6510,65.1,2425.4522704354667,1.1770525400548626,40.64142415495387,10.277781973905165,
28a8d02dee,180,931,6517,65.17,2420.1021529601926,1.050824656443749,40.165499302199464,8.621444370865502,
28a8d02dee,180,932,6524,65.24,2416.170358202094,0.8360127618208613,41.545975830314724,7.81788236960585,
28a8d02dee,180,933,6531,65.31,2413.8921792949095,0.5851292305233277,40.76106195188585,4.241451240772365,
28a8d02dee,180,934,6538,65.38,2412.487597146161,0.8949366189549512,40.90747899483142,8.210035388531113,
28a8d02dee,180,935,6545,65.45,2410.2718137807447,1.1818195404607799,40.93263517316241,5.829823386836603,
28a8d02dee,180,936,6552,65.52,2403.9221927602757,1.0098613084095618,39.53325134958476,7.531607234166799,
28a8d02dee,180,937,6559,65.59,2399.426005027131,0.31358741670101314,41.92547249818746,2.2380997678072667,
28a8d02dee,180,938,6566,65.66,2399.0705977373354,1.69349530372372,41.19950027222568,13.351811158186969,
28a8d02dee,180,939,6573,65.73,2390.1685961101766,1.282764593690146,44.25298019184256,10.358460720346466,
28a8d02dee,180,940,6580,65.8,2386.419998288832,1.547722062336114,41.540053597550525,12.493929190516894,
28a8d02dee,180,941,6587,65.87,2376.31433250148,0.5738366849526094,40.92169947155699,4.305748088640952,
28a8d02dee,180,942,6594,65.94,2375.3551486184,0.4049971320929851,40.02116609226908,1.9271937477413104,
28a8d02dee,180,943,6601,66.01,2374.838688519951,2.094821346314223,40.258933450646744,7.309353724765017,
28a8d02dee,180,944,6608,66.08,2372.5086802278247,1.3407005718605716,44.99182880571825,10.98224649647327,
28a8d02dee,180,945,6615,66.15,2365.2601365925034,0.8009164993849802,39.63077238526862,5.350798474217875,
28a8d02dee,180,946,6622,66.22,2363.4441800305144,0.6366554614984181,41.23608652222237,3.6107708694754885,
28a8d02dee,180,947,6629,66.29,2362.247597443125,1.131778194070207,40.64688383433586,6.040491625423969,
28a8d02dee,180,948,6636,66.36,2356.2484650099364,0.8219973797764574,41.306533236426155,6.102380033540153,
28a8d02dee,180,949,6643,66.43,2353.8543388964667,0.5669672017239976,41.98036226390229,4.466434536202212,
28a8d02dee,180,950,6650,66.5,2352.504913211622,0.4540607348705279,41.89657645886564,4.5818985490780895,
28a8d02dee,180,951,6657,66.57,2351.4891841601006,0.7260525745032671,42.998809051328315,6.911021870401587,
28a8d02dee,180,952,6664,66.64,2348.849172553926,0.6301571427597861,42.76874032519358,5.968821941407123,
28a8d02dee,180,953,6671,66.71,2347.197990109936,0.9356629635458019,43.26415867198867,8.812885659268343,
28a8d02dee,180,954,6678,66.78,2342.7360076897253,0.7547319874820008,42.184602864363775,6.275357708706129,
28a8d02dee,180,955,6685,66.85,2340.398374368103,2.0980666925761047,39.786368509964284,7.239214146502727,
28a8d02dee,180,956,6692,66.92,2340.291440013229,1.2908775903842775,46.36701403516363,7.083975997172326,
28a8d02dee,180,957,6699,66.99,2335.4064456356937,1.1116717476231235,38.951863390162224,8.030644149519276,
28a8d02dee,180,958,6706,67.06,2330.530440416483,0.9298756592886024,42.092747493985435,4.822028325452811,
28a8d02dee,180,959,6713,67.13,2327.540806785645,0.7426161296082668,41.43830756647473,6.710776811697793,
28a8d02dee,180,960,6720,67.2,2325.1272661614694,0.9568549340220754,42.29036095512696,9.360447774829561,
28a8d02dee,180,961,6727,67.27,2321.063150371143,0.639917139750996,41.74942162115694,3.3226051967998043,
28a8d02dee,180,962,6734,67.34,2319.147604499927,1.6679870184373278,41.98135531520328,8.031858172029386,
28a8d02dee,180,963,6741,67.41,2318.4927014845202,1.1854145483320297,42.57696470046214,9.062741807190514,
28a8d02dee,180,964,6748,67.48,2314.928785211785,0.6907700036551655,40.71201355847992,2.5375231591848073,
28a8d02dee,180,965,6755,67.55,2314.1080596124775,0.7272403450044088,39.91106228561999,4.75077158506748,
28a8d02dee,180,966,6762,67.62,2312.5455184018515,0.876623608984455,40.34616200249944,8.271838964443592,
28a8d02dee,180,967,6769,67.69,2309.9396353674233,0.5514046789327959,39.40704013887392,4.534695930060411,
28a8d02dee,180,968,6776,67.76,2309.0063170692815,1.8604579578589648,39.001097776444944,2.621349610888265,
28a8d02dee,180,969,6783,67.83,2308.274563465104,1.4291955841200994,46.093777726776246,11.962742418127865,
28a8d02dee,180,970,6790,67.9,2304.961884647428,1.138933155005583,41.996975713040335,3.784272353062123,
28a8d02dee,180,971,6797,67.97,2302.8922839253282,1.0611449750551338,42.09270321306517,5.15501601036928,
28a8d02dee,180,972,6804,68.04,2302.2938242423998,1.3304860754164376,39.55595498517748,3.260142948660342,
28a8d02dee,180,973,6811,68.11,2297.710638254902,1.144212171491712,42.63451795662353,3.8496012602341674,
28a8d02dee,180,974,6818,68.18,2296.658009677741,1.3781511965733422,42.523737020206674,9.69978505677748,
28a8d02dee,180,975,6825,68.25,2292.2238709267,1.3619922176871246,42.82499723534242,11.704635960333198,
28a8d02dee,180,976,6832,68.32,2288.9427221515116,1.423334910017645,42.18378033428275,9.252581262990184,
28a8d02dee,180,977,6839,68.39,2284.7410123350423,1.4239328997488137,44.64546529947719,6.8240627985563025,
28a8d02dee,180,978,6846,68.46,2283.1647349930518,1.5173031267488686,45.56164151727022,5.656418674873929,
28a8d02dee,180,979,6853,68.53,2281.8074320433525,2.097880153086111,46.59647223028639,11.433915805381284,
28a8d02dee,180,980,6860,68.6,2277.648555331429,0.9744560423600869,49.607298965933026,5.643764725945902,
28a8d02dee,180,981,6867,68.67,2268.1825324131833,1.0944730671720995,41.79140201129139,8.6598435504122,
28a8d02dee,180,982,6874,68.74,2262.495124445846,1.0480577459094624,44.566436561322796,10.344214924698743,
28a8d02dee,180,983,6881,68.81,2257.4110736725297,1.2782327548797763,43.861048444470846,12.77163715468133,
28a8d02dee,180,984,6888,68.88,2251.782724232534,1.2290125538542478,41.08510388323238,11.74477591177089,
28a8d02dee,180,985,6895,68.95,2246.050132731607,0.8176030701039465,40.50719695674525,2.566593483319413,
28a8d02dee,180,986,6902,69.02,2243.375643572819,0.8997572153677824,39.31837384841771,8.660091124236974,
28a8d02dee,180,987,6909,69.09,2239.818608200868,0.43980216233900854,41.91314844055496,2.797212724168503,
28a8d02dee,180,988,6916,69.16,2238.9924819194075,0.7250631421537608,41.00257957731796,7.051567088116668,
28a8d02dee,180,989,6923,69.23,2236.690346932478,2.537566218447393,40.36041279778737,9.993661916268874,
28a8d02dee,180,990,6930,69.3,2234.1660672385137,1.2840599322462056,45.78193170715165,7.800349402352998,
28a8d02dee,180,991,6937,69.37,2227.359692125422,1.0319299091977778,39.710465385221454,4.6427565863109255,
28a8d02dee,180,992,6944,69.44,2222.2475080964223,0.9398201617719101,40.19023612740242,8.096185928703116,
28a8d02dee,180,993,6951,69.51,2218.884691367544,0.7201857469969631,39.655206473849894,6.389541267518354,
28a8d02dee,180,994,6958,69.58,2216.576314198488,0.6385193389431637,38.122901165364034,4.108964625278085,
28a8d02dee,180,995,6965,69.65,2215.0171435724037,0.73582039330457,39.00369356973841,6.8622689513713695,
28a8d02dee,180,996,6972,69.72,2213.358396181686,0.999448543219749,40.665130628308916,8.769421794476761,
28a8d02dee,180,997,6979,69.79,2209.802822375093,1.9883884484823335,39.44514416423862,8.378811181777136,
28a8d02dee,180,998,6986,69.86,2208.714263878459,1.4434065172028332,44.73548465021268,11.564734667460074,
28a8d02dee,180,999,6993,69.93,2199.7095370996576,0.682733672713712,39.59718403968562,5.8425133316949704,
28a8d02dee,180,1000,7000,70.0,2198.1111461757996,1.164890617932193,39.9083717662323,6.3575007029604444,
28a8d02dee,180,1001,7007,70.07,2194.5276165709965,0.9301021369852334,43.8476698204072,5.712997817462214,
28a8d02dee,180,1002,7014,70.14,2192.3271642906807,1.0054620112282375,40.71985068819586,6.602289629857173,
28a8d02dee,180,1003,7021,70.21,2187.6264893574325,0.7786254539988698,40.794091579409745,2.9905262573411373,
28a8d02dee,180,1004,7028,70.28,2185.6078381829575,0.9070175543067447,38.95229624614437,5.166797692718439,
28a8d02dee,180,1005,7035,70.35,2183.1924060661377,0.7165868748798442,39.47446133939645,5.506703964234298,
28a8d02dee,180,1006,7042,70.42,2181.5068103157655,0.669059904479128,38.593941812117166,6.325792749326184,
28a8d02dee,180,1007,7049,70.49,2180.325863088505,0.7275862597580296,38.29656023112234,6.6105753728206675,
28a8d02dee,180,1008,7056,70.56,2178.801960736942,0.6658707502355864,39.3813918491931,5.598500081073187,
28a8d02dee,180,1009,7063,70.63,2177.1187969490456,0.7403290424249144,38.4705281803333,6.9028215667950406,
28a8d02dee,180,1010,7070,70.7,2174.8220669832026,1.4292340351669302,38.873414066134885,11.661079364024179,
28a8d02dee,180,1011,7077,70.77,2166.1214247749876,0.892540523380136,39.10162540461035,7.221200224554264,
28a8d02dee,180,1012,7084,70.84,2162.4454162841616,0.46045763348997304,36.081611163387464,3.444766318850934,
28a8d02dee,180,1013,7091,70.91,2161.5468314055997,0.2760454032883399,37.02451530797913,1.825224307423343,
28a8d02dee,180,1014,7098,70.98,2161.3856794278176,0.5523729147028823,36.98692745756129,4.549198529196558,
28a8d02dee,180,1015,7105,71.05,2160.1297639685067,1.3228704415386727,36.88251464049115,6.499605163515722,
28a8d02dee,180,1016,7112,71.12,2159.933515443308,0.7940783265280718,41.219679247925654,6.007459978474093,
28a8d02dee,180,1017,7119,71.19,2156.856905072898,0.3963165366004928,37.169015050024186,3.7254775218276914,
28a8d02dee,180,1018,7126,71.26,2156.1138602211677,0.4507172678230075,37.57244201999894,3.8777285118661653,
28a8d02dee,180,1019,7133,71.33,2155.3885694916808,0.4963873796819628,37.12360630105792,3.96196647772989,
28a8d02dee,180,1020,7140,71.4,2154.2528990565374,1.0904124243896842,36.72199783395458,11.008835939866191,
28a8d02dee,180,1021,7147,71.47,2148.2970821224717,0.5064539298428191,37.13602286887537,4.899205577678759,
28a8d02dee,180,1022,7154,71.54,2147.404765457979,0.6837391262024641,37.83178953453052,5.921758253579991,
28a8d02dee,180,1023,7161,71.61,2145.455927642231,0.46688695939698277,37.447473515091346,3.1185215211874295,
28a8d02dee,180,1024,7168,71.68,2144.5613766104652,1.2183734012595109,37.75192079767998,10.40032645581246,
28a8d02dee,180,1025,7175,71.75,2140.5961116375493,0.9636000673851782,40.93369411262328,7.507673022767363,
28a8d02dee,180,1026,7182,71.82,2136.78370715278,0.7940925556436467,38.23710682240363,6.866312980953299,
28a8d02dee,180,1027,7189,71.89,2133.864151224511,0.9806950281868271,38.97507093903219,8.627568859768832,
28a8d02dee,180,1028,7196,71.96,2129.7544737298017,1.1845887105842332,38.51597590125871,10.636292616359368,
28a8d02dee,180,1029,7203,72.03,2123.31896783282,0.7631989043214383,38.24131704244092,7.026659143527062,
28a8d02dee,180,1030,7210,72.1,2122.9825219010963,0.9150517911447139,39.22854398119375,6.160000959118897,
28a8d02dee,180,1031,7217,72.17,2121.563368676875,0.875010617804331,38.191816936058636,4.0871368730818265,
28a8d02dee,180,1032,7224,72.24,2120.7934938130625,1.0966421083258016,37.49151695837661,5.839626796022666,
28a8d02dee,180,1033,7231,72.31,2119.0550305674014,1.434135305189026,38.528445120879006,7.635405751172565,
28a8d02dee,180,1034,7238,72.38,2116.3756375364483,1.406569777378354,38.10145944852618,7.866221139795291,
28a8d02dee,180,1035,7245,72.45,2113.1076358072623,1.3079395256956048,38.62325790904457,4.620009004561789,
28a8d02dee,180,1036,7252,72.52,2111.1073701267774,1.3632957820810898,38.71660817306146,8.901804738663746,
28a8d02dee,180,1037,7259,72.59,2109.2190063115577,1.2442980896125322,40.59669231166298,3.357846060168068,
28a8d02dee,180,1038,7266,72.66,2107.307627821783,1.100938152947274,38.20844978877791,4.494091098680546,
28a8d02dee,180,1039,7273,72.73,2105.585907299335,1.0803666896803812,39.111868247659935,7.182008239178758,
28a8d02dee,180,1040,7280,72.8,2102.139498828949,0.8677087199563309,36.68125143034108,5.439125497975106,
28a8d02dee,180,1041,7287,72.87,2099.7668273406903,1.0999590299290882,36.929294424240794,3.3627590971706933,
28a8d02dee,180,1042,7294,72.94,2093.696438807823,1.1398278582711863,36.282614408646374,8.95055987654074,
28a8d02dee,180,1043,7301,73.01,2088.2213219587047,0.7993645614229888,38.879934765889985,5.924188714592108,
28a8d02dee,180,1044,7308,73.08,2085.5310331492105,0.8901901166092225,37.73718282758024,7.241101835125463,
28a8d02dee,180,1045,7315,73.15,2083.258410240566,0.6058834384844295,39.26405719781315,2.760046212134683,
28a8d02dee,180,1046,7322,73.22,2081.491338258638,1.152602595637608,37.9042109317026,5.399353416382459,
28a8d02dee,180,1047,7329,73.29,2080.027769894995,1.1172738540060945,42.22787053942549,10.024092951410035,
28a8d02dee,180,1048,7336,73.36,2074.7511290846696,1.224792028412528,42.21923119570647,10.394177257210956,
28a8d02dee,180,1049,7343,73.43,2068.4130951039606,0.49837190195163433,39.9939285478667,3.0602953959685033,
28a8d02dee,180,1050,7350,73.5,2067.3039271834264,0.5319433981680471,39.6397141250857,4.6484383926199655,
28a8d02dee,180,1051,7357,73.57,2066.1066688379165,1.602346183104106,40.38477771853826,6.452741470931919,
28a8d02dee,180,1052,7364,73.64,2065.661673762288,0.8306392192163766,39.76967798973035,2.9049254083316183,
28a8d02dee,180,1053,7371,73.71,2062.0754310255907,0.9027907407244319,37.66662232998855,7.8113971726558535,
28a8d02dee,180,1054,7378,73.78,2058.3120676548792,1.3124461038487996,38.61312168410291,4.62213941009495,
28a8d02dee,180,1055,7385,73.85,2057.2394483346457,0.8989235724645337,40.67037747200999,2.6005222959688687,
28a8d02dee,180,1056,7392,73.92,2053.546173387136,0.8783283158678588,39.25279383584499,8.005689051754251,
28a8d02dee,180,1057,7399,73.99,2050.774349104145,0.6718933485425641,39.112430058831634,6.11722791742304,
28a8d02dee,180,1058,7406,74.06,2048.5374000742604,0.7945918444658202,38.87168240393894,7.626319307351691,
28a8d02dee,180,1059,7413,74.13,2046.1023381429145,1.0998278065979026,38.225707821090005,6.8777462320010905,
28a8d02dee,180,1060,7420,74.2,2041.4078461174265,0.6420928092809768,37.108628743356576,4.847667811720597,
28a8d02dee,180,1061,7427,74.27,2039.8210237647213,1.1648785818062561,35.541354630639496,2.9077511851198836,
28a8d02dee,180,1062,7434,74.34,2037.1947383362428,0.6385022174725141,36.290978396141256,4.879369193722164,
28a8d02dee,180,1063,7441,74.41,2035.2475733411827,0.7090616517277513,35.93748051250809,6.942055785285407,
28a8d02dee,180,1064,7448,74.48,2032.7232236007023,1.232890545672035,35.439028106211204,5.99605015637807,
28a8d02dee,180,1065,7455,74.55,2031.5629875892728,0.7454657545996258,37.49273965636228,6.199059899230749,
28a8d02dee,180,1066,7462,74.62,2028.7839636061253,0.6711348531041211,38.61949552198946,6.74378597253012,
28a8d02dee,180,1067,7469,74.69,2027.0106042592536,0.46339388058422465,38.11430015597763,4.529678889778567,
28a8d02dee,180,1068,7476,74.76,2026.0457422677425,1.170603652381152,38.208645964967275,8.013182042961747,
28a8d02dee,180,1069,7483,74.83,2019.4122703437913,1.133319258649839,39.20341298898227,5.0940287179159265,
28a8d02dee,180,1070,7490,74.9,2019.3825237718547,1.676231937325914,42.96378658668563,4.710896248710582,
28a8d02dee,180,1071,7497,74.97,2018.8669096539138,1.9368361986230005,43.63794537466971,5.168528751810417,
28a8d02dee,180,1072,7504,75.04,2017.5730770375799,0.9828451460164733,45.03589793411195,4.014566315805042,
28a8d02dee,180,1073,7511,75.11,2013.422118533279,1.1461292771179854,43.16758688358585,10.446589655899324,
28a8d02dee,180,1074,7518,75.18,2009.8859971169816,0.9825973733419009,42.02618906815464,8.27364034361589,
28a8d02dee,180,1075,7525,75.25,2006.3669389351637,1.27177483807481,42.55022472255532,12.34797524479031,
28a8d02dee,180,1076,7532,75.32,2000.3679759623938,0.839421561680371,41.66296583197851,7.252496340384072,
28a8d02dee,180,1077,7539,75.39,1997.086856291189,0.43650058012321175,37.773232304673165,3.6940620680702465,
28a8d02dee,180,1078,7546,75.46,1996.622594896282,0.720600555286457,38.21172222117443,3.919354944553748,
28a8d02dee,180,1079,7553,75.53,1994.6753013614896,0.3989931887763607,37.21320170064577,2.1714541269365184,
28a8d02dee,180,1080,7560,75.6,1994.4890858154738,0.8214759387778954,37.22379738299424,8.069308507508282,
28a8d02dee,180,1081,7567,75.67,1991.483731797038,1.0238479545565875,36.37822053612272,7.3421731277915585,
28a8d02dee,180,1082,7574,75.74,1987.1770203383307,0.6135834293193979,36.74634177148071,4.704495318992033,
28a8d02dee,180,1083,7581,75.81,1985.4168416562204,0.8812563969010901,36.363171400642685,8.089457838875399,
28a8d02dee,180,1084,7588,75.88,1981.9875753443582,0.6851493003093598,36.297142856272096,2.219932215227739,
28a8d02dee,180,1085,7595,75.95,1980.0523190731715,0.7725620728289914,36.42681443750252,2.9647656694085205,
28a8d02dee,180,1086,7602,76.02,1979.608604344185,0.9238741355151541,35.450061363194465,9.005408360485092,
28a8d02dee,180,1087,7609,76.09,1976.465581134374,1.9736537376744405,36.37700981141948,6.707373792145496,
28a8d02dee,180,1088,7616,76.16,1975.0634815352116,1.4715648713505107,43.26025708379365,7.19439257849408,
28a8d02dee,180,1089,7623,76.23,1968.9308733938553,1.2156536483029943,38.81299749919396,5.143191554700743,
28a8d02dee,180,1090,7630,76.3,1961.9545496198868,0.7119541980061035,38.980896983925945,5.774699869780985,
28a8d02dee,180,1091,7637,76.37,1959.942287252658,0.3220174938304267,37.532150326026205,2.458571217129135,
28a8d02dee,180,1092,7644,76.44,1959.4129989691069,0.705368067057494,37.61801638925793,7.106495767754926,
28a8d02dee,180,1093,7651,76.51,1957.693834870775,0.656960218928992,37.95370041977732,4.725854203090399,
28a8d02dee,180,1094,7658,76.58,1955.7855704440888,0.920830138510569,38.32622295787928,9.07180148675885,
28a8d02dee,180,1095,7665,76.65,1952.4180668022311,0.6942681777920143,38.81828320505314,5.076844518332325,
28a8d02dee,180,1096,7672,76.72,1950.622553672895,0.6961872832895588,37.59443934952214,6.28555161404953,
28a8d02dee,180,1097,7679,76.79,1948.5427876092886,0.5566364861913756,38.34574851336073,5.393189091288838,
28a8d02dee,180,1098,7686,76.86,1947.116869714787,0.6316562947105393,37.94361594244908,4.5880347526553225,
28a8d02dee,180,1099,7693,76.93,1945.402480529181,0.7747854815074714,36.75451764766208,6.584290204127391,
28a8d02dee,180,1100,7700,77.0,1942.9287547542822,1.597887962480372,37.13001045052357,7.8525335029628,
28a8d02dee,180,1101,7707,77.07,1942.0037830015094,1.3304946962860171,38.28766823632792,10.776234247938673,
28a8d02dee,180,1102,7714,77.14,1936.3538053312877,1.2107897799859393,39.16717056704174,11.371766072987798,
28a8d02dee,180,1103,7721,77.21,1930.1027739092349,0.5487863674981134,37.2498093226915,3.9548751800293953,
28a8d02dee,180,1104,7728,77.28,1928.9108121484205,0.5646321390230069,38.2431262551871,4.2425663994206735,
28a8d02dee,180,1105,7735,77.35,1927.6471627349863,0.7994833350159866,37.719207058717814,7.6433191908325036,
28a8d02dee,180,1106,7742,77.42,1925.1576161620435,0.9991210646762422,39.04336845120328,1.5706398114489133,
28a8d02dee,180,1107,7749,77.49,1920.6625901475577,0.42617702625458503,36.53979914274955,2.732822263728422,
28a8d02dee,180,1108,7756,77.56,1919.9932537823224,0.9230001816040939,37.577643133671884,8.835931681687091,
28a8d02dee,180,1109,7763,77.63,1916.3412774565188,0.9120827631969152,37.44198209964496,8.655230417115797,
28a8d02dee,180,1110,7770,77.7,1913.3713254071513,1.4966936191517612,39.668813799641825,4.323032160086645,
28a8d02dee,180,1111,7777,77.77,1911.4539769391497,1.1325011612520577,38.84207424509751,7.778232494157945,
28a8d02dee,180,1112,7784,77.84,1907.7885259867114,1.156312048842711,42.91306074571672,9.121844561756328,
28a8d02dee,180,1113,7791,77.91,1903.5283819831086,1.1228412758243853,38.303092151057704,7.9069148478824225,
28a8d02dee,180,1114,7798,77.98,1897.803818615941,0.5070298436908318,41.009142265320314,2.489065450424457,
28a8d02dee,180,1115,7805,78.05,1897.1308948601684,0.9248878100907049,38.42300425649861,8.5965202675705,
28a8d02dee,180,1116,7812,78.12,1893.4633003512079,0.30207243074437634,38.44286019851992,2.1686990797932912,
28a8d02dee,180,1117,7819,78.19,1893.0437767069857,0.9107459595216144,37.780503713991415,5.473498157127064,
28a8d02dee,180,1118,7826,78.26,1889.8606794749746,0.844690823255421,38.28606591599645,5.117789876133131,
28a8d02dee,180,1119,7833,78.33,1886.829179567768,1.5051796011473983,38.19293658871871,5.919142322567505,
28a8d02dee,180,1120,7840,78.4,1885.0088652763845,0.8673239864501153,41.74234732461919,5.5608353329048335,
28a8d02dee,180,1121,7847,78.47,1882.0271317938784,0.4832541713958577,39.17080357460818,3.154557550579954,
28a8d02dee,180,1122,7854,78.54,1881.2717083416223,1.1541859784574133,39.34425132081971,6.6011887765669215,
28a8d02dee,180,1123,7861,78.61,1875.3493823897857,0.5594581968280968,37.03073245179398,2.4200911257876285,
28a8d02dee,180,1124,7868,78.68,1873.779268566595,0.7579626491039527,37.82369816149421,5.844464654515267,
28a8d02dee,180,1125,7875,78.75,1871.0673377810735,0.6061769032561497,36.1339711180644,3.4274955607057023,
28a8d02dee,180,1126,7882,78.82,1869.7700862743798,2.289907280358977,35.40586613530301,11.01270302642159,
28a8d02dee,180,1127,7889,78.89,1868.4246328653944,1.3891682069403875,41.72579835012117,2.6830500651312716,
28a8d02dee,180,1128,7896,78.96,1860.9708792514275,0.842070317032886,35.866673668515844,7.089125733834547,
28a8d02dee,180,1129,7903,79.03,1858.4744638640436,0.7522399775064659,34.83712865124963,5.858951881050749,
28a8d02dee,180,1130,7910,79.1,1855.7265913136307,0.5734422569755091,34.53204235399098,2.910131961937288,
28a8d02dee,180,1131,7917,79.17,1854.087245853521,0.9757338063692501,35.39817184533595,8.631136024739918,
28a8d02dee,180,1132,7924,79.24,1849.5579471361625,0.6198714812236865,35.83789933319162,1.3288611905693977,
28a8d02dee,180,1133,7931,79.31,1849.3063362645585,0.6609904233583813,35.929644067610475,6.285402454185095,
28a8d02dee,180,1134,7938,79.38,1847.3267444026897,0.44374483544730586,34.80155186091791,3.8373975587946876,
28a8d02dee,180,1135,7945,79.45,1846.6826389316598,0.9379037448944557,34.75767948168029,5.6518369072151495,
28a8d02dee,180,1136,7952,79.52,1844.7166141010387,0.6382593367242824,35.72493936825317,3.270684030927926,
28a8d02dee,180,1137,7959,79.59,1843.6601612980498,0.5791272043616901,33.63879107789502,4.144201730209743,
28a8d02dee,180,1138,7966,79.66,1842.0595800000979,0.4065112694524937,34.75605976274193,3.4847380689943814,
28a8d02dee,180,1139,7973,79.73,1841.417885140404,0.7651809134475144,34.26757032978879,7.411062093765652,
28a8d02dee,180,1140,7980,79.8,1839.5680332325871,0.5796473455137897,35.02292654078575,4.856580915479361,
28a8d02dee,180,1141,7987,79.87,1838.4925433619123,0.46379958100340607,34.21593967157948,1.132498688497125,
28a8d02dee,180,1142,7994,79.94,1837.7833379702604,0.3199757491164237,34.75195405204436,2.074288362977394,
28a8d02dee,180,1143,8001,80.01,1837.4232681543926,1.1207068007636074,34.31286691926863,4.570525748187762,
28a8d02dee,180,1144,8008,80.08,1836.5396006899748,0.7750698952042809,34.98917273404656,6.905194118699665,
28a8d02dee,180,1145,8015,80.15,1833.675918134034,0.7349841620095289,33.49077477275271,6.865424264923081,
28a8d02dee,180,1146,8022,80.22,1832.2256815423825,0.5694226487182449,33.20584366734245,3.883934489751214,
28a8d02dee,180,1147,8029,80.29,1831.012013978425,0.5724832260308996,32.623985515000776,3.6320095126954284,
28a8d02dee,180,1148,8036,80.36,1829.3771699996983,0.37074478869329214,32.948032314785394,3.4231093351090873,
28a8d02dee,180,1149,8043,80.43,1828.8730114953617,0.5551931340249608,33.1270601557576,5.4945313049378,
28a8d02dee,180,1150,8050,80.5,1827.3164711781374,0.7869587821564196,33.061597317613106,6.893717483952791,
28a8d02dee,180,1151,8057,80.57,1825.132455929016,1.3822178132489351,34.91000817797504,5.148996359987887,
28a8d02dee,180,1152,8064,80.64,1824.922893618552,1.8871391964735342,36.18129761420334,6.047125437766751,
28a8d02dee,180,1153,8071,80.71,1824.4389368261448,1.0451601778822768,38.28741586069336,3.4228855122999247,
28a8d02dee,180,1154,8078,80.78,1819.7340978469713,0.8337692626717461,34.94012865404089,2.5579967634008813,
28a8d02dee,180,1155,8085,80.85,1816.2130602015284,0.7510917423158848,34.493362140497126,6.205302342023991,
28a8d02dee,180,1156,8092,80.92,1813.8643541252507,0.6281224365827166,35.12230350138834,5.266821607955183,
28a8d02dee,180,1157,8099,80.99,1812.0905606068573,0.9585525090873241,34.21043111249485,9.292816797030646,
28a8d02dee,180,1158,8106,81.06,1807.9030413950363,0.4444733874292325,34.95541814540388,1.6099014233357916,
28a8d02dee,180,1159,8113,81.13,1807.8313964464476,0.7341074136231436,34.42394276078558,6.898233580403668,
28a8d02dee,180,1160,8120,81.2,1805.2063949346416,0.9779286541688836,35.486866572444335,4.807994100004744,
28a8d02dee,180,1161,8127,81.27,1801.7044716368796,1.0991826333917454,35.72886100414208,6.889079638657802,
28a8d02dee,180,1162,8134,81.34,1796.9794087197513,0.5510614989331516,34.072152957837346,4.195323647593108,
28a8d02dee,180,1163,8141,81.41,1796.0802851102826,0.9196109605639119,34.359356541965624,7.548013512955737,
28a8d02dee,180,1164,8148,81.48,1792.3086096400757,0.6364703665677415,34.7153415639241,4.577078455318945,
28a8d02dee,180,1165,8155,81.55,1790.8158970389088,0.5740359724201226,34.44604969893871,3.271454202445829,
28a8d02dee,180,1166,8162,81.62,1789.7791948929134,0.5113926023488837,35.12214707431068,4.081274253974967,
28a8d02dee,180,1167,8169,81.69,1788.645569437216,0.4336418342544,34.16501799448259,3.6260813984495543,
28a8d02dee,180,1168,8176,81.76,1787.7909771148509,0.6452340372588489,34.991161977365,5.314036064402783,
28a8d02dee,180,1169,8183,81.83,1785.7966189271797,1.8820090062757653,33.39219720698364,2.429526468806527,
28a8d02dee,180,1170,8190,81.9,1783.8823617829078,1.977420689421969,39.40741721612546,5.855463168866031,
28a8d02dee,180,1171,8197,81.97,1783.8329480361747,1.4839261944812392,36.487538192893005,6.127830968587781,
28a8d02dee,180,1172,8204,82.04,1775.2593227583332,1.0000704790518342,36.23148402786652,9.881574275503135,
28a8d02dee,180,1173,8211,82.11,1771.5666883228446,0.7798967803490106,35.93365578999482,4.235805254315776,
28a8d02dee,180,1174,8218,82.18,1769.808736586501,0.6781256301842143,36.92044394954566,5.097354324619417,
28a8d02dee,180,1175,8225,82.25,1768.4887829658612,2.0160765648982055,37.007821093213565,6.600145424023079,
28a8d02dee,180,1176,8232,82.32,1768.3687719026325,1.329284289680659,40.29270219908524,7.248004461325838,
28a8d02dee,180,1177,8239,82.39,1760.3813888472005,0.8678780487706027,35.87301975637911,4.106627300667083,
28a8d02dee,180,1178,8246,82.46,1757.9997025954165,0.7759042151712544,34.89149428775129,5.21335165786951,
28a8d02dee,180,1179,8253,82.53,1756.1666961396495,0.693962325005713,35.0999364152803,6.523303472313543,
28a8d02dee,180,1180,8260,82.6,1754.9031162564875,0.8105658855068604,35.908511686471584,3.9082932115321585,
28a8d02dee,180,1181,8267,82.67,1752.2586852782695,1.42823743328518,35.305569104492356,5.046854985547282,
28a8d02dee,180,1182,8274,82.74,1750.6689357183907,1.3823733877627988,36.73475510128605,3.6668951440438486,
28a8d02dee,180,1183,8281,82.81,1749.3321100583835,1.104089978953476,36.56672281658541,7.846217171374537,
28a8d02dee,180,1184,8288,82.88,1743.3852202479493,0.4678308284266814,36.021608847611134,4.5130969855262215,
28a8d02dee,180,1185,8295,82.95,1742.7817058121439,0.5700829612926944,35.851947366559514,4.720231029861973,
28a8d02dee,180,1186,8302,83.02,1741.6373297016078,0.6795284098247857,34.27225783789974,6.415588958701536,
28a8d02dee,180,1187,8309,83.09,1740.084507417784,1.0462446174421727,35.677274766553715,8.839357251650009,
28a8d02dee,180,1188,8316,83.16,1736.211900888272,0.6104474958828399,34.20097741504278,3.1682086448993703,
28a8d02dee,180,1189,8323,83.23,1734.6002053512468,0.30821075000436815,34.26504342903383,2.2521556372559552,
28a8d02dee,180,1190,8330,83.3,1734.165555949416,0.5667543557805326,34.10720931560186,4.751998058437394,
28a8d02dee,180,1191,8337,83.37,1732.7016458610365,1.0693586328801479,33.05824697011135,4.737625924361889,
28a8d02dee,180,1192,8344,83.44,1732.2312339970192,0.7976476018590964,33.437942862368615,6.701812720527307,
28a8d02dee,180,1193,8351,83.51,1729.470869218713,0.5024734105371595,33.38483776762656,3.862143979775413,
28a8d02dee,180,1194,8358,83.58,1728.3301405946886,0.5682599362911958,33.41031660924638,3.1007769606169764,
28a8d02dee,180,1195,8365,83.65,1726.9561419229292,0.5244247362420087,33.61539499018273,4.875493049164675,
28a8d02dee,180,1196,8372,83.72,1725.9313677339264,0.5739990566722591,33.48709188180615,5.07150141744565,
28a8d02dee,180,1197,8379,83.79,1724.7458911362423,0.644949786328177,32.3205415574351,5.263190141077953,
28a8d02dee,180,1198,8386,83.86,1723.074067333153,0.3993338157045983,34.05864546599597,2.0358928527136255,
28a8d02dee,180,1199,8393,83.93,1722.547987489834,0.6257996064908288,33.39005180765311,2.7726602746727966,
28a8d02dee,180,1200,8400,84.0,1720.6975107423875,0.7192409513960194,35.44981813783273,5.974289082362295,
28a8d02dee,180,1201,8407,84.07,1718.2440534544448,0.2852987676213077,35.08243814875343,1.919801183766311,
28a8d02dee,180,1202,8414,84.14,1717.8477247339063,0.7062066027596482,35.83570074245683,7.034646849377966,
28a8d02dee,180,1203,8421,84.21,1715.7724706594286,0.5531902755519242,34.89520983707996,5.139081380596403,
28a8d02dee,180,1204,8428,84.28,1714.6137525295885,0.5178923674149232,36.77042962437067,4.932981815923858,
28a8d02dee,180,1205,8435,84.35,1713.468124452652,0.4247442807217631,36.21871669340343,3.5360225387532154,
28a8d02dee,180,1206,8442,84.42,1712.7694732046914,0.7256579116297142,34.43447460658323,6.220744331736276,
28a8d02dee,180,1207,8449,84.49,1710.0855860148326,1.1695965057418731,35.227152190667475,11.44580041709324,
28a8d02dee,180,1208,8456,84.56,1703.107700495465,1.5685397049213232,34.228278130309164,7.791714561176337,
28a8d02dee,180,1209,8463,84.63,1701.2376309957854,1.1494721773703784,37.35035710664932,9.276544927750228,
28a8d02dee,180,1210,8470,84.7,1695.8461307576615,0.8480316252855717,38.7351617081774,7.905307016552879,
28a8d02dee,180,1211,8477,84.77,1693.4193968111513,0.5868084590990618,35.772633237345595,4.987604274087068,
28a8d02dee,180,1212,8484,84.84,1692.133503369191,1.0556517354257497,35.76474821868288,6.652685028922274,
28a8d02dee,180,1213,8491,84.91,1688.7571045532748,0.6922651358095187,36.3760143060601,4.98032853380276,
28a8d02dee,180,1214,8498,84.98,1686.6209091337096,0.61306000670689,33.522240017233116,5.539716530184366,
28a8d02dee,180,1215,8505,85.05,1684.6931090190596,0.566651542177883,32.47202203540879,3.727834989536662,
28a8d02dee,180,1216,8512,85.12,1683.223429817707,0.702337804935218,33.442646744800776,6.626950592995841,
28a8d02dee,180,1217,8519,85.19,1681.0944519809093,0.6616698667487221,34.655363194616804,6.155938764838435,
28a8d02dee,180,1218,8526,85.26,1679.6091100450697,0.8200451304198982,34.10240235833023,7.383022152156045,
28a8d02dee,180,1219,8533,85.33,1677.1521992347386,0.7823404368069714,34.85626550573558,4.216924758983003,
28a8d02dee,180,1220,8540,85.4,1675.9959381734059,0.9699823490510096,36.29845274473235,7.761562455470767,
28a8d02dee,180,1221,8547,85.47,1672.1077350973053,0.946331355693019,31.859117596867808,8.09720349312649,
28a8d02dee,180,1222,8554,85.54,1667.862610852318,0.8700237253387132,32.63250445216465,7.971041391314289,
28a8d02dee,180,1223,8561,85.61,1665.40467105938,0.4073816803471593,33.54850538837548,1.4288387573701595,
28a8d02dee,180,1224,8568,85.68,1664.9400812578854,0.5942587392295762,32.280541452129455,4.806248521524508,
28a8d02dee,180,1225,8575,85.75,1663.5274590867584,0.67003989225438,32.69869543470069,6.532294132690806,
28a8d02dee,180,1226,8582,85.82,1662.0256851376294,0.707263166252851,33.38481142321568,6.037876408059253,
28a8d02dee,180,1227,8589,85.89,1660.277181924746,0.5407491464947047,31.781583404429817,4.180655936632793,
28a8d02dee,180,1228,8596,85.96,1658.8174782244469,1.5262190688596116,31.784825983685323,6.629697631631577,
28a8d02dee,180,1229,8603,86.03,1658.6568634087894,1.0604283656483193,36.78166152976887,6.97398662852353,
28a8d02dee,180,1230,8610,86.1,1653.431376070856,0.8101068073133946,33.99021923371095,2.5164990632722626,
28a8d02dee,180,1231,8617,86.17,1653.049390817603,0.7908234186386914,31.297182676181393,4.640207326535639,
28a8d02dee,180,1232,8624,86.24,1649.9105590774002,1.2311173525798504,30.990245458058947,3.8275097576501578,
28a8d02dee,180,1233,8631,86.31,1648.6103324444687,0.5834524736523713,32.292611638495394,2.9693031244233703,
28a8d02dee,180,1234,8638,86.38,1647.1763534078455,0.5858446804096067,31.368179929582475,2.310928643054188,
28a8d02dee,180,1235,8645,86.45,1647.0564540135906,1.067088980016876,31.17972706532674,9.094923502025592,
28a8d02dee,180,1236,8652,86.52,1642.2293551066884,0.8765903720855951,30.46280683125263,7.052733929291399,
28a8d02dee,180,1237,8659,86.59,1638.5725101487649,0.9265102501669388,31.631276069923434,8.437675273712111,
28a8d02dee,180,1238,8666,86.66,1635.3234455237948,0.4807128148587742,32.18256482729051,3.6332444475199392,
28a8d02dee,180,1239,8673,86.73,1634.3446751361691,0.6595372351438706,32.11467890030495,6.643817000225511,
28a8d02dee,180,1240,8680,86.8,1632.6026222367698,0.6193682204802321,33.87579756227756,5.421393941393969,
28a8d02dee,180,1241,8687,86.87,1630.9079706913158,1.2879394869535652,31.713558100639855,6.112356305635053,
28a8d02dee,180,1242,8694,86.94,1630.5655847335152,0.9973191921991809,34.32920366603291,7.511478806857391,
28a8d02dee,180,1243,8701,87.01,1626.4293228890176,0.8791558582989273,32.36357263792582,4.944415999663639,
28a8d02dee,180,1244,8708,87.08,1623.2201908296634,0.5155448272445038,30.984414028216303,3.263178113019969,
28a8d02dee,180,1245,8715,87.15,1622.1920211436632,0.6384927131516386,30.734173058027505,4.708615520149945,
28a8d02dee,180,1246,8722,87.22,1620.7385419445181,0.38429880436768626,32.492631041697976,2.75365450340767,
28a8d02dee,180,1247,8729,87.29,1620.1881235280498,0.6147474577521773,32.32101320140303,4.564973616176046,
28a8d02dee,180,1248,8736,87.36,1618.474933647896,0.3712844350911127,32.86510170655086,1.8807539101430821,
28a8d02dee,180,1249,8743,87.43,1617.8449166807675,0.7786535616681837,33.01391895977398,3.9060102265188004,
28a8d02dee,180,1250,8750,87.5,1617.8407529410163,0.6374787306423186,34.35100861074203,3.2967232758842555,
28a8d02dee,180,1251,8757,87.57,1616.3698575892429,1.2144199687705872,32.34415836915399,5.1720497656113205,
28a8d02dee,180,1252,8764,87.64,1615.3999806041795,0.7141257966443271,31.272081292294867,4.712117993585415,
28a8d02dee,180,1253,8771,87.71,1613.397820034387,0.699248728425549,32.312080202624855,6.067756843880018,
28a8d02dee,180,1254,8778,87.78,1611.2845114756249,0.46337303588372153,31.18333056025704,3.825590268953368,
28a8d02dee,180,1255,8785,87.85,1610.4283330782728,0.7382475784589098,30.093438975593585,5.7057291286676906,
28a8d02dee,180,1256,8792,87.92,1608.688548374818,0.90917725761961,33.15144566453231,8.471121120227206,
28a8d02dee,180,1257,8799,87.99,1605.4786096468429,0.45243764308060846,31.817736673233217,2.2799165479460632,
28a8d02dee,180,1258,8806,88.06,1604.5712681849104,0.6351880412880986,31.686897023793584,6.017777744789438,
28a8d02dee,180,1259,8813,88.13,1603.1073001079233,0.8574023087775144,32.27510286761015,8.158134282215109,
28a8d02dee,180,1260,8820,88.2,1600.4703049240604,0.9608866567755024,34.06657829098531,9.53537547587035,
28a8d02dee,180,1261,8827,88.27,1596.2103360305694,0.7512539619305253,33.18575503938652,7.213977800660832,
28a8d02dee,180,1262,8834,88.34,1593.4467803884836,0.4991928339025581,33.86559110228943,4.560698018554934,
28a8d02dee,180,1263,8841,88.41,1592.4633000500157,0.8572932871171693,33.083474629745595,8.439888520743027,
28a8d02dee,180,1264,8848,88.48,1589.168726856063,0.6031577896903305,32.691572051645565,5.746990570634947,
28a8d02dee,180,1265,8855,88.55,1587.7607682408625,0.7983825023698224,32.56489172765518,6.842886061419598,
28a8d02dee,180,1266,8862,88.62,1585.2532055985853,0.7322372423684784,31.34106187074252,6.125489501091713,
28a8d02dee,180,1267,8869,88.69,1583.6570117806866,1.0307377359816532,31.675961236021013,7.344466094978686,
28a8d02dee,180,1268,8876,88.76,1578.5096165863586,0.568808625841486,31.84340720345239,4.958301833142566,
28a8d02dee,180,1269,8883,88.83,1577.050782523297,0.781625579079628,32.459297137547104,3.2525653016865106,
28a8d02dee,180,1270,8890,88.9,1576.7642067492366,0.5172464934210423,32.132291353400156,3.2103664178309725,
28a8d02dee,180,1271,8897,88.97,1575.6877161000782,0.16026523427350273,31.216845634657723,0.5558658737193345,
28a8d02dee,180,1272,8904,89.04,1575.5680957925201,0.7462706291054133,31.264021489960548,7.015619442170145,
28a8d02dee,180,1273,8911,89.11,1573.4521822833126,0.5399152189068409,33.19231170729742,5.239330872688033,
28a8d02dee,180,1274,8918,89.18,1572.4104405556511,1.2484022149279599,31.70391052945417,11.934930523844411,
28a8d02dee,180,1275,8925,89.25,1565.270704683168,0.8293304575810837,30.539267581761194,4.5557566336152835,
28a8d02dee,180,1276,8932,89.32,1561.8075502044358,0.7017304101985528,31.600712054120468,7.034210793988833,
28a8d02dee,180,1277,8939,89.39,1560.0044971610182,0.49744455753207667,32.0683577547227,3.746115991776518,
28a8d02dee,180,1278,8946,89.46,1559.1160716492957,0.5255522039636853,30.936063522938053,1.8575018016666285,
28a8d02dee,180,1279,8953,89.53,1559.104879458088,0.7372915358189005,30.928271308320227,2.394305615562082,
28a8d02dee,180,1280,8960,89.6,1558.9651777162226,0.8999196589556079,32.55988737728897,2.436788783606646,
28a8d02dee,180,1281,8967,89.67,1558.88068711185,0.7703333525204391,32.19748358567854,2.7327128488505172,
28a8d02dee,180,1282,8974,89.74,1556.2705893010782,0.4932796583522165,30.955249013502918,4.38829487409443,
28a8d02dee,180,1283,8981,89.81,1555.368390713018,0.570312446613499,30.67650299972261,5.751279549252702,
28a8d02dee,180,1284,8988,89.88,1554.7582522059338,0.5124990246140857,31.179725099773567,3.6993891360972975,
28a8d02dee,180,1285,8995,89.95,1554.1797645672218,0.6333161031141632,29.51038188742743,4.467841105298595,
28a8d02dee,180,1286,9002,90.02,1552.254675070607,1.1955072607707184,29.978406690997755,5.611688466941275,
28a8d02dee,180,1287,9009,90.09,1552.080331110442,1.6486130332172724,31.728186993398104,4.720382615461351,
28a8d02dee,180,1288,9016,90.16,1552.0050853385353,1.086836287970485,36.45098622419347,3.652184278441407,
28a8d02dee,180,1289,9023,90.23,1548.0916371515216,1.0100899538876127,32.886912194934546,9.066025630161194,
28a8d02dee,180,1290,9030,90.3,1542.9092666477472,1.3876909784468416,32.11719353382362,4.396234040363499,
28a8d02dee,180,1291,9037,90.37,1541.8734808207698,0.7601848135105015,37.35089699032945,3.387029409446205,
28a8d02dee,180,1292,9044,90.44,1538.9231856213605,0.9940114996703698,35.11054219730524,8.665424885329573,
28a8d02dee,180,1293,9051,90.51,1536.2131315610043,0.6507670678233616,36.10775757404581,3.8052824279444164,
28a8d02dee,180,1294,9058,90.58,1534.6366515198815,0.7814775150931121,34.15132630668782,3.920583027577915,
28a8d02dee,180,1295,9065,90.65,1532.3573616540584,0.8678268455293289,35.47340379898604,7.585298984932939,
28a8d02dee,180,1296,9072,90.72,1529.8482248431983,0.5091156300239322,34.077991135975076,2.6997735647002803,
28a8d02dee,180,1297,9079,90.79,1529.0035200039692,1.4461609109811606,32.99510122486734,7.246562514741457,
28a8d02dee,180,1298,9086,90.86,1528.9736158773737,0.9258792948454199,35.35949949607066,5.8818174385761015,
28a8d02dee,180,1299,9093,90.93,1524.9503857174682,0.6818305859808119,33.04854384965654,6.700341832053208,
28a8d02dee,180,1300,9100,91.0,1523.1407321525246,1.1893900158855717,31.138315243696365,4.93404688145158,
28a8d02dee,180,1301,9107,91.07,1522.5931408050712,1.3850202046951592,33.16510485792624,3.2799477084191793,
28a8d02dee,180,1302,9114,91.14,1522.5175328566868,1.1033051288503684,32.79752529959568,5.436990341198893,
28a8d02dee,180,1303,9121,91.21,1517.5214217014086,0.5929555471310994,33.876863633256185,5.1834523700767585,
28a8d02dee,180,1304,9128,91.28,1515.9490042434704,1.0300753291279536,31.949447726424363,7.711614825439447,
28a8d02dee,180,1305,9135,91.35,1511.60265752597,1.429909724260352,31.631477356342334,5.989666986122874,
28a8d02dee,180,1306,9142,91.42,1510.6619584983134,0.7126959415830229,32.15979067906596,2.6243426315496876,
28a8d02dee,180,1307,9149,91.49,1508.4606555261987,0.5861447692574211,30.693906079828345,5.035924521305512,
28a8d02dee,180,1308,9156,91.56,1506.8296656490259,0.8287634360815656,29.81240791646712,4.113246042570326,
28a8d02dee,180,1309,9163,91.63,1503.5593954971623,0.31306066067398375,31.37190691985483,2.428446679242638,
28a8d02dee,180,1310,9170,91.7,1503.1584352026553,0.7029818448248382,31.649735436896197,6.656817150738348,
28a8d02dee,180,1311,9177,91.77,1500.7715052820372,0.6292139520533839,31.157597283806574,5.017664019700857,
28a8d02dee,180,1312,9184,91.84,1498.750861304134,0.4687674699048962,30.189871231540682,4.310852268359675,
28a8d02dee,180,1313,9191,91.91,1497.7874859622943,0.7586008040054838,30.497596010957807,5.268926866484486,
28a8d02dee,180,1314,9198,91.98,1495.4413548983505,0.4730470462456127,29.474525860779856,4.455637143405458,
28a8d02dee,180,1315,9205,92.05,1494.4233082733497,0.413366644409972,29.317627636828714,3.9041283188735676,
28a8d02dee,180,1316,9212,92.12,1493.6984132240955,0.4836446953316342,28.190025248369132,2.2519694271745747,
28a8d02dee,180,1317,9219,92.19,1493.6355599954652,0.5523517446603158,28.162132849345884,4.131094027040605,
28a8d02dee,180,1318,9226,92.26,1492.2865770348003,1.453801479471538,29.302970247784337,6.903315347477348,
28a8d02dee,180,1319,9233,92.33,1488.4550436227307,0.9030005977514306,33.90986786889871,7.52948495863927,
28a8d02dee,180,1320,9240,92.4,1484.6322847246543,0.9809353691212674,32.27080327658708,6.975810865529353,
28a8d02dee,180,1321,9247,92.47,1480.7645333304715,0.7276704385416477,33.1424313021178,6.669074178195091,
28a8d02dee,180,1322,9254,92.54,1478.3571192770487,0.4630806014491844,31.007069627147946,4.2558160178294155,
28a8d02dee,180,1323,9261,92.61,1477.6283409547193,0.37927954601063174,30.617720408549832,3.046849828922148,
28a8d02dee,180,1324,9268,92.68,1477.1009194835517,0.743746956159614,30.255520511039812,6.631354141721731,
28a8d02dee,180,1325,9275,92.75,1474.57257128019,0.5915997001024683,29.822661581667234,5.160778430784514,
28a8d02dee,180,1326,9282,92.82,1472.8110630175295,0.31509007626717084,30.30535182973985,2.6738973877686463,
28a8d02dee,180,1327,9289,92.89,1472.4996403928285,0.3579491598461777,31.061791624652084,3.4292042320552314,
28a8d02dee,180,1328,9296,92.96,1471.951097907673,1.1502705763762942,30.33279813926862,4.737309405167625,
28a8d02dee,180,1329,9303,93.03,1471.2582233099724,0.9298350002230968,32.06840888358406,6.960520355615786,
28a8d02dee,180,1330,9310,93.1,1468.6708754648987,1.8756668582653981,29.943539199598984,5.0999738844280325,
28a8d02dee,180,1331,9317,93.17,1466.0542899528593,1.7061328670178528,32.46659999194022,4.328664062366198,
28a8d02dee,180,1332,9324,93.24,1464.2658678607506,1.5316192914447568,29.862770797018857,2.4106410780009577,
28a8d02dee,180,1333,9331,93.31,1463.4326708826407,1.4463708884446027,31.102585107709082,1.2103177195468873,
28a8d02dee,180,1334,9338,93.38,1463.259004071761,0.8051446819954046,31.437055730530254,4.0935226588567835,
28a8d02dee,180,1335,9345,93.45,1460.0740899288087,0.7150876021615229,28.876553317355942,7.166897921166544,
28a8d02dee,180,1336,9352,93.52,1458.0738464862063,0.6864320825640287,29.46951685115488,6.3671096598786425,
28a8d02dee,180,1337,9359,93.59,1456.216947060829,1.0337126228102027,27.73094716099758,4.415671166725316,
28a8d02dee,180,1338,9366,93.66,1456.2092352881273,0.7564058777535231,29.408465745917862,5.61516068931763,
28a8d02dee,180,1339,9373,93.73,1453.6126423856622,0.6262818501687883,28.34583622717923,5.7542879964444325,
28a8d02dee,180,1340,9380,93.8,1451.8945506699206,0.6059152139646157,28.072572154047737,5.654292727017108,
28a8d02dee,180,1341,9387,93.87,1450.3025661065087,0.46823085157409305,28.360866139813076,4.421330647780126,
28a8d02dee,180,1342,9394,93.94,1449.5243324975506,1.3436411071660386,28.028223540323506,6.620498308943868,
28a8d02dee,180,1343,9401,94.01,1448.1933600369925,1.6514682485192207,28.173697948586913,5.408908651310774,
28a8d02dee,180,1344,9408,94.08,1447.51340235066,0.8188512273374348,32.55560270720496,2.09131613000301,
28a8d02dee,180,1345,9415,94.15,1444.3193685090582,0.22236477814990377,28.205180810156907,1.0067326632785871,
28a8d02dee,180,1346,9422,94.22,1444.0865151400562,0.7682651281068373,28.251332087397344,6.760554267138473,
28a8d02dee,180,1347,9429,94.29,1442.4340181464045,0.8311036800395811,27.776190757128248,7.15398723872686,
28a8d02dee,180,1348,9436,94.36,1439.7990643730334,0.592312763292522,27.866492345293995,4.029994045839889,
28a8d02dee,180,1349,9443,94.43,1438.7355931943314,0.5822637998528742,28.288095289588394,5.175823067874333,
28a8d02dee,180,1350,9450,94.5,1437.3413124177368,0.47340411475661065,28.212438401655277,1.3376882449565415,
28a8d02dee,180,1351,9457,94.57,1436.294305572008,0.8127817044888215,28.763029029894277,3.359330397019631,
28a8d02dee,180,1352,9464,94.64,1435.8951135011662,1.3659144209835363,29.412346848168454,5.420399571063668,
28a8d02dee,180,1353,9471,94.71,1434.8365497740995,0.6843817874900662,29.799488562886776,3.602592547127777,
28a8d02dee,180,1354,9478,94.78,1432.8150498212742,0.6645141909799671,26.272884920564895,5.469446535456035,
28a8d02dee,180,1355,9485,94.85,1431.01955108862,0.5458259552273544,28.150916621665306,3.664141415861137,
28a8d02dee,180,1356,9492,94.92,1429.7535012611838,0.6480328484690857,28.456246834490436,5.478248032427172,
28a8d02dee,180,1357,9499,94.99,1428.4015386892083,0.46074153187203093,28.518777594932736,2.9704630064334503,
28a8d02dee,180,1358,9506,95.06,1427.8888215173226,0.7349415327595429,28.697367619622952,6.384604327351467,
28a8d02dee,180,1359,9513,95.13,1425.2641542073557,0.585277762825557,28.29130866543585,4.937789812241529,
28a8d02dee,180,1360,9520,95.2,1423.697964547138,0.5809325084584563,28.68679380945674,5.247610601825898,
28a8d02dee,180,1361,9527,95.27,1422.210684111244,0.9470964454845385,29.105695254621754,4.572288191003604,
28a8d02dee,180,1362,9534,95.34,1421.8488996105407,0.6412012372447833,29.492539226587567,2.509054379539205,
28a8d02dee,180,1363,9541,95.41,1419.8358380174866,0.640436496404228,29.77928520062247,6.217681243322998,
28a8d02dee,180,1364,9548,95.48,1418.2482067744263,0.7981802873392266,29.539944851665027,7.338637591080879,
28a8d02dee,180,1365,9555,95.55,1416.6364158947335,0.7555967578368925,32.33398252438712,3.708155397776749,
28a8d02dee,180,1366,9562,95.62,1414.7416842007683,0.6430283538694525,30.389803778290364,2.6785812843803654,
28a8d02dee,180,1367,9569,95.69,1413.8608531858874,0.9291197103815028,32.96115210082182,8.97324453554058,
28a8d02dee,180,1368,9576,95.76,1410.1269762095446,0.825901721748557,31.425344860368526,6.64080133317845,
28a8d02dee,180,1369,9583,95.83,1406.818294230739,0.6936761358234966,33.875056434767124,5.754701528935998,
28a8d02dee,180,1370,9590,95.9,1404.5215135095266,0.8562272237873595,32.71116859067172,3.9849299429152825,
28a8d02dee,180,1371,9597,95.97,1403.9364731639469,0.9973951896837733,32.94047705948799,9.427723935407876,
28a8d02dee,180,1372,9604,96.04,1399.3141373974852,0.6096949686801878,31.708519716793745,4.574339555099421,
28a8d02dee,180,1373,9611,96.11,1397.5611806987963,1.3226027380910914,33.02255389984935,5.62653017244408,
28a8d02dee,180,1374,9618,96.18,1397.4891264736516,0.9165466556383817,36.84547741360671,5.6080208324896255,
28a8d02dee,180,1375,9625,96.25,1393.8653780286502,0.6115429990042832,32.140065501962205,3.210375662461073,
28a8d02dee,180,1376,9632,96.32,1392.6614755858802,0.8243575342398445,31.748644498689305,4.652631267727361,
28a8d02dee,180,1377,9639,96.39,1389.8702465557171,0.5043659681035563,29.600470507827193,2.83675352422675,
28a8d02dee,180,1378,9646,96.46,1388.635643594389,0.39822610103592354,28.532940992944052,1.7871006427923157,
28a8d02dee,180,1379,9653,96.53,1388.5767843030565,0.5156192069702444,28.94853568999536,4.822141668928996,
28a8d02dee,180,1380,9660,96.6,1387.3079284474702,0.45612484292798083,29.148988666526353,4.514091447611836,
28a8d02dee,180,1381,9667,96.67,1386.626639024853,1.2728319095712486,29.464184133910873,5.384595618663607,
28a8d02dee,180,1382,9674,96.74,1385.3671615735348,0.7284517319665125,31.786801592529784,2.6795908096653127,
28a8d02dee,180,1383,9681,96.81,1383.6481448471327,0.654151941646979,30.102877496821357,4.777915299596232,
28a8d02dee,180,1384,9688,96.88,1382.6527815192376,0.8444650423427206,29.676520536830477,7.834554197858173,
28a8d02dee,180,1385,9695,96.95,1379.1545380532616,0.4698408952655632,29.988338991093755,3.4696176997343366,
28a8d02dee,180,1386,9702,97.02,1378.1321277041204,0.3116863477409631,29.677095693679142,3.122911570005995,
28a8d02dee,180,1387,9709,97.09,1377.8371089151638,0.2844161938373804,29.738227266893503,2.159458246319713,
28a8d02dee,180,1388,9716,97.16,1377.5303374817322,0.3540682808636589,29.89802130810191,3.5055360348660995,
28a8d02dee,180,1389,9723,97.23,1377.0099519897083,0.8304285779379291,30.72768936943636,6.878246572758126,
28a8d02dee,180,1390,9730,97.3,1373.8713683251262,0.31557522236630425,31.681132238208214,0.856717937022332,
28a8d02dee,180,1391,9737,97.37,1373.4752174122636,0.6999687556315238,31.24991204666965,3.4774328630978864,
28a8d02dee,180,1392,9744,97.44,1372.9504497297787,0.764155198768065,33.34810787097392,6.58434678598388,
28a8d02dee,180,1393,9751,97.51,1370.2807417890976,0.2219920445163481,30.64426659569992,1.1795293449679802,
28a8d02dee,180,1394,9758,97.58,1370.0613260531777,0.49195230819878705,30.743833464088198,4.734971778736012,
28a8d02dee,180,1395,9765,97.65,1368.889726766764,0.7998941175482062,31.442696540316003,7.313443088992932,
28a8d02dee,180,1396,9772,97.72,1365.7175775737426,0.9036265072143793,29.566680174932888,2.782542237841378,
28a8d02dee,180,1397,9779,97.79,1365.5427231212677,0.5783184532901456,32.09714548548915,3.7310166455232476,
28a8d02dee,180,1398,9786,97.86,1364.1491849964855,0.6740623504171948,30.384739201293353,6.537632017021441,
28a8d02dee,180,1399,9793,97.93,1362.3614606352367,0.529762301670237,31.803104884030372,4.209314717558655,
28a8d02dee,180,1400,9800,98.0,1361.387396309584,0.7360025549764286,31.447811638643095,7.027510543200742,
28a8d02dee,180,1401,9807,98.07,1359.121897820215,0.7909159740552986,32.19491030576947,7.566186406870514,
28a8d02dee,180,1402,9814,98.14,1357.4591167950093,1.2524431927549755,31.293669446184474,11.247172583780225,
28a8d02dee,180,1403,9821,98.21,1352.2995680587967,1.2403015673585542,32.278627196127765,11.222383047258583,
28a8d02dee,180,1404,9828,98.28,1346.4543412954754,0.7579837895789914,31.41209483710966,5.876216149669287,
28a8d02dee,180,1405,9835,98.35,1345.0695231711438,0.8308976052718942,33.22677821156579,7.296858187270357,
28a8d02dee,180,1406,9842,98.42,1343.2526573487978,0.700830323983224,33.89852912009697,5.8559233520251555,
28a8d02dee,180,1407,9849,98.49,1341.7900170895969,0.6810238886748663,33.46632340007351,6.248606177201924,
28a8d02dee,180,1408,9856,98.56,1340.5570159844299,1.0782328279477003,33.60420859090121,8.28480802336558,
28a8d02dee,180,1409,9863,98.63,1337.858461642835,0.9267643615926897,35.76665444962034,5.030743808877018,
28a8d02dee,180,1410,9870,98.7,1334.5527901620587,0.6638366737467125,31.87931455578882,5.479647284808284,
28a8d02dee,180,1411,9877,98.77,1333.0446148708343,0.5127475024257266,32.428169557319386,4.047347137767046,
28a8d02dee,180,1412,9884,98.84,1332.068466427428,0.9008841767224683,29.8703990174513,4.243927449660355,
28a8d02dee,180,1413,9891,98.91,1332.02428344639,0.7147843560341669,31.852588663282905,4.110962345511532,
28a8d02dee,180,1414,9898,98.98,1329.5559588718197,0.5944889868980614,30.458879098077254,5.349368727874803,
28a8d02dee,180,1415,9905,99.05,1328.494704044083,0.6733496474442522,31.505871958040917,3.3087171578642303,
28a8d02dee,180,1416,9912,99.12,1326.8525153731648,0.8711940973345803,32.29947914622699,8.591382363270451,
28a8d02dee,180,1417,9919,99.19,1324.917300160427,0.8930131225599578,32.68063680781721,6.95673166206449,
28a8d02dee,180,1418,9926,99.26,1321.9287480378462,0.7711021827127109,31.41602167046029,5.1922795483021575,
28a8d02dee,180,1419,9933,99.33,1319.6885134895408,0.6766170205687491,30.24385759490706,4.57645490340893,
28a8d02dee,180,1420,9940,99.4,1318.2060658887644,0.9011687845128441,30.479760987925467,8.569021898195022,
28a8d02dee,180,1421,9947,99.47,1315.5289723389703,0.6739750816715554,28.613253822345104,4.900125585138155,
28a8d02dee,180,1422,9954,99.54,1314.0184390160143,0.33454052774191406,28.320682314336505,2.878687996122681,
28a8d02dee,180,1423,9961,99.61,1313.6574210462059,0.46950521168155973,28.033731454580163,2.0690983728663475,
28a8d02dee,180,1424,9968,99.68,1312.7267262136043,0.6209938661558616,27.881500863444217,5.205667478807128,
28a8d02dee,180,1425,9975,99.75,1311.0419965863687,0.3954317446782201,29.683926624622114,2.2501848353639295,
28a8d02dee,180,1426,9982,99.82,1310.3835777787847,0.7493270804690045,29.199433898051222,6.679694433209988,
28a8d02dee,180,1427,9989,99.89,1307.5514983843468,0.3548921010798397,30.212838748723964,3.385290700246537,
28a8d02dee,180,1428,9996,99.96,1307.02539005341,0.5207258546589295,30.194352078046226,5.2143816198049056,
28a8d02dee,180,1429,10003,100.03,1305.7084938949827,0.9335451298844599,28.813773112129873,3.7232332436516646,
28a8d02dee,180,1430,10010,100.1,1305.2163641892987,0.622311619699669,31.629771636821076,4.339341566396114,
28a8d02dee,180,1431,10017,100.17,1304.2778761263412,0.44534536500418853,31.063091785693157,1.3689255783162437,
28a8d02dee,180,1432,10024,100.24,1303.9403946700068,0.5328534309439587,30.347455826331213,4.417499051570926,
28a8d02dee,180,1433,10031,100.31,1302.7431419912464,0.3899342269975195,30.150483085951475,1.7404600571540416,
28a8d02dee,180,1434,10038,100.38,1302.310954850542,0.44580264639638606,29.259709629527546,4.126557882109685,
28a8d02dee,180,1435,10045,100.45,1301.4723294717094,0.28360372137289414,30.60363599551795,1.7520739983743239,
28a8d02dee,180,1436,10052,100.52,1301.1082509028015,0.41964103496592586,30.290653623817406,3.810022210509348,
28a8d02dee,180,1437,10059,100.59,1300.2487228115767,0.6213716873865629,30.698899890434973,2.560605659237998,
28a8d02dee,180,1438,10066,100.66,1299.998969317223,0.8870528729707661,30.251621441933533,8.711931992677108,
28a8d02dee,180,1439,10073,100.73,1295.997440340555,0.5561097458883862,31.109113233386832,5.569510101266556,
28a8d02dee,180,1440,10080,100.8,1294.711861713406,2.148219258242652,30.55262587152666,10.763887927317608,
28a8d02dee,180,1441,10087,100.87,1293.4141058471293,1.0731436322587895,34.5428828310834,3.7784878404245528,
28a8d02dee,180,1442,10094,100.94,1288.0899964720325,0.34711891641916176,30.5019994216254,3.064828637083895,
28a8d02dee,180,1443,10101,101.01,1287.6221249061102,0.5041780835153475,29.880365229530895,1.3923160364169604,
28a8d02dee,180,1444,10108,101.08,1286.3066719603266,0.6367387864288102,29.561962953670783,4.408771291851965,
28a8d02dee,180,1445,10115,101.15,1284.5901804759396,0.5517256507016147,27.711508108898705,5.438618169890161,
28a8d02dee,180,1446,10122,101.22,1283.4197557320742,0.6676593471365342,28.299249709786352,6.351977625817581,
28a8d02dee,180,1447,10129,101.29,1281.573324124406,0.7837612399035654,29.099191672543846,6.325940996736647,
28a8d02dee,180,1448,10136,101.36,1279.7834050232382,0.6456524025784818,30.14400300268199,5.261425488296577,
28a8d02dee,180,1449,10143,101.43,1278.259089741025,0.9897039330848929,28.879013970285342,6.804144700963464,
28a8d02dee,180,1450,10150,101.5,1275.5401554168343,0.7279764199171023,31.147533778097845,3.8367863460188003,
28a8d02dee,180,1451,10157,101.57,1273.6379722702584,0.6436745454387404,28.203068335708682,5.33219697401966,
28a8d02dee,180,1452,10164,101.64,1272.1355658081673,0.5992248815112092,29.444470182487017,4.51456095870533,
28a8d02dee,180,1453,10171,101.71,1270.7827356507355,0.44744158726088984,29.53906426106222,3.7942992949066676,
28a8d02dee,180,1454,10178,101.78,1270.109334248224,0.7576591792945785,29.767885611473673,1.8044989416916195,
28a8d02dee,180,1455,10185,101.85,1267.4663173575175,0.7426879654439564,28.663313352952503,4.582350651340404,
28a8d02dee,180,1456,10192,101.92,1265.291649765532,0.6606554350214361,30.137036268144154,5.784494159157302,
28a8d02dee,180,1457,10199,101.99,1263.7605445000083,0.4304464082498298,30.019281819542634,2.507634094863624,
28a8d02dee,180,1458,10206,102.06,1263.0064167202909,0.33057558839336715,28.463997780957353,2.79081001785817,
28a8d02dee,180,1459,10213,102.13,1262.73292114059,0.3495390308406154,28.091534978976156,2.6889926849902346,
28a8d02dee,180,1460,10220,102.2,1262.5011195487054,0.7363124075587167,27.848844069300515,5.538319386641062,
28a8d02dee,180,1461,10227,102.27,1260.79067276632,0.6016839967054188,30.255459829646,3.83730861694841,
28a8d02dee,180,1462,10234,102.34,1260.048134287176,0.5350570846171709,29.990008320623254,2.432513898365488,
28a8d02dee,180,1463,10241,102.41,1259.5513035906993,0.6449227979633068,30.76982293670209,5.1038422268312384,
28a8d02dee,180,1464,10248,102.48,1258.4124073634518,0.694665993390115,30.142133405245676,5.419588325166929,
28a8d02dee,180,1465,10255,102.55,1257.0017569480872,1.0035588729519005,30.882304087536948,9.045024137026344,
28a8d02dee,180,1466,10262,102.62,1252.9929959914898,0.47337781224626063,29.218791101045976,1.984553523828067,
28a8d02dee,180,1467,10269,102.69,1252.5388389908999,0.8141787451246492,29.084117958444903,7.509308522333786,
28a8d02dee,180,1468,10276,102.76,1250.4239255235693,0.6026328384673849,27.87976949723146,4.512778717383931,
28a8d02dee,180,1469,10283,102.83,1248.7627966575308,0.5036451044244638,27.739392454594384,3.598054989917068,
28a8d02dee,180,1470,10290,102.9,1247.944578181627,0.7642423190350118,28.554586428964917,7.003162681813527,
28a8d02dee,180,1471,10297,102.97,1245.5924183079258,0.5931705254135674,28.127950428204855,3.7918485307249963,
28a8d02dee,180,1472,10304,103.04,1244.359750569105,0.5277905433754088,26.688261901456457,4.88532124184122,
28a8d02dee,180,1473,10311,103.11,1243.1667453221028,0.6711955258163299,27.256907778389998,3.947144263566335,
28a8d02dee,180,1474,10318,103.18,1240.9655313380622,0.3339085077128541,29.12121832060892,2.765467441038574,
28a8d02dee,180,1475,10325,103.25,1240.4150760263037,0.5993930910834683,28.942691540298842,3.7880470761412672,
28a8d02dee,180,1476,10332,103.32,1238.930206536118,0.38839336409546865,28.732838984707872,2.2983123525933706,
28a8d02dee,180,1477,10339,103.39,1238.2874089086092,0.33254954686351346,28.340510260973865,3.264933904043484,
28a8d02dee,180,1478,10346,103.46,1237.8685210008164,0.6507237766329599,28.239585583776353,3.5651395206971115,
28a8d02dee,180,1479,10353,103.53,1235.98269688237,0.6226386996138654,29.40422525614087,4.028199326178846,
28a8d02dee,180,1480,10360,103.6,1234.4197945514186,0.8244105625720545,29.493807216533824,8.194401528618773,
28a8d02dee,180,1481,10367,103.67,1232.2133427938238,0.9015694542262189,29.71447313370887,7.893120941302719,
28a8d02dee,180,1482,10374,103.74,1229.6986795926493,0.624550093115186,30.58510473854416,2.026419820322496,
28a8d02dee,180,1483,10381,103.81,1228.5742123181924,0.35194340177484806,28.746321854217555,2.3510576160476906,
28a8d02dee,180,1484,10388,103.88,1228.313382481752,0.7310508226216581,29.306403870115766,5.042721042217372,
28a8d02dee,180,1485,10395,103.95,1226.3640704972,0.8353642993376369,28.213050187357297,7.381534384191592,
28a8d02dee,180,1486,10402,104.02,1222.829469497849,0.6989309055465845,27.841163292390466,5.536969673278465,
28a8d02dee,180,1487,10409,104.09,1220.3671395542506,0.6882912385590577,28.887703729395103,2.779831660576476,
28a8d02dee,180,1488,10416,104.16,1220.262530571203,1.452316151847846,30.511674911454502,5.490349715233726,
28a8d02dee,180,1489,10423,104.23,1219.8098053174583,1.3602081998115216,33.1053851272186,7.130521200611649,
28a8d02dee,180,1490,10430,104.3,1213.3618718824132,0.46655295293092086,32.09276015397303,0.6744480920198468,
28a8d02dee,180,1491,10437,104.37,1212.6411464539804,0.5301475795576143,30.520444873854075,5.096349652016831,
28a8d02dee,180,1492,10444,104.44,1211.5262844313331,0.4041312589003839,28.82153541456771,3.8219035312064933,
28a8d02dee,180,1493,10451,104.51,1210.6931180549334,0.28772019571389174,29.104730271223715,2.6762885000475434,
28a8d02dee,180,1494,10458,104.58,1210.2960477405932,0.8116705400649085,29.607455032145577,8.14578175100736,
28a8d02dee,180,1495,10465,104.65,1208.404561910276,0.7957042823962853,29.99279070802123,4.67166583052469,
28a8d02dee,180,1496,10472,104.72,1206.575260819203,0.6003161178251368,29.17563823757056,4.083475297534808,
28a8d02dee,180,1497,10479,104.79,1205.3788589136773,0.6107591749127521,28.45091985646752,5.223589633098269,
28a8d02dee,180,1498,10486,104.86,1204.3796008128556,1.0413105096343744,30.326732339118788,9.769441328586074,
28a8d02dee,180,1499,10493,104.93,1200.2296912516115,0.7574089911146875,30.067591708545265,7.055887252743197,
28a8d02dee,180,1500,10500,105.0,1197.7648558605908,0.867097442452559,31.21976409616246,8.35832059620688,
28a8d02dee,180,1501,10507,105.07,1194.9089791234276,0.4705239901550211,29.64259370723784,2.413270592353993,
28a8d02dee,180,1502,10514,105.14,1194.5071082695817,0.6341037793720062,30.89791473637943,4.6406703999598715,
28a8d02dee,180,1503,10521,105.21,1193.8488129576651,0.6252480276404602,30.147323741514263,3.528664158298847,
28a8d02dee,180,1504,10528,105.28,1192.2092223030147,0.8607499348372057,30.653951891892284,8.179090132060825,
28a8d02dee,180,1505,10535,105.35,1189.977668267127,0.614696190247022,30.181962446933873,4.406153431100033,
28a8d02dee,180,1506,10542,105.42,1188.8802643804634,0.4500602938326665,29.114878735325465,2.3131329599424046,
28a8d02dee,180,1507,10549,105.49,1188.1194630365503,0.7874192773679272,29.637646982469946,4.95692122761657,
28a8d02dee,180,1508,10556,105.56,1186.5251046472843,0.9971581203470645,31.4216384815744,3.902889937343911,
28a8d02dee,180,1509,10563,105.63,1184.9626989495177,0.8625156796455573,31.346395153459174,5.118741163132835,
28a8d02dee,180,1510,10570,105.7,1182.7752167575877,0.643232748124382,30.505343036412004,3.3510250107548467,
28a8d02dee,180,1511,10577,105.77,1181.943497061931,0.6136708097714489,30.270696004901108,2.879758011194432,
28a8d02dee,180,1512,10584,105.84,1180.7473774894472,0.7534562895101584,29.187599244437322,7.018213883047166,
28a8d02dee,180,1513,10591,105.91,1178.7954644184335,0.5651258903630996,30.368875757650905,4.293657854122397,
28a8d02dee,180,1514,10598,105.98,1177.3078009634992,0.47750795411583047,28.728542741326027,3.711104521822391,
28a8d02dee,180,1515,10605,106.05,1176.6365416344606,0.37036762047441774,29.964110092381524,2.9612203494212004,
28a8d02dee,180,1516,10612,106.12,1176.0288930673764,0.28717322391314637,29.49145676017039,2.212462102342307,
28a8d02dee,180,1517,10619,106.19,1175.6417574232764,0.7154939410458654,29.866633234315003,6.06908307619751,
28a8d02dee,180,1518,10626,106.26,1173.8563143485799,0.6058722266484237,30.20168886951485,5.4246906472107375,
28a8d02dee,180,1519,10633,106.33,1172.5685372939495,0.42955332317171824,29.90609756643264,1.8764539776630957,
28a8d02dee,180,1520,10640,106.4,1171.7729594343784,0.6840257988362386,29.927785279586395,5.205377282647752,
28a8d02dee,180,1521,10647,106.47,1169.510839703429,0.6266005717861448,31.61165550941079,5.927422397633234,
28a8d02dee,180,1522,10654,106.54,1167.9483203797522,0.577344476674798,30.197777730721054,4.9858699878655015,
28a8d02dee,180,1523,10661,106.61,1166.5471631276844,0.8883032569019551,29.485942933059697,4.196993864688753,
28a8d02dee,180,1524,10668,106.68,1166.507996736385,0.5781076459465608,30.8357424815223,3.263777509607601,
28a8d02dee,180,1525,10675,106.75,1165.1742246506494,0.7936619972686949,28.852042264813846,1.800710381721109,
28a8d02dee,180,1526,10682,106.82,1164.752396962665,0.57194082310001,30.105799909322702,3.3871346523984522,
28a8d02dee,180,1527,10689,106.89,1163.5567319721188,0.9224135453887259,28.27795434140444,8.734931495001105,
28a8d02dee,180,1528,10696,106.96,1160.411201075243,0.5442585892451889,29.023928737418785,3.9424090084522763,
28a8d02dee,180,1529,10703,107.03,1159.6594389475736,0.5357233591056488,27.48664856312932,4.501374543679693,
28a8d02dee,180,1530,10710,107.1,1158.9885709101918,0.8011292365514697,29.033047101481735,5.187893924409283,
28a8d02dee,180,1531,10717,107.17,1156.682378719254,0.3896131512437262,28.19118864972623,1.5353387267254284,
28a8d02dee,180,1532,10724,107.24,1156.3673377578534,0.830899149343988,28.792259414428347,8.009667115797088,
28a8d02dee,180,1533,10731,107.31,1153.5715118762253,1.2630943947779656,29.06665625819065,12.537876669568808,
28a8d02dee,180,1534,10738,107.38,1145.986901091618,0.7201424306230365,30.10369772926541,6.716984556406266,
28a8d02dee,180,1535,10745,107.45,1143.5627935829589,0.5012174215167132,29.015023142241066,3.7985103638228273,
28a8d02dee,180,1536,10752,107.52,1142.7371798593038,0.34216536931149527,29.770252409226668,2.7780321479835055,
28a8d02dee,180,1537,10759,107.59,1142.4055875270706,0.5494748158535178,29.517455772957693,5.525807377674877,
28a8d02dee,180,1538,10766,107.66,1141.1465757837734,0.5970562263998774,29.183628087767776,5.87163691103388,
28a8d02dee,180,1539,10773,107.73,1140.1894107642286,0.4978631671194712,28.89971197190976,3.456688789839402,
28a8d02dee,180,1540,10780,107.8,1139.1522366789477,0.7186907209895138,27.790806041113978,5.896093001672436,
28a8d02dee,180,1541,10787,107.87,1138.1090004295245,0.8770039081608709,29.717510895411046,5.932434313231213,
28a8d02dee,180,1542,10794,107.94,1137.161798741506,0.8255051609183995,28.78909378894847,2.771949210796873,
28a8d02dee,180,1543,10801,108.01,1136.9888371975653,0.4271882807864658,30.58730371758446,3.149812572899772,
28a8d02dee,180,1544,10808,108.08,1135.2863379947273,0.270080033280033,28.044121455332256,1.091309755422755,
28a8d02dee,180,1545,10815,108.15,1134.9587018669517,0.5740571423481426,28.388293697669415,5.854502954607153,
28a8d02dee,180,1546,10822,108.22,1133.8817207293253,0.4180896269393149,28.076112747790063,3.345873563364238,
28a8d02dee,180,1547,10829,108.29,1133.0582541088975,0.2675834204429944,27.84566856395667,2.5553664347900766,
28a8d02dee,180,1548,10836,108.36,1132.721932376827,0.4316393768633653,27.532576049752628,4.234978370808852,
28a8d02dee,180,1549,10843,108.43,1131.7669510105459,0.26101697967008913,26.602285020795772,2.26449003743313,
28a8d02dee,180,1550,10850,108.5,1131.444443752367,0.7337621079519028,26.84914526844288,5.596752456648289,
28a8d02dee,180,1551,10857,108.57,1129.418886069509,0.8277994292378348,27.146656962787837,6.787776329336478,
28a8d02dee,180,1552,10864,108.64,1126.794640639704,0.6321308107409872,27.47440916292545,1.6341880614448243,
28a8d02dee,180,1553,10871,108.71,1124.9677808527786,0.8831398514079263,27.964790052316076,8.720297855918302,
28a8d02dee,180,1554,10878,108.78,1121.3173195146285,0.6513525307286062,28.752270115294014,5.593270279086346,
28a8d02dee,180,1555,10885,108.85,1119.8701498188748,0.5387704048979887,28.1688677956542,4.567873082455372,
28a8d02dee,180,1556,10892,108.92,1118.6177553810478,0.584832450398661,27.996301163091644,5.128558605318706,
28a8d02dee,180,1557,10899,108.99,1117.4177714002908,0.500286748263635,28.656477167409253,2.8698425827794294,
28a8d02dee,180,1558,10906,109.06,1116.7272629799684,0.438571944900344,27.040368044447295,3.9886312511293336,
28a8d02dee,180,1559,10913,109.13,1115.7850177766982,0.5309540033553772,26.773274374304183,5.1474191074211815,
28a8d02dee,180,1560,10920,109.2,1114.8137870758608,1.4013886060702785,27.40041711757094,6.411863719734661,
28a8d02dee,180,1561,10927,109.27,1113.7398232393077,0.9103768387209203,30.972423337565814,6.718682239886429,
28a8d02dee,180,1562,10934,109.34,1110.1265071450096,0.3907969655437144,27.91974489654525,3.676534708614722,
28a8d02dee,180,1563,10941,109.41,1109.6069188840213,0.7204321812811871,27.855958922310606,7.0984398441683885,
28a8d02dee,180,1564,10948,109.48,1107.503124808703,0.504584435183074,26.96646206995435,4.199754965853665,
28a8d02dee,180,1565,10955,109.55,1106.574397415171,0.34271722395445803,27.200031723448447,3.108856683641622,
28a8d02dee,180,1566,10962,109.62,1106.116260218001,0.6312078615545598,26.557849327549857,6.2859090779570215,
28a8d02dee,180,1567,10969,109.69,1104.739904539291,0.506526979268738,28.2556895627352,4.918612191527461,
28a8d02dee,180,1568,10976,109.76,1103.6861578616083,0.3069544821800438,28.50619832405347,2.9108988945253316,
28a8d02dee,180,1569,10983,109.83,1103.3951159209444,0.5943531633461491,29.5560378853474,5.861689026493728,
28a8d02dee,180,1570,10990,109.9,1102.0080223917826,0.3066207055049582,29.426406924888326,2.1892159072528568,
28a8d02dee,180,1571,10997,109.97,1101.6331912475523,1.3339322998647989,29.428245926140555,6.578558888454744,
28a8d02dee,180,1572,11004,110.04,1100.2578074155629,0.9874893933451115,31.188306489564614,7.687822082308423,
28a8d02dee,180,1573,11011,110.11,1096.1175728925678,0.39365365335097924,28.53038533471642,2.7043220651764,
28a8d02dee,180,1574,11018,110.18,1095.7555274638473,1.542678439137776,27.305771214032934,7.755784872422994,
28a8d02dee,180,1575,11025,110.25,1094.5272148732586,0.8818263937130381,32.701276639422034,3.0000980347902564,
28a8d02dee,180,1576,11032,110.32,1092.3920834673056,0.6521988009349693,29.715623218877084,2.9895578643940315,
28a8d02dee,180,1577,11039,110.39,1091.464570733834,0.7260148274272871,29.152732667860846,4.259824259277154,
28a8d02dee,180,1578,11046,110.46,1089.2138636652903,0.4393236465773346,28.249563360319705,3.7423520986761054,
28a8d02dee,180,1579,11053,110.53,1088.508216056643,0.518116044228995,26.818675538285706,5.229946955537947,
28a8d02dee,180,1580,11060,110.6,1087.6103982970346,0.6371768654696542,27.52017128806946,4.5661926485478865,
28a8d02dee,180,1581,11067,110.67,1086.3355877602796,0.945908848105866,27.153497458293888,8.574145513599287,
28a8d02dee,180,1582,11074,110.74,1082.6607172456575,0.5230518704147291,28.744438434770153,3.104939433722496,
28a8d02dee,180,1583,11081,110.81,1081.3694050745708,0.5290796548258556,26.863438676517376,2.9480049374430095,
28a8d02dee,180,1584,11088,110.88,1079.9895281542833,0.6225650878368731,28.20819145637518,3.5024202025743385,
28a8d02dee,180,1585,11095,110.95,1078.1949606551452,0.2905981165850985,28.642340551537394,2.8641038680208566,
28a8d02dee,180,1586,11102,111.02,1077.971603509588,0.5779265454741587,28.533403437059437,5.2709186370338275,
28a8d02dee,180,1587,11109,111.09,1076.3250798342617,0.8595800625047593,28.326561218278794,8.449400731291425,
28a8d02dee,180,1588,11116,111.16,1073.117088176062,0.4358911966580556,27.40116213593087,3.4003413243107428,
28a8d02dee,180,1589,11123,111.23,1072.502306082385,0.5112683095811476,26.70133658148012,4.775599892762206,
28a8d02dee,180,1590,11130,111.3,1071.790024775032,0.6257065928308909,27.248773203802752,6.044721002691619,
28a8d02dee,180,1591,11137,111.37,1069.993980225559,0.9982913120397227,27.246273306773432,8.504806351147186,
28a8d02dee,180,1592,11144,111.44,1068.6360456773034,1.0195210253915774,28.242512257757756,6.413596147969921,
28a8d02dee,180,1593,11151,111.51,1067.0447401565946,0.8564091948957886,28.747461643111524,4.800356988851488,
28a8d02dee,180,1594,11158,111.58,1066.2874377053738,0.7658756268123871,26.925409473361057,4.182199074265266,
28a8d02dee,180,1595,11165,111.65,1065.158059657899,0.9476445682875471,27.590694888586977,7.9170304190711605,
28a8d02dee,180,1596,11172,111.72,1062.060451537366,0.46091469242365835,27.77966362738177,3.404918522955355,
28a8d02dee,180,1597,11179,111.79,1061.249201257114,0.5368013615511953,27.155503204032367,5.250146876262454,
28a8d02dee,180,1598,11186,111.86,1060.0882278981262,0.4787805947565768,27.497347252542642,4.085167876880438,
28a8d02dee,180,1599,11193,111.93,1059.2738542401933,0.4665358040191213,28.38672356264252,3.5560027952017794,
28a8d02dee,180,1600,11200,112.0,1058.3564980455726,0.524419753691394,27.512043819214167,4.28346369416304,
28a8d02dee,180,1601,11207,112.07,1057.4213065660645,1.265960406029333,28.786534766000454,2.0575562516062083,
28a8d02dee,180,1602,11214,112.14,1056.865918522354,0.8694704933988633,28.808807926709047,4.477336708522631,
28a8d02dee,180,1603,11221,112.21,1053.4234985771534,0.3925916233466458,26.92482746899982,3.2018070742066795,
28a8d02dee,180,1604,11228,112.28,1052.8957174756342,0.6178254352144499,26.92601009327409,5.768832108159041,
28a8d02dee,180,1605,11235,112.35,1051.581797521461,0.485964848517464,27.816452553911425,2.5617401484614875,
28a8d02dee,180,1606,11242,112.42,1051.0920459999413,0.8262185881050732,27.997881349654765,7.133275536496908,
28a8d02dee,180,1607,11249,112.49,1048.9416537755012,0.5805678317305082,29.562266009405143,4.476141113508826,
28a8d02dee,180,1608,11256,112.56,1048.4718519024789,0.6111103388024285,30.20860832668766,3.86015317206237,
28a8d02dee,180,1609,11263,112.63,1048.3618643616962,0.6869281941345797,29.670563416669694,4.073727422607326,
28a8d02dee,180,1610,11270,112.7,1047.824958118539,1.0085325146055486,29.24329302425199,7.72595023734852,
28a8d02dee,180,1611,11277,112.77,1046.3805601814624,1.010107334771021,29.498848225059543,4.256237878744101,
28a8d02dee,180,1612,11284,112.84,1045.9242830815897,1.178539020196584,29.92202993761383,4.549708863024575,
28a8d02dee,180,1613,11291,112.91,1044.5667042517139,1.372236880593787,29.41068466793406,5.128228964894406,
28a8d02dee,180,1614,11298,112.98,1043.934469925864,1.6201312025287713,33.31344304325939,9.640428007316029,
28a8d02dee,180,1615,11305,113.05,1042.6562312086396,1.6892505250325274,32.148007565276835,7.892157181365991,
28a8d02dee,180,1616,11312,113.12,1040.9505138495222,0.8579492592604321,34.77463692585077,3.5745104225414983,
28a8d02dee,180,1617,11319,113.19,1033.558837205478,0.7022504635323246,28.461591422150946,3.4305478896418977,
28a8d02dee,180,1618,11326,113.26,1031.627269001761,0.651075580445218,29.529876176843512,6.028089009264257,
28a8d02dee,180,1619,11333,113.33,1029.8890365688712,0.606892574932477,29.505411699768946,5.958682704735573,
28a8d02dee,180,1620,11340,113.4,1028.3659111000281,0.345809236772307,29.16655716011654,2.991634373073977,
28a8d02dee,180,1621,11347,113.47,1028.0115784060579,0.6245524708726337,30.29217155926806,5.828636160037752,
28a8d02dee,180,1622,11354,113.54,1026.318953877282,0.6064129817736861,29.389202777872136,5.418677200638337,
28a8d02dee,180,1623,11361,113.61,1024.7726310421588,0.6180939881869146,31.347067191532552,5.931927684837926,
28a8d02dee,180,1624,11368,113.68,1023.3218735530737,0.5357261900696848,29.972657010808945,5.009707512866723,
28a8d02dee,180,1625,11375,113.75,1022.2064316959542,0.5327227640198451,28.79580451157923,2.994101786144832,
28a8d02dee,180,1626,11382,113.82,1020.8023549554448,0.4458466727932258,29.546377719766504,3.7707289689259786,
28a8d02dee,180,1627,11389,113.89,1020.2417905126267,0.3305703046011055,29.30543865825756,2.1668602634331595,
28a8d02dee,180,1628,11396,113.96,1019.8890762128306,0.212262310283303,29.177913020056668,1.49763620319491,
28a8d02dee,180,1629,11403,114.03,1019.723054269759,0.4542590260232706,29.218300752373615,4.441941096813336,
28a8d02dee,180,1630,11410,114.1,1018.957471759049,0.4831869367300611,29.21195337532094,4.352882434472533,
28a8d02dee,180,1631,11417,114.17,1018.050120311123,0.6364947168871213,29.50343191692885,5.534827863608793,
28a8d02dee,180,1632,11424,114.24,1016.6353115590683,0.5472520911295173,28.359276758155904,4.576648680508653,
28a8d02dee,180,1633,11431,114.31,1015.3671706114036,0.4270273936727365,28.370034157383593,3.713132826182852,
28a8d02dee,180,1634,11438,114.38,1014.8348016346456,0.9665607424714524,28.38126353527204,9.049521718993804,
28a8d02dee,180,1635,11445,114.45,1011.6824414427695,0.8777302249407166,29.64014757490727,8.097405218598828,
28a8d02dee,180,1636,11452,114.52,1008.8015851244619,0.45353206185516337,26.448148351389133,3.3660059229637826,
28a8d02dee,180,1637,11459,114.59,1007.9908341706222,0.6501919401307957,27.20555942635856,6.512135202557714,
28a8d02dee,180,1638,11466,114.66,1006.4323885739788,0.7023151652451346,26.47484875942014,4.427949213121253,
28a8d02dee,180,1639,11473,114.73,1005.247501881629,0.6224529112483436,26.807429675818074,4.969198709748844,
28a8d02dee,180,1640,11480,114.8,1004.5305632717119,0.6565655508441386,26.19955736854944,4.554700313638965,
28a8d02dee,180,1641,11487,114.87,1002.9203288683036,0.5310057870934463,26.29287726195146,4.34273205648544,
28a8d02dee,180,1642,11494,114.94,1002.1247216959916,0.3684052317162302,25.527454948063443,1.348492218851471,
28a8d02dee,180,1643,11501,115.01,1001.7852469136053,0.8440116092346878,25.807137594528513,8.306514991895732,
28a8d02dee,180,1644,11508,115.08,999.947377256487,0.5969811893909801,27.230953351010196,3.9244822238215566,
28a8d02dee,180,1645,11515,115.15,998.6919154322,0.6169641735929008,25.305587042612853,5.219834058587954,
28a8d02dee,180,1646,11522,115.22,997.3851838884973,0.3207787745741995,26.00681866966876,1.9654602841056659,
28a8d02dee,180,1647,11529,115.29,997.0286482936265,0.688827540885967,25.388318422124463,6.027571342213374,
28a8d02dee,180,1648,11536,115.36,995.0662295235949,0.5631422266262033,24.85387888107728,5.476156207559099,
28a8d02dee,180,1649,11543,115.43,993.8348315928529,0.40799776557109785,24.32971500504548,2.7092871266267156,
28a8d02dee,180,1650,11550,115.5,993.3795973192588,0.3154381646651299,24.165025029984985,2.4306432452196356,
28a8d02dee,180,1651,11557,115.57,992.966182988177,0.5235447224095192,24.17039328429907,3.5358717577799217,
28a8d02dee,180,1652,11564,115.64,992.2509257913392,0.7303958785219972,24.900207969288374,5.004063231430219,
28a8d02dee,180,1653,11571,115.71,990.3405273678517,0.4121402843714509,25.287981199819423,2.4189460143481734,
28a8d02dee,180,1654,11578,115.78,989.965455665975,0.7740390323110757,25.30690138190173,6.907665060719675,
28a8d02dee,180,1655,11585,115.85,988.6126074268278,0.6118832572137829,24.973623656533064,4.378007578878014,
28a8d02dee,180,1656,11592,115.92,987.5579940412085,0.6303143649587399,24.764319779035134,5.565920713240061,
28a8d02dee,180,1657,11599,115.99,986.7811280738597,0.5411090512188472,25.007167858043584,3.4067822680146476,
28a8d02dee,180,1658,11606,116.06,986.19651575468,0.8049748574525349,25.160437045366,7.530903371877912,
28a8d02dee,180,1659,11613,116.13,984.0525001515971,0.6105351494954546,25.090960138820908,5.21036610758071,
28a8d02dee,180,1660,11620,116.2,983.2693182350076,0.6308269212764022,24.27201190037366,4.613231794361717,
28a8d02dee,180,1661,11627,116.27,981.5930977526418,0.43731484623559175,23.554778256504502,3.806245258987746,
28a8d02dee,180,1662,11634,116.34,981.1001059947135,0.45436110736448365,23.761461954842762,4.321076142548323,
28a8d02dee,180,1663,11641,116.41,980.2998987454844,0.6502885398191752,24.386552244906706,3.2818186031244037,
28a8d02dee,180,1664,11648,116.48,978.7013486493892,0.6322597099048475,23.957080312335098,6.053254312955161,
28a8d02dee,180,1665,11655,116.55,977.8005972807752,0.5102294006127178,23.115222551693414,3.7505764325765925,
28a8d02dee,180,1666,11662,116.62,977.0285016321451,0.38155401758227553,22.885217167670323,2.2987138745634654,
28a8d02dee,180,1667,11669,116.69,976.5384340522435,0.49181507615541764,22.53334932267262,1.972067084538639,
28a8d02dee,180,1668,11676,116.76,975.586200931261,0.5328238524486132,23.642714179531865,5.411644880034971,
28a8d02dee,180,1669,11683,116.83,974.6055460611435,0.611055469421636,24.812112835031225,5.1459430632516385,
28a8d02dee,180,1670,11690,116.9,973.805331899341,0.49236259386883713,23.75936446993769,2.925212843269138,
28a8d02dee,180,1671,11697,116.97,973.2907384402369,0.9654735998947066,24.56433914864063,8.777919399310228,
28a8d02dee,180,1672,11704,117.04,971.5989940382432,0.881199188627417,25.023376611598014,5.368331936883758,
28a8d02dee,180,1673,11711,117.11,971.4292653990416,1.0735733738655264,26.73442262056482,6.144342284121266,
28a8d02dee,180,1674,11718,117.18,969.8952860061087,0.9556783680755733,25.78722454924024,4.741724830156312,
28a8d02dee,180,1675,11725,117.25,969.1369418817526,0.5379569370107217,25.981193761016858,7.5013718540558765,
28a8d02dee,180,1676,11732,117.32,966.2224937374261,0.49332534612223616,23.275261658223428,4.482800683187643,
28a8d02dee,180,1677,11739,117.39,965.3129354157174,0.6933464026230866,22.823838304792215,5.80506206192317,
28a8d02dee,180,1678,11746,117.46,963.5276519238273,0.44065954633570875,24.268435920132205,1.8781664007928978,
28a8d02dee,180,1679,11753,117.53,963.2236140678407,0.5024841291197503,23.411411911257215,3.536290092282894,
28a8d02dee,180,1680,11760,117.6,962.2128506816086,0.2766572186184675,24.107285781226825,1.1015401908310016,
28a8d02dee,180,1681,11767,117.67,962.1181681168767,0.5730879353200572,24.134201798507426,4.118763688943885,
28a8d02dee,180,1682,11774,117.74,961.4491724844495,0.5523500809160519,24.99272623292755,2.9626688977534426,
28a8d02dee,180,1683,11781,117.81,960.7887332096909,0.5012103604685276,26.152816715302833,2.476087774904302,
28a8d02dee,180,1684,11788,117.88,959.9936423646851,0.5077635947971368,24.708485306462194,4.483042705785952,
28a8d02dee,180,1685,11795,117.95,959.0742491409441,0.6866369436627536,25.369293070776862,3.434083808321498,
28a8d02dee,180,1686,11802,118.02,958.4227065535938,0.6943849623026208,25.71066845753584,5.657394727108952,
28a8d02dee,180,1687,11809,118.09,957.2908632926527,0.647806139414997,23.95434851228486,4.545028162947916,
28a8d02dee,180,1688,11816,118.16,956.9067823580824,0.660856299931401,24.98335187905279,4.672159678687106,
28a8d02dee,180,1689,11823,118.23,956.7881778907688,0.9259703071071784,23.731221750573887,5.805558226167856,
28a8d02dee,180,1690,11830,118.3,954.5382989682664,1.0327724557228573,25.01260352253927,6.175403419764712,
28a8d02dee,180,1691,11837,118.37,952.8206530723226,1.0005108325891963,24.396355782104173,6.770052670011862,
28a8d02dee,180,1692,11844,118.44,952.1968592618554,0.952987846079515,26.285429737209018,1.611182325613985,
28a8d02dee,180,1693,11851,118.51,952.0542011788469,1.069817391236146,24.45550829133985,1.6838302179692817,
28a8d02dee,180,1694,11858,118.58,950.8742278132825,0.9698542203332182,28.110184384592092,3.9996527824491506,
28a8d02dee,180,1695,11865,118.65,950.8330351120779,1.0070659637084636,25.489886464829887,3.5372270499339318,
28a8d02dee,180,1696,11872,118.72,950.7190642163881,0.5703022768644763,27.187366706538036,3.3034920954303804,
28a8d02dee,180,1697,11879,118.79,947.3986792316554,0.6915177275233592,23.46900184577263,2.8803827963701147,
28a8d02dee,180,1698,11886,118.86,945.0661045765999,0.8985011360835768,24.64365653200673,7.317883855503712,
28a8d02dee,180,1699,11893,118.93,941.5169955460555,0.3302768970905662,24.39795978926977,2.2151405503155117,
28a8d02dee,180,1700,11900,119.0,941.1241697189105,0.4926908928055392,24.125519250923304,4.726273912251754,
28a8d02dee,180,1701,11907,119.07,940.2346068118273,0.4803449827608276,23.658013571850802,4.387226470180303,
28a8d02dee,180,1702,11914,119.14,939.4813113871153,0.43415322546258767,23.495707941525907,3.737523639275602,
28a8d02dee,180,1703,11921,119.21,938.7496125578621,0.28921928528134433,23.318218326923017,2.650753323028759,
28a8d02dee,180,1704,11928,119.28,938.4408922323679,0.483225048440512,23.469831909486906,4.631342447268172,
28a8d02dee,180,1705,11935,119.35,937.4653115895113,0.46869000587133225,23.787905483902396,4.514226453933318,
28a8d02dee,180,1706,11942,119.42,936.840526673781,0.44434550620323654,23.802834708602564,3.4995531169619296,
28a8d02dee,180,1707,11949,119.49,935.9805416703392,0.2351202577895375,23.231604122177426,1.8319519033427707,
28a8d02dee,180,1708,11956,119.56,935.8116753718755,0.38334352286608414,23.56262376256023,3.7036215390244833,
28a8d02dee,180,1709,11963,119.63,935.2688350594377,0.3395053537680252,22.335587320009456,3.2743121063669705,
28a8d02dee,180,1710,11970,119.7,934.9041961966172,0.41689928284405564,22.970460227986635,3.5091247188015955,
28a8d02dee,180,1711,11977,119.77,934.4397673689373,0.5796910007659375,24.00328676946844,3.7424299403697545,
28a8d02dee,180,1712,11984,119.84,933.7055295494197,0.4641228564909427,23.379910544693452,3.136541742060468,
28a8d02dee,180,1713,11991,119.91,933.280427316334,0.38695979575752065,23.575937110426516,2.379657871294742,
28a8d02dee,180,1714,11998,119.98,932.9046982269459,0.4554281097929689,23.76298946161278,3.773960603671203,
28a8d02dee,180,1715,12005,120.05,932.299809793979,0.4449515273549886,24.293252236620948,4.025589423473138,
28a8d02dee,180,1716,12012,120.12,931.8817164758473,0.4604152535444523,23.751746717508972,3.547946133541298,
28a8d02dee,180,1717,12019,120.19,931.264114148507,0.3885414067294205,24.064072119985944,3.0250380351260233,
28a8d02dee,180,1718,12026,120.26,930.800054084526,0.6950004115001484,23.28057020207105,5.704788910898014,
28a8d02dee,180,1719,12033,120.33,928.8383742085861,0.6853969654085801,24.668323461273506,2.915630230589605,
28a8d02dee,180,1720,12040,120.4,927.8627982420192,0.6241876417338127,23.32940989401562,3.2451724781726954,
28a8d02dee,180,1721,12047,120.47,926.8103250774327,0.7470933709960323,23.58001801561481,6.186146503875801,
28a8d02dee,180,1722,12054,120.54,926.7997709297241,0.4385716732043941,25.095517157812054,2.8995850527349836,
28a8d02dee,180,1723,12061,120.61,924.8982116463537,0.4818566839264425,21.76888134813536,4.636528788547706,
28a8d02dee,180,1724,12068,120.68,923.7822811853662,0.6373764761740891,21.8949311075778,4.708625830836661,
28a8d02dee,180,1725,12075,120.75,922.1137993020043,0.9668484172412406,22.988944659802932,8.314954823915288,
28a8d02dee,180,1726,12082,120.82,918.2449563552844,0.5323799578583991,22.39658753180113,2.676776397075417,
28a8d02dee,180,1727,12089,120.89,917.4165640674835,0.6113035121073007,22.70228602406916,4.912104540582219,
28a8d02dee,180,1728,12096,120.96,916.7077944260604,0.6488211800731118,22.851973861583676,5.445272060592002,
28a8d02dee,180,1729,12103,121.03,915.2782260290833,0.4338114305839753,22.817570619522083,3.0874113694065257,
28a8d02dee,180,1730,12110,121.1,914.7382055882309,0.4909943103703453,22.550403846543002,4.300175538143305,
28a8d02dee,180,1731,12117,121.17,914.2960155740564,0.5391639318661239,23.98567582208613,4.333740343373398,
28a8d02dee,180,1732,12124,121.24,913.9214447355951,0.5644775088349304,22.93566997812883,3.625416149562934,
28a8d02dee,180,1733,12131,121.31,913.518802361518,0.8190676372587777,22.992096561348237,5.6068692718108055,
28a8d02dee,180,1734,12138,121.38,911.5446960228238,0.5778493763233312,21.674212505846324,3.221701281856011,
28a8d02dee,180,1735,12145,121.45,910.9644535967274,0.5893735145769774,21.829934383912093,4.439573654422011,
28a8d02dee,180,1736,12152,121.52,910.0095990668323,0.519405230233496,20.56019812431433,1.136574777949993,
28a8d02dee,180,1737,12159,121.59,909.0176177285492,0.3419289940788401,20.485257041376187,3.057475698733983,
28a8d02dee,180,1738,12166,121.66,908.4389047611196,0.467660345492132,20.280092775511296,2.888818596014579,
28a8d02dee,180,1739,12173,121.73,907.6170309415908,0.1410380474540504,19.83194720219254,0.5242188824804693,
28a8d02dee,180,1740,12180,121.8,907.545798854069,0.4038517677733814,19.5951505998267,4.095629786540188,
28a8d02dee,180,1741,12187,121.87,906.9965511610226,0.3512626684825758,19.546152248966767,2.7159840571415095,
28a8d02dee,180,1742,12194,121.94,906.5842719523927,0.24911404267013526,19.34351571118557,1.8846608038309147,
28a8d02dee,180,1743,12201,122.01,906.3368012084356,0.3235439667109549,18.847192206824463,3.21221183962477,
28a8d02dee,180,1744,12208,122.08,906.053294272976,0.5624454414557868,18.92218298514902,3.5451583726307594,
28a8d02dee,180,1745,12215,122.15,905.0140642774766,0.3811662578505424,18.721683068876903,3.3691041295186106,
28a8d02dee,180,1746,12222,122.22,904.6058272763474,0.28801664126968046,18.86041891661035,1.8395964345643545,
28a8d02dee,180,1747,12229,122.29,904.4735038383457,0.5501518532713995,18.932816698530264,5.077775143833067,
28a8d02dee,180,1748,12236,122.36,903.8231503843799,0.48776445004025354,20.23290372273177,3.458798222103704,
28a8d02dee,180,1749,12243,122.43,903.3836667783263,0.5296216186102121,19.410197496681917,4.507479227972457,
28a8d02dee,180,1750,12250,122.5,902.6769520983078,0.3857482857624872,21.066400086019797,1.3247280025617278,
28a8d02dee,180,1751,12257,122.57,902.3444273264038,0.33384255651905365,20.1987538594548,1.8437005882446516,
28a8d02dee,180,1752,12264,122.64,902.1122089226465,0.31356373681795685,21.433694974971026,2.0791802449162198,
28a8d02dee,180,1753,12271,122.71,901.9156434914603,0.577018171281792,20.051563026138453,5.426317665816846,
28a8d02dee,180,1754,12278,122.78,900.6437304177257,0.2772260778669941,21.253519050305925,2.487252400836506,
28a8d02dee,180,1755,12285,122.85,900.3331026050541,1.166340584913177,20.623594940989538,4.77688923867549,
28a8d02dee,180,1756,12292,122.92,899.9514161652095,0.6055449488539064,22.791704679021567,2.5143964031182295,
28a8d02dee,180,1757,12299,122.99,898.1825071829323,0.3683071508239765,20.203858612463,3.0427511953943913,
28a8d02dee,180,1758,12306,123.06,897.6788402924082,0.35155131688465036,19.843676441424567,2.58427061652497,
28a8d02dee,180,1759,12313,123.13,897.1933901740845,0.35290446023198807,20.3232682733938,3.3217954626909854,
28a8d02dee,180,1760,12320,123.2,896.8893111752906,0.42713492213537685,20.484283539723457,2.495423684928031,
28a8d02dee,180,1761,12327,123.27,896.1910001698423,0.5909141118937093,20.669963703973373,5.679738837751864,
28a8d02dee,180,1762,12334,123.34,895.3111150685975,0.5212999159521032,22.847937673807113,3.6019773900730203,
28a8d02dee,180,1763,12341,123.41,894.5423867270256,0.33026915141719476,21.308789278031824,1.5858682053287874,
28a8d02dee,180,1764,12348,123.48,894.22436030127,0.37965204580543815,21.67321649275909,1.8464521763466344,
28a8d02dee,180,1765,12355,123.55,893.7173002716369,0.21517560170705732,21.170431507200874,1.3264124255320247,
28a8d02dee,180,1766,12362,123.62,893.5424386447663,0.54143914022949,21.092673174896227,5.266375673562103,
28a8d02dee,180,1767,12369,123.69,892.4670057810339,0.28391597003933117,21.26201492760462,2.03206939898054,
28a8d02dee,180,1768,12376,123.76,892.3376119178437,0.5610861814736372,20.717461136101914,4.823375048141588,
28a8d02dee,180,1769,12383,123.83,891.27151164791,0.441622787851904,20.460651356488004,3.9733646557348714,
28a8d02dee,180,1770,12390,123.9,890.6190441250047,0.42438011344210047,20.281691069439002,3.273490547640365,
28a8d02dee,180,1771,12397,123.97,890.0144806190676,0.40493699804318745,20.358129691787067,3.4205334088338977,
28a8d02dee,180,1772,12404,124.04,889.6271925138301,0.4326449341988319,19.275954758774812,3.4449389175545058,
28a8d02dee,180,1773,12411,124.11,889.139273484105,0.7236836779381512,20.796323667344453,7.26085061348392,
28a8d02dee,180,1774,12418,124.18,888.1659813271613,0.35120916694414833,21.515873669477777,2.5981702539917517,
28a8d02dee,180,1775,12425,124.25,886.9250727449473,0.3989431887608429,20.06619402142415,3.8456164224572253,
28a8d02dee,180,1776,12432,124.32,886.1853352019995,0.3863196876216827,20.898204429827288,3.006806563133527,
28a8d02dee,180,1777,12439,124.39,885.5670676924199,0.3717395305195521,20.879774628660083,3.6420647259558083,
28a8d02dee,180,1778,12446,124.46,885.209912734586,0.43492950024559535,20.197099539517048,2.530581941560978,
28a8d02dee,180,1779,12453,124.53,884.6893879479942,0.7095506855733615,20.780086660984455,6.280098424290878,
28a8d02dee,180,1780,12460,124.6,883.7918218794067,0.5787200559429899,20.942110703228018,2.05885206480294,
28a8d02dee,180,1781,12467,124.67,883.4200286863872,0.5949191340609469,19.57208024539507,3.883542068208819,
28a8d02dee,180,1782,12474,124.74,882.993546575882,0.5761396122432348,20.746970348916573,3.174118801257913,
28a8d02dee,180,1783,12481,124.81,882.4878605313955,0.4390782896176002,19.62088723370265,0.9249096297819329,
28a8d02dee,180,1784,12488,124.88,882.2228268165334,0.5364761805175365,20.018581261120325,3.5014497035979786,
28a8d02dee,180,1785,12495,124.95,881.4991819401089,0.5384607932040325,19.30035237325626,4.173339133565268,
28a8d02dee,180,1786,12502,125.02,880.5264550167988,0.5534723188427696,20.14802442708226,4.528147528500636,
28a8d02dee,180,1787,12509,125.09,879.8967976890452,0.4595207457508044,19.491630842802152,2.6912608815858983,
28a8d02dee,180,1788,12516,125.16,879.3802542060072,0.4803351467826285,20.15880255223945,2.818778355220038,
28a8d02dee,180,1789,12523,125.23,878.6158709026961,0.4896944084905944,20.02630348063463,4.592345165838529,
28a8d02dee,180,1790,12530,125.3,878.0627518083454,0.49647194284924195,20.78238842806343,3.323065439538345,
28a8d02dee,180,1791,12537,125.37,877.3207918960721,0.32310345788914757,20.15182504629438,2.4385894633120664,
28a8d02dee,180,1792,12544,125.44,877.0017370625072,0.18881466616054884,19.47942964034176,1.4897202061159325,
28a8d02dee,180,1793,12551,125.51,876.8655880827555,0.2089215845509779,19.36792646494453,1.5381878709406482,
28a8d02dee,180,1794,12558,125.58,876.7311073788015,0.22209496195309827,19.609322701966125,1.459817973908654,
28a8d02dee,180,1795,12565,125.65,876.6484405547934,0.21407451969857777,19.453473356469413,1.6676033259538858,
28a8d02dee,180,1796,12572,125.72,876.4678873442195,0.34761761570254057,19.387697084852263,1.9219462361452964,
28a8d02dee,180,1797,12579,125.79,876.042707907867,0.2848125688258829,20.09119183257911,2.1821031470762327,
28a8d02dee,180,1798,12586,125.86,875.6646552985413,0.742933658135714,19.527488406071935,3.4971737418576776,
28a8d02dee,180,1799,12593,125.93,875.2922111147087,0.5652452687802759,21.10410123599594,4.282860552160742,
28a8d02dee,180,1800,12600,126.0,874.3948979425171,0.4974306932111387,20.546878343626727,2.9848861062810705,
28a8d02dee,180,1801,12607,126.07,873.8907223681193,0.43157507531225797,21.519138777964276,2.777263059353558,
28a8d02dee,180,1802,12614,126.14,873.5873911347518,0.44681927487078965,20.283403287092728,2.754232039471971,
28a8d02dee,180,1803,12621,126.21,872.855413709879,0.889587648717157,20.23779755279992,8.314668315962937,
28a8d02dee,180,1804,12628,126.28,871.3907525898053,0.6987772886466614,22.74104199323598,3.9487522079860646,
28a8d02dee,180,1805,12635,126.35,870.8701090607343,0.6003310332822156,19.89812857915797,1.6906811652356764,
28a8d02dee,180,1806,12642,126.42,869.7898036712878,0.22883034526933518,20.541930742277426,2.3605173852748074,
28a8d02dee,180,1807,12649,126.49,869.2689957560557,0.5388677342980225,19.180675183681906,4.258607259756817,
28a8d02dee,180,1808,12656,126.56,868.3385994004867,0.5404256868410734,21.016375931920567,5.075391902426903,
28a8d02dee,180,1809,12663,126.63,867.4047318828875,0.3593387399510135,19.811299210591113,2.597098206923161,
28a8d02dee,180,1810,12670,126.7,867.2315896302831,0.6081192091486289,20.11555760369163,5.450270999151827,
28a8d02dee,180,1811,12677,126.77,865.9337303517083,0.768897643219132,20.58682461789674,7.32891687649374,
28a8d02dee,180,1812,12684,126.84,865.0407494284334,0.6076503673806508,21.27836807433301,2.25625637009216,
28a8d02dee,180,1813,12691,126.91,864.9909060537365,0.7986830263206964,20.553070629819732,5.5132404113396705,
28a8d02dee,180,1814,12698,126.98,864.7063018252065,0.983789073213933,23.39402982308868,6.622736509326297,
28a8d02dee,180,1815,12705,127.05,864.6411697234065,0.5615773067421084,24.606756795939237,3.829525409755797,
28a8d02dee,180,1816,12712,127.12,861.6272612115813,0.625712647968165,20.798634431497074,4.292970280964757,
28a8d02dee,180,1817,12719,127.19,860.0634016100346,0.3629190796955298,21.56696074246948,1.6712714074952246,
28a8d02dee,180,1818,12726,127.26,859.8003946083169,0.4414024106771573,21.250388614013485,3.091052147021183,
28a8d02dee,180,1819,12733,127.33,859.4860050183456,0.4849968495004843,21.320590314963972,2.678362251225671,
28a8d02dee,180,1820,12740,127.4,858.8243971651267,0.4603683392342248,21.228765847443842,3.631891726166454,
28a8d02dee,180,1821,12747,127.47,858.2495499029535,0.2714137422644904,21.457000652936383,0.8967656629351692,
28a8d02dee,180,1822,12754,127.54,858.0989572017538,0.36445437204499,21.106485078660725,2.532793199705711,
28a8d02dee,180,1823,12761,127.61,857.7916650281499,0.3046777038486201,22.111318035020858,2.1231663711125024,
28a8d02dee,180,1824,12768,127.68,857.5217086391974,1.2985039986758782,21.158348270208098,6.26516552440962,
28a8d02dee,180,1825,12775,127.75,857.2531137621879,0.7153578251097522,24.475712076495974,1.8425470280734018,
28a8d02dee,180,1826,12782,127.82,855.3147342655984,0.4045912827780236,21.747291410750396,3.182271852933705,
28a8d02dee,180,1827,12789,127.89,854.8772699848345,0.46893179536971075,21.354844167466716,3.521324468947771,
28a8d02dee,180,1828,12796,127.96,854.0034027333087,0.7203869646513139,21.635887932354503,7.102736666081114,
28a8d02dee,180,1829,12803,128.03,853.6008411301201,0.7326542355777885,24.15137140051777,3.7299732770961374,
28a8d02dee,180,1830,12810,128.1,852.7315406012615,0.6672535122780408,21.44272830080222,2.3000818722939314,
28a8d02dee,180,1831,12817,128.17,851.7476522027764,0.6535911532409888,23.404317486099206,5.09088984833343,
28a8d02dee,180,1832,12824,128.24,850.2662900346513,0.4862919044862695,21.726496945026728,2.898877175930908,
28a8d02dee,180,1833,12831,128.31,849.6591237740299,0.6710958832776924,23.372042665354723,5.972940975459724,
28a8d02dee,180,1834,12838,128.38,848.39521138499,0.7326592241845638,23.175561471406173,4.732711445582702,
28a8d02dee,180,1835,12845,128.45,847.2560872031235,0.8607435303069904,22.89856966853022,7.7514600942191105,
28a8d02dee,180,1836,12852,128.52,845.7844224949811,0.6945989467913426,21.761938246062975,4.313852937699635,
28a8d02dee,180,1837,12859,128.59,845.0255495294191,0.5689362984292328,21.47324321384622,0.7790431742671532,
28a8d02dee,180,1838,12866,128.66,844.520966493845,0.5042718249966006,20.71596596669827,2.0115291287441455,
28a8d02dee,180,1839,12873,128.73,844.094616693553,0.5706772138572908,20.88079733016901,2.092877151672068,
28a8d02dee,180,1840,12880,128.8,843.2926376932505,0.5498502139161877,20.473757828718963,4.549715465305211,
28a8d02dee,180,1841,12887,128.87,842.6745483807932,0.6309362892221503,20.989454495573643,4.3336072772192695,
28a8d02dee,180,1842,12894,128.94,841.6709000247682,0.4191088610378611,19.60778694788633,1.927778340346617,
28a8d02dee,180,1843,12901,129.01,841.0343595609032,0.3539753247979943,19.829684006278185,3.2523021445137985,
28a8d02dee,180,1844,12908,129.08,840.5958468649669,0.8056040071704825,19.81238555553897,3.1154218413531334,
28a8d02dee,180,1845,12915,129.15,840.0089314740479,0.5589288722847372,20.225947961983934,4.1683081430365805,
28a8d02dee,180,1846,12922,129.22,838.5559916248566,0.3288285237116289,19.397047896366846,1.297031057412437,
28a8d02dee,180,1847,12929,129.29,838.0128919395332,0.4169118806844632,19.262125015749145,3.9685023616567308,
28a8d02dee,180,1848,12936,129.36,837.4163763952298,0.5033519455504958,18.80229896747951,3.739900740673246,
28a8d02dee,180,1849,12943,129.43,836.2785687102745,0.64371865393942,19.080381864753956,4.729011585406419,
28a8d02dee,180,1850,12950,129.5,835.512870413615,0.4886743759493367,20.62543845653985,2.584743276958685,
28a8d02dee,180,1851,12957,129.57,835.1359611018868,0.3935867908244326,18.62562767929,2.294687407426271,
28a8d02dee,180,1852,12964,129.64,834.8997271264524,0.4603642765276181,19.613907430284346,3.3104262371964372,
28a8d02dee,180,1853,12971,129.71,834.6072545418682,0.4522455783974243,20.472202089704467,3.0818553998161273,
28a8d02dee,180,1854,12978,129.78,834.0165898129192,0.4531110110940756,19.778691753014666,2.9828971263617365,
28a8d02dee,180,1855,12985,129.85,833.5093204871525,0.43895842090015996,21.511367099922136,3.1076073784839986,
28a8d02dee,180,1856,12992,129.92,833.3859009838941,0.6210010686918829,20.935084509333574,4.913058994394353,
28a8d02dee,180,1857,12999,129.99,832.7994007326203,0.5728090153804302,23.285665487682824,3.4571937099267696,
28a8d02dee,180,1858,13006,130.06,832.6337480594278,0.6041076649049009,22.011792672084432,2.869724799962738,
28a8d02dee,180,1859,13013,130.13,832.1385592570698,0.7749318594074325,22.764033590334673,6.616011823622316,
28a8d02dee,180,1860,13020,130.2,831.83914416326,0.88323803265336,22.672412793394976,6.537560238088898,
28a8d02dee,180,1861,13027,130.27,831.3052114012805,1.1119512372607627,23.31240373768466,8.24332936706319,
28a8d02dee,180,1862,13034,130.34,829.1579570256295,0.4793146383386881,23.82557489071035,2.6517911030600856,
28a8d02dee,180,1863,13041,130.41,826.9223496360237,0.42222658437583077,20.724684390553918,2.671902559886402,
28a8d02dee,180,1864,13048,130.48,826.0863888405407,0.26140622308149675,20.68526641346749,2.517627982636461,
28a8d02dee,180,1865,13055,130.55,825.8311215430398,0.3711213861154535,20.604751465875175,3.4526047873571857,
28a8d02dee,180,1866,13062,130.62,825.247884781254,0.40559338882033363,20.532011487840784,3.5570360111264874,
28a8d02dee,180,1867,13069,130.69,824.7100976685829,0.5531987362020552,21.040892597781617,3.6756538186556464,
28a8d02dee,180,1868,13076,130.76,823.588858620998,0.29335094803705064,19.81378693551452,2.39239932360817,
28a8d02dee,180,1869,13083,130.83,823.283162954434,0.6290400476020467,19.5113098545434,6.18359706059285,
28a8d02dee,180,1870,13090,130.9,822.90088701356,0.6052522167916725,23.200977682679575,3.0229449101144596,
28a8d02dee,180,1871,13097,130.97,822.5428817762916,0.606310322425871,19.739954387918814,4.057334500235886,
28a8d02dee,180,1872,13104,131.04,821.7889011452847,0.5502767823623754,21.316459671690726,3.943385436429978,
28a8d02dee,180,1873,13111,131.11,821.0717867315439,0.4324972890657016,19.183144334348597,2.4048959562388714,
28a8d02dee,180,1874,13118,131.18,820.918441388435,0.5473348168676067,21.14000342009951,2.304814086725977,
28a8d02dee,180,1875,13125,131.25,820.6156167716697,0.5553816490041596,20.083031315144307,2.755539416702187,
28a8d02dee,180,1876,13132,131.32,820.5718246780635,0.3792982018762048,22.15532834693578,5.762400371934646,
28a8d02dee,180,1877,13139,131.39,819.113673765384,0.28807048835338095,18.614442552585277,2.861725207060972,
28a8d02dee,180,1878,13146,131.46,818.76636618923,0.428120182354895,18.896052775734212,2.4818945936388,
28a8d02dee,180,1879,13153,131.53,817.9887856599465,0.22709230544340603,19.74796524617536,1.8244955435308015,
28a8d02dee,180,1880,13160,131.6,817.8851987672695,0.3674822092094149,19.139597842856183,1.9866426065064595,
28a8d02dee,180,1881,13167,131.67,817.4618577685926,0.44053234933215657,20.42170020018384,3.3420542906979427,
28a8d02dee,180,1882,13174,131.74,816.9350343159514,0.38494447188694975,19.776717847952728,3.126196991041341,
28a8d02dee,180,1883,13181,131.81,816.455293374749,0.37282901857088957,20.445789033844754,1.1166425508276874,
28a8d02dee,180,1884,13188,131.88,815.9685754567904,0.5552033789582486,20.70925034126162,5.356806205683361,
28a8d02dee,180,1885,13195,131.95,815.0858196014974,0.3909578365199596,20.6595195036461,2.9926886785566866,
28a8d02dee,180,1886,13202,132.02,814.8044101967446,0.38015462960083246,20.846938008002866,2.9286430398765817,
28a8d02dee,180,1887,13209,132.09,814.6173628150759,0.5296010024932304,20.630545607964624,4.341595741682944,
28a8d02dee,180,1888,13216,132.16,814.0810880696829,0.623161552762626,21.34583561060308,4.920907736751905,
28a8d02dee,180,1889,13223,132.23,812.6619833354442,0.5234834119706288,20.64929342134461,1.8531099555555937,
28a8d02dee,180,1890,13230,132.3,811.8793462941651,0.4974650342696306,20.095404626940272,4.519176440377968,
28a8d02dee,180,1891,13237,132.37,811.6277008639341,0.46582235899272995,22.17977775021295,2.5741752880243407,
28a8d02dee,180,1892,13244,132.44,811.2575858340932,0.6316256984018557,20.172074268280397,5.066211013051584,
28a8d02dee,180,1893,13251,132.51,811.0060537476692,0.32511885301415744,22.53563501519988,1.8513623840323477,
28a8d02dee,180,1894,13258,132.58,809.955391781903,0.394894364298037,19.83009389013609,2.862087736665506,
28a8d02dee,180,1895,13265,132.65,809.5661058607498,0.4313471001925821,18.37522568112631,3.321626889588723,
28a8d02dee,180,1896,13272,132.72,808.9728195741974,0.201684378914965,20.29828981656282,0.6530911623041692,
28a8d02dee,180,1897,13279,132.79,808.8558471387199,0.32523278702966174,19.075769972302457,2.9836937763813767,
28a8d02dee,180,1898,13286,132.86,808.5052100215465,0.32127039502272264,20.729513033216783,2.5562027722746103,
28a8d02dee,180,1899,13293,132.93,808.1665570924146,0.48835966203878073,20.289781077731227,4.6849596666639926,
28a8d02dee,180,1900,13300,133.0,807.1452623474295,0.4332614901351375,20.81489232381998,2.8455492574719083,
28a8d02dee,180,1901,13307,133.07,806.5755143469859,0.2976893043818742,20.107529479274447,0.7420923126291135,
28a8d02dee,180,1902,13314,133.14,806.3158916903102,0.4503868937561272,20.471242054826718,3.2277083449268007,
28a8d02dee,180,1903,13321,133.21,805.5600318703349,0.49677652013122475,20.27841725415099,4.9913690080142645,
28a8d02dee,180,1904,13328,133.28,804.8885804884927,0.4092849495900566,19.665689777723955,3.319848914500392,
28a8d02dee,180,1905,13335,133.35,804.2781435743527,0.33519488083065224,19.93309688972714,2.1728246664558064,
28a8d02dee,180,1906,13342,133.42,803.878653311125,0.4162374271683053,20.055800382242584,3.74770026788558,
28a8d02dee,180,1907,13349,133.49,803.164131273004,0.4969188367885167,20.103169938706333,4.6132660979202695,
28a8d02dee,180,1908,13356,133.56,802.2446356625879,0.43007157559342,20.971500541174454,3.6313787777825297,
28a8d02dee,180,1909,13363,133.63,801.6002938312508,0.32893602917749293,20.650420285445463,2.1379280866024564,
28a8d02dee,180,1910,13370,133.7,801.1179547178957,0.2664775778938226,20.448610491032714,2.6749223491266743,
28a8d02dee,180,1911,13377,133.77,800.7514949243881,0.5803256513400387,21.649802369467444,2.9049860624815986,
28a8d02dee,180,1912,13384,133.84,799.579857907978,0.3936938793726886,21.214277224561375,2.154845782172183,
28a8d02dee,180,1913,13391,133.91,799.0756228082478,0.38054239413215485,21.312110011491413,3.5694702810377827,
28a8d02dee,180,1914,13398,133.98,798.6141803037319,0.5899520129604767,21.103345646462408,5.218914827288526,
28a8d02dee,180,1915,13405,134.05,797.0567531626465,0.38137263073829075,19.79516875420652,3.288786888043335,
28a8d02dee,180,1916,13412,134.12,796.608185926763,0.27199521537686194,19.790302762372693,2.190720363970099,
28a8d02dee,180,1917,13419,134.19,796.3650597226055,0.4333513698953102,19.53853650712086,3.3202530688466974,
28a8d02dee,180,1918,13426,134.26,795.878612766909,0.3704395793631954,20.29469404208055,1.9897467096150736,
28a8d02dee,180,1919,13433,134.33,795.4746011649761,0.20813029218210566,20.543731704434215,1.2173381174540026,
28a8d02dee,180,1920,13440,134.4,795.3140998735013,0.5794403167646965,20.098604285884097,5.7259197752714845,
28a8d02dee,180,1921,13447,134.47,794.5434762606889,0.5231681343576775,21.665584387468922,2.5490335771012522,
28a8d02dee,180,1922,13454,134.54,793.9998947090475,0.5111772762075713,21.877811399064704,3.9168847599273855,
28a8d02dee,180,1923,13461,134.61,793.3542444271642,0.5181191985608078,21.33030083165475,3.5814270686132437,
28a8d02dee,180,1924,13468,134.68,792.6984120214711,0.6866519957733372,21.746140681963322,6.477121803509151,
28a8d02dee,180,1925,13475,134.75,792.2694449071843,0.768687328284921,22.267036950983798,6.377381692524847,
28a8d02dee,180,1926,13482,134.82,790.9673370790352,0.6480494764974839,20.929687782735375,3.8048577603412927,
28a8d02dee,180,1927,13489,134.89,789.5445605749552,0.4139223213265251,20.257241372840063,2.4419368684383618,
28a8d02dee,180,1928,13496,134.96,789.2885835950526,0.4759471601971211,21.042784792428304,1.8166014169985774,
28a8d02dee,180,1929,13503,135.03,788.8601080302766,0.5477819597761711,19.477330043336956,4.059059400548227,
28a8d02dee,180,1930,13510,135.1,788.6051591097616,0.5465314422910831,21.597684137038797,1.2352327043389504,
28a8d02dee,180,1931,13517,135.17,788.2441692371274,0.5164073034022917,19.889542893153443,3.1681322888949186,
28a8d02dee,180,1932,13524,135.24,787.8005922184853,0.4433154739311124,21.566709455283807,2.7577075638315582,
28a8d02dee,180,1933,13531,135.31,787.3736799206822,0.3843488125060434,19.217331282606203,0.5182195712957881,
28a8d02dee,180,1934,13538,135.38,787.0414289931734,0.7299986593705496,20.801405535875165,6.846012827957796,
28a8d02dee,180,1935,13545,135.45,785.5151908996248,0.7108253990295181,21.962689511278185,2.1534497470160026,
28a8d02dee,180,1936,13552,135.52,784.2510556545856,0.520714769866297,22.618374523238067,2.554688398643032,
28a8d02dee,180,1937,13559,135.59,783.8244428305446,0.40817168887270905,22.928310617499346,0.8561271821615427,
28a8d02dee,180,1938,13566,135.66,783.518781247036,0.49934652479261904,22.632463073694794,2.552920878751896,
28a8d02dee,180,1939,13573,135.73,782.6155909771521,0.4081842420744466,23.03579183999637,3.022956161728298,
28a8d02dee,180,1940,13580,135.8,782.1749788244698,0.582387164495836,23.015686262127847,5.507718298849817,
28a8d02dee,180,1941,13587,135.87,781.3401863255702,0.7690633118522683,22.540005849438078,5.8350196264782985,
28a8d02dee,180,1942,13594,135.94,779.4435165459001,0.5861478855448917,21.96417367798188,2.2068674030092006,
28a8d02dee,180,1943,13601,136.01,778.5386030568245,0.4877323771264981,22.131269354611046,3.9339721271757218,
28a8d02dee,180,1944,13608,136.08,777.7875905749123,0.4388587969067139,20.431505974546816,3.5387728158315293,
28a8d02dee,180,1945,13615,136.15,777.1875831009773,0.3276856722937362,20.429290375778205,2.7615302301566995,
28a8d02dee,180,1946,13622,136.22,776.7219345032943,0.6677178997840488,20.292151438763945,6.487665006832052,
28a8d02dee,180,1947,13629,136.29,774.8564893686855,0.2893141999286131,20.643024670209936,1.9994471874819337,
28a8d02dee,180,1948,13636,136.36,774.6567790380119,0.696189501991862,20.243950979266828,5.491945302042625,
28a8d02dee,180,1949,13643,136.43,773.3743440984488,0.6742752690482194,21.51098412355606,5.955201978222007,
28a8d02dee,180,1950,13650,136.5,771.9048360364478,0.5231292115336059,21.150822103270624,4.265598100957461,
28a8d02dee,180,1951,13657,136.57,771.1439021245504,0.32754233505770214,21.974985308809853,2.069606648816313,
28a8d02dee,180,1952,13664,136.64,770.8399092799784,0.48264434163515385,21.232951913938052,4.480908317782859,
28a8d02dee,180,1953,13671,136.71,770.2098018472507,0.46035358866867754,21.340430049366198,3.03851982001019,
28a8d02dee,180,1954,13678,136.78,769.3874976102329,0.35941411011230406,20.67413513287028,3.5402025179006054,
28a8d02dee,180,1955,13685,136.85,769.0091165772627,0.24190562097144916,20.69165898852913,1.4956856970841992,
28a8d02dee,180,1956,13692,136.92,768.8595855812819,0.36528656309147567,19.93182357955307,2.9588368339215427,
28a8d02dee,180,1957,13699,136.99,768.3270447098138,0.3381739096718056,19.784163704505655,2.669261065357323,
28a8d02dee,180,1958,13706,137.06,767.9260134560596,0.5035272694343685,20.142882123369418,3.1494560221593337,
28a8d02dee,180,1959,13713,137.13,767.8775225927089,0.540298983065527,20.221862509177956,2.2222624199560297,
28a8d02dee,180,1960,13720,137.2,767.7335443984341,0.580373621402863,20.3899298845612,2.5206291400663656,
28a8d02dee,180,1961,13727,137.27,767.7186708596541,0.681588532568809,20.99423804083107,2.8491231835202875,
28a8d02dee,180,1962,13734,137.34,767.3592635754007,0.7393850191141316,20.073063374012577,3.6365803807035353,
28a8d02dee,180,1963,13741,137.41,766.3607077108153,0.7789344821443874,20.993511986890244,3.4637834821903106,
28a8d02dee,180,1964,13748,137.48,766.1349124699241,0.7686907340101029,21.590456900039257,1.991772969357808,
28a8d02dee,180,1965,13755,137.55,766.1044184241106,0.8704264947830151,21.191188800463653,3.558810617704165,
28a8d02dee,180,1966,13762,137.62,765.5345614909396,0.8703534367332846,22.034443870257938,3.355919412287198,
28a8d02dee,180,1967,13769,137.69,764.4224377806694,0.8118963243025797,20.09408571189807,4.146553830107893,
28a8d02dee,180,1968,13776,137.76,764.1913585561393,0.8402654682373674,22.477813499339106,2.52614054639214,
28a8d02dee,180,1969,13783,137.83,763.5421581796462,0.73742587992572,20.48739543142887,1.7336147597745464,
28a8d02dee,180,1970,13790,137.9,763.2975409933908,0.7876202610126838,22.281328084116815,4.007388527802466,
28a8d02dee,180,1971,13797,137.97,762.6445115826916,0.36702005865133935,20.225287684318683,3.3560367222570266,
28a8d02dee,180,1972,13804,138.04,761.2740101564879,0.15593104514440104,19.47551896850791,1.012571475598357,
28a8d02dee,180,1973,13811,138.11,761.1591911719429,0.4207968884020742,19.607774262872447,4.152721765774965,
28a8d02dee,180,1974,13818,138.18,760.6533963445352,0.6412603308645931,19.831373949479765,6.205942149280425,
28a8d02dee,180,1975,13825,138.25,759.3468007424915,0.6160536225185264,19.492906888017952,2.7678571175341142,
28a8d02dee,180,1976,13832,138.32,758.9056836132127,0.7043557566977982,19.99203432066638,2.8539476238599506,
28a8d02dee,180,1977,13839,138.39,758.7645455436074,0.3796206919084208,21.153092936414872,1.873930496947094,
28a8d02dee,180,1978,13846,138.46,757.3683232055376,0.4197182058725599,18.941636431215805,2.735037566534237,
28a8d02dee,180,1979,13853,138.53,756.6394919382273,0.26960248664734904,20.02302138173105,2.6063146590172694,
28a8d02dee,180,1980,13860,138.6,756.3735253359409,0.1631133454150914,19.334359825612026,1.5591034916660644,
28a8d02dee,180,1981,13867,138.67,756.2469465194716,0.517423645584738,19.646321622163214,5.011604691818089,
28a8d02dee,180,1982,13874,138.74,755.6523807359292,0.5153469826431027,20.709407789871126,4.198597639074739,
28a8d02dee,180,1983,13881,138.81,754.6928402817641,0.4582865024235305,20.272245333544905,4.277862428619268,
28a8d02dee,180,1984,13888,138.88,753.9212854646854,0.33255027660448927,19.70982856829344,2.8634398517961435,
28a8d02dee,180,1985,13895,138.95,753.4638275403155,0.3944149376797166,19.94448191781048,1.9538896749967842,
28a8d02dee,180,1986,13902,139.02,752.8991025703763,0.49065061737356,19.675936050961305,2.974299691165831,
28a8d02dee,180,1987,13909,139.09,752.24610657209,0.4650530517253272,20.094124078826496,4.119338351005325,
28a8d02dee,180,1988,13916,139.16,751.6314462485863,0.45404414859714565,19.017953641565885,2.999449742296723,
28a8d02dee,180,1989,13923,139.23,751.246579022645,0.5569146927568314,19.77067746922305,3.655581131350977,
28a8d02dee,180,1990,13930,139.3,750.7879405566873,0.5799414888717892,19.399996113835133,4.386754029215819,
28a8d02dee,180,1991,13937,139.37,750.4026198463438,0.5264778825386655,19.868632570138114,1.7539047667375711,
28a8d02dee,180,1992,13944,139.44,750.1231783527342,0.6685122439439717,19.037832350135925,4.425873854218317,
28a8d02dee,180,1993,13951,139.51,749.1114194021675,0.46417013447644134,19.18134246411084,3.196398887711062,
28a8d02dee,180,1994,13958,139.58,748.8043038038743,0.42120849834061563,18.744872811132932,1.974905915553214,
28a8d02dee,180,1995,13965,139.65,748.5074190565769,0.5171423903316631,18.64798739940805,4.736262067230253,
28a8d02dee,180,1996,13972,139.72,747.8739340988553,0.39473139306083843,18.85146142883588,2.333944158633067,
28a8d02dee,180,1997,13979,139.79,747.3944314412159,0.1934212049881303,17.92639033336907,0.8657181702476839,
28a8d02dee,180,1998,13986,139.86,747.3432593865377,0.4283135614861067,18.027017660637654,4.219053312514559,
28a8d02dee,180,1999,13993,139.93,746.789996007447,0.623244437553838,18.20477821839591,5.843940226793969,
28a8d02dee,180,2000,14000,140.0,745.3471354924347,0.28523921594118395,18.225150426589543,2.5681361702256043,
28a8d02dee,180,2001,14007,140.07,745.1216323077573,0.4884534259708568,18.144756791653617,4.35610157030848,
28a8d02dee,180,2002,14014,140.14,744.0726086892067,0.35830538236453446,18.47268699438431,3.1726956006251474,
28a8d02dee,180,2003,14021,140.21,743.4846103689798,0.469193317422941,18.119921250619186,1.9486268974265013,
28a8d02dee,180,2004,14028,140.28,743.3868472592175,0.35283316610965787,19.37616948922582,2.252368225139735,
28a8d02dee,180,2005,14035,140.35,743.0614457945542,0.3360362397757899,18.733262270877077,2.610773595914148,
28a8d02dee,180,2006,14042,140.42,742.779393047753,0.34606429836377195,17.946302580242513,2.6951523706989207,
28a8d02dee,180,2007,14049,140.49,742.5255918641273,0.5782496916191373,18.300600290408862,5.369550499101476,
28a8d02dee,180,2008,14056,140.56,741.7685372844741,0.3939468985036586,19.270987411629964,1.9856443992531363,
28a8d02dee,180,2009,14063,140.63,741.6866374270742,0.490872465012344,17.795539189746503,2.9995839892720118,
28a8d02dee,180,2010,14070,140.7,741.3267456446416,0.4949112754983552,19.730836795658952,2.7096969532420894,
28a8d02dee,180,2011,14077,140.77,740.8326905939342,0.1849501970513764,17.56059146746314,1.1461531848063147,
28a8d02dee,180,2012,14084,140.84,740.4848070686669,0.4437146280310161,17.755689135442054,3.7323176737553005,
28a8d02dee,180,2013,14091,140.91,739.6696203629921,0.3470774982742145,18.732899770175802,1.3463510294098766,
28a8d02dee,180,2014,14098,140.98,739.2704395912612,0.3464660158510646,18.941056317886517,2.93675025252791,
28a8d02dee,180,2015,14105,141.05,738.7234149723329,0.32022328694452595,19.26098165465979,2.677187773513023,
28a8d02dee,180,2016,14112,141.12,738.4192553888239,0.4241178821099307,18.718160754591192,3.1043261533146422,
28a8d02dee,180,2017,14119,141.19,737.7512609411658,0.434448546529448,18.445791032152933,4.167672237680918,
28a8d02dee,180,2018,14126,141.26,736.9528066600571,0.3425152975816595,17.452693901770587,3.3558807713720458,
28a8d02dee,180,2019,14133,141.33,736.6421060304108,0.25678461486364773,17.996488150740085,1.680365716239668,
28a8d02dee,180,2020,14140,141.4,736.526196304104,0.3828161792255811,17.557392932534885,3.3526786655673084,
28a8d02dee,180,2021,14147,141.47,735.9413415594643,0.23682734380427728,17.87103322893673,2.1089350752022966,
28a8d02dee,180,2022,14154,141.54,735.7473895478817,0.46226311080169213,17.429165539858374,4.69969712453626,
28a8d02dee,180,2023,14161,141.61,734.8241126370417,0.4331361264094846,18.64815402457692,3.195386643591133,
28a8d02dee,180,2024,14168,141.68,734.1433944351965,0.2369291583813672,18.34723860748127,1.2128964081676086,
28a8d02dee,180,2025,14175,141.75,733.9277519751652,0.2614290937047347,18.77409411071089,2.4725560690266146,
28a8d02dee,180,2026,14182,141.82,733.6326414611635,0.40845586337105766,17.760955801140053,3.2687545683978967,
28a8d02dee,180,2027,14189,141.89,732.8251896380679,0.4323454174334143,18.41761593642844,4.194958029953325,
28a8d02dee,180,2028,14196,141.96,732.033106420038,0.46948842909984,17.748174011483464,4.396091072522729,
28a8d02dee,180,2029,14203,142.03,731.0253761324526,0.23064596331034903,18.84799934528563,1.8977578730338889,
28a8d02dee,180,2030,14210,142.1,730.8523040108465,0.21448170239021466,18.989447119342046,1.8904433621842196,
28a8d02dee,180,2031,14217,142.17,730.664114374525,0.1113528158754216,18.897083245876537,1.0195443164217173,
28a8d02dee,180,2032,14224,142.24,730.6435767073707,0.32883818841788837,19.125246086902244,3.2763441267024884,
28a8d02dee,180,2033,14231,142.31,730.2360498652185,0.34301463450742126,18.347783294512745,2.6144632173894125,
28a8d02dee,180,2034,14238,142.38,729.6577977484326,0.3371044948532254,17.57448440128788,2.329591952651663,
28a8d02dee,180,2035,14245,142.45,729.2561258013847,0.30156295733574146,18.093077251438416,2.784943909933393,
28a8d02dee,180,2036,14252,142.52,728.9089920671921,0.246368110799662,17.9931734143332,2.1891235996425253,
28a8d02dee,180,2037,14259,142.59,728.8505608528235,0.420974705913541,17.937743262097783,3.5596362854539,
28a8d02dee,180,2038,14266,142.66,728.4301251630825,0.39780433767299306,17.72620333491637,2.9388514875394787,
28a8d02dee,180,2039,14273,142.73,727.8021629467448,0.5059572470377944,17.571457187037247,4.622166989615855,
28a8d02dee,180,2040,14280,142.8,727.1520338212224,0.29038052322666014,18.445863476603584,1.203240401784637,
28a8d02dee,180,2041,14287,142.87,727.0008169725738,0.26918468258759953,17.397120137126574,1.2735137774665637,
28a8d02dee,180,2042,14294,142.94,726.8292139868953,0.6257789623424267,18.06378506848974,5.272501797713416,
28a8d02dee,180,2043,14301,143.01,725.5381017921407,0.5876662061802245,18.09544887539536,2.5687834637294413,
28a8d02dee,180,2044,14308,143.08,724.6169384561258,0.4674546836560287,19.203782199637256,2.0049022866503337,
28a8d02dee,180,2045,14315,143.15,724.2147569229058,0.5743800815096167,19.580847649580264,4.381792671950003,
28a8d02dee,180,2046,14322,143.22,722.9280168639941,0.36950948718992177,18.045440458376362,2.403389943247854,
28a8d02dee,180,2047,14329,143.29,722.8292709784504,0.38204827543916925,18.463910329248158,1.8671246410971818,
28a8d02dee,180,2048,14336,143.36,722.7491228041306,0.4495294000662979,18.542020159876586,1.7504389500966986,
28a8d02dee,180,2049,14343,143.43,722.214938287229,0.42801615946095256,18.317051451096432,2.690405902187191,
28a8d02dee,180,2050,14350,143.5,721.6814341016332,0.4068291674944061,18.341187889827907,2.912347146004688,
28a8d02dee,180,2051,14357,143.57,721.200305921739,0.3503987369234925,17.372830967796734,3.02244833373455,
28a8d02dee,180,2052,14364,143.64,721.0111166375085,0.5663953904072205,17.4500418198601,5.177486288525838,
28a8d02dee,180,2053,14371,143.71,720.3403240756619,0.4192060733307704,17.887875725439727,1.4840004278361747,
28a8d02dee,180,2054,14378,143.78,719.7039902024305,0.28758445697699686,16.43325958848656,1.9673024872849187,
28a8d02dee,180,2055,14385,143.85,719.4212357465776,0.4880112443898275,16.518612510042104,3.2531614954028467,
28a8d02dee,180,2056,14392,143.92,718.8360727947093,0.36228927542251826,17.780310611651135,1.6958909920387755,
28a8d02dee,180,2057,14399,143.99,718.354370252626,0.29344402995102714,16.413673942577333,2.0740225323700345,
28a8d02dee,180,2058,14406,144.06,717.9871452231176,0.3432827777866064,17.511656462259417,2.101212360030334,
28a8d02dee,180,2059,14413,144.13,717.5562805571674,0.18821465384713512,18.126389080929147,1.3535181355905883,
28a8d02dee,180,2060,14420,144.2,717.4455571538111,0.27539731836537146,17.770534673514238,2.345026048023857,
28a8d02dee,180,2061,14427,144.27,717.0939240488258,0.27803605440557316,17.71230861218721,1.6826644520767837,
28a8d02dee,180,2062,14434,144.34,716.7493184408231,0.3905270878312041,17.146215957450043,3.787029322076312,
28a8d02dee,180,2063,14441,144.41,716.0869205220622,0.291744779284668,17.664853921876837,2.212306610252686,
28a8d02dee,180,2064,14448,144.48,715.7877897553974,0.4326638469397398,18.064305677731124,3.333587384063956,
28a8d02dee,180,2065,14455,144.55,714.892522943562,0.3059902297527869,18.69898716559716,2.282511981134416,
28a8d02dee,180,2066,14462,144.62,714.5522551176358,0.34315542099335844,19.02417217859676,3.4757130442291087,
28a8d02dee,180,2067,14469,144.69,714.0324783434055,0.3468912038391389,18.97622565899544,3.147898573699811,
28a8d02dee,180,2068,14476,144.76,713.5229450414708,0.33570578551222807,18.808679078304632,3.1928323914444405,
28a8d02dee,180,2069,14483,144.83,713.1600732355279,0.338359609359631,18.714616661484378,1.7676387750930092,
28a8d02dee,180,2070,14490,144.9,712.7329382244186,0.28473758055468723,18.329537530457802,2.525606644664746,
28a8d02dee,180,2071,14497,144.97,712.4807184255151,0.177138720059233,17.90760034402463,1.1595760834657904,
28a8d02dee,180,2072,14504,145.04,712.4124218375292,0.29634940710350005,17.717400068401176,2.2609792433079883,
28a8d02dee,180,2073,14511,145.11,712.0245155854489,0.31471005402460134,17.497558980202985,2.8665469772303704,
28a8d02dee,180,2074,14518,145.18,711.7083553147578,0.3498261850569152,17.250470520484754,3.104948066325849,
28a8d02dee,180,2075,14525,145.25,711.2454456617788,0.23103063648849265,17.117921407365042,1.650998637839504,
28a8d02dee,180,2076,14532,145.32,711.1080338399663,0.21434350957525644,17.016333532274977,1.9277721774659982,
28a8d02dee,180,2077,14539,145.39,710.9026919825897,0.1517097452446693,17.27790234237,1.4315157489448749,
28a8d02dee,180,2078,14546,145.46,710.8061929142284,0.15300877626963544,17.390324686828695,1.5069190682697235,
28a8d02dee,180,2079,14553,145.53,710.6897104176888,0.24216001627786682,17.296302905416976,2.3300160545265016,
28a8d02dee,180,2080,14560,145.6,710.4565606616219,0.7774708916527215,17.364140958923958,3.285755601695908,
28a8d02dee,180,2081,14567,145.67,710.217505820113,0.3839492994942806,19.041058071819766,2.555929344364365,
28a8d02dee,180,2082,14574,145.74,709.5499207249333,0.3214906869227926,17.659601492633655,2.770260644978545,
28a8d02dee,180,2083,14581,145.81,709.305300511794,0.30934629880488507,17.873479866008022,2.011010579078898,
28a8d02dee,180,2084,14588,145.88,709.2969128397671,0.45317121838746544,17.55204710901923,2.0460162170326455,
28a8d02dee,180,2085,14595,145.95,709.2010985110468,0.2920152685501501,18.460087160504322,3.7373640138939783,
28a8d02dee,180,2086,14602,146.02,708.3742254719401,0.5154397067513464,16.801653879912013,3.506837076071193,
28a8d02dee,180,2087,14609,146.09,707.4585040096435,0.47674230600684764,18.608402845078064,3.494110642650553,
28a8d02dee,180,2088,14616,146.16,706.6985855785932,0.7001727689113236,18.12623394064782,3.9939724703526434,
28a8d02dee,180,2089,14623,146.23,705.0792396910499,0.6372809177151817,18.05230407354175,4.289152618283521,
28a8d02dee,180,2090,14630,146.3,703.7415652012418,0.4975187075887723,18.68550423581141,4.064626569883531,
28a8d02dee,180,2091,14637,146.37,702.841522727193,0.3414201574585447,18.840802151132305,1.1274416961026779,
28a8d02dee,180,2092,14644,146.44,702.5597852849029,1.006531467858774,18.610687710752963,4.604083933297987,
28a8d02dee,180,2093,14651,146.51,702.4159422806753,0.6925858718393082,18.778965999906703,3.950244524485821,
28a8d02dee,180,2094,14658,146.58,700.6047785760904,0.32017933748266925,19.813749817149976,2.1592862831025417,
28a8d02dee,180,2095,14665,146.65,700.274703541558,0.39687834291319696,18.640202613302407,2.5227080942586735,
28a8d02dee,180,2096,14672,146.72,699.6357811712107,0.1008481432828647,18.972329925172605,0.7367074337409888,
28a8d02dee,180,2097,14679,146.79,699.6053259095133,0.09914476643327919,18.6636859928921,0.9073887150965798,
28a8d02dee,180,2098,14686,146.86,699.5640308777782,0.18449708722796318,18.700584156656596,1.463545978473435,
28a8d02dee,180,2099,14693,146.93,699.4382022517474,0.4197417023146484,18.525626150713368,1.1772544975611223,
28a8d02dee,180,2100,14700,147.0,698.9824857573353,0.3570923298711267,19.09033538741772,2.335035391549098,
28a8d02dee,180,2101,14707,147.07,698.8036505795518,0.44277238486792747,17.987849151099226,2.6218658051371673,
28a8d02dee,180,2102,14714,147.14,698.0365193859002,0.4128316725830266,18.56247272810475,3.527913973620527,
28a8d02dee,180,2103,14721,147.21,697.7341419951629,0.49562483006729796,18.35518168777565,2.310158352453421,
28a8d02dee,180,2104,14728,147.28,697.3524370484981,0.6160948657352175,18.424623562720328,2.0037601869231145,
28a8d02dee,180,2105,14735,147.35,695.7047547581826,0.4564729491486593,17.889782818408186,4.056056730979718,
28a8d02dee,180,2106,14742,147.42,695.0620308038204,0.37202856378494237,18.68483371980253,3.1117410869206394,
28a8d02dee,180,2107,14749,147.49,694.908172831404,0.48299844839825523,17.95608301953771,3.8099739954840173,
28a8d02dee,180,2108,14756,147.56,694.4311018467837,0.47126033678870743,18.20815459849626,3.6813836351860747,
28a8d02dee,180,2109,14763,147.63,694.1521247339374,0.4088830679394247,17.723769507198245,1.2445788647869613,
28a8d02dee,180,2110,14770,147.7,693.8331310713444,0.30640084683297414,17.533997478563265,0.6772773769727949,
28a8d02dee,180,2111,14777,147.77,693.7389116531239,0.31292931881980063,17.297240405881688,1.7822099580004473,
28a8d02dee,180,2112,14784,147.84,693.6082501160179,0.28576014457369187,17.438610518908792,1.7970205721637784,
28a8d02dee,180,2113,14791,147.91,693.4153703973835,0.36993908070444814,17.548656405992627,2.526459446677144,
28a8d02dee,180,2114,14798,147.98,692.8800207419057,0.46556238254119037,16.764787206289697,4.461549396753653,
28a8d02dee,180,2115,14805,148.05,691.9236857467364,0.09939671695139869,16.836745029611368,0.759741265255984,
28a8d02dee,180,2116,14812,148.12,691.8875872880147,0.17139172139584144,16.739688769851696,1.6281881288711089,
28a8d02dee,180,2117,14819,148.19,691.7783881935744,0.25711284384838773,16.8141611675759,0.31316144156858233,
28a8d02dee,180,2118,14826,148.26,691.6467727154125,0.4238411261463872,17.582369382643318,1.2929185347942904,
28a8d02dee,180,2119,14833,148.33,690.9235378982922,0.20635271673878242,17.483024796794133,1.5905296536853821,
28a8d02dee,180,2120,14840,148.4,690.7333015859452,0.4342809241369302,17.55209251788233,4.399494085596583,
28a8d02dee,180,2121,14847,148.47,690.0341757448381,0.3408328673746176,19.51873078948844,3.0280265079813886,
28a8d02dee,180,2122,14854,148.54,689.5918103022291,0.1503805245786678,17.94699030694849,0.6907039874943731,
28a8d02dee,180,2123,14861,148.61,689.5351467128031,0.5580375222209688,18.512327064748355,4.24635419496557,
28a8d02dee,180,2124,14868,148.68,688.1006764444843,0.6361051999238084,19.03380030587488,5.210972407748617,
28a8d02dee,180,2125,14875,148.75,686.5105668714458,0.40529075773533557,18.8836198630127,2.8624214111301667,
28a8d02dee,180,2126,14882,148.82,685.9137880611197,0.5528767290148395,19.258464838310715,5.038934079899256,
28a8d02dee,180,2127,14889,148.89,684.8395292733286,0.5024996734775032,19.47553754703051,4.8961573988140845,
28a8d02dee,180,2128,14896,148.96,684.0101697596939,0.6695504717799544,18.970649755665107,5.977128611069764,
28a8d02dee,180,2129,14903,149.03,683.3594588786632,0.6010014485625534,19.43264334675122,4.169141408449526,
28a8d02dee,180,2130,14910,149.1,683.1667689339083,0.6870771092388832,18.856282320410816,4.450069149039929,
28a8d02dee,180,2131,14917,149.17,682.8522621410074,0.3727774993856908,20.546880502262916,3.630925775841741,
28a8d02dee,180,2132,14924,149.24,681.5519439324852,0.3451703598693924,17.348501104984575,3.0984312932481073,
28a8d02dee,180,2133,14931,149.31,681.1101544043128,0.4395139658393181,18.31641423809175,4.138821681224104,
28a8d02dee,180,2134,14938,149.38,680.3888047677411,0.3634720404787579,17.993866705511603,3.268878911429173,
28a8d02dee,180,2135,14945,149.45,679.8546457265528,0.41683243578908036,19.099012839411888,2.691676384461985,
28a8d02dee,180,2136,14952,149.52,679.6002478363216,0.4242411497311394,18.92971691261871,1.6802934497761854,
28a8d02dee,180,2137,14959,149.59,679.1686539007809,0.45296526307053697,18.643240113671077,3.5161175909708513,
28a8d02dee,180,2138,14966,149.66,678.7463142069488,0.3892500114499004,17.882595272844704,1.9380684511095556,
28a8d02dee,180,2139,14973,149.73,678.3740726531828,0.36917562770083495,18.113318495156154,2.369187154828328,
28a8d02dee,180,2140,14980,149.8,677.8185657858712,0.5725396189161591,16.666570961045213,5.4177575354852845,
28a8d02dee,180,2141,14987,149.87,676.6554561045517,0.28873639255559685,18.515671682804527,2.2398692720943396,
28a8d02dee,180,2142,14994,149.94,676.4193977900699,0.39106618900364765,17.583432508508018,3.1063781813444593,
28a8d02dee,180,2143,15001,150.01,675.769661543878,0.16781013601557182,17.746534514489138,0.9382903087916313,
28a8d02dee,180,2144,15008,150.08,675.6771435087663,0.39529882765525326,17.74444125499035,2.3052429138833244,
28a8d02dee,180,2145,15015,150.15,675.1789034774729,0.4292908571104148,17.563148157292332,4.129762708275439,
28a8d02dee,180,2146,15022,150.22,674.9012759443949,0.3646448033974897,17.33534837824579,1.4337063812878341,
28a8d02dee,180,2147,15029,150.29,674.5649192951811,0.33948408899939725,16.61960365449593,2.6445069110776878,
28a8d02dee,180,2148,15036,150.36,674.0906293570864,0.35252746898583853,16.732144721842392,3.1471972120115788,
28a8d02dee,180,2149,15043,150.43,673.6686692284387,0.42182247959800667,16.56731111567648,1.749348448248688,
28a8d02dee,180,2150,15050,150.5,673.1256949683957,0.24575082713199325,16.107949931438355,1.9367052360924488,
28a8d02dee,180,2151,15057,150.57,672.8428069239158,0.2676642696193353,15.914931502512053,1.4659284533114558,
28a8d02dee,180,2152,15064,150.64,672.6486430285609,0.27273404579164406,16.386856942697182,1.9805256160668565,
28a8d02dee,180,2153,15071,150.71,672.4517418314668,0.45632809770500116,16.58022341945792,2.887118644793013,
28a8d02dee,180,2154,15078,150.78,672.0895944982148,0.4070958167606537,17.100443806923817,2.294008650076697,
28a8d02dee,180,2155,15085,150.85,671.4605666565205,0.23321479223564265,15.51324380004879,0.31448067984517,
28a8d02dee,180,2156,15092,150.92,671.3640830862229,0.5022391449237118,16.119792620799675,4.716927046500166,
28a8d02dee,180,2157,15099,150.99,670.3478670774074,0.36508829756069106,16.34688334199642,3.2374869923371192,
28a8d02dee,180,2158,15106,151.06,669.8157149485883,0.22948733595414195,16.620995522812663,1.64309145205412,
28a8d02dee,180,2159,15113,151.13,669.571430835357,0.1838989296732816,16.973728648190058,1.3820109309557047,
28a8d02dee,180,2160,15120,151.2,669.4129642727165,0.4090702866878372,16.851661273366023,4.0074950985634255,
28a8d02dee,180,2161,15127,151.27,668.5928869671143,0.25031949235156403,16.22563166544382,2.127146817078869,
28a8d02dee,180,2162,15134,151.34,668.3151536123784,0.49182510839603794,16.247703736857794,4.8791816934482695,
28a8d02dee,180,2163,15141,151.41,667.2946024449692,0.37380595424135105,16.78428530331954,3.245244620239911,
28a8d02dee,180,2164,15148,151.48,666.6629781549759,0.20323875000770883,17.23752188736161,1.9528235490435129,
28a8d02dee,180,2165,15155,151.55,666.5140999472949,0.5081448201203154,17.136946144983995,2.462909892872165,
28a8d02dee,180,2166,15162,151.62,666.484609761026,0.3440482770905852,17.391361311187023,1.2778328611377063,
28a8d02dee,180,2167,15169,151.69,666.120794365773,0.24338567992313515,17.183376055681677,1.2642815810832237,
28a8d02dee,180,2168,15176,151.76,665.8535667715751,0.17329520333857582,16.811715771507206,1.5819630089420622,
28a8d02dee,180,2169,15183,151.83,665.7067687872277,0.21303172492674396,17.200908368413945,1.8283520698660338,
28a8d02dee,180,2170,15190,151.9,665.6884426503109,0.35513196190882207,16.848890210173177,1.7667733347839456,
28a8d02dee,180,2171,15197,151.97,665.24159513598,0.2840292712611188,16.784994081625626,2.227207133751238,
28a8d02dee,180,2172,15204,152.04,664.857342271309,0.5468671654663765,16.327687903476924,4.45561290921954,
28a8d02dee,180,2173,15211,152.11,663.5120527123452,0.2939351666845018,17.563942126923415,2.6432399806226208,
28a8d02dee,180,2174,15218,152.18,663.2710338271601,0.37250572242070507,16.888362942052144,2.3280218043432885,
28a8d02dee,180,2175,15225,152.25,662.849581180989,0.4654795948945819,16.441971929630547,2.3550662826333184,
28a8d02dee,180,2176,15232,152.32,662.3193267872007,0.3565841295262313,16.874783226441863,2.972581751387693,
28a8d02dee,180,2177,15239,152.39,662.0496243726186,0.2527460304762935,16.791656087600888,0.7746690122918282,
28a8d02dee,180,2178,15246,152.46,661.9575765077913,0.3135798168056372,16.414992368272852,1.8260553233131134,
28a8d02dee,180,2179,15253,152.53,661.562686813538,0.17534038445798128,17.11150002585533,1.554658583927144,
28a8d02dee,180,2180,15260,152.6,661.4208070765471,0.39226480132558944,16.940070547941804,2.8000503675619943,
28a8d02dee,180,2181,15267,152.67,660.7375873705697,0.32616874456439404,16.95438610322486,2.5943458764304674,
28a8d02dee,180,2182,15274,152.74,660.4001366184228,0.16121527898395954,16.75787564994443,0.9240759222849094,
28a8d02dee,180,2183,15281,152.81,660.3247770223426,0.16890934317836145,16.488255108634984,1.3974236564868978,
28a8d02dee,180,2184,15288,152.88,660.2262111940789,0.3193019328803129,16.301957979389748,2.7690110434338413,
28a8d02dee,180,2185,15295,152.95,659.7797194861298,0.16482821917320525,17.031142894787653,1.062944587285783,
28a8d02dee,180,2186,15302,153.02,659.6783044476368,0.2849761888790845,16.7037621216396,0.9807607814285361,
28a8d02dee,180,2187,15309,153.09,659.2874184799172,0.46402138204479904,17.579772224675125,0.8101941971174003,
28a8d02dee,180,2188,15316,153.16,658.2976062004641,0.4047122781445348,17.142832676170787,2.8685865662540175,
28a8d02dee,180,2189,15323,153.23,658.0102250434808,0.3684183074071336,17.17620062340595,1.96915682793315,
28a8d02dee,180,2190,15330,153.3,657.6270100668366,0.521795092031062,17.032346576600737,5.110612962670593,
28a8d02dee,180,2191,15337,153.37,656.589402563462,0.2691330196436873,16.78637442124177,2.097801977991016,
28a8d02dee,180,2192,15344,153.44,656.360387226051,0.345255208693804,16.692473858572768,0.5544400250453488,
28a8d02dee,180,2193,15351,153.51,655.9764173424766,0.2531621487358927,17.702111792558853,1.6557048036633666,
28a8d02dee,180,2194,15358,153.58,655.7388321649564,0.43722944006348424,16.92260994285337,1.2149482926436581,
28a8d02dee,180,2195,15365,153.65,654.8540659129413,0.3370431120591238,16.960714057375657,2.754285517433389,
28a8d02dee,180,2196,15372,153.72,654.5212856293765,0.38926344003451474,17.403710014000158,3.8416803910738357,
28a8d02dee,180,2197,15379,153.79,654.2853721498761,0.4079830204623928,18.097130487377317,2.3797166171781607,
28a8d02dee,180,2198,15386,153.86,653.7481182877232,0.32682279709469225,17.526721184779348,1.0855796793501316,
28a8d02dee,180,2199,15393,153.93,653.406996530925,0.22974589319053101,18.245486562121105,1.448383526119533,
28a8d02dee,180,2200,15400,154.0,653.2814852530082,0.1827261062955352,18.250996854038938,1.0580852765482047,
28a8d02dee,180,2201,15407,154.07,653.2242440274357,0.44314449052991145,18.537516977340932,4.2724171294958655,
28a8d02dee,180,2202,15414,154.14,652.8814250252846,0.3682224880045303,19.240182478834434,0.5107527962166446,
28a8d02dee,180,2203,15421,154.21,652.5893610366335,0.4521180291759186,18.506497289088998,3.6938409692531,
28a8d02dee,180,2204,15428,154.28,651.6557185770068,0.8183056150403217,17.945031824667545,2.9120897708473477,
28a8d02dee,180,2205,15435,154.35,651.5845725202614,0.5051500845829199,18.12811897079894,4.02353649154947,
28a8d02dee,180,2206,15442,154.42,650.7264527536739,0.22998959609909556,17.330294616826148,0.8208526686684465,
28a8d02dee,180,2207,15449,154.49,650.5387416048986,0.4931892645830126,17.145387646802828,4.98449800055592,
28a8d02dee,180,2208,15456,154.56,649.6719799450552,0.2715376812494901,17.866276613051088,1.6833555895348298,
28a8d02dee,180,2209,15463,154.63,649.4233759654524,0.25031414439093563,17.223472498808235,1.6459479288651644,
28a8d02dee,180,2210,15470,154.7,649.307737956844,0.47537301736321863,17.900896509679807,2.9523681079043453,
28a8d02dee,180,2211,15477,154.77,648.8870794087419,0.32853779265561556,17.976132244879544,5.845239336072429,
28a8d02dee,180,2212,15484,154.84,647.8363080285062,0.1928650377462602,17.49703153553333,1.711137882076772,
28a8d02dee,180,2213,15491,154.91,647.6881100063279,0.3649843208787189,18.04923172397093,3.5088943624732734,
28a8d02dee,180,2214,15498,154.98,647.3552708716063,0.5032500701876751,19.20352095457687,0.8985343502983621,
28a8d02dee,180,2215,15505,155.05,646.54259697738,0.27077663643760513,18.736025777759263,1.4487946079279588,
28a8d02dee,180,2216,15512,155.12,646.4240872773493,0.3299041696388886,18.311773863988694,2.936457313087212,
28a8d02dee,180,2217,15519,155.19,646.1287575903617,0.33126499846202123,18.749974067324196,1.2653935774908016,
28a8d02dee,180,2218,15526,155.26,645.9761408899822,0.5151054713879993,18.65498443786915,3.679525078867828,
28a8d02dee,180,2219,15533,155.33,645.2134384422823,0.4289751064384129,18.463437549413893,3.359750045648093,
28a8d02dee,180,2220,15540,155.4,644.746308309501,0.48039701303610755,17.755078544249308,4.099179658812501,
28a8d02dee,180,2221,15547,155.47,644.3976814165712,0.403625839333415,18.646166816889053,1.6201310363568426,
28a8d02dee,180,2222,15554,155.54,644.1412730384825,0.5815963737352491,17.431810892558822,4.293257292866576,
28a8d02dee,180,2223,15561,155.61,643.4355447423486,0.4286938573444933,18.17896464225241,2.537508913301075,
28a8d02dee,180,2224,15568,155.68,642.8235982434389,0.3476894790004988,16.875509895272444,1.3026166205796363,
28a8d02dee,180,2225,15575,155.75,642.360488897121,0.40403717291896796,17.200289040491292,3.8142600736443266,
28a8d02dee,180,2226,15582,155.82,641.6308442086104,0.30060796278359125,17.30468830553702,2.7267912431051404,
28a8d02dee,180,2227,15589,155.89,641.3222836096353,0.1905905043599313,17.744174577480724,1.131459879024843,
28a8d02dee,180,2228,15596,155.96,641.2094994228854,0.32421537063905354,17.742675810900547,2.4219410783069137,
28a8d02dee,180,2229,15603,156.03,640.8572093021594,0.3520085385613634,17.73194006751726,2.7352240564650336,
28a8d02dee,180,2230,15610,156.1,640.2789539410701,0.3712232562794489,17.40045978122872,3.2882320974420214,
28a8d02dee,180,2231,15617,156.17,639.8116441685635,0.5192341163253947,18.256609168830252,2.2916366708857976,
28a8d02dee,180,2232,15624,156.24,638.7354727755151,0.22539963444350766,18.18226545920127,0.43663117758239345,
28a8d02dee,180,2233,15631,156.31,638.5743657903273,0.3760828839573189,18.117480469058325,3.044885056107675,
28a8d02dee,180,2234,15638,156.38,638.0418013985825,0.29282152897843716,18.567486286590945,2.684956784269275,
28a8d02dee,180,2235,15645,156.45,637.7704600700808,0.420162306937545,18.34309281459666,2.8191837993947213,
28a8d02dee,180,2236,15652,156.52,636.9541188715838,0.5459094267880078,17.744858084495167,5.198741343150571,
28a8d02dee,180,2237,15659,156.59,636.5398432873275,0.45435484331152576,17.753716831039522,2.5994568763180155,
28a8d02dee,180,2238,15666,156.66,636.2578354913759,0.4547548735499556,17.113887163375633,2.8363640027776027,
28a8d02dee,180,2239,15673,156.73,636.0438637139242,0.41752020554294444,18.165662810365927,1.6254007774134618,
28a8d02dee,180,2240,15680,156.8,635.7018531838289,0.4252007760927869,16.984580855111044,1.3296723562040957,
28a8d02dee,180,2241,15687,156.87,635.2345783777928,0.3697013136744328,18.164207475668185,2.9670693148971785,
28a8d02dee,180,2242,15694,156.94,634.8100152018942,0.29508326867852835,17.528595189494418,2.13020585070389,
28a8d02dee,180,2243,15701,157.01,634.4865822374269,0.5057096478495761,18.212374526247228,5.025249904652588,
28a8d02dee,180,2244,15708,157.08,633.7239003220286,0.46612596611276036,18.580571641508527,4.340444992627676,
28a8d02dee,180,2245,15715,157.15,633.3360422945998,0.33932312107675766,16.823511305946433,1.267293467264936,
28a8d02dee,180,2246,15722,157.22,633.1502351974831,0.3739825719302728,17.75550560425489,2.3713053767369487,
28a8d02dee,180,2247,15729,157.29,632.917975507924,0.478536428389755,17.044897608402014,2.3631872545066037,
28a8d02dee,180,2248,15736,157.36,631.9958706651837,0.36010377825227974,17.453446351286146,3.3836594105876414,
28a8d02dee,180,2249,15743,157.43,631.6168725650455,0.2818330300160143,17.73109471273068,1.9632243403921898,
28a8d02dee,180,2250,15750,157.5,631.4639586144823,0.26844082944409015,18.512766989595015,1.486589542389419,
28a8d02dee,180,2251,15757,157.57,631.2695309543219,0.31020131958921204,18.106262853167514,2.1824957481093112,
28a8d02dee,180,2252,15764,157.64,630.9072579361942,0.3102678888681773,18.52348362571871,2.700733050714905,
28a8d02dee,180,2253,15771,157.71,630.6014857970486,0.3534469396748971,17.858568732155135,3.2913302152552144,
28a8d02dee,180,2254,15778,157.78,630.0682545708645,0.2119367921958015,17.76420216916674,1.8542180495539284,
28a8d02dee,180,2255,15785,157.85,629.8413092294538,0.4132455239167956,17.43710418824228,4.023786835260109,
28a8d02dee,180,2256,15792,157.92,629.4545583741815,0.6136003441524508,18.021371817378313,5.173131445575033,
28a8d02dee,180,2257,15799,157.99,628.773589847744,0.42859240309751395,18.83682122667676,1.3058414498644142,
28a8d02dee,180,2258,15806,158.06,628.5235212716406,0.4276481066454978,17.539980805357594,3.111928572487159,
28a8d02dee,180,2259,15813,158.13,628.3228852849902,0.3974677790408642,18.09599497717239,1.4805464777624988,
28a8d02dee,180,2260,15820,158.2,628.109825323522,0.4527006140612117,17.156791399555857,3.2487768483558663,
28a8d02dee,180,2261,15827,158.27,627.6400154385993,0.3437751605446551,17.22660776431842,1.7752895070380357,
28a8d02dee,180,2262,15834,158.34,627.5334613169042,0.38192031867544535,16.214546712196423,2.1035600294954064,
28a8d02dee,180,2263,15841,158.41,627.1748875632275,0.42944503658379535,16.860859290161105,3.650292379653324,
28a8d02dee,180,2264,15848,158.48,626.5099364076947,0.4864549872310504,16.245507316146263,4.168975170566145,
28a8d02dee,180,2265,15855,158.55,625.5346175956912,0.25683579097402615,16.750189669801383,1.2233518000659203,
28a8d02dee,180,2266,15862,158.62,625.4659028346184,0.33764706591682275,16.318519324429086,1.3382550396296589,
28a8d02dee,180,2267,15869,158.69,625.1097360425151,0.458586472292532,16.156757619249994,4.381490310321752,
28a8d02dee,180,2268,15876,158.76,624.914870417312,0.5351849043545932,18.342180090168682,2.987566973243716,
28a8d02dee,180,2269,15883,158.83,624.5305550256971,0.2401245556094488,16.695091537247837,1.478527376596652,
28a8d02dee,180,2270,15890,158.9,623.9669900305948,0.4259991376786599,16.41088852266054,4.2996813395035405,
28a8d02dee,180,2271,15897,158.97,623.2338640469811,0.6311961616887326,17.562461635763842,6.420936568951627,
28a8d02dee,180,2272,15904,159.04,622.0917834605323,0.36749640969500835,16.691764856931947,2.084439483095617,
28a8d02dee,180,2273,15911,159.11,621.7046328271346,0.30602689065476385,16.97295724025059,1.9929659494591514,
28a8d02dee,180,2274,15918,159.18,621.3924188578474,0.31874397199505555,16.70675531239767,2.709524285047918,
28a8d02dee,180,2275,15925,159.25,620.9361359686822,0.208767708921077,16.82570117986815,1.831724437323631,
28a8d02dee,180,2276,15932,159.32,620.7546711351409,0.25959026438191857,16.8995617754167,0.42989340305744833,
28a8d02dee,180,2277,15939,159.39,620.5184719133119,0.18349039989754498,16.900469639529593,1.338759901422212,
28a8d02dee,180,2278,15946,159.46,620.4233311606114,0.13551415358704724,16.693123302628315,0.9694539101026349,
28a8d02dee,180,2279,15953,159.53,620.3482997411943,0.13817113560461972,16.881253509328857,0.6463677578833893,
28a8d02dee,180,2280,15960,159.6,620.2965227447389,0.3170387919937708,17.15273402454533,2.1372481895496804,
28a8d02dee,180,2281,15967,159.67,620.0347100457105,0.36934709200095495,17.117650279035065,2.7798954987318396,
28a8d02dee,180,2282,15974,159.74,619.7489175206443,0.5160045357688955,16.896440110139366,4.007497915926621,
28a8d02dee,180,2283,15981,159.81,619.3525294155127,0.45946392086607696,17.93009924735923,2.65823931407938,
28a8d02dee,180,2284,15988,159.88,619.1316476671827,0.517003216348415,16.886425796721422,3.1870571470899134,
28a8d02dee,180,2285,15995,159.95,618.3073382336257,0.5093142644314738,18.06026627720648,4.259540777111058,
28a8d02dee,180,2286,16002,160.02,617.5468357914411,0.4262412853413133,18.5046868362283,3.914667525915299,
28a8d02dee,180,2287,16009,160.09,616.9669461582697,0.2850326444937462,17.523949816310175,2.134686190929369,
28a8d02dee,180,2288,16016,160.16,616.7984305206513,0.2901137625810261,17.843198060446742,2.1410262859702924,
28a8d02dee,180,2289,16023,160.23,616.5585534625664,0.2955644471280441,17.53160558766528,2.900209876929539,
28a8d02dee,180,2290,16030,160.3,616.1463529211591,0.302488170614505,16.86909802706843,2.170445234526733,
28a8d02dee,180,2291,16037,160.37,615.7373146126117,0.12197948979830459,17.110837877060046,0.7718726443627408,
28a8d02dee,180,2292,16044,160.44,615.6778780724613,0.28299367974244716,17.086203882452374,2.3406047941027643,
28a8d02dee,180,2293,16051,160.51,615.3901114621161,0.414942427360576,17.37652345607462,2.9465915514702887,
28a8d02dee,180,2294,16058,160.58,614.6746238672883,0.40626828585185304,17.552481960507393,3.8021541753772876,
28a8d02dee,180,2295,16065,160.65,613.9958560442147,0.3301347811650099,16.884589254353738,3.033532547623892,
28a8d02dee,180,2296,16072,160.72,613.6423557265679,0.4881140744462141,17.258055399737778,3.8705543011810213,
28a8d02dee,180,2297,16079,160.79,612.6683838166947,0.3470117650214025,16.819280841517628,3.2151537540946706,
28a8d02dee,180,2298,16086,160.86,612.2729961576367,0.30994550998520537,17.763939389242204,2.2218534791240083,
28a8d02dee,180,2299,16093,160.93,611.9093393825608,0.29904737974467294,17.559963760881693,2.688196771114694,
28a8d02dee,180,2300,16100,161.0,611.5392865295977,0.3600422911768398,18.151373898950254,3.5498871801841503,
28a8d02dee,180,2301,16107,161.07,611.1328948438904,0.415249767204239,17.66777522169273,4.10710790260642,
28a8d02dee,180,2302,16114,161.14,611.0464298847689,0.5295989357576533,18.770352676469063,3.579435378034605,
28a8d02dee,180,2303,16121,161.21,610.6697172834536,0.6988231438723517,18.06052453031914,5.2647219975392385,
28a8d02dee,180,2304,16128,161.28,609.2533417805741,0.4705853424280054,19.34336295476304,2.2755009970899294,
28a8d02dee,180,2305,16135,161.35,609.2403000871979,0.6896679707275389,19.325547619872864,5.176078074495103,
28a8d02dee,180,2306,16142,161.42,607.872784648914,0.48794687099840506,19.30435788955631,0.93932783542329,
28a8d02dee,180,2307,16149,161.49,607.7118801524833,0.4931760251249776,18.985576740169552,1.4124298693785475,
28a8d02dee,180,2308,16156,161.56,607.28224770545,0.49025276665236234,18.2845222653762,2.8525661567917,
28a8d02dee,180,2309,16163,161.63,606.6954203736901,0.5042736433081757,18.444020562564713,2.5659009942734228,
28a8d02dee,180,2310,16170,161.7,605.838154252315,0.34699558904976363,18.385416569702638,2.4052412425099483,
28a8d02dee,180,2311,16177,161.77,605.674076897126,0.5491582051350951,19.032315115828006,4.799444966484809,
28a8d02dee,180,2312,16184,161.84,604.9497005154464,0.47142044854609527,18.949070081222374,2.4766525977544047,
28a8d02dee,180,2313,16191,161.91,604.323420105621,0.5611105654572227,19.121143367550204,4.999420650029775,
28a8d02dee,180,2314,16198,161.98,603.365149086055,0.3552540357013289,18.194726224679236,2.574217754917885,
28a8d02dee,180,2315,16205,162.05,603.059184110241,0.4299950665098196,17.823655281034963,3.9554371910092865,
28a8d02dee,180,2316,16212,162.12,602.7077982484129,0.5755240768749348,18.590682038012776,4.295834398228492,
28a8d02dee,180,2317,16219,162.19,601.4975462470964,0.4375873531015778,17.2032850115447,3.614848045090053,
28a8d02dee,180,2318,16226,162.26,600.8579654673542,0.2615025899471764,17.440818341390592,1.8766966291481741,
28a8d02dee,180,2319,16233,162.33,600.7413983527857,0.41216469999431793,16.545735046478324,3.5139291562987367,
28a8d02dee,180,2320,16240,162.4,600.1300934009261,0.4205626545084924,17.180327237801777,3.0468914065137334,
28a8d02dee,180,2321,16247,162.47,599.7295486551378,0.3578628671281856,16.086422151271517,2.5556508051319566,
28a8d02dee,180,2322,16254,162.54,599.534822349129,0.33368907305469336,16.46501399766691,1.9296062929453626,
28a8d02dee,180,2323,16261,162.61,599.3616677541362,0.39329458034445,15.913270449679509,3.7034222910053245,
28a8d02dee,180,2324,16268,162.68,599.1254424918696,0.3767929104791781,16.307787082698574,2.471709799730046,
28a8d02dee,180,2325,16275,162.75,598.7337938847971,0.31612463030946797,15.135768075942275,1.6872010734979717,
28a8d02dee,180,2326,16282,162.82,598.7174891886858,0.1941879361730655,16.61506255101549,2.235267862868844,
28a8d02dee,180,2327,16289,162.89,598.33997510008,0.7013202937404964,15.379074590727416,2.8744789286046086,
28a8d02dee,180,2328,16296,162.96,598.2255413986928,0.5606611908491108,18.063801731204393,4.208829489478582,
28a8d02dee,180,2329,16303,163.03,597.5523495805573,0.5727461321489054,15.827645930068508,2.360266375298293,
28a8d02dee,180,2330,16310,163.1,596.8983072522377,0.5192522402545267,16.725398224539767,1.810765661139085,
28a8d02dee,180,2331,16317,163.17,596.4951736779872,0.493384219483792,15.331782538699407,2.7292375561546787,
28a8d02dee,180,2332,16324,163.24,596.2971358317614,0.46364110589591684,16.738648696667482,1.6275613061318248,
28a8d02dee,180,2333,16331,163.31,596.0042170972804,0.3868378739817557,15.699167831256624,1.5046164373733208,
28a8d02dee,180,2334,16338,163.38,595.7799638869853,0.4336926144288206,16.52369661342555,3.6390240077097435,
28a8d02dee,180,2335,16345,163.45,595.4358957546185,0.41497221768585935,16.184199865631054,2.3159176209757573,
28a8d02dee,180,2336,16352,163.52,595.0156279102978,0.5264254373806275,15.825001654398877,4.6732968809878015,
28a8d02dee,180,2337,16359,163.59,594.3365400322459,0.35704124452222324,16.542599921711286,1.8443269576886896,
28a8d02dee,180,2338,16366,163.66,594.1862191427668,0.44169780585686025,15.821979446781837,3.3018870314133317,
28a8d02dee,180,2339,16373,163.73,593.7721749048612,0.3835029233448294,16.50679468470552,2.535545228360606,
28a8d02dee,180,2340,16380,163.8,593.5002365044901,0.37693353879448926,15.26510371716186,2.536206010904245,
28a8d02dee,180,2341,16387,163.87,593.2595924684457,0.2745402827629594,16.29110719565687,0.825519470057647,
28a8d02dee,180,2342,16394,163.94,593.1593574242595,0.36562000618507406,15.243063485785578,2.8291893673775848,
28a8d02dee,180,2343,16401,164.01,592.7214444228916,0.2585491069787779,15.784711485402177,1.9199355731173755,
28a8d02dee,180,2344,16408,164.08,592.5300677035658,0.3068099853256364,15.267402248527281,2.535529819934563,
28a8d02dee,180,2345,16415,164.15,592.2121923559627,0.38197355895232293,16.283517785605035,3.3326585460019893,
28a8d02dee,180,2346,16422,164.22,591.6572184525066,0.35301704766170233,16.337069672044738,3.0406214530450932,
28a8d02dee,180,2347,16429,164.29,591.1883648340796,0.2866002997097046,16.688807307996502,2.6524052242294456,
28a8d02dee,180,2348,16436,164.36,590.9270204530974,0.42983952893450245,16.61899354779082,2.9404010718285005,
28a8d02dee,180,2349,16443,164.43,590.327223400288,0.3008507915268864,17.123532054379456,1.4515566780735312,
28a8d02dee,180,2350,16450,164.5,590.0522816794055,0.4058938290467005,16.277431876520822,3.7335869566194506,
28a8d02dee,180,2351,16457,164.57,589.5060028446,0.36248429951236727,16.951432083806207,2.8343269440854644,
28a8d02dee,180,2352,16464,164.64,589.42189276892,0.4295680926302394,16.83480456662702,2.9574634053714863,
28a8d02dee,180,2353,16471,164.71,588.9010976455513,0.3453156870869658,16.60529273078528,1.9411927882055238,
28a8d02dee,180,2354,16478,164.78,588.6506429015343,0.3067244120636023,17.14141568659977,2.026359335168356,
28a8d02dee,180,2355,16485,164.85,588.5703526344006,0.5254499755915996,16.610866931870394,4.4420724613055445,
28a8d02dee,180,2356,16492,164.92,587.9684843864095,0.6386806492803709,18.194942364441502,3.169075036703095,
28a8d02dee,180,2357,16499,164.99,587.4034745854352,0.49422682930914535,18.48363049527729,1.8262642589854938,
28a8d02dee,180,2358,16506,165.06,587.1601461058269,0.6059647204100389,17.982946069010232,3.5250840759413853,
28a8d02dee,180,2359,16513,165.13,586.2620243469388,0.4748142368831619,17.125210672074264,2.934923564670923,
28a8d02dee,180,2360,16520,165.2,586.1546621601785,0.6529064768027026,17.282838509924694,2.1212324926993387,
28a8d02dee,180,2361,16527,165.27,585.2740765381384,0.6257806553900889,17.243235470377723,1.7786354958341126,
28a8d02dee,180,2362,16534,165.34,585.0207565044399,0.3229121968661087,18.316671919428458,2.564444487666289,
28a8d02dee,180,2363,16541,165.41,583.9996959888106,0.2400114408214412,15.710989709645848,2.1369341173004375,
28a8d02dee,180,2364,16548,165.48,583.8315366711646,0.16348283556851703,15.668069642101944,0.9670113557802442,
28a8d02dee,180,2365,16555,165.55,583.7823348291969,0.37166312450481737,15.675385498067321,2.129872822840298,
28a8d02dee,180,2366,16562,165.62,583.4523840078941,0.4155698671639859,16.857319062365345,2.95286038299976,
28a8d02dee,180,2367,16569,165.69,583.0612413876617,0.3121733107032181,16.33271671291932,1.47938305313755,
28a8d02dee,180,2368,16576,165.76,582.923594417294,0.3335360247073489,17.054373810374894,2.1545915310234767,
28a8d02dee,180,2369,16583,165.83,582.7614797156797,0.46717975199928546,16.509120176720128,2.681631142657553,
28a8d02dee,180,2370,16590,165.9,582.4429986469877,0.5163536098176182,18.05723167748412,3.75016312148474,
28a8d02dee,180,2371,16597,165.97,582.0066159995583,0.2505191785324254,17.891700187802787,2.844202454161757,
28a8d02dee,180,2372,16604,166.04,581.3745993276128,0.32305075717592896,17.473043679389036,2.192350908901622,
28a8d02dee,180,2373,16611,166.11,581.0996296910442,0.2638847356918072,16.563602755016706,1.7273890901830231,
28a8d02dee,180,2374,16618,166.18,580.9953527424832,0.44815282730434314,17.11256295142297,1.5874379598572872,
28a8d02dee,180,2375,16625,166.25,580.8060684053027,0.4409487013369279,17.321776139701303,2.4365996150499503,
28a8d02dee,180,2376,16632,166.32,580.7830852347612,0.6257005542386738,17.662777695890515,2.7301851938675146,
28a8d02dee,180,2377,16639,166.39,580.3800250658601,0.8013486526405533,18.151928021707565,6.33898722463328,
28a8d02dee,180,2378,16646,166.46,579.8160680154613,0.3680885735173008,19.57821955707793,2.133565422981976,
28a8d02dee,180,2379,16653,166.53,578.4518870060601,0.3288181009069366,16.249895360039655,3.2594726634286366,
28a8d02dee,180,2380,16660,166.6,578.0144206650439,0.334525340225927,16.295464908843645,2.755501550539568,
28a8d02dee,180,2381,16667,166.67,577.5095793988836,0.21618132810736682,16.290084382803606,1.7719600148616257,
28a8d02dee,180,2382,16674,166.74,577.3496820145319,0.42198198220283156,16.460979864523594,3.930538576983229,
28a8d02dee,180,2383,16681,166.81,576.9926668011766,0.3472640359109336,16.01722889072823,1.9197341824672456,
28a8d02dee,180,2384,16688,166.88,576.8136512898154,0.34208506555412993,15.670754317287084,2.6778949690674385,
28a8d02dee,180,2385,16695,166.95,576.4271421856844,0.34880336944226314,15.49973437881777,3.3789556996597483,
28a8d02dee,180,2386,16702,167.02,576.1741507441618,0.4768229736270709,15.43522321576396,3.6977351546706525,
28a8d02dee,180,2387,16709,167.09,575.9895101428282,0.2765713994669902,17.59723587504726,3.3485132813552467,
28a8d02dee,180,2388,16716,167.16,575.2654578126997,0.19292745005509587,15.592350130326734,1.7595502674965973,
28a8d02dee,180,2389,16723,167.23,575.1042374664177,0.23332539907821845,16.052580589695125,1.2021184510273628,
28a8d02dee,180,2390,16730,167.3,574.8411923675515,0.17593738717997504,15.794996844252426,1.5668940570068313,
28a8d02dee,180,2391,16737,167.37,574.709176539235,0.20948138546937373,15.925108218542556,1.1522239390627511,
28a8d02dee,180,2392,16744,167.44,574.506809922162,0.15277308220023,15.688558424190777,1.5283369147193897,
28a8d02dee,180,2393,16751,167.51,574.3987801489869,0.34189803612079006,15.79329607949125,3.0638390686393486,
28a8d02dee,180,2394,16758,167.58,574.0444418890091,0.3597013018291035,15.608468541943608,1.8938062899472232,
28a8d02dee,180,2395,16765,167.65,573.8273882903827,0.4396666411559957,15.17921507589607,3.4227848087580086,
28a8d02dee,180,2396,16772,167.72,573.7792517296418,0.6145932741455976,15.768604979608636,3.0094264735077108,
28a8d02dee,180,2397,16779,167.79,573.5557100140675,0.6631028393521505,16.5196913583519,4.12746813813319,
28a8d02dee,180,2398,16786,167.86,573.2370373471516,0.6625487177680941,16.61541182253238,2.555379587965114,
28a8d02dee,180,2399,16793,167.93,572.9038866936864,0.8125676189342446,16.35710095433995,4.501084819301569,
28a8d02dee,180,2400,16800,168.0,572.5360985189741,0.8053396514100178,19.310955134273676,3.4781233145740593,
28a8d02dee,180,2401,16807,168.07,572.3194595122725,0.810703157643745,16.531097005827082,3.4559236343139674,
28a8d02dee,180,2402,16814,168.14,572.2669005588815,0.9023985447791595,20.44833378124893,5.2954152960263645,
28a8d02dee,180,2403,16821,168.21,571.9840932382966,0.4553004889694048,17.935042558555246,2.6663665509146948,
28a8d02dee,180,2404,16828,168.28,569.9047380885474,0.21950924083227458,16.10575131597306,1.826372243355967,
28a8d02dee,180,2405,16835,168.35,569.7603712685269,0.21734044846609266,15.67717923123881,0.944583206363239,
28a8d02dee,180,2406,16842,168.42,569.6006513031704,0.19228290562276396,16.448140476825643,1.5165995696257266,
28a8d02dee,180,2407,16849,168.49,569.4823744922427,0.5097446853486504,15.553163885396499,5.124260288358618,
28a8d02dee,180,2408,16856,168.56,568.5213470981521,0.3645757439140785,15.33115220287341,3.0873428002209717,
28a8d02dee,180,2409,16863,168.63,568.1696677055409,0.41751357053936355,15.615136631464138,3.972842870404208,
28a8d02dee,180,2410,16870,168.7,567.5026697878018,0.3726759197544677,14.180866017878389,3.2691753354892548,
28a8d02dee,180,2411,16877,168.77,567.1794291914791,0.44193429965620107,15.304517620221109,3.0469778054771144,
28a8d02dee,180,2412,16884,168.84,566.3734658118785,0.31116527941161987,14.354858933575986,1.6175904231528646,
28a8d02dee,180,2413,16891,168.91,566.0348000745471,0.22990960955472003,15.149332663344074,1.5525120322063064,
28a8d02dee,180,2414,16898,168.98,565.8357821962185,0.3015169951298949,14.881882333689557,2.085509591210993,
28a8d02dee,180,2415,16905,169.05,565.5319569172314,0.15298827510981033,15.185986855124202,0.8905906756226254,
28a8d02dee,180,2416,16912,169.12,565.4479106701974,0.1942429456712353,15.309272978288192,1.352569228996847,
28a8d02dee,180,2417,16919,169.19,565.3437299504229,0.4075962101695211,15.75497562727107,1.1528462435970377,
28a8d02dee,180,2418,16926,169.26,564.6838205196331,0.2681792487806882,14.995800328718435,2.4066878340989075,
28a8d02dee,180,2419,16933,169.33,564.3225708223533,0.32905631239433303,14.68766124054447,3.301051855035595,
28a8d02dee,180,2420,16940,169.4,563.9852353286863,0.3897903703769859,14.216515527755616,3.371673209072333,
28a8d02dee,180,2421,16947,169.47,563.4492931977846,0.28430009924454913,14.9337890716848,2.094626807549703,
28a8d02dee,180,2422,16954,169.54,563.0416925339164,0.2665494954929562,14.648015036877606,2.4714838444200216,
28a8d02dee,180,2423,16961,169.61,562.8463912035368,0.23875994018950303,14.403234977314556,1.8381819890885176,
28a8d02dee,180,2424,16968,169.68,562.640099473131,0.23817862098000447,14.764585521317066,2.2116495060357235,
28a8d02dee,180,2425,16975,169.75,562.431967831634,0.39160318606630884,14.848299602245191,3.704799724797001,
28a8d02dee,180,2426,16982,169.82,562.1105600362185,0.34457994100170336,14.63765152244552,2.20718390926135,
28a8d02dee,180,2427,16989,169.89,561.7981750480667,0.259216227510903,14.150294761496491,1.6687684406272487,
28a8d02dee,180,2428,16996,169.96,561.5092224905242,0.29717768873394945,14.0886980690931,2.8882877723264273,
28a8d02dee,180,2429,17003,170.03,561.1991399172033,0.18091653542195663,13.85720489337439,1.2417519695394743,
28a8d02dee,180,2430,17010,170.1,561.0775062804155,0.28848630194521513,14.13082571948849,2.296391384193233,
28a8d02dee,180,2431,17017,170.17,560.7580193212576,0.301843758091585,14.571157089735848,2.0353902738339102,
28a8d02dee,180,2432,17024,170.24,560.3597402522587,0.3212095076782505,14.144538347068075,2.805764710946474,
28a8d02dee,180,2433,17031,170.31,560.087056631181,0.28087848621977807,14.279190115530803,2.3677275178122708,
28a8d02dee,180,2434,17038,170.38,559.8378762604798,0.1805455744873437,13.64960105992771,1.40274378139448,
28a8d02dee,180,2435,17045,170.45,559.7142676807708,0.14733103828021585,13.76644644645012,1.1453154375283616,
28a8d02dee,180,2436,17052,170.52,559.6424211017292,0.37375692845324543,13.92987237766075,3.774025364090695,
28a8d02dee,180,2437,17059,170.59,559.1259885956171,0.3329181536270155,15.244993681708086,3.1452786809526554,
28a8d02dee,180,2438,17066,170.66,558.6358055981689,0.2852642033545358,14.34798618778673,0.2786790921641842,
28a8d02dee,180,2439,17073,170.73,558.2257003933669,0.41749417044729187,13.570688300746328,3.869622041380833,
28a8d02dee,180,2440,17080,170.8,557.5769942417176,0.3362104639996072,14.13671242917773,2.798872166585837,
28a8d02dee,180,2441,17087,170.87,557.098391556754,0.2095840234677995,14.167351918816772,1.879566624979254,
28a8d02dee,180,2442,17094,170.94,556.9679756392788,0.3125149108632416,14.520240158201235,2.9566849110478226,
28a8d02dee,180,2443,17101,171.01,556.6909488858364,0.34960727639700345,14.049516729882347,3.0567784984818505,
28a8d02dee,180,2444,17108,171.08,556.4002427251331,0.34364342816793336,14.603545783490357,1.4403540675812578,
28a8d02dee,180,2445,17115,171.15,556.0543916691929,0.49453628426450313,13.846435240395962,3.7665348685936313,
28a8d02dee,180,2446,17122,171.22,555.416740588124,0.3324726157272021,15.34000627371045,1.421702115663944,
28a8d02dee,180,2447,17129,171.29,555.0863478829526,0.4720912766433573,13.859687922190984,1.5738567780516644,
28a8d02dee,180,2448,17136,171.36,553.9569772239755,0.26378204147101136,15.227262767111478,2.2921957947963723,
28a8d02dee,180,2449,17143,171.43,553.683316907146,0.1228417367697524,15.206051940738828,0.734945216370207,
28a8d02dee,180,2450,17150,171.5,553.6347379390318,0.2622736496021041,15.498801157354062,1.9881501557016161,
28a8d02dee,180,2451,17157,171.57,553.4516632516688,0.28567695299599394,16.186405324372444,2.0047073550471213,
28a8d02dee,180,2452,17164,171.64,553.1179113744864,0.551302742660803,15.22200823424795,5.02022937940388,
28a8d02dee,180,2453,17171,171.71,551.8332212639606,0.22638810598086062,16.1261492531199,1.818848391790687,
28a8d02dee,180,2454,17178,171.78,551.6101403574489,0.5368568077716918,16.083265110828318,4.068637982669534,
28a8d02dee,180,2455,17185,171.85,550.4828888994251,0.274269512006176,15.541056636212312,1.2812136057782488,
28a8d02dee,180,2456,17192,171.92,550.33237597166,0.1792097581336573,14.312906833902026,0.530256827694865,
28a8d02dee,180,2457,17199,171.99,550.2488861392397,0.24839904268632365,14.751259470821084,1.8528375883536867,
28a8d02dee,180,2458,17206,172.06,550.0186930322492,0.33544849569821616,14.999863045672674,3.255314330967512,
28a8d02dee,180,2459,17213,172.13,549.7384283300132,0.2716735205936333,15.351771823617945,1.7357559602381873,
28a8d02dee,180,2460,17220,172.2,549.6295217227015,0.37824831381574026,14.505727579208363,2.267969659654758,
28a8d02dee,180,2461,17227,172.27,549.057592768313,0.29087437228755003,14.566244161611491,2.22526655943988,
28a8d02dee,180,2462,17234,172.34,548.8418546813394,0.3835514912399227,14.258209602502156,3.779742237897053,
28a8d02dee,180,2463,17241,172.41,548.3317122160762,0.2695682123156505,14.442918308934319,1.9031834067571707,
28a8d02dee,180,2464,17248,172.48,548.0929847845094,0.23662504891971267,14.477890891448922,0.8428098027222055,
28a8d02dee,180,2465,17255,172.55,547.898590132976,0.1994996214181715,14.148890027011072,1.7827059609159646,
28a8d02dee,180,2466,17262,172.62,547.7196092103928,0.27834466096433386,13.893598955593927,2.6213564967370715,
28a8d02dee,180,2467,17269,172.69,547.5700115399294,0.5140174735684576,14.073190915267,3.397416810565191,
28a8d02dee,180,2468,17276,172.76,546.99627081215,0.49890315304256533,16.19508508926828,4.290400247056495,
28a8d02dee,180,2469,17283,172.83,546.7476535046794,0.46883825372510635,14.538134300013043,2.2662204781034045,
28a8d02dee,180,2470,17290,172.9,546.5412234431899,0.4071717037386433,16.25403529280654,1.8218947842663176,
28a8d02dee,180,2471,17297,172.97,546.335829621644,0.4299291153455384,14.366252825191758,2.882591614042109,
28a8d02dee,180,2472,17304,173.04,545.7461124650684,0.3339086849590763,14.887330248742286,2.279890888816399,
28a8d02dee,180,2473,17311,173.11,545.5970654523406,0.3307393939305763,14.5717475828327,1.5688533556694946,
28a8d02dee,180,2474,17318,173.18,545.4859595547259,0.6515940035416246,15.405012090235632,3.275030455882466,
28a8d02dee,180,2475,17325,173.25,544.7325609834307,0.5257312304721237,14.964244606831924,3.333266517127512,
28a8d02dee,180,2476,17332,173.32,544.710967912473,0.5752756553799654,15.34791261494885,2.5085954096563388,
28a8d02dee,180,2477,17339,173.39,544.348994798234,0.5523095593411191,14.765925699015517,2.537734160740516,
28a8d02dee,180,2478,17346,173.46,543.9171442270879,0.5140234239011797,14.590752488260362,1.7603110895374152,
28a8d02dee,180,2479,17353,173.53,543.5598779458726,0.47210229176030505,14.254333068855438,2.1084556071462908,
28a8d02dee,180,2480,17360,173.6,543.2808630104636,0.3789845611609819,14.213729408908845,0.7811891599287571,
28a8d02dee,180,2481,17367,173.67,543.1863673050918,0.38178626660267373,13.82028089619576,1.146998706505115,
28a8d02dee,180,2482,17374,173.74,543.0121428850761,0.38855329749971806,13.819602638217578,2.2579186102065036,
28a8d02dee,180,2483,17381,173.81,542.9523959786479,0.21678921586276478,14.01980186624964,2.567238262056213,
28a8d02dee,180,2484,17388,173.88,542.4694063647299,0.5795829499214876,13.009998847201434,2.262264156116974,
28a8d02dee,180,2485,17395,173.95,542.2892600027023,0.3229112468212069,15.622367289711622,1.6323169412441965,
28a8d02dee,180,2486,17402,174.02,541.9821525656082,0.29296997926391166,14.219169732718381,2.0206899318483873,
28a8d02dee,180,2487,17409,174.09,541.6576003817538,0.3517181204882266,14.405731935969914,3.046010061802451,
28a8d02dee,180,2488,17416,174.16,541.0920110811646,0.1545439529518193,13.33147564792545,1.1848480918297646,
28a8d02dee,180,2489,17423,174.23,541.0241472743983,0.23427097767986801,13.738468187377425,1.9094716340379412,
28a8d02dee,180,2490,17430,174.3,540.8792683737332,0.21568648814568478,13.379627242163423,1.346857260696393,
28a8d02dee,180,2491,17437,174.37,540.791665214474,0.2006799287040172,13.70605416917316,1.3264891924367122,
28a8d02dee,180,2492,17444,174.44,540.728778281548,0.7315061839424608,12.909443091370365,2.912116541913374,
28a8d02dee,180,2493,17451,174.51,540.5004214320662,0.4022334556956914,16.9150128553027,2.19266335461471,
28a8d02dee,180,2494,17458,174.58,539.8565169395845,0.21359438136585937,14.804136249764806,0.9977483080116719,
28a8d02dee,180,2495,17465,174.65,539.790869300191,0.34172965977902947,14.424049801913622,2.602987276351573,
28a8d02dee,180,2496,17472,174.72,539.5508380704933,0.3760056118810912,15.164452190274904,3.223868050730877,
28a8d02dee,180,2497,17479,174.79,539.120125776701,0.23586133595473646,14.556479997852897,1.1451764890563658,
28a8d02dee,180,2498,17486,174.86,539.042156139841,0.42436270170332263,14.450722151072759,3.5471760548265885,
28a8d02dee,180,2499,17493,174.93,538.6504359243538,0.40137111965783423,14.731207265042338,2.2702397255822784,
28a8d02dee,180,2500,17500,175.0,538.3501273571952,0.355692718301498,14.269011538117015,2.4485162583132047,
28a8d02dee,180,2501,17507,175.07,537.8940585092615,0.23163454012154278,14.268983761357415,1.7353992511142233,
28a8d02dee,180,2502,17514,175.14,537.781689768491,0.253970771774267,14.211939102339365,2.0148333246458945,
28a8d02dee,180,2503,17521,175.21,537.6055820600386,0.3506873832090754,14.2013196553592,2.2920171908632443,
28a8d02dee,180,2504,17528,175.28,537.1273565555933,0.23842524928254977,14.206515407704565,1.7319204723909594,
28a8d02dee,180,2505,17535,175.35,536.840376758503,0.1473210151361112,13.631365766165919,1.4030704592801684,
28a8d02dee,180,2506,17542,175.42,536.7601166813068,0.10747769848476105,13.805121300428612,0.9359177564343325,
28a8d02dee,180,2507,17549,175.49,536.7192191359442,0.30569347252241236,13.64970137218608,2.594934681405941,
28a8d02dee,180,2508,17556,175.56,536.4841381094056,0.21755856425024567,13.83585811215802,0.9625026895688299,
28a8d02dee,180,2509,17563,175.63,536.3309757761583,0.21164527769814176,13.129649448772112,1.8634031727960743,
28a8d02dee,180,2510,17570,175.7,536.2151620571387,0.16992133202376605,13.830438911118572,1.3968533975237365,
28a8d02dee,180,2511,17577,175.77,536.1650012065807,0.2126533564386368,13.580370320665848,1.7232661526978659,
28a8d02dee,180,2512,17584,175.84,536.0141095812247,0.19022123808014194,13.614067286923174,1.4916472956532913,
28a8d02dee,180,2513,17591,175.91,535.8946063369924,0.16429659768060584,13.846145480495217,0.9002971799751839,
28a8d02dee,180,2514,17598,175.98,535.7921747503623,0.22168023376677543,13.670371415743299,1.8725099633410138,
28a8d02dee,180,2515,17605,176.05,535.6621950177644,0.19963815417739433,13.645739003794192,1.3415991629063817,
28a8d02dee,180,2516,17612,176.12,535.5071081084053,0.5287540834981079,13.446273839743343,2.507180917022078,
28a8d02dee,180,2517,17619,176.19,535.279336500186,0.31845483789788165,14.422218629381101,2.4718112891661286,
28a8d02dee,180,2518,17626,176.26,534.7800811946341,0.19094078949175594,13.846645867656658,1.297691512004929,
28a8d02dee,180,2519,17633,176.33,534.6905519469348,0.22472638739584808,13.511247969812379,1.4880653963648822,
28a8d02dee,180,2520,17640,176.4,534.544086873657,0.17050519247111734,13.93287351821941,0.9378978145431615,
28a8d02dee,180,2521,17647,176.47,534.4522132065197,0.18148318255932297,13.3754927402724,1.2564983883914411,
28a8d02dee,180,2522,17654,176.54,534.3386042747732,0.394020640775557,13.650397304485043,3.8998660920857526,
28a8d02dee,180,2523,17661,176.61,533.758089995655,0.3887026828534501,13.04057790058312,3.8074555195281152,
28a8d02dee,180,2524,17668,176.68,533.33957546859,0.3214005039942744,14.268439604443998,1.6263610751940454,
28a8d02dee,180,2525,17675,176.75,533.0581812115947,0.22358127879981873,13.644965208286651,1.3309710371031145,
28a8d02dee,180,2526,17682,176.82,532.8896982418623,0.23615961273377117,13.760900546973245,1.507997611174805,
28a8d02dee,180,2527,17689,176.89,532.6258299079353,0.16334466302583017,13.88534198291789,1.5475938934690492,
28a8d02dee,180,2528,17696,176.96,532.4979679922866,0.22936459405245208,13.909160636933557,2.244195376282634,
28a8d02dee,180,2529,17703,177.03,532.3758497303847,0.2379438031438956,14.070254495783841,1.9365102031924173,
28a8d02dee,180,2530,17710,177.1,532.1817313972267,0.16067890937725768,13.837859664600247,1.4721697958405915,
28a8d02dee,180,2531,17717,177.17,532.1304347281115,0.35899677101188465,14.352925185023684,2.953791388344535,
28a8d02dee,180,2532,17724,177.24,531.6150598759345,0.5614898009922206,14.556090057071094,5.638995708827205,
28a8d02dee,180,2533,17731,177.31,530.4260043610655,0.4182162898681618,14.030487235579022,3.7232309134822548,
28a8d02dee,180,2534,17738,177.38,529.9034215541201,0.21610326373083735,14.029283684160829,0.9142482190333381,
28a8d02dee,180,2535,17745,177.45,529.7955078807408,0.31295803988461385,13.565919830665827,3.0843471845184576,
28a8d02dee,180,2536,17752,177.52,529.3384589304554,0.3112606152292886,14.060995749117685,2.7415685739567524,
28a8d02dee,180,2537,17759,177.59,529.1147109317299,0.31252154379775754,14.823981970683942,2.398674898446354,
28a8d02dee,180,2538,17766,177.66,528.65167889939,0.29733929068409426,14.212386773114149,2.866230657710967,
28a8d02dee,180,2539,17773,177.73,528.4648678523326,0.33728577211757016,16.154761467630205,3.025882179964502,
28a8d02dee,180,2540,17780,177.8,528.3497084573878,0.3224378176442682,14.428720095534452,0.5847815561262777,
28a8d02dee,180,2541,17787,177.87,528.1543220585786,0.4243664778495615,15.860077891259607,3.096746289358334,
28a8d02dee,180,2542,17794,177.94,527.3690084674107,0.32194737300279996,14.367387358712055,2.334913717193703,
28a8d02dee,180,2543,17801,178.01,527.0335803473017,0.47427767874456916,15.43269411474308,4.614673169687781,
28a8d02dee,180,2544,17808,178.08,526.3862980528359,0.3931044409913222,15.199803896440073,2.9938917102670546,
28a8d02dee,180,2545,17815,178.15,526.1315410303683,0.47324186662032036,16.186854714021923,2.9923768762208653,
28a8d02dee,180,2546,17822,178.22,525.6113500395315,0.4691654094103338,15.914662325372463,4.103821436955758,
28a8d02dee,180,2547,17829,178.29,524.7312715712924,0.45437279781622636,15.845715681152866,4.172230347250274,
28a8d02dee,180,2548,17836,178.36,524.0899446923603,0.38353570546499394,14.950933532737636,3.016586456808837,
28a8d02dee,180,2549,17843,178.43,523.4281618419363,0.30483252554930357,14.800328563059134,2.8835716386644514,
28a8d02dee,180,2550,17850,178.5,522.9699892382669,0.24770904630654342,14.504496555425431,2.505628078841825,
28a8d02dee,180,2551,17857,178.57,522.7583772033792,0.2587652785076733,14.740398429819626,2.2375209923117154,
28a8d02dee,180,2552,17864,178.64,522.4928030392412,0.21696102153535332,14.657203612972644,2.108739182013482,
28a8d02dee,180,2553,17871,178.71,522.2998945211197,0.12239085352759403,15.031328181985245,1.171343400346797,
28a8d02dee,180,2554,17878,178.78,522.2279654299572,0.2399933561921018,15.06364060053451,2.220331385332577,
28a8d02dee,180,2555,17885,178.85,522.0033716645075,0.2811533028141161,14.625452007907343,2.466957034488253,
28a8d02dee,180,2556,17892,178.92,521.674688527022,0.1682971912265048,14.47409693961013,1.4337904782278141,
28a8d02dee,180,2557,17899,178.99,521.5809089993814,0.24595262403037654,14.207654128340115,1.9101262791209843,
28a8d02dee,180,2558,17906,179.06,521.303073611559,0.31394135328037476,14.92665032880222,3.1623821487995394,
28a8d02dee,180,2559,17913,179.13,520.9657221292606,0.3188385840463939,15.073827737326415,2.4123163642888583,
28a8d02dee,180,2560,17920,179.2,520.6863362123687,0.23346829650263332,14.605004663669977,1.1952992205931712,
28a8d02dee,180,2561,17927,179.27,520.5505088179049,0.09839829293023841,14.485512902309152,1.2508654965326955,
28a8d02dee,180,2562,17934,179.34,520.452287561083,0.3678669892651625,14.21351419134687,3.051064169072143,
28a8d02dee,180,2563,17941,179.41,519.7608921885897,0.3824579975824727,14.009085808150928,3.225504224268941,
28a8d02dee,180,2564,17948,179.48,519.075002507138,0.32504195590735524,15.405674089792948,2.436529088009222,
28a8d02dee,180,2565,17955,179.55,518.5413039145151,0.3001905576945249,15.689706808649804,2.648332367291391,
28a8d02dee,180,2566,17962,179.62,518.1737720583303,0.25059713838415604,16.18536152021179,2.3952178462896403,
28a8d02dee,180,2567,17969,179.69,518.0351183307547,0.2762990200452526,16.559055741622505,2.1509015739123676,
28a8d02dee,180,2568,17976,179.76,517.7866480309789,0.2663730938540946,15.939309228335821,2.339808327706121,
28a8d02dee,180,2569,17983,179.83,517.5358291495668,0.174215190613884,16.091585706543363,1.3045714722792559,
28a8d02dee,180,2570,17990,179.9,517.3801925014319,0.21029774205333007,15.890318760626686,1.9211945546747953,
28a8d02dee,180,2571,17997,179.97,517.2178293017874,,15.913896900874889,1.8949882686353972,
e3246f702c,180,0,0,0.0,2727010.761415566,528.6362279847154,10212.732359910277,1674.6543235767222,"ProjectedCommonDirectionsConfig(subspace_frac_grads=0.02, subspace_frac_updates=0.02, subspace_frac_random=0.01, direction_str=sd, random_proj=True, random_proj_dim_frac=0.03, ensemble=haar, inner_use_full_grad=True, orth_P_k=True, beta=0.001, tau=0.5, c_const=inf, N_try=200, alpha_max=100, p_const=1)"
e3246f702c,180,1,7,0.07,2079803.4890411696,752.4870197442614,8170.7980319235885,850.1554184783283,
e3246f702c,180,2,14,0.14,1925538.906032997,850.5557115141505,6885.875768230477,947.8439500714379,
e3246f702c,180,3,21,0.21,1762800.5545280322,392.4581128384045,6598.351492782715,850.6605560672054,
e3246f702c,180,4,28,0.28,1403459.9409006923,306.0600596683726,6105.497158128566,1418.928490543694,
e3246f702c,180,5,35,0.35,1240317.3360381918,170.18615910305422,5444.255166915448,515.3389321613035,
e3246f702c,180,6,42,0.42,1183606.7020032408,172.55812873462116,5214.387059354182,668.5152476697367,
e3246f702c,180,7,49,0.49,1110977.8698584866,161.64246129221743,5045.565922417441,625.7206158280461,
e3246f702c,180,8,56,0.56,1058877.1550274647,101.02807673078345,4800.148330540963,325.8466657996952,
e3246f702c,180,9,63,0.63,1042121.1013389061,206.67776838148586,4818.85066023589,804.0662450548667,
e3246f702c,180,10,70,0.7,974675.413604668,181.4623551956534,4580.227465142951,518.1123317652667,
e3246f702c,180,11,77,0.77,896961.5338607829,137.67521943848624,4381.634164630848,375.3223807914046,
e3246f702c,180,12,84,0.84,857344.3448904147,140.7209243844045,4135.787925795758,443.9100696152446,
e3246f702c,180,13,91,0.91,816529.689299424,157.0721584854799,3888.7321864665782,779.246527067295,
e3246f702c,180,14,98,0.98,768315.9436557618,98.37586622102555,3703.54480643771,388.8056781209141,
e3246f702c,180,15,105,1.05,746689.0596768534,119.71087384761738,3679.245261429839,511.5125128031509,
e3246f702c,180,16,112,1.12,713588.7958584715,59.05388141617166,3563.385661845377,239.10198999587206,
e3246f702c,180,17,119,1.19,705940.3503658315,179.8921951603304,3573.163210926033,842.9167384323304,
e3246f702c,180,18,126,1.26,643203.2261836737,96.49103089582024,3450.059500153559,438.2006778455892,
e3246f702c,180,19,133,1.33,624750.0045093325,194.25508838116562,3367.062095511339,870.6273204579961,
e3246f702c,180,20,140,1.4,542422.4157302063,216.61683687420515,3106.080665197373,1077.995682637991,
e3246f702c,180,21,147,1.47,484259.9133070688,177.24174518177682,2784.4733911256826,537.1916964297964,
e3246f702c,180,22,154,1.54,451209.11285357585,159.78126995831727,2733.018880038254,520.2901844515762,
e3246f702c,180,23,161,1.61,418707.7841863643,115.44638176139097,2419.3968788820234,385.35729627221025,
e3246f702c,180,24,168,1.68,402977.21649410605,138.41854503380353,2416.149359848447,597.7123379786951,
e3246f702c,180,25,175,1.75,377864.3129181547,97.37142144320113,2264.383546508461,105.65854257058389,
e3246f702c,180,26,182,1.82,363610.71540735534,73.72630640635036,2221.590711219916,288.7323313847214,
e3246f702c,180,27,189,1.89,353063.2940223846,115.287291396463,2193.7639032582974,545.1166624161127,
e3246f702c,180,28,196,1.96,322861.2865721078,147.6840552728628,2098.9736112804003,732.2321660217339,
e3246f702c,180,29,203,2.03,286899.3329274871,96.66104024008011,1955.1135369016686,379.5776099446889,
e3246f702c,180,30,210,2.1,275713.51668336656,61.1105726105092,1883.9946776063475,138.9197951866589,
e3246f702c,180,31,217,2.17,268310.52805966587,62.53380094793507,1831.7041676549518,245.06457970673154,
e3246f702c,180,32,224,2.24,260006.00921016134,65.66945422729478,1801.859143397708,287.0183407163143,
e3246f702c,180,33,231,2.31,250160.95930299987,60.843156370505106,1843.3973607860385,294.1366429807186,
e3246f702c,180,34,238,2.38,240939.2490993472,14.705863904379509,1859.6885375610705,66.15781515736887,
e3246f702c,180,35,245,2.45,240499.0163129743,103.38426999387231,1830.7043713924888,141.90853114867053,
e3246f702c,180,36,252,2.52,224455.83463218802,69.05550070069879,1666.1104586983856,276.0616221203873,
e3246f702c,180,37,259,2.59,215859.73077581896,51.55239067576407,1617.722010018456,231.57690380521447,
e3246f702c,180,38,266,2.66,210035.99322801275,46.189514582007156,1564.2551312520545,227.19600275917134,
e3246f702c,180,39,273,2.73,206164.2895201745,74.94081532617756,1578.3693162706525,372.3112366109093,
e3246f702c,180,40,280,2.8,194251.0161821943,79.53050421386557,1526.548724575507,82.79375636080869,
e3246f702c,180,41,287,2.87,183932.59793200565,89.45416298092101,1385.5446857831575,396.27622523533995,
e3246f702c,180,42,294,2.94,171490.4619458465,36.79350140060881,1304.5413172737472,85.08550312671824,
e3246f702c,180,43,301,3.01,169599.2161262366,52.20683249900668,1295.240790646198,147.7507401464082,
e3246f702c,180,44,308,3.08,165789.25135119038,46.75388992164801,1261.999159108817,149.26334143120457,
e3246f702c,180,45,315,3.15,162221.29840244437,60.21721904293431,1233.537967316687,221.4329022809578,
e3246f702c,180,46,322,3.22,155420.09490475588,31.240417561535793,1174.5722557967476,105.47483822438592,
e3246f702c,180,47,329,3.29,153764.15554304328,26.29969293385504,1178.8740999352522,108.88769503497463,
e3246f702c,180,48,336,3.36,152079.6063939751,39.92540754820002,1173.523853139337,186.03332426884182,
e3246f702c,180,49,343,3.43,149137.974380889,52.47643520207368,1136.088628280311,216.45859407549173,
e3246f702c,180,50,350,3.5,142625.99340257666,22.085361473042298,1161.6063456937363,109.87765085670024,
e3246f702c,180,51,357,3.57,141463.93725578312,23.003503380626352,1148.8413269809973,87.8499417526849,
e3246f702c,180,52,364,3.64,140431.02220424465,44.933888145166414,1151.1170995786933,156.9705801443786,
e3246f702c,180,53,371,3.71,136268.57013634464,38.78453103547884,1114.3077011272921,175.84407608053448,
e3246f702c,180,54,378,3.78,133914.39251112848,37.38727131635232,1120.628400686026,167.33364548213862,
e3246f702c,180,55,385,3.85,130666.09428190668,49.500072842606784,1089.2515834014305,242.06401849379154,
e3246f702c,180,56,392,3.92,128058.61457439445,52.19068643614056,1121.7403701650496,193.70168984268045,
e3246f702c,180,57,399,3.99,123670.98795915223,38.010780833966365,1084.6005304958,142.2738807993389,
e3246f702c,180,58,406,4.06,120794.52543310587,27.4235321648253,1089.1447288923628,112.46170021150158,
e3246f702c,180,59,413,4.13,119871.71517604066,50.25116408181944,1066.5858958253596,235.49619281733888,
e3246f702c,180,60,420,4.2,114284.8398257982,46.599479233711996,1075.0694483645532,160.36524207915187,
e3246f702c,180,61,427,4.27,109822.85273045425,49.426603632155484,1074.2925895863236,102.21630921589023,
e3246f702c,180,62,434,4.34,105416.52340420509,45.27883874005815,1056.8009298371785,219.98961056690231,
e3246f702c,180,63,441,4.41,101331.18952823304,34.30378320183317,1015.7819119680042,57.841465871621494,
e3246f702c,180,64,448,4.48,98477.02723250054,23.86731279901647,1027.77906273547,111.72044657550323,
e3246f702c,180,65,455,4.55,97555.38547628353,43.61231232818385,1043.5410724333508,177.24667647621587,
e3246f702c,180,66,462,4.62,93056.19987854351,30.55410489945144,1035.5565966206238,129.44392993101803,
e3246f702c,180,67,469,4.69,91014.45560654561,58.45119490411378,1030.7774142930868,237.69715881228373,
e3246f702c,180,68,476,4.76,84732.0015695882,47.8459718842179,976.063037110012,231.51800961128288,
e3246f702c,180,69,483,4.83,80081.10387726914,39.55736923089738,940.709308688605,81.37428452861128,
e3246f702c,180,70,490,4.9,77152.36326591279,28.764511087791508,852.1892010424576,123.6893728484146,
e3246f702c,180,71,497,4.97,75046.83221216693,44.41366739800838,855.5032960921525,226.2968293733638,
e3246f702c,180,72,504,5.04,70668.40334991454,53.159208386734704,806.6903007805859,195.52713163404337,
e3246f702c,180,73,511,5.11,66676.79390004897,45.10232446316097,757.0651415272891,178.35200380374658,
e3246f702c,180,74,518,5.18,62030.89378726005,22.524602441833046,696.1684362605781,99.02217796981849,
e3246f702c,180,75,525,5.25,61223.08763108908,24.09209865616394,698.2799287356085,114.36701839623409,
e3246f702c,180,76,532,5.32,59692.83765424346,24.619074494627263,672.9997762759212,108.86161112157346,
e3246f702c,180,77,539,5.39,58466.98182669632,10.160093028837371,645.667306050472,24.862763031995357,
e3246f702c,180,78,546,5.46,58236.761642767,17.319556396047005,642.9614363877147,83.06073183878577,
e3246f702c,180,79,553,5.53,57747.25123031534,25.02308885843673,641.0452541674434,121.50374505747826,
e3246f702c,180,80,560,5.6,56400.89034076852,13.397837078681274,618.5675933922744,47.567408803218946,
e3246f702c,180,81,567,5.67,55991.83457032233,12.747265080703123,616.9612661051553,53.749011596180026,
e3246f702c,180,82,574,5.74,55619.929005513186,24.133208244444482,610.970724308893,118.02643349627684,
e3246f702c,180,83,581,5.81,54305.90528085943,28.510709803296983,613.4618886978941,133.1652795128833,
e3246f702c,180,84,588,5.88,52729.15800487727,26.408234448779837,602.1982177247145,101.1108847093071,
e3246f702c,180,85,595,5.95,51654.492825685054,29.214987874255787,595.4299763200195,118.90814633208745,
e3246f702c,180,86,602,6.02,49876.350378611554,14.871000065709305,567.0793363523654,73.50755290951479,
e3246f702c,180,87,609,6.09,49645.89188541878,18.312706226079975,577.6953857555101,56.51118538533154,
e3246f702c,180,88,616,6.16,49177.55879503927,24.461644660214347,568.1378581348889,109.97356647038706,
e3246f702c,180,89,623,6.23,48237.39809820854,26.507033598715996,567.3941520827844,125.93138981385745,
e3246f702c,180,90,630,6.3,47003.91788980802,23.318455524898905,536.1006256819443,88.61479013114496,
e3246f702c,180,91,637,6.37,46346.550867793274,28.071254005041407,513.7318006997313,96.95638894775234,
e3246f702c,180,92,644,6.44,44949.68003528021,28.688646641828587,501.38670266721647,105.89336423002709,
e3246f702c,180,93,651,6.51,43005.78786949195,18.046171695694138,484.67051382782194,64.32950551350008,
e3246f702c,180,94,658,6.58,42452.551488278215,20.673798588359595,482.046786522123,76.84912431419495,
e3246f702c,180,95,665,6.65,41401.616180776546,10.368794370057064,462.02458007584437,31.168730834206343,
e3246f702c,180,96,672,6.72,41258.019561136694,18.46105670396583,467.0616996086115,78.4380982624094,
e3246f702c,180,97,679,6.79,40717.47441481063,29.678066126924325,466.57518383935513,126.65784914141912,
e3246f702c,180,98,686,6.86,40169.082538443385,28.274886988024203,456.28719599833795,91.10086739391915,
e3246f702c,180,99,693,6.93,39455.92039893307,32.369046865778685,459.7358469828185,67.56759977515986,
e3246f702c,180,100,700,7.0,38233.45684555565,27.825776628528153,434.2707620560346,59.81936175869003,
e3246f702c,180,101,707,7.07,37546.34772660305,29.610583473474314,439.24243617100376,103.53157524855743,
e3246f702c,180,102,714,7.14,36219.32850531896,16.195812953775647,398.0002580863017,46.065822051906984,
e3246f702c,180,103,721,7.21,35826.77925620907,16.815775993009034,403.19618513764084,68.31072855562967,
e3246f702c,180,104,728,7.28,35365.024455677776,14.410948829835826,413.33671287623264,56.80158226862237,
e3246f702c,180,105,735,7.35,35054.48044295643,21.03130966126894,406.9841959600309,66.02843480080178,
e3246f702c,180,106,742,7.42,34306.630689437705,12.671682872622076,416.67565057027883,55.11855233668293,
e3246f702c,180,107,749,7.49,33950.16618227563,20.273772006545475,385.2293127618912,94.69719107869446,
e3246f702c,180,108,756,7.56,33317.88280781024,25.789084754717628,408.18648634027835,86.66090882730447,
e3246f702c,180,109,763,7.63,32530.591360818333,14.563944468805454,379.25510824497087,36.93397082899889,
e3246f702c,180,110,770,7.7,32101.26382843404,14.61857681454022,367.891133072733,43.52790948037941,
e3246f702c,180,111,777,7.77,31670.261199133023,10.855597296854611,374.26852538402443,51.240450022709275,
e3246f702c,180,112,784,7.84,31543.29432135911,11.413744958395014,373.07837628203777,42.80195530722607,
e3246f702c,180,113,791,7.91,31230.18430560216,16.490097267331475,372.59665900334835,70.7344894740987,
e3246f702c,180,114,798,7.98,30909.62614681377,21.350156919687596,358.51387940247133,29.97541860524009,
e3246f702c,180,115,805,8.05,30408.80214128127,11.414998174291028,356.70102599291636,34.18726663204962,
e3246f702c,180,116,812,8.12,30174.111081535928,8.104953159419647,342.0664752296867,27.710027693152686,
e3246f702c,180,117,819,8.19,30053.058334499976,9.134466681411785,345.6963375951733,37.39485388401631,
e3246f702c,180,118,826,8.26,29923.270805368917,18.064422413091506,348.3237343423838,77.36925522483533,
e3246f702c,180,119,833,8.33,29386.168773443012,9.610904159864084,341.00521845627804,35.21550490217285,
e3246f702c,180,120,840,8.4,29171.438474834373,14.270530321061209,333.3555757565358,71.68124903575722,
e3246f702c,180,121,847,8.47,28853.071037775844,15.040118354194439,325.81424470368927,60.562572298261806,
e3246f702c,180,122,854,8.54,28746.8177626661,17.455410042428895,349.74721910255624,71.11217188792936,
e3246f702c,180,123,861,8.61,28360.138045163036,13.348567617449225,332.74152022534383,46.74466014629926,
e3246f702c,180,124,868,8.68,28232.724810894637,16.76156480916561,349.4724683572042,77.15646069211135,
e3246f702c,180,125,875,8.75,27756.747416700768,14.750434639632502,335.9212167970379,60.19476443169761,
e3246f702c,180,126,882,8.82,27586.402238608942,16.570073215694276,335.4527039438075,50.847456174776966,
e3246f702c,180,127,889,8.89,27208.88171996794,20.91432351302698,331.5635633375412,96.09831739176877,
e3246f702c,180,128,896,8.96,26749.93039580051,15.700824206980792,309.5348252172511,48.887669939606816,
e3246f702c,180,129,903,9.03,26513.415255095984,12.08321640344712,330.36120057552785,27.083154277954254,
e3246f702c,180,130,910,9.1,26422.522198948154,20.301167044956873,292.86140469754696,89.29007282257574,
e3246f702c,180,131,917,9.17,25579.516078274446,14.365283364760826,321.02587433113723,69.43509917709017,
e3246f702c,180,132,924,9.24,25383.591359716444,13.794535859059499,318.55693441042195,43.23907838892465,
e3246f702c,180,133,931,9.31,24975.892592642966,16.027317653737075,312.8872013676653,42.744668599321514,
e3246f702c,180,134,938,9.38,24628.4989834251,7.618287934036307,297.37241521404115,31.479628744655155,
e3246f702c,180,135,945,9.45,24481.981958492215,9.941416596319579,300.4252768427673,33.12104694630617,
e3246f702c,180,136,952,9.52,24235.86590783901,10.636959642556125,293.83051819190035,38.37112742855826,
e3246f702c,180,137,959,9.59,24122.56776038223,8.424013164892243,287.51711181941226,17.199431063248927,
e3246f702c,180,138,966,9.66,24072.66867994476,11.889660684344333,296.72147528162145,42.88621095930748,
e3246f702c,180,139,973,9.73,23903.651083856697,11.445780613395218,287.35523381624637,45.677676061447684,
e3246f702c,180,140,980,9.8,23883.506318733576,17.465341146971127,290.1559496508563,82.50249579964553,
e3246f702c,180,141,987,9.87,23383.596680524715,14.305866206107977,288.34307310627946,58.94336152326287,
e3246f702c,180,142,994,9.94,22949.6144386732,8.999309119511604,279.2895373943397,40.307375690512075,
e3246f702c,180,143,1001,10.01,22903.194178471826,18.757222542524474,304.5846382547581,61.325007344356955,
e3246f702c,180,144,1008,10.08,22507.451822653784,15.512227442315876,274.5155450653719,48.9521284952174,
e3246f702c,180,145,1015,10.15,22296.769109287845,14.311248051253816,288.93099313949,36.50499665647932,
e3246f702c,180,146,1022,10.22,22202.867342973208,13.345312521024644,275.04224198210386,39.930881176206796,
e3246f702c,180,147,1029,10.29,21991.897861488982,15.225834002100095,287.4064360873297,49.87710797847189,
e3246f702c,180,148,1036,10.36,21677.48630522056,10.414472988174444,274.0987083919054,21.705022792928737,
e3246f702c,180,149,1043,10.43,21610.411448726845,15.44342880526382,290.23609421401335,55.237467390473235,
e3246f702c,180,150,1050,10.5,21448.43124410013,19.332600940609467,276.6157923399303,84.11059650734299,
e3246f702c,180,151,1057,10.57,20771.72531175829,11.212695685997566,277.87580530293,47.381995066270186,
e3246f702c,180,152,1064,10.64,20491.48615119178,14.502723905571713,263.967206910452,71.9188219733722,
e3246f702c,180,153,1071,10.71,20142.291023666836,9.693591687509489,278.9741346716954,39.60057642082275,
e3246f702c,180,154,1078,10.78,19931.48133302748,8.035340328817703,261.33691186241896,37.993244246117925,
e3246f702c,180,155,1085,10.85,19775.461272532604,5.813867635140301,262.3950205486136,26.734592900860807,
e3246f702c,180,156,1092,10.92,19676.146854768165,12.585740927132669,262.572161318225,24.5912129286855,
e3246f702c,180,157,1099,10.99,19444.727248960597,8.02577737650035,263.34567988979404,13.662725221347236,
e3246f702c,180,158,1106,11.06,19365.439527943374,11.466334801768037,260.23734706296904,51.23067177536119,
e3246f702c,180,159,1113,11.13,19103.812625145267,11.798324177437726,262.36002144987145,54.47441830492503,
e3246f702c,180,160,1120,11.2,18924.231898298687,10.40903720042746,255.04692153352272,22.484610834697257,
e3246f702c,180,161,1127,11.27,18699.60642037087,6.853062156213748,258.272524512521,31.56835651351878,
e3246f702c,180,162,1134,11.34,18582.781303483058,19.00036106211836,254.6585207232268,96.61466586717711,
e3246f702c,180,163,1141,11.41,17581.858341562413,12.508464924111037,250.45323813522901,50.047231250455624,
e3246f702c,180,164,1148,11.48,17306.95816537962,14.264675861254178,245.185912033662,50.078042408525995,
e3246f702c,180,165,1155,11.55,16905.289464273763,11.82821029271921,246.4637769116881,27.88283328517778,
e3246f702c,180,166,1162,11.62,16824.373406911556,9.127208995551523,246.61074711693632,35.42194101250571,
e3246f702c,180,167,1169,11.69,16627.262775917465,6.736247450537964,252.64799086989498,27.88628898546138,
e3246f702c,180,168,1176,11.76,16603.26290109382,6.913868180782773,246.65703095442592,25.951534852050223,
e3246f702c,180,169,1183,11.83,16549.23017479355,12.867983928759529,247.31196069488627,57.44200454930058,
e3246f702c,180,170,1190,11.9,16374.436792047616,6.551106854619477,251.69020084231738,45.95464261751185,
e3246f702c,180,171,1197,11.97,16134.666452114723,8.801391682415398,230.11515607698965,43.04825190287837,
e3246f702c,180,172,1204,12.04,15998.478581805071,14.907776060728658,237.4198226993087,74.81006031138755,
e3246f702c,180,173,1211,12.11,15703.90090654559,13.632276542901423,244.27748175398202,45.330291982162656,
e3246f702c,180,174,1218,12.18,15560.38332334701,13.994844479487412,263.3853867536717,47.12595386473352,
e3246f702c,180,175,1225,12.25,15481.471815505754,16.585268186677393,260.6169024527088,50.02821888877006,
e3246f702c,180,176,1232,12.32,15476.206470598125,14.384658685932319,256.04607117867937,34.096287516289316,
e3246f702c,180,177,1239,12.39,15300.387110223763,16.933673124194353,256.86470448219916,44.26903957547283,
e3246f702c,180,178,1246,12.46,14906.82290676297,18.133778643485716,238.47636794219665,70.12015111797082,
e3246f702c,180,179,1253,12.53,14219.179040233608,7.50433163577516,215.85287787332274,14.292759915512105,
e3246f702c,180,180,1260,12.6,14109.168470376897,7.144380932212166,221.4589170838938,28.273400598034122,
e3246f702c,180,181,1267,12.67,14021.380844182004,3.8462987971009333,216.42811122167134,11.433680994976791,
e3246f702c,180,182,1274,12.74,13998.403332554019,7.116611861982183,220.69401736888375,31.927625181613262,
e3246f702c,180,183,1281,12.81,13866.497647406479,12.232979106369958,213.1043228085797,57.02799493893309,
e3246f702c,180,184,1288,12.88,13673.806402071106,11.287078595945728,209.40150496636764,40.467272901990356,
e3246f702c,180,185,1295,12.95,13495.009130118066,7.771075261069759,197.39619139040906,23.997917558780923,
e3246f702c,180,186,1302,13.02,13478.567228901193,10.88341881774918,199.30151743649768,42.60272236102905,
e3246f702c,180,187,1309,13.09,13439.178043673848,15.608482492894808,198.63713660914996,61.65859040962699,
e3246f702c,180,188,1316,13.16,13093.735835074975,9.330862260706269,199.39279035087216,31.254977536235366,
e3246f702c,180,189,1323,13.23,12940.091112476755,8.113197920217123,191.8171740919198,20.672580005908472,
e3246f702c,180,190,1330,13.3,12807.487815630086,10.867045046273795,195.6725538989354,45.1417541746181,
e3246f702c,180,191,1337,13.37,12664.339711556015,7.552915875625204,196.51586643203436,16.717335643437867,
e3246f702c,180,192,1344,13.44,12607.527708767222,8.382852191777143,184.5175869608959,35.306331200895926,
e3246f702c,180,193,1351,13.51,12500.549548698264,7.198330947442239,182.07304642304192,30.40147299911464,
e3246f702c,180,194,1358,13.58,12407.876019348014,7.149905237135869,176.75436649951592,20.971705858124793,
e3246f702c,180,195,1365,13.65,12335.059805848898,4.850082188157506,181.330281468214,18.661437724893414,
e3246f702c,180,196,1372,13.72,12310.766451287167,10.6996991500165,186.02239445626532,17.746895622319588,
e3246f702c,180,197,1379,13.79,12170.738068611434,10.365060647015763,191.40669368805226,42.5339819569683,
e3246f702c,180,198,1386,13.86,12120.951309689315,5.728843366954104,188.59107791215618,37.38583104875039,
e3246f702c,180,199,1393,13.93,11937.513269241954,4.633855923375013,180.1630122461501,46.56664275655101,
e3246f702c,180,200,1400,14.0,11844.735428238491,7.671340953827322,180.7178757678613,34.50936388481309,
e3246f702c,180,201,1407,14.07,11781.475796773362,8.437576465309311,172.62513958587368,34.39295131178917,
e3246f702c,180,202,1414,14.14,11698.776502625456,8.657602865487744,176.69487864508756,17.109736279839854,
e3246f702c,180,203,1421,14.21,11669.588268773525,9.006656772830697,175.7089563516645,36.213865921975845,
e3246f702c,180,204,1428,14.28,11529.8835058977,7.054678879508835,180.61147772202122,29.048657596207395,
e3246f702c,180,205,1435,14.35,11466.95156818904,6.263847769978354,167.20859709650787,22.54318494196131,
e3246f702c,180,206,1442,14.42,11432.129253106114,6.753669217643138,170.57905931945973,30.503560421983096,
e3246f702c,180,207,1449,14.49,11352.367010840824,10.59036349234656,170.2419960311174,32.37390729529501,
e3246f702c,180,208,1456,14.56,11289.835973408617,8.369975564742088,182.6049567579985,34.19963322748101,
e3246f702c,180,209,1463,14.63,11200.916786404923,8.91712199964843,187.24750004709048,24.909574543584608,
e3246f702c,180,210,1470,14.7,11093.054693030816,7.4982432063199305,183.31391094705967,29.905313433042682,
e3246f702c,180,211,1477,14.77,11046.098484352986,7.999522077584608,179.15965992941116,14.686094684694512,
e3246f702c,180,212,1484,14.84,10960.796604213096,6.171885155680064,175.76524579578094,22.311475489369336,
e3246f702c,180,213,1491,14.91,10902.995521274266,6.784207253511058,177.53395428875658,26.817889616105973,
e3246f702c,180,214,1498,14.98,10880.517912326595,8.028069941115257,175.9818721580909,24.43196802117219,
e3246f702c,180,215,1505,15.05,10781.999804692248,10.209477819242373,180.00017222738762,23.221123553221446,
e3246f702c,180,216,1512,15.12,10745.877691422564,9.270725500532594,175.6135181377027,18.215169495567817,
e3246f702c,180,217,1519,15.19,10631.75733008569,8.517029957523594,176.93747258693315,31.56690855458104,
e3246f702c,180,218,1526,15.26,10622.243852952673,8.476630831181934,174.408443851311,30.889977874417472,
e3246f702c,180,219,1533,15.33,10466.62189505179,10.232870375235652,161.95060760111434,45.77456635882283,
e3246f702c,180,220,1540,15.4,10248.679447341825,6.373613851064977,158.16391910023677,21.928538601152216,
e3246f702c,180,221,1547,15.47,10174.405756916189,3.251350535311668,160.42257779349717,24.870400613982657,
e3246f702c,180,222,1554,15.54,10128.0910884953,6.019386935628582,156.51191699641942,27.236870780657775,
e3246f702c,180,223,1561,15.61,10110.27277276465,10.206075310313707,151.0540435616753,29.192218670698416,
e3246f702c,180,224,1568,15.68,9977.92246450656,8.671001963916149,161.71570054265686,39.92800652130948,
e3246f702c,180,225,1575,15.75,9838.789957712926,6.469001644996073,161.4867758138157,20.55120217540829,
e3246f702c,180,226,1582,15.82,9791.406039183095,5.891161543933965,163.17434612733797,23.4552295430608,
e3246f702c,180,227,1589,15.89,9776.224631843417,9.86308468651139,156.87511814758832,19.348172870623593,
e3246f702c,180,228,1596,15.96,9697.925339698935,13.451461044643418,181.392418197887,38.96832478730924,
e3246f702c,180,229,1603,16.03,9574.91200604711,6.329850955031212,191.782796244767,51.41347368030661,
e3246f702c,180,230,1610,16.1,9391.331605937788,3.288090843516354,167.01384920990503,14.726154079905006,
e3246f702c,180,231,1617,16.17,9375.73429542037,2.924284455806228,166.40901541837079,9.996758883063817,
e3246f702c,180,232,1624,16.24,9366.247894804186,2.9846408343698134,165.99918268009716,13.328810547749363,
e3246f702c,180,233,1631,16.31,9363.690139178618,6.331905274187642,172.48215240800894,19.35170965031824,
e3246f702c,180,234,1638,16.38,9300.453982973811,4.683316479986161,158.82197650677503,9.39857950479252,
e3246f702c,180,235,1645,16.45,9290.023463703683,6.847065874177956,166.574130061263,29.627575269662852,
e3246f702c,180,236,1652,16.52,9289.58684388837,10.005422052580418,176.0496543768624,35.04221699367637,
e3246f702c,180,237,1659,16.59,9254.198279888042,7.610101571746175,166.23659563396976,5.1429117233978205,
e3246f702c,180,238,1666,16.66,9192.436516087804,4.153260767404962,168.7626591747761,27.02077213186649,
e3246f702c,180,239,1673,16.73,9119.269073036709,3.68621594625046,160.734448934827,14.171678485534759,
e3246f702c,180,240,1680,16.8,9102.189381324568,4.847615178475802,157.8638975589444,20.36930009918204,
e3246f702c,180,241,1687,16.87,9094.854789025636,4.89915372659491,162.6338838493,15.146585060479229,
e3246f702c,180,242,1694,16.94,9064.593618643004,2.746236916049951,150.65828874465623,23.814315287176754,
e3246f702c,180,243,1701,17.01,9032.726471065558,6.905732381759558,154.62087135514523,29.499538319399967,
e3246f702c,180,244,1708,17.08,8991.639244008291,9.079120294739566,152.76598041365898,45.537045655268805,
e3246f702c,180,245,1715,17.15,8796.370530455555,6.042677441442347,156.79376212508402,16.964634486544895,
e3246f702c,180,246,1722,17.22,8787.931390920585,7.782514170121895,149.21544192515495,11.935397819395455,
e3246f702c,180,247,1729,17.29,8659.407652263013,9.330004753400745,151.87998226173954,43.98114878635903,
e3246f702c,180,248,1736,17.36,8445.4167674984,9.006246199117172,152.08448709032285,42.746985849849615,
e3246f702c,180,249,1743,17.43,8404.247818331927,4.322302175432436,169.5288112595366,19.45967814085307,
e3246f702c,180,250,1750,17.5,8313.545938193765,3.0005555652647335,148.856510430091,9.685245561649735,
e3246f702c,180,251,1757,17.57,8302.973480545676,6.735132175550758,147.79156239843365,27.04022933207681,
e3246f702c,180,252,1764,17.64,8253.737077141714,6.944409177516327,150.01102451514802,23.705396770788848,
e3246f702c,180,253,1771,17.71,8143.955069028278,8.230885469613616,144.7867747735347,31.51956701547463,
e3246f702c,180,254,1778,17.78,8045.002495589604,10.006545189481391,154.3018153678942,42.29512142330324,
e3246f702c,180,255,1785,17.85,7943.171884056133,7.912909744712254,153.59846793399188,26.143744975005283,
e3246f702c,180,256,1792,17.92,7896.785868561977,6.5108630122503905,147.06578446640006,22.523771719988755,
e3246f702c,180,257,1799,17.99,7838.683645693557,4.394900340416027,149.7893132343423,31.547877602577625,
e3246f702c,180,258,1806,18.06,7749.381630627004,3.8617298612962667,145.58235537250496,14.219125117968018,
e3246f702c,180,259,1813,18.13,7729.610298769606,7.885911840609643,142.73286199879402,37.10753428930029,
e3246f702c,180,260,1820,18.2,7684.203663207292,5.8160387207717825,150.79579946436417,16.65493142285032,
e3246f702c,180,261,1827,18.27,7660.989232537939,5.931399850804782,143.4735542655933,15.628603252136424,
e3246f702c,180,262,1834,18.34,7642.932392678629,3.7975214034233775,141.85262270106787,33.19225488536968,
e3246f702c,180,263,1841,18.41,7574.837412124639,5.262851721960217,139.42766489823612,25.926210025044533,
e3246f702c,180,264,1848,18.48,7558.145959202715,6.554093847512361,141.73410870580173,23.771943782340646,
e3246f702c,180,265,1855,18.55,7498.4917802161835,2.492028379039535,139.49467441151276,19.79853964404047,
e3246f702c,180,266,1862,18.62,7469.511190984387,6.041817197086941,137.95452423481834,22.438286003126937,
e3246f702c,180,267,1869,18.69,7453.653612307789,8.130698749504937,141.44696017267762,27.883537763319744,
e3246f702c,180,268,1876,18.76,7420.000371784143,8.909085805338163,143.09478189725297,25.12681526139133,
e3246f702c,180,269,1883,18.83,7381.776820304503,8.461449186059058,147.50840563565268,22.731079001149325,
e3246f702c,180,270,1890,18.9,7272.868293266964,6.25657863944772,138.29727334519598,18.32995274154141,
e3246f702c,180,271,1897,18.97,7258.002188673354,6.810676523013075,143.09636906917845,21.365370377870498,
e3246f702c,180,272,1904,19.04,7204.722772551248,6.357781615115102,137.63732219366503,25.080249678426746,
e3246f702c,180,273,1911,19.11,7202.09568166558,6.471545141482883,141.53650387298865,18.957185820445563,
e3246f702c,180,274,1918,19.18,7175.309033004986,3.06808814878115,143.2809744930843,9.13068306623487,
e3246f702c,180,275,1925,19.25,7137.482201031451,5.043196953261537,138.37126063034995,13.149123868735314,
e3246f702c,180,276,1932,19.32,7130.819720681972,6.9830469006419955,141.23232321363716,25.470421407183068,
e3246f702c,180,277,1939,19.39,7089.3829583310935,3.6639966114119376,140.93560824400268,23.728865876853618,
e3246f702c,180,278,1946,19.46,7015.097232166349,2.716035419995465,135.55882493906617,7.89879686179181,
e3246f702c,180,279,1953,19.53,7007.182347343795,10.108233302548358,139.41815152859107,49.49734873410658,
e3246f702c,180,280,1960,19.6,6897.23110733171,5.43132787555485,146.15469505208415,20.983887503016902,
e3246f702c,180,281,1967,19.67,6825.695908061338,7.1315242456182775,143.69436671799517,32.47937348730308,
e3246f702c,180,282,1974,19.74,6717.069427282708,3.1406855699766223,140.06779021468316,8.53958028735572,
e3246f702c,180,283,1981,19.81,6705.10810593279,3.615630629076739,141.9272248735885,14.537639155733952,
e3246f702c,180,284,1988,19.88,6690.739992097052,4.375332484703454,136.38722430592105,11.026502768655186,
e3246f702c,180,285,1995,19.95,6645.465043207253,3.4439394492081346,134.46359560844243,15.487096257229737,
e3246f702c,180,286,2002,20.02,6635.025464151738,6.92998851295048,140.0666866125314,28.30151915003932,
e3246f702c,180,287,2009,20.09,6572.8037155737165,10.250740572624588,132.28077589787836,42.053164472672506,
e3246f702c,180,288,2016,20.16,6463.130469832168,5.1816392561203735,140.16887616335626,35.92275897760366,
e3246f702c,180,289,2023,20.23,6328.459081468491,3.8649811864240293,123.6756100954769,16.18169148778194,
e3246f702c,180,290,2030,20.3,6325.074924540867,5.263144630410581,130.4146943573795,18.00949631628506,
e3246f702c,180,291,2037,20.37,6289.608515912834,5.717221654131821,123.66309680916697,23.082089924550193,
e3246f702c,180,292,2044,20.44,6231.509285100864,3.9560425658305647,131.99300115295713,10.228184996629327,
e3246f702c,180,293,2051,20.51,6213.30889996278,5.8934596521512566,129.22001305466907,25.57986137756468,
e3246f702c,180,294,2058,20.58,6155.95818502162,10.00116114684738,129.69753805554552,19.317123360005237,
e3246f702c,180,295,2065,20.65,6125.473472888693,6.745384073163496,131.2422020268258,15.88529154311044,
e3246f702c,180,296,2072,20.72,6086.703256839822,6.263324843503015,135.31301177808518,22.47151643762334,
e3246f702c,180,297,2079,20.79,6028.847602178483,7.578185177411456,127.44769756047911,32.17201788730811,
e3246f702c,180,298,2086,20.86,5984.316535358885,4.350267777927762,143.2063803059824,29.981245050898146,
e3246f702c,180,299,2093,20.93,5900.564924065791,4.521317575155933,131.84419648118896,14.04996588080353,
e3246f702c,180,300,2100,21.0,5871.072384761133,2.8161839986081105,125.3174066361629,22.477707553272495,
e3246f702c,180,301,2107,21.07,5839.818799537708,3.5811821159754254,127.0683056759083,23.642777518770032,
e3246f702c,180,302,2114,21.14,5779.775704950155,4.565451441314095,120.34577644452484,18.20028073318724,
e3246f702c,180,303,2121,21.21,5766.179452624177,2.514928768959529,130.94361388998354,16.1462679683973,
e3246f702c,180,304,2128,21.28,5739.97577258419,4.504103047035416,127.37614641719239,6.867887928832438,
e3246f702c,180,305,2135,21.35,5705.066891405634,1.9241242499857143,126.12651096239179,12.40108114133681,
e3246f702c,180,306,2142,21.42,5686.913195629834,3.712559903817707,124.70755724977107,14.480080395098206,
e3246f702c,180,307,2149,21.49,5680.141829000065,9.465182883504546,133.48248529886976,31.387990610387217,
e3246f702c,180,308,2156,21.56,5659.594007493196,7.582120947944696,134.12786994317804,13.926791636507767,
e3246f702c,180,309,2163,21.63,5604.082047031089,10.068320075628861,119.30174119975301,34.12034325901463,
e3246f702c,180,310,2170,21.7,5484.3970149592515,6.813095954629555,130.18232340356852,27.265120323588118,
e3246f702c,180,311,2177,21.77,5412.190914554574,2.885070628275752,129.04301859269285,11.039455259187894,
e3246f702c,180,312,2184,21.84,5367.681538453585,7.1208706815164025,125.91944276464756,33.15513818621433,
e3246f702c,180,313,2191,21.91,5360.097418889274,4.442555294344484,130.9588571448553,16.430020717806844,
e3246f702c,180,314,2198,21.98,5286.913146328649,2.7124686527991515,119.0915986003141,20.516330295836,
e3246f702c,180,315,2205,22.05,5253.697810524712,3.260360742901359,108.47469590373349,15.67321049631015,
e3246f702c,180,316,2212,22.12,5242.679552102257,4.3993735037710495,111.47927947830436,4.808444037193671,
e3246f702c,180,317,2219,22.19,5208.530021660867,3.016403928620055,104.86333510160384,13.161076678833986,
e3246f702c,180,318,2226,22.26,5192.812936588451,2.336891483192086,110.1224212210958,4.336424287877712,
e3246f702c,180,319,2233,22.33,5188.59414563234,1.9194453427095732,109.48533912740919,3.6415076330656957,
e3246f702c,180,320,2240,22.4,5187.355133241936,7.176074105534134,108.37115936668971,31.65911437232594,
e3246f702c,180,321,2247,22.47,5126.6089388712235,4.3368367214637775,118.07765759468697,12.61347808351449,
e3246f702c,180,322,2254,22.54,5108.974557071382,4.502067590303712,111.46790822906272,8.09279204789463,
e3246f702c,180,323,2261,22.61,5106.248806686644,2.2145139615764564,118.12873811056092,4.479856529972366,
e3246f702c,180,324,2268,22.68,5082.206203555308,3.3527136861724327,112.31267447717315,16.876448157370596,
e3246f702c,180,325,2275,22.75,5068.966042360623,1.6456753582209107,113.22765932604786,12.713271212724152,
e3246f702c,180,326,2282,22.82,5057.054650432645,8.436227310867427,111.02082401817269,41.36743766719094,
e3246f702c,180,327,2289,22.89,5018.70530530495,6.556515375588925,120.98287870466835,19.635550485657753,
e3246f702c,180,328,2296,22.96,4965.240214273255,3.753452051106331,123.66900557304332,22.611827362231438,
e3246f702c,180,329,2303,23.03,4906.595034157327,5.8572319143781995,119.44912775781309,10.734704466196606,
e3246f702c,180,330,2310,23.1,4856.39039211672,6.185614606785421,121.15468701423988,30.29673750582709,
e3246f702c,180,331,2317,23.17,4795.160798139728,3.909998958258177,115.7425115895043,14.937512263827173,
e3246f702c,180,332,2324,23.24,4773.634154050997,4.275282729908781,117.13074097658834,19.40209859570384,
e3246f702c,180,333,2331,23.31,4747.3527228392,4.740058028877282,111.29751313038926,17.510187460662536,
e3246f702c,180,334,2338,23.38,4741.985893819387,3.7735708285952154,117.33827067829237,28.798903898559463,
e3246f702c,180,335,2345,23.45,4678.211020829131,2.7002447200136195,109.55255183520086,9.305157552547122,
e3246f702c,180,336,2352,23.52,4646.1221254433485,4.1693198977576715,113.04068124225174,17.776889593146446,
e3246f702c,180,337,2359,23.59,4632.121708317976,2.1026771262668107,113.26859808062646,8.95937839648913,
e3246f702c,180,338,2366,23.66,4615.786702933891,2.3149520728283366,114.72298951704346,7.760401382965635,
e3246f702c,180,339,2373,23.73,4610.894275864803,6.291223915645681,112.56766610028019,28.83852039787376,
e3246f702c,180,340,2380,23.8,4582.750444272638,7.110953094907628,103.65873639044767,29.25656837378212,
e3246f702c,180,341,2387,23.87,4504.571459590769,2.5502334338757393,109.78286323148401,8.413471209770915,
e3246f702c,180,342,2394,23.94,4474.454770729465,5.858041775040436,100.51816422747476,26.466994061154647,
e3246f702c,180,343,2401,24.01,4459.540234883218,2.5330740644975704,117.36489979745748,11.448664504409136,
e3246f702c,180,344,2408,24.08,4427.578536305829,5.743599336499327,107.54249309152935,15.966337721411675,
e3246f702c,180,345,2415,24.15,4377.442971435095,1.941908016197878,98.48781955808074,13.970825153096325,
e3246f702c,180,346,2422,24.22,4358.566197330825,4.629035416786578,97.65023175606733,14.126293736049371,
e3246f702c,180,347,2429,24.29,4357.501435546968,2.6123549872832426,110.19254425104094,6.337957296475514,
e3246f702c,180,348,2436,24.36,4327.305148396212,3.7369317576502157,98.13289594254354,11.891228633230572,
e3246f702c,180,349,2443,24.43,4318.23627418508,2.5624909476901876,100.49524880585058,19.61305641266224,
e3246f702c,180,350,2450,24.5,4290.468507318055,5.884938261394269,99.28114851765073,26.621098106640144,
e3246f702c,180,351,2457,24.57,4251.449174043262,4.154609196634538,107.17036999634583,14.454067427602034,
e3246f702c,180,352,2464,24.64,4246.541379246802,2.291703547969462,105.21335177535911,9.411348220275082,
e3246f702c,180,353,2471,24.71,4220.300560632692,3.360481115223594,101.3475727941456,15.388054005930993,
e3246f702c,180,354,2478,24.78,4212.561316038108,3.662578145501869,103.47706659727014,32.226615743024695,
e3246f702c,180,355,2485,24.85,4166.1754174606285,1.9998482992617403,103.18941866186108,16.372114527150355,
e3246f702c,180,356,2492,24.92,4146.539082623873,1.7720650414765224,98.11644056861422,7.619193981000933,
e3246f702c,180,357,2499,24.99,4144.050017558835,5.699642331019447,98.68578981758439,26.212432234981534,
e3246f702c,180,358,2506,25.06,4134.448180550842,3.2286456733694613,103.83340083746377,11.067606445474247,
e3246f702c,180,359,2513,25.13,4085.8222035565514,4.669518898378123,96.56712767799914,19.942794119601807,
e3246f702c,180,360,2520,25.2,4068.7718967254054,2.673771293098428,94.3430460076524,17.04634927994555,
e3246f702c,180,361,2527,25.27,4048.8449292559344,2.1832927561109496,96.02695521400761,15.033755791894485,
e3246f702c,180,362,2534,25.34,4033.1292899761147,1.6184908887612999,94.22119445986966,9.937417436248829,
e3246f702c,180,363,2541,25.41,4021.0944025505732,2.994461871073308,97.9254282851896,13.135729214206856,
e3246f702c,180,364,2548,25.48,4017.4252849129507,2.6108797621999793,104.58732680747978,10.989106682647336,
e3246f702c,180,365,2555,25.55,3985.4046187084177,1.94071491650458,98.06970148531451,17.113509325707245,
e3246f702c,180,366,2562,25.62,3966.3942823249668,4.65824148155443,96.89322451339332,19.356104422522638,
e3246f702c,180,367,2569,25.69,3943.7375704149904,2.6666767697297518,97.12553200735414,20.68059044832603,
e3246f702c,180,368,2576,25.76,3919.0805370178373,1.3686704612300682,94.56561959178617,10.222448241758524,
e3246f702c,180,369,2583,25.83,3915.6376714117746,3.5261180311271194,96.17843913356288,32.31027980191606,
e3246f702c,180,370,2590,25.9,3870.6688456872103,2.0532841453682984,100.10045209471409,9.979047134699178,
e3246f702c,180,371,2597,25.97,3857.209717546626,2.3183334480305056,97.72542353734289,20.609618873599548,
e3246f702c,180,372,2604,26.04,3835.8891776442347,3.1618982712728134,95.22567398229685,31.131015098514297,
e3246f702c,180,373,2611,26.11,3798.6420541491507,5.254165865651056,90.50418042398896,20.75109181623181,
e3246f702c,180,374,2618,26.18,3775.6427793112507,4.094532940477706,103.90764089290995,12.213976160752559,
e3246f702c,180,375,2625,26.25,3773.6032037564437,2.8817631958288943,93.78803665217977,21.55532149517534,
e3246f702c,180,376,2632,26.32,3729.9169576874874,2.118179643525211,89.66457363349828,19.340101383083788,
e3246f702c,180,377,2639,26.39,3710.5977815580513,2.402955400686827,92.54915300453094,19.85626649503628,
e3246f702c,180,378,2646,26.46,3683.4176168896424,1.875273362375768,86.56048130060499,2.452907241596801,
e3246f702c,180,379,2653,26.53,3682.782075931326,2.1828903559990502,92.86149302864939,16.616761622765466,
e3246f702c,180,380,2660,26.6,3664.1674592595086,2.5074168350405004,90.12221488120773,22.745338044639233,
e3246f702c,180,381,2667,26.67,3638.809920060058,1.6730994906834293,91.43284231039928,14.107502007474544,
e3246f702c,180,382,2674,26.74,3627.1498967910425,1.337173830374796,89.3603012643514,11.829776721470422,
e3246f702c,180,383,2681,26.81,3618.3862269746505,1.5653948007925258,88.0024992922708,7.046684234867945,
e3246f702c,180,384,2688,26.88,3616.899688901494,3.80285143424193,84.94051833371485,18.510529619028738,
e3246f702c,180,385,2695,26.95,3608.2476185174055,2.7281984520670153,94.85049120072416,13.013474228242512,
e3246f702c,180,386,2702,27.02,3572.221776644269,1.3400364378307392,83.60109508865935,11.201346652204453,
e3246f702c,180,387,2709,27.09,3564.0566833569933,3.976356558198223,84.20061139139885,19.080121429639064,
e3246f702c,180,388,2716,27.16,3560.859202548207,2.4682285986126695,99.78868396863524,11.113453374899088,
e3246f702c,180,389,2723,27.23,3530.894575050554,3.9848175989125707,89.75196942573407,13.959352450150238,
e3246f702c,180,390,2730,27.3,3528.6051927700023,2.8592227259727876,105.87006129698679,18.98279169794539,
e3246f702c,180,391,2737,27.37,3492.1732968730066,3.8538799134909913,96.23808297710495,16.172452500853485,
e3246f702c,180,392,2744,27.44,3485.277609538407,3.1537197230250062,100.17518467426441,23.22143612338516,
e3246f702c,180,393,2751,27.51,3439.7169904289967,1.5907433572757987,100.1437732178862,6.102862901932222,
e3246f702c,180,394,2758,27.58,3434.437126554169,5.362533675516988,97.89901022415033,24.924427322986823,
e3246f702c,180,395,2765,27.65,3431.5984179615393,4.885288039408517,90.09240027407219,8.064071824887234,
e3246f702c,180,396,2772,27.72,3416.312629948603,2.3341923889171716,92.46857449820583,6.814381957184473,
e3246f702c,180,397,2779,27.79,3391.990529768199,3.9980089180602394,87.26804924161331,18.812612514789187,
e3246f702c,180,398,2786,27.86,3388.374859014496,4.392675215309566,87.11443097506853,5.542412503152663,
e3246f702c,180,399,2793,27.93,3384.763372850873,3.202270816301906,91.36792106419931,23.40393536393566,
e3246f702c,180,400,2800,28.0,3334.7726639428333,1.4209927031037455,81.14468149553016,6.462461923700147,
e3246f702c,180,401,2807,28.07,3333.703699906678,3.6980938049788596,81.02265250263473,14.129284813995504,
e3246f702c,180,402,2814,28.14,3333.463593260996,4.792637840237066,89.07658539986097,11.57932520129183,
e3246f702c,180,403,2821,28.21,3315.263843807628,6.610759584386186,78.38632150920083,24.25033682024491,
e3246f702c,180,404,2828,28.28,3275.7134343434227,5.264422293418465,98.65043642802466,17.219335524220035,
e3246f702c,180,405,2835,28.35,3248.0035456210153,4.183339890031295,87.78702236223062,8.793071711808867,
e3246f702c,180,406,2842,28.42,3244.2709226814723,2.8179544561160745,90.91192421525685,22.447115275742924,
e3246f702c,180,407,2849,28.49,3212.8383081672855,1.5752255563605224,88.57988956269413,9.589690112518696,
e3246f702c,180,408,2856,28.56,3200.838362515528,1.9236780601419694,86.66120654359773,18.300639779786145,
e3246f702c,180,409,2863,28.63,3183.759435932155,1.5159153561157632,83.81058744191716,14.169634551110395,
e3246f702c,180,410,2870,28.7,3173.6190435869494,1.318093540712733,84.98950794558657,5.809295825761253,
e3246f702c,180,411,2877,28.77,3171.9806936094474,0.794299386102043,83.87894920550254,3.2163668692379783,
e3246f702c,180,412,2884,28.84,3169.9998663474134,2.2527307631317397,83.74070837389755,22.043794772327512,
e3246f702c,180,413,2891,28.91,3154.64256684523,1.7792345477242835,81.6819253005292,10.13916087976718,
e3246f702c,180,414,2898,28.98,3142.1457038483572,1.1803409099731001,76.85045357264546,7.6352643777101585,
e3246f702c,180,415,2905,29.05,3136.0868894855425,4.1964011019424206,79.22272933521491,11.097494342123612,
e3246f702c,180,416,2912,29.12,3123.602194145343,2.059033603851553,87.24352111137507,8.29466809951028,
e3246f702c,180,417,2919,29.19,3105.2063861555803,1.712323209740754,82.86797641633429,13.247834474923229,
e3246f702c,180,418,2926,29.26,3096.477014463611,1.7661515894261153,79.43224130017059,12.447000150744229,
e3246f702c,180,419,2933,29.33,3080.506996843686,1.6135445343266401,80.66857626339885,15.698141248319654,
e3246f702c,180,420,2940,29.4,3068.9509101959748,1.9811839628256807,76.93113673216038,15.703297711851434,
e3246f702c,180,421,2947,29.47,3050.7420519700063,1.2805828841382247,78.63554275649088,5.223537256177917,
e3246f702c,180,422,2954,29.54,3042.3076941531995,2.1583125920505335,78.38745716761026,16.149435912478435,
e3246f702c,180,423,2961,29.61,3020.817251701596,1.1643499165212294,78.69272368633045,7.182524730463228,
e3246f702c,180,424,2968,29.68,3014.934911969207,1.9318781631104949,77.82435255850291,9.026197401525174,
e3246f702c,180,425,2975,29.75,3013.178292177481,2.8628980159229362,78.34568867861786,12.375693647328786,
e3246f702c,180,426,2982,29.82,3012.494232929577,1.9635531377651714,76.11425956882965,10.079506090122079,
e3246f702c,180,427,2989,29.89,2998.8524701980523,2.011471139968597,73.00679441150284,19.466238915058433,
e3246f702c,180,428,2996,29.96,2983.6189996129015,0.9533907401489632,77.02425767865104,7.3505656275817195,
e3246f702c,180,429,3003,30.03,2979.8332202773277,1.8096936070902516,75.74523923501032,16.226319202112606,
e3246f702c,180,430,3010,30.1,2964.385364522964,4.124928092165901,73.38566556567692,20.762863860562963,
e3246f702c,180,431,3017,30.17,2959.683005433823,2.83905789569899,83.75630025960172,18.189015575536377,
e3246f702c,180,432,3024,30.24,2926.2648425558737,3.9134721385630145,73.66422279584692,13.488969637162901,
e3246f702c,180,433,3031,30.31,2917.579311284882,2.8794450005171703,85.68186906583848,18.527273248375838,
e3246f702c,180,434,3038,30.38,2896.234716940074,2.4680324355872583,79.24028856331537,22.823715225878853,
e3246f702c,180,435,3045,30.45,2867.745221111321,1.282704875563127,79.28519382419593,8.763145273140537,
e3246f702c,180,436,3052,30.52,2861.142643930572,2.044349498688909,81.13574111381078,14.29940570252336,
e3246f702c,180,437,3059,30.59,2841.7943805367454,1.690511173605528,81.44672088099186,10.487311089081247,
e3246f702c,180,438,3066,30.66,2827.974279469589,1.7470000612917638,82.38776325021075,11.928748806849086,
e3246f702c,180,439,3073,30.73,2814.7691982407664,1.9836948502516278,85.12465591133389,17.558051892001476,
e3246f702c,180,440,3080,30.8,2800.952385030015,4.010580100517503,77.80901892933619,18.55883838211448,
e3246f702c,180,441,3087,30.87,2784.6779190876914,2.8513836156909447,79.94883159828109,9.110062170610075,
e3246f702c,180,442,3094,30.94,2783.5152626115155,2.3983867996989403,79.84466483145425,21.896464333023808,
e3246f702c,180,443,3101,31.01,2761.3695712634476,2.077303120413,78.81556900541752,6.840434623997767,
e3246f702c,180,444,3108,31.08,2759.01160457415,1.8014782105776328,77.31014565825926,13.32194661672859,
e3246f702c,180,445,3115,31.15,2744.867754485865,1.133511311918335,75.96939741944716,9.981426977761757,
e3246f702c,180,446,3122,31.22,2738.536683764264,2.434918459285852,74.11674962888196,8.841308750579202,
e3246f702c,180,447,3129,31.29,2738.083337151298,5.657134384678179,80.43776807179444,24.636832867916056,
e3246f702c,180,448,3136,31.36,2732.6088420620695,2.2816376047985867,77.97725344895188,14.920194042683782,
e3246f702c,180,449,3143,31.43,2705.2179131846156,3.0698075652477406,72.66934560810485,9.700149906092083,
e3246f702c,180,450,3150,31.5,2700.1069806385344,2.288293068807095,74.59641136778403,18.97401241783101,
e3246f702c,180,451,3157,31.57,2674.1348324660303,2.306479228121165,70.91515513686323,8.172399000056863,
e3246f702c,180,452,3164,31.64,2671.5589035455505,2.3815582290501323,73.31415905567383,6.167567142851445,
e3246f702c,180,453,3171,31.71,2666.848921126463,1.4702666594008669,76.91060859865175,12.910311852769667,
e3246f702c,180,454,3178,31.78,2656.4492110344177,4.2561124139615725,72.72669554474426,21.60001566796623,
e3246f702c,180,455,3185,31.85,2641.6954612945688,1.8785637972551896,72.49168760002533,14.140763219550292,
e3246f702c,180,456,3192,31.92,2624.3234825011273,1.8717096407014853,70.35191713919869,18.062979088789817,
e3246f702c,180,457,3199,31.99,2608.5285347696954,2.410248249079908,68.2309851681501,3.8460223831323335,
e3246f702c,180,458,3206,32.06,2600.0954388769023,1.6022947877379734,68.04994765533785,14.9205174782677,
e3246f702c,180,459,3213,32.13,2587.3472430619954,1.6411655022078433,68.65522568764291,6.789058519768438,
e3246f702c,180,460,3220,32.2,2587.28064219942,1.5883459881685116,69.29175591237478,12.898641295274295,
e3246f702c,180,461,3227,32.27,2576.291253820449,0.9842556592430508,71.03075347277583,3.6715145203653248,
e3246f702c,180,462,3234,32.34,2573.173339701317,0.877196651965725,69.33325721473565,5.164319739045385,
e3246f702c,180,463,3241,32.41,2569.5220415353315,1.2107777409148215,69.21053524875123,11.72572810019314,
e3246f702c,180,464,3248,32.48,2564.947775570596,3.563220787596706,68.42372180840765,17.293245283916992,
e3246f702c,180,465,3255,32.55,2559.695398760599,1.7823801543402873,81.71938314509228,5.952018513678903,
e3246f702c,180,466,3262,32.62,2544.8284943489225,0.9246459775005504,70.80166593415088,8.326007865511206,
e3246f702c,180,467,3269,32.69,2541.021499482686,2.3448340180486245,71.05529334123983,17.943364716040282,
e3246f702c,180,468,3276,32.76,2517.7795323569057,2.0837369683643536,71.42381066823401,19.083037364709625,
e3246f702c,180,469,3283,32.83,2507.01989193469,4.865427814503486,75.24613427323354,21.17667892213832,
e3246f702c,180,470,3290,32.9,2504.150612663528,2.772669640118843,85.49791565178376,5.560309421558221,
e3246f702c,180,471,3297,32.97,2470.5878043881867,2.19582663292479,76.24268347071474,9.455821102011384,
e3246f702c,180,472,3304,33.04,2468.554553301115,2.098649432922857,74.63336861854096,18.403047439161732,
e3246f702c,180,473,3311,33.11,2450.530151143987,1.0839625421559318,73.95122326721304,4.357859878993539,
e3246f702c,180,474,3318,33.18,2444.950311038161,1.1841812208520832,71.87145977566468,10.119956191945136,
e3246f702c,180,475,3325,33.25,2439.7504786720756,1.7828375835162902,71.25310629826134,16.66387704694389,
e3246f702c,180,476,3332,33.32,2430.097161404693,1.8353289018724994,67.44912724031244,15.604502310138383,
e3246f702c,180,477,3339,33.39,2417.2737645079096,1.7319335902306432,66.23758983303073,12.176913134494487,
e3246f702c,180,478,3346,33.46,2403.0721059389502,1.87548567675871,66.54617210191424,7.651229361634912,
e3246f702c,180,479,3353,33.53,2401.664794294759,1.4622845472478099,68.63203676048272,6.9937699085586,
e3246f702c,180,480,3360,33.6,2394.2413927743046,0.7387212876519158,68.49219432757295,2.3541924410016257,
e3246f702c,180,481,3367,33.67,2393.0837042874923,2.9002880556489283,67.42375705689122,13.498748433104893,
e3246f702c,180,482,3374,33.74,2385.7402919183314,1.743678066611559,70.19366320525307,7.981629324383021,
e3246f702c,180,483,3381,33.81,2383.2715016625307,1.5750573863230883,68.3842684161427,4.557501375842519,
e3246f702c,180,484,3388,33.88,2377.830831896697,1.9953779472324082,67.13504774798194,17.094182577700067,
e3246f702c,180,485,3395,33.95,2363.812614286782,1.644322596364468,64.98143604309152,14.454624036217094,
e3246f702c,180,486,3402,34.02,2352.603386112905,2.1029889321862223,65.5295604555521,7.967388216430969,
e3246f702c,180,487,3409,34.09,2351.9652066673793,1.5009822900622787,66.69113597413825,8.235676905883196,
e3246f702c,180,488,3416,34.16,2340.439541557014,4.51936419472831,65.36052691789153,10.039267066222141,
e3246f702c,180,489,3423,34.23,2324.036500345397,2.5932102314796963,83.51998595282537,19.907820608951212,
e3246f702c,180,490,3430,34.3,2300.6434374472105,3.233703967019776,67.08673088352754,11.557909003276638,
e3246f702c,180,491,3437,34.37,2285.7251369261453,1.420259178275459,75.13477526981256,10.523380964278457,
e3246f702c,180,492,3444,34.44,2276.6062697419447,1.5852102838348858,69.1873876596642,15.864642403493198,
e3246f702c,180,493,3451,34.51,2264.8669412206323,1.1471437745771738,70.16998618685508,8.368561102525904,
e3246f702c,180,494,3458,34.58,2259.070089762184,1.601147587363493,70.14933090288484,7.648685684029433,
e3246f702c,180,495,3465,34.65,2254.5580018519126,3.3033599624458208,72.8868229318379,13.414335893633043,
e3246f702c,180,496,3472,34.72,2252.104240196474,1.9222774366840982,78.4842919873028,7.358579547190105,
e3246f702c,180,497,3479,34.79,2234.4078255761374,3.918257638248403,71.33306926931641,19.16628850383887,
e3246f702c,180,498,3486,34.86,2231.8191321988816,2.2945426167443004,79.73054455269182,15.545250837445968,
e3246f702c,180,499,3493,34.93,2208.8179939399424,1.6444506455611632,70.30830634551307,6.841180060232814,
e3246f702c,180,500,3500,35.0,2208.6866514547432,1.663211612215507,71.82199883134135,14.152046728170431,
e3246f702c,180,501,3507,35.07,2198.8571671409336,3.8960024004728497,68.04927926478662,17.613083777958266,
e3246f702c,180,502,3514,35.14,2192.0249714077586,3.272821559928637,79.42428055776804,3.5350063108985856,
e3246f702c,180,503,3521,35.21,2189.586148955465,1.8049966164858797,68.11043128342415,9.387612544108476,
e3246f702c,180,504,3528,35.28,2175.2694772005298,1.0674319249489113,69.658610448809,8.952397494651413,
e3246f702c,180,505,3535,35.35,2170.9353097239764,1.4173837830468663,67.67011376465787,11.761439505442334,
e3246f702c,180,506,3542,35.42,2162.5696361648397,1.4099206604325374,69.63957941815549,11.636618800006255,
e3246f702c,180,507,3549,35.49,2152.445312638507,1.677870600346543,66.18363628866369,16.41336347969016,
e3246f702c,180,508,3556,35.56,2138.6043803053626,4.73528143861723,66.61669630348605,22.80410602322146,
e3246f702c,180,509,3563,35.63,2118.776257816318,3.9899994710360724,73.33533702976524,13.696708306642261,
e3246f702c,180,510,3570,35.7,2107.2172886193644,2.157701092192617,68.75706136468841,13.509770337789087,
e3246f702c,180,511,3577,35.77,2085.7680300751645,0.5163339902987809,65.25409704424429,3.9642020340429744,
e3246f702c,180,512,3584,35.84,2084.6656612734414,3.2368846187421436,66.8579413939682,15.013514281488538,
e3246f702c,180,513,3591,35.91,2083.8789403728406,2.0787085183485656,70.03018341748643,13.281970523839417,
e3246f702c,180,514,3598,35.98,2070.2094409961182,1.9990020549938585,71.2748818660297,16.531453153817314,
e3246f702c,180,515,3605,36.05,2056.0208068849815,2.749021884953706,66.2780827245559,8.254174641708296,
e3246f702c,180,516,3612,36.12,2054.081582137211,2.101130126144089,79.05490383095312,12.431144756359098,
e3246f702c,180,517,3619,36.19,2039.0546790197327,2.4332388640054465,70.66425304337777,21.570618263565105,
e3246f702c,180,518,3626,36.26,2014.4346133247757,1.4027846922242846,67.88590695567207,11.6665689675498,
e3246f702c,180,519,3633,36.33,2007.620563016638,0.9314654814506776,63.884769605824715,7.649602568064672,
e3246f702c,180,520,3640,36.4,2005.0444142594706,2.8530403778003794,65.30162995238203,28.62641840786897,
e3246f702c,180,521,3647,36.47,1975.3056854762003,2.662499630948377,66.32110277105917,25.446805165661697,
e3246f702c,180,522,3654,36.54,1954.0267801306943,1.9370172685085338,65.50219904731665,9.973642022125496,
e3246f702c,180,523,3661,36.61,1943.6414904185685,1.8769352526210346,64.72058014078455,9.040204947101522,
e3246f702c,180,524,3668,36.68,1929.319137054849,1.7194581131708249,64.66705197918958,12.787432436527206,
e3246f702c,180,525,3675,36.75,1919.230515241584,1.231372061300262,67.64499716097298,6.183885240379931,
e3246f702c,180,526,3682,36.82,1914.9819892051594,1.6162458757126865,66.67841483996223,12.08783358355794,
e3246f702c,180,527,3689,36.89,1909.9881654325686,2.26907558607376,68.08242806471463,13.066790396933778,
e3246f702c,180,528,3696,36.96,1898.4853856266343,2.137908364439923,64.96226067510383,13.347433941286534,
e3246f702c,180,529,3703,37.03,1897.4667514774662,2.384124394841182,68.6148148919604,15.282079428656214,
e3246f702c,180,530,3710,37.1,1881.2533553420508,2.38118154711122,62.76337218564185,17.549552767298923,
e3246f702c,180,531,3717,37.17,1866.9665261396683,2.0649077836233136,68.66368666933539,7.432833667230091,
e3246f702c,180,532,3724,37.24,1866.0098152364833,2.263954157589574,62.23419085147676,5.653024124132185,
e3246f702c,180,533,3731,37.31,1862.903873129654,2.31246281521396,68.48914427903709,5.079653883873482,
e3246f702c,180,534,3738,37.38,1857.3887357404842,2.184602289206717,61.63599633598396,9.177878341481794,
e3246f702c,180,535,3745,37.45,1853.6706218426152,2.2860098306512135,69.26533573029596,14.18908403322469,
e3246f702c,180,536,3752,37.52,1851.39768704257,2.47899242504725,61.429707352994,8.709493984064824,
e3246f702c,180,537,3759,37.59,1849.4401609460738,2.550407239066201,69.56200272114843,4.396863155741787,
e3246f702c,180,538,3766,37.66,1846.3458244727715,2.5605083507984165,60.564120661935235,5.308196830670702,
e3246f702c,180,539,3773,37.73,1844.8092934258048,1.3413414842076945,71.10643697864798,9.437926783229166,
e3246f702c,180,540,3780,37.8,1828.2242892731467,3.1583942405672354,58.331461184214874,11.359449636021473,
e3246f702c,180,541,3787,37.87,1814.8083320272597,1.5079636111406307,62.42301607204198,5.358374153982557,
e3246f702c,180,542,3794,37.94,1810.5659147283354,2.149647052985186,62.35341278850212,19.199984079097213,
e3246f702c,180,543,3801,38.01,1797.7454372904492,1.6174995392098215,59.760792110529735,6.479915453394825,
e3246f702c,180,544,3808,38.08,1795.2297784515044,1.5229175792409249,59.720454655205174,6.2009126429182055,
e3246f702c,180,545,3815,38.15,1790.9033565962532,1.6180561322693539,57.741515843548406,9.547576147266668,
e3246f702c,180,546,3822,38.22,1785.5513358887167,1.4114383987882935,60.319833432668844,6.678204741940426,
e3246f702c,180,547,3829,38.29,1782.9044224188467,1.5022145439041175,59.03244341413419,8.597457560399686,
e3246f702c,180,548,3836,38.36,1781.0238617728194,1.8470301904685562,60.85132183500504,11.374349678351615,
e3246f702c,180,549,3843,38.43,1774.642690542448,1.6916771829021489,62.945582716615434,4.528634389180546,
e3246f702c,180,550,3850,38.5,1764.880298358659,0.9740967247555311,56.9677779598615,6.199418285552467,
e3246f702c,180,551,3857,38.57,1760.3132978910296,1.5635775100189842,59.327021272338314,14.894119084786588,
e3246f702c,180,552,3864,38.64,1749.538787382222,1.301926324648192,59.17185484929835,10.704024055682067,
e3246f702c,180,553,3871,38.71,1741.3587460994556,0.8879883056574257,61.4229313123104,3.2871542366622775,
e3246f702c,180,554,3878,38.78,1739.0937755783027,0.7740907132395254,62.42674479211369,4.94726337285183,
e3246f702c,180,555,3885,38.85,1736.2916217845993,2.1895184781781523,61.82272711632421,10.733019550610038,
e3246f702c,180,556,3892,38.92,1734.261008013189,1.6356346618442035,66.2299203585518,9.254102443201976,
e3246f702c,180,557,3899,38.99,1723.727595986503,2.924393728053185,63.162447555858904,8.777556229177131,
e3246f702c,180,558,3906,39.06,1711.763230325176,3.666936032686161,63.56937536282578,16.704726673703757,
e3246f702c,180,559,3913,39.13,1695.192805189923,3.143936283758706,61.45881903866371,12.911199924179497,
e3246f702c,180,560,3920,39.2,1690.9334236823186,2.379133468047609,66.21113344917906,16.782932163310743,
e3246f702c,180,561,3927,39.27,1663.7157180083386,0.9086559488031886,61.16631649954843,6.110012752870144,
e3246f702c,180,562,3934,39.34,1659.4697567645912,2.07256627167112,60.70064454414852,9.835939840092253,
e3246f702c,180,563,3941,39.41,1654.8429701557968,1.0895660260114268,61.78356172505725,8.364688668677637,
e3246f702c,180,564,3948,39.48,1649.204767173545,1.1027907115828743,59.66451146460254,6.979636695025631,
e3246f702c,180,565,3955,39.55,1644.3730260927923,3.1550065196875905,59.55289272340775,7.928877387856528,
e3246f702c,180,566,3962,39.62,1636.8529718181294,1.5327167825178574,69.318342763175,6.141238509820454,
e3246f702c,180,567,3969,39.69,1626.956121299573,2.0022289193554337,61.62588518667173,9.424161626283635,
e3246f702c,180,568,3976,39.76,1625.4606314300847,1.7682319514073597,65.64379390887248,14.660077295027214,
e3246f702c,180,569,3983,39.83,1613.9659172374127,1.5524377934711429,58.51437487764171,12.769261282121468,
e3246f702c,180,570,3990,39.9,1602.6032947585095,0.8131117873526352,60.92304741079925,6.41628155200905,
e3246f702c,180,571,3997,39.97,1599.3031745863627,1.1956182009184335,60.12362879857031,7.65871652348962,
e3246f702c,180,572,4004,40.04,1593.6887530440413,1.211079587129873,62.44318751695608,11.720762555572392,
e3246f702c,180,573,4011,40.11,1587.7982564396011,0.6940062044785344,57.03542216389065,6.655720429175562,
e3246f702c,180,574,4018,40.18,1585.9791166079888,1.5827240464878656,59.48458448948812,14.648238765691168,
e3246f702c,180,575,4025,40.25,1576.0414710231667,1.1895352192159454,58.63428122877162,10.311000704336434,
e3246f702c,180,576,4032,40.32,1572.3265852967743,3.0168403295662607,58.07576542165934,7.409279776848295,
e3246f702c,180,577,4039,40.39,1567.0970954898119,2.5134266548726534,58.26183017771257,4.717789350610256,
e3246f702c,180,578,4046,40.46,1565.4091203509247,1.743535263106764,57.6113105043552,5.75109562232944,
e3246f702c,180,579,4053,40.53,1555.9038816027157,1.4665886793607184,55.681368246005945,11.008805283176391,
e3246f702c,180,580,4060,40.6,1547.9384364014866,1.5404248852023186,54.116373758665574,15.476989401443934,
e3246f702c,180,581,4067,40.67,1537.9988570855926,1.2297900641163413,53.89898836421288,10.261088659626942,
e3246f702c,180,582,4074,40.74,1533.730540146375,1.2392013119738619,55.50760737893332,10.89415727299842,
e3246f702c,180,583,4081,40.81,1529.5300057448812,0.9580554366155941,53.578323158148606,5.2020119763208035,
e3246f702c,180,584,4088,40.88,1527.804723490462,1.1442043116932898,54.68028619864463,9.625082159516563,
e3246f702c,180,585,4095,40.95,1525.6663120100218,1.0892804325617491,53.13277662580523,4.368585538899396,
e3246f702c,180,586,4102,41.02,1523.3301120606607,1.6429474048565291,54.63927495368081,13.258906367411152,
e3246f702c,180,587,4109,41.09,1512.395372592635,4.358604847238607,52.93789632095206,19.84271725852473,
e3246f702c,180,588,4116,41.16,1509.5413415208284,2.1695249027089227,64.16786921355884,10.1668791088217,
e3246f702c,180,589,4123,41.23,1487.194746734329,1.2246821218912123,55.04140911708744,9.860714521710014,
e3246f702c,180,590,4130,41.3,1483.491422114473,0.9417548525028197,52.94890490832176,6.152378881337567,
e3246f702c,180,591,4137,41.37,1481.1211438090904,1.1697641839060267,53.4043615544637,6.999222808414327,
e3246f702c,180,592,4144,41.44,1477.6721393919133,1.2556159221747538,54.06281291901152,9.838637540274457,
e3246f702c,180,593,4151,41.51,1472.309842581185,0.6744327956060204,56.225162109494875,3.029108571112318,
e3246f702c,180,594,4158,41.58,1470.7389345550182,0.8554595273931357,54.42080797784573,6.222760392763123,
e3246f702c,180,595,4165,41.65,1468.085763177197,0.8094918990022985,54.64533941610457,6.83328106608294,
e3246f702c,180,596,4172,41.72,1466.152125838903,2.9352208065728136,56.00075828425751,13.365366631651215,
e3246f702c,180,597,4179,41.79,1464.8545975824902,2.236349861269434,59.54931518725882,10.069911336197645,
e3246f702c,180,598,4186,41.86,1449.081643015959,1.8250360119385116,57.485914362223085,11.945290687295648,
e3246f702c,180,599,4193,41.93,1440.3056443697037,1.7801006779820416,52.68131770964939,8.38116538266876,
e3246f702c,180,600,4200,42.0,1425.3037290052391,0.9560652848685991,51.854321097772086,7.899080982378953,
e3246f702c,180,601,4207,42.07,1423.2945999667124,1.0210312665359929,51.470449015965805,5.011773507742832,
e3246f702c,180,602,4214,42.14,1420.2346808733412,1.0937317119600052,50.934723839140815,5.840628211486384,
e3246f702c,180,603,4221,42.21,1415.4386007200696,0.6790342323970034,51.60627533526891,5.4905599845357385,
e3246f702c,180,604,4228,42.28,1413.143850135849,1.040880923149429,50.91252826304423,6.959334590384495,
e3246f702c,180,605,4235,42.35,1409.0086704622327,0.9367809914939668,50.90514098073469,8.262817262407417,
e3246f702c,180,606,4242,42.42,1407.3941311263725,0.8897586354874836,48.26426515731912,6.664906204602742,
e3246f702c,180,607,4249,42.49,1404.9378557373873,1.2761359756843755,49.09370405597494,11.841782732830085,
e3246f702c,180,608,4256,42.56,1399.8553278950699,0.9449281969989534,48.97596848095161,6.778944335559621,
e3246f702c,180,609,4263,42.63,1398.6389339555035,0.8812595632867759,50.028131551686265,5.407061533107995,
e3246f702c,180,610,4270,42.7,1397.2054876943446,1.0746407020888553,48.562000875552435,7.2785898754649105,
e3246f702c,180,611,4277,42.77,1392.7112026192783,0.7361578371507911,46.65470140902124,5.01662868400313,
e3246f702c,180,612,4284,42.84,1390.48453261639,1.8695578318246824,47.93315694992128,15.301360874055497,
e3246f702c,180,613,4291,42.91,1373.982389629721,1.9192073483002907,49.30335371398486,7.633017588318509,
e3246f702c,180,614,4298,42.98,1373.7019917058246,1.343843537103824,53.94571716640603,4.924279030056876,
e3246f702c,180,615,4305,43.05,1366.008215759593,1.0186222055900718,48.9642592520419,7.53479035332455,
e3246f702c,180,616,4312,43.12,1362.1830470027335,1.509489451925124,49.77122658897829,14.533153625151769,
e3246f702c,180,617,4319,43.19,1354.0394893348507,0.9763464282271678,49.84775421501154,3.4494780317809113,
e3246f702c,180,618,4326,43.26,1352.4984370408313,0.9008979199557847,51.088588905268985,5.4860154009677435,
e3246f702c,180,619,4333,43.33,1350.409950994222,1.4175548984740305,49.023775888559065,11.302626332462008,
e3246f702c,180,620,4340,43.4,1345.4819232548857,1.513480957599016,50.44579957383595,9.931904621878218,
e3246f702c,180,621,4347,43.47,1342.5793527436392,1.4080941100846909,48.776415651838676,8.053196657706275,
e3246f702c,180,622,4354,43.54,1337.1178090323808,1.0743480921570996,46.253236111595,6.056089249367691,
e3246f702c,180,623,4361,43.61,1335.2889418697723,1.0711498775934587,47.42925655666153,8.298783128974181,
e3246f702c,180,624,4368,43.68,1333.5504771079302,0.9748848584040011,47.35998943848788,6.208907244989416,
e3246f702c,180,625,4375,43.75,1331.385781773903,1.0008594317817405,46.518781149970955,6.649722614186804,
e3246f702c,180,626,4382,43.82,1327.6375879887562,0.9154545789828089,44.550439588406384,7.337541769812634,
e3246f702c,180,627,4389,43.89,1324.5868258280218,0.5576324796172736,45.77229956252498,3.8603240081280195,
e3246f702c,180,628,4396,43.96,1323.4694018262926,0.5701242907093439,44.208691504324214,4.6751369183073495,
e3246f702c,180,629,4403,44.03,1322.4708949662302,0.6563601199909724,44.8611014230685,4.383994643911102,
e3246f702c,180,630,4410,44.1,1321.1473103732542,0.43795810402203517,44.12042659735816,2.8329750819060266,
e3246f702c,180,631,4417,44.17,1320.3757932421531,0.4941136742903831,43.94734861355573,4.860156676318377,
e3246f702c,180,632,4424,44.24,1319.7196670179874,1.3918530119272565,43.79442326896045,11.214251743119313,
e3246f702c,180,633,4431,44.31,1311.388290810861,0.4550165401914196,40.280715672499966,0.9636256724643016,
e3246f702c,180,634,4438,44.38,1310.892854015302,0.6749147605617632,40.000484677848654,4.867254209618508,
e3246f702c,180,635,4445,44.45,1309.3072238955247,0.6947182509256214,38.956071106272674,5.256691967707907,
e3246f702c,180,636,4452,44.52,1307.3807267918276,0.6294540270960797,39.880477453427204,5.256837740843961,
e3246f702c,180,637,4459,44.59,1306.064760696384,0.42694797657380473,40.10992078597701,3.5989590817414023,
e3246f702c,180,638,4466,44.66,1305.4300383528118,0.7095585232969948,40.01041927789823,6.231678050918923,
e3246f702c,180,639,4473,44.73,1303.6529904011331,0.6697348611732853,41.38018437764112,5.994737130815752,
e3246f702c,180,640,4480,44.8,1301.693526054992,0.8335141723650115,39.778117484783834,6.773969273590899,
e3246f702c,180,641,4487,44.87,1298.9449454902199,1.3668387134324498,42.03399023294532,13.415412991754122,
e3246f702c,180,642,4494,44.94,1292.99204200361,1.072512500661831,43.793008526363074,7.874719835620093,
e3246f702c,180,643,4501,45.01,1289.006873230799,0.6919027128783583,44.38854702881536,5.273463569075511,
e3246f702c,180,644,4508,45.08,1288.0017891050115,0.7289330175895371,45.98020396082858,6.178417697451785,
e3246f702c,180,645,4515,45.15,1286.5226601512975,0.8102648759610964,44.39110309474256,6.604965330078924,
e3246f702c,180,646,4522,45.22,1284.114288819266,1.0172350902738807,45.64500459794105,9.217202039346148,
e3246f702c,180,647,4529,45.29,1280.8205194592203,0.7602593927911147,45.07308140897735,6.12252110751434,
e3246f702c,180,648,4536,45.36,1279.3274352548026,1.1309250042780425,44.26154171270595,10.54820448956123,
e3246f702c,180,649,4543,45.43,1272.9365086622797,0.575971538741923,42.7632582779034,1.5278059733631197,
e3246f702c,180,650,4550,45.5,1271.7075971684817,2.5752850100124878,42.2730098986098,12.95553337987093,
e3246f702c,180,651,4557,45.57,1269.7651335357282,1.5692415490401344,51.75136834109098,8.013617132787354,
e3246f702c,180,652,4564,45.64,1263.6806394780474,1.2450222723611495,44.755688509181844,7.481689410299224,
e3246f702c,180,653,4571,45.71,1262.6873832570554,1.2145221982655732,47.49865224824618,4.429005869065831,
e3246f702c,180,654,4578,45.78,1262.0686204354151,1.375920481744609,44.65803002123499,8.591244030388799,
e3246f702c,180,655,4585,45.85,1258.7069961307068,1.1820560433309122,47.61109083878408,5.453746745469522,
e3246f702c,180,656,4592,45.92,1258.2222898239063,1.2692131387949654,44.311730781430015,2.653300166287038,
e3246f702c,180,657,4599,45.99,1257.4354143401274,1.4921401217874741,45.99479480267831,10.622145392922105,
e3246f702c,180,658,4606,46.06,1254.6755490938613,0.7469279294863328,42.21667434110438,7.665211519221102,
e3246f702c,180,659,4613,46.13,1249.1399134676394,0.7330198828048843,41.6858618489021,3.80097375763085,
e3246f702c,180,660,4620,46.2,1246.8312796779999,1.7579423517237895,39.23623598882005,8.21992644660665,
e3246f702c,180,661,4627,46.27,1245.3145063042748,1.1838904206193495,47.72566264557378,8.795064131889147,
e3246f702c,180,662,4634,46.34,1240.9950954427675,0.7655522023004447,41.99998672807489,2.560362593434346,
e3246f702c,180,663,4641,46.41,1239.8653932868408,0.5331195564120816,40.75039257649555,2.147945774501179,
e3246f702c,180,664,4648,46.48,1239.1534215547263,0.850271665800733,40.58861033469046,7.237142511449445,
e3246f702c,180,665,4655,46.55,1236.8066095107274,0.6955534840558262,40.75309696836966,5.0130744607061475,
e3246f702c,180,666,4662,46.62,1234.971309163303,0.6660056133579559,40.276457636653724,5.9725156249380476,
e3246f702c,180,667,4669,46.69,1233.264339166989,0.5837813777451811,41.189370931282276,4.142804086598684,
e3246f702c,180,668,4676,46.76,1231.5913306684322,0.6364112421044448,40.09054265757414,6.08353168957181,
e3246f702c,180,669,4683,46.83,1230.2681541659476,0.33741135863179544,40.81091297817294,2.201538645191028,
e3246f702c,180,670,4690,46.9,1229.8230710619669,0.20489597237754023,40.30913350674794,1.7475956516471396,
e3246f702c,180,671,4697,46.97,1229.6867076470078,0.751603907129645,40.80916083753833,6.112595035039107,
e3246f702c,180,672,4704,47.04,1227.8892474117115,0.65637016837702,42.744245807758944,5.300520720530234,
e3246f702c,180,673,4711,47.11,1226.7469816376945,1.8154312676811641,41.702285286709554,6.689636251827843,
e3246f702c,180,674,4718,47.18,1225.7849571288984,0.9207001569041865,44.72433045195678,3.0212404468057033,
e3246f702c,180,675,4725,47.25,1222.4857952463003,0.7798011128884399,42.01763590641081,4.295463874721629,
e3246f702c,180,676,4732,47.32,1220.3575187981378,0.48029088349191573,41.35147659643279,2.8778965280758597,
e3246f702c,180,677,4739,47.39,1219.7103701102758,1.063564566240262,40.228832689592146,10.557122472999668,
e3246f702c,180,678,4746,47.46,1215.4827815673525,1.1716470352407204,38.41939839211874,8.09601714625322,
e3246f702c,180,679,4753,47.53,1212.5211823218929,0.8062895012709043,38.98188054131801,4.601635934131874,
e3246f702c,180,680,4760,47.6,1210.1544291952566,0.6837061038342377,36.48041056663168,5.672400628417711,
e3246f702c,180,681,4767,47.67,1208.9139498978905,0.8109584138985404,38.479272002110044,5.657766552667579,
e3246f702c,180,682,4774,47.74,1205.9178910215755,2.163160062551812,37.47604891046019,10.653657173144138,
e3246f702c,180,683,4781,47.81,1205.108642485184,1.487637932164718,46.40045057034481,7.225081903859045,
e3246f702c,180,684,4788,47.88,1197.8364050470902,0.7971965612749714,39.16388436027015,4.5925015384283565,
e3246f702c,180,685,4795,47.95,1195.6809456761966,0.8036042316906599,38.65471667009772,6.752406771560397,
e3246f702c,180,686,4802,48.02,1193.0107349181435,0.7555056142657066,39.33743172145133,5.23130701059457,
e3246f702c,180,687,4809,48.09,1190.8456616605172,0.6808167052699455,38.235814864469766,1.6177695102065137,
e3246f702c,180,688,4816,48.16,1188.9313799145145,0.6633618814388134,38.752440816702105,6.626821496811356,
e3246f702c,180,689,4823,48.23,1187.496984003572,1.602030203915474,39.0222979278496,7.489064038061826,
e3246f702c,180,690,4830,48.3,1186.4588688171461,0.9996545323203031,40.214752529801586,7.909464835846353,
e3246f702c,180,691,4837,48.37,1182.6222104446804,0.8591094594227668,41.365465753796634,6.481473164450387,
e3246f702c,180,692,4844,48.44,1180.3619019218074,0.776438977333509,42.627511851145286,5.630305058586515,
e3246f702c,180,693,4851,48.51,1178.230063750095,0.9672457000506663,41.62713028891987,8.987286702120214,
e3246f702c,180,694,4858,48.58,1175.5589897076488,0.8775367490930677,43.14831585303089,4.622914584304632,
e3246f702c,180,695,4865,48.65,1173.2703577539974,0.6486829976782539,38.70347427584025,3.12741799514685,
e3246f702c,180,696,4872,48.72,1172.2528258908108,0.6224446406644248,40.2165723833459,5.245781036231219,
e3246f702c,180,697,4879,48.79,1170.618196874555,2.094560504773409,39.26351845683093,3.629001847155535,
e3246f702c,180,698,4886,48.86,1170.2071630442806,1.506603752070441,46.94039734776417,8.147712286988877,
e3246f702c,180,699,4893,48.93,1162.2876654760873,0.8157293601625344,39.7703042569915,4.63398137619849,
e3246f702c,180,700,4900,49.0,1160.6012624360424,0.8432847947153035,40.74550882128933,8.006211585850197,
e3246f702c,180,701,4907,49.07,1159.0708638578121,0.7173896689020077,38.71864674582549,3.710305978588251,
e3246f702c,180,702,4914,49.14,1157.578073669097,1.001508394019562,39.80024319428523,7.042238686534261,
e3246f702c,180,703,4921,49.21,1154.8248317431478,0.8894453462605589,38.28447820169771,7.291450766683246,
e3246f702c,180,704,4928,49.28,1153.0417239231067,0.8857489775934769,41.331406696385116,7.177321419988216,
e3246f702c,180,705,4935,49.35,1150.4134341880033,0.826939939119873,40.532786344432914,6.553730346639926,
e3246f702c,180,706,4942,49.42,1148.1921688556681,0.9481009302985016,38.22717886434919,9.146801446737898,
e3246f702c,180,707,4949,49.49,1146.2228981142052,0.6065108576696471,43.13131778553164,0.6062146172705613,
e3246f702c,180,708,4956,49.56,1145.5085102334845,0.7141311565726564,38.51453692985872,6.055528935939418,
e3246f702c,180,709,4963,49.63,1143.241362672657,1.2544938850488905,40.07767456291715,5.978741173357601,
e3246f702c,180,710,4970,49.7,1142.7095531289515,0.9753435060046124,41.711414256190906,7.496924860350921,
e3246f702c,180,711,4977,49.77,1138.332748111273,1.3412531435978,39.24520062132968,12.56229267796844,
e3246f702c,180,712,4984,49.84,1130.038708402601,0.9152675704047547,37.25569603673892,8.534835181115595,
e3246f702c,180,713,4991,49.91,1127.4870043224741,0.5427704975673439,36.45062774575259,4.190386853364439,
e3246f702c,180,714,4998,49.98,1126.165150609838,0.5546511148397235,36.3606349773508,5.354039641736642,
e3246f702c,180,715,5005,50.05,1125.0036872075457,0.542303603933113,37.17749355667479,2.761329693556024,
e3246f702c,180,716,5012,50.12,1123.5477109449378,1.704021164227499,36.86789798804746,8.647742965783598,
e3246f702c,180,717,5019,50.19,1119.8267844249956,0.9063750402017335,45.344680991625566,7.5096572124108025,
e3246f702c,180,718,5026,50.26,1116.3103519279384,0.6529275441984147,43.431471491934325,5.370082500266735,
e3246f702c,180,719,5033,50.33,1114.5674544073188,1.2568880344329993,41.04099931416226,10.314679378216384,
e3246f702c,180,720,5040,50.4,1109.774602970605,0.9322040921850806,42.95645314238107,7.530377383483949,
e3246f702c,180,721,5047,50.47,1106.8072834854986,0.8078483638883872,39.84849616011325,7.142536002781243,
e3246f702c,180,722,5054,50.54,1105.128472932681,0.7782361836243623,41.4139888946792,4.692119729870996,
e3246f702c,180,723,5061,50.61,1103.7464778710407,0.838432564966651,39.33391937189225,6.673322948333546,
e3246f702c,180,724,5068,50.68,1101.3008477452047,0.9792061933396118,41.154731578543085,8.370832932546506,
e3246f702c,180,725,5075,50.75,1099.1280221975244,0.9097450655724642,40.53579857370548,7.730031995093021,
e3246f702c,180,726,5082,50.82,1096.9089425115762,1.2093114866291839,40.75218261753879,8.13503637337723,
e3246f702c,180,727,5089,50.89,1092.5918827413004,0.6400181715325476,39.91224351029234,3.168840729216214,
e3246f702c,180,728,5096,50.96,1091.5083466780445,1.5969717729770183,39.55715735955123,15.197440113756988,
e3246f702c,180,729,5103,51.03,1083.6860187949642,0.7660520380518285,37.476386955087705,3.7489058945583023,
e3246f702c,180,730,5110,51.1,1081.8496957156285,0.783677544593725,35.53811856674019,7.472740427666405,
e3246f702c,180,731,5117,51.17,1079.0966720060842,0.6798833111704029,37.19670007546536,3.4663506297844493,
e3246f702c,180,732,5124,51.24,1077.337247662166,1.2039044542561455,36.73291273326917,5.626603622990995,
e3246f702c,180,733,5131,51.31,1075.4867034555155,0.7145250012949216,37.82440214631775,1.8089630749297094,
e3246f702c,180,734,5138,51.38,1075.1439054321584,0.8986666236020471,37.98231089465163,8.62147133132847,
e3246f702c,180,735,5145,51.45,1072.4527387002372,0.7641746053809262,38.7751132547186,6.605304483519879,
e3246f702c,180,736,5152,51.52,1069.6411971447524,0.6574547411881302,38.4550270333775,6.425690790271401,
e3246f702c,180,737,5159,51.59,1067.8291173744174,0.630087220484934,39.46985515180304,5.951239343484984,
e3246f702c,180,738,5166,51.66,1066.8234886837545,0.6824564627004844,38.47240448111078,4.87688158611283,
e3246f702c,180,739,5173,51.73,1065.320381797512,1.0798910685306222,37.29104178423291,7.917669243811759,
e3246f702c,180,740,5180,51.8,1059.7577597232118,0.6442003761865747,36.70706650940183,5.966375842064818,
e3246f702c,180,741,5187,51.87,1058.1653967018046,0.8288486614114814,35.98773867037601,5.669699975422611,
e3246f702c,180,742,5194,51.94,1055.4014940363754,0.7117187135618162,36.236971579019276,3.910146031101385,
e3246f702c,180,743,5201,52.01,1053.79515755321,1.1541066248314795,36.018620089057606,6.069028615894104,
e3246f702c,180,744,5208,52.08,1048.6604056457588,0.7607737232718039,37.0959694729516,6.089290557667824,
e3246f702c,180,745,5215,52.15,1046.6349961984079,0.5202112178995701,37.59833930953322,4.422916145163188,
e3246f702c,180,746,5222,52.22,1045.3650610936913,1.2799097997242346,38.156913733680646,13.044819931334903,
e3246f702c,180,747,5229,52.29,1041.8872411684945,1.0040288307340932,39.6252567514067,5.871726359529392,
e3246f702c,180,748,5236,52.36,1039.4656176482408,0.8224731408762236,36.83520874358964,5.288064995258218,
e3246f702c,180,749,5243,52.43,1037.3111145492078,0.5500517363917622,38.27275487402302,3.7356994740276477,
e3246f702c,180,750,5250,52.5,1036.3441987570823,0.7194222313759033,37.64297025947987,5.35135032201424,
e3246f702c,180,751,5257,52.57,1034.0931893981717,0.811357415924859,38.23236362016074,7.810241865862912,
e3246f702c,180,752,5264,52.64,1032.6032596176626,0.8130954978837139,40.87736144181044,6.581517451177636,
e3246f702c,180,753,5271,52.71,1030.051319998096,0.9195615630446167,39.763407100104146,4.09322290463946,
e3246f702c,180,754,5278,52.78,1026.504186766296,0.8213940450287851,39.57902669346268,7.742138770013884,
e3246f702c,180,755,5285,52.85,1023.6248098278468,0.6605826490184838,39.982031903338594,5.008157504687775,
e3246f702c,180,756,5292,52.92,1021.8941692621792,0.600127095186675,40.21772648254588,5.305789315307051,
e3246f702c,180,757,5299,52.99,1020.2977736356173,1.1138638831202126,40.323287612594214,5.2511299879339735,
e3246f702c,180,758,5306,53.06,1019.3940134047797,1.1092345505729837,43.900694640106686,9.697473070914151,
e3246f702c,180,759,5313,53.13,1013.8637952976908,0.8790659470785753,41.3964491277999,8.747992638172414,
e3246f702c,180,760,5320,53.2,1010.8266690234731,0.5564547527272847,42.172462029799064,4.479197271634255,
e3246f702c,180,761,5327,53.27,1009.8683427065722,1.2037146332717745,40.83569398761003,11.117403677414222,
e3246f702c,180,762,5334,53.34,1004.8394863510953,1.1428698499350791,40.78696248117913,9.846860230437713,
e3246f702c,180,763,5341,53.41,1000.1348836039942,0.7227821435049926,39.52346276108087,4.311490776603308,
e3246f702c,180,764,5348,53.48,998.1988555014631,0.6933228229030839,39.71971736640144,4.685739278716378,
e3246f702c,180,765,5355,53.55,996.7956363494595,0.740100480435041,41.54644580339302,5.207135189918088,
e3246f702c,180,766,5362,53.62,995.8217659838064,0.9177177471101801,40.70988125828537,2.4627744677773022,
e3246f702c,180,767,5369,53.69,992.8725963967663,0.8704177275193947,40.90117805488623,7.297688365140241,
e3246f702c,180,768,5376,53.76,989.8179726896864,0.29895740102712054,40.48462463119963,1.6754271106122631,
e3246f702c,180,769,5383,53.83,989.4916410830469,0.9782319107762443,39.89551527626549,7.2880024955290175,
e3246f702c,180,770,5390,53.9,986.2885740304472,0.9458480851806981,44.467661934383926,7.938586770871756,
e3246f702c,180,771,5397,53.97,983.4844056447971,0.9930816262790614,42.29389860031098,7.6957725467181195,
e3246f702c,180,772,5404,54.04,980.1136227365836,0.9404955757866543,42.879193833461,3.0943252770998773,
e3246f702c,180,773,5411,54.11,977.6855780848192,1.245472396372061,39.750878987393236,10.18921205804163,
e3246f702c,180,774,5418,54.18,971.2174514819101,0.8863396375206954,36.839730493482854,4.277332566527733,
e3246f702c,180,775,5425,54.25,969.7474357449935,0.6839435601500273,37.60609789088576,3.5632083496197002,
e3246f702c,180,776,5432,54.32,969.73306904786,0.9354363692567448,36.22701849370602,5.544728982533549,
e3246f702c,180,777,5439,54.39,967.6454741774281,0.7678797673479074,36.72276812768704,4.894886371007102,
e3246f702c,180,778,5446,54.46,966.334117857972,1.160023393561147,35.43792425828197,10.560506846228524,
e3246f702c,180,779,5453,54.53,961.4241624179328,0.6628866668713226,36.74228241062497,2.621519963898772,
e3246f702c,180,780,5460,54.6,960.2365477045641,0.7849979771770874,35.01880493840077,7.0010734001778685,
e3246f702c,180,781,5467,54.67,958.0452968757253,0.6531860554477914,37.64559893121168,4.39302117042262,
e3246f702c,180,782,5474,54.74,957.0269160908849,1.046050632577831,36.250004324934835,9.102030731143829,
e3246f702c,180,783,5481,54.81,954.2826276707247,1.1685539484459613,37.10845144095477,8.513082741375904,
e3246f702c,180,784,5488,54.88,949.8103926917694,0.7194394055538381,35.71984094201851,5.970763130377594,
e3246f702c,180,785,5495,54.95,948.0081347738758,0.42338757043200764,34.13422477778951,3.3027917527506445,
e3246f702c,180,786,5502,55.02,947.2289762564106,1.3303560332787432,33.91118547073528,6.172660833548004,
e3246f702c,180,787,5509,55.09,945.9123380851207,1.0017195737486146,36.984195862957804,4.795410329462363,
e3246f702c,180,788,5516,55.16,942.6199463713913,0.6432742857222633,34.22702225892844,4.552393593064245,
e3246f702c,180,789,5523,55.23,940.5170396838106,0.48622117690832223,33.01491148562298,3.92436803783017,
e3246f702c,180,790,5530,55.3,939.5756498019857,0.39477241903407806,33.82030608415006,3.6892944301176183,
e3246f702c,180,791,5537,55.37,939.1762049176497,0.8518744589873798,32.77764700376966,2.78071178642029,
e3246f702c,180,792,5544,55.44,935.5871066298862,0.582102136831118,34.341098396296005,4.284937493122245,
e3246f702c,180,793,5551,55.51,934.2439136177892,1.0187561218707561,33.7524700518269,10.079472642472782,
e3246f702c,180,794,5558,55.58,930.1138547347306,0.8724606324933148,36.052048376872015,7.411582907507417,
e3246f702c,180,795,5565,55.65,927.3388182210152,0.8293395570838027,34.82003022364998,7.54287138129661,
e3246f702c,180,796,5572,55.72,923.8944129973609,0.9538929458197654,35.55128450336025,8.829868434536873,
e3246f702c,180,797,5579,55.79,919.2939754772235,0.4848355078087375,35.76771109250199,2.3592876638378537,
e3246f702c,180,798,5586,55.86,919.1520870785694,1.0157237274987998,36.66990804161504,7.400095164831569,
e3246f702c,180,799,5593,55.93,915.3176183307476,1.0868472753358172,39.29285657779486,4.383537006654945,
e3246f702c,180,800,5600,56.0,910.4629002740871,0.6785589579229978,36.10296322009255,4.519175859710522,
e3246f702c,180,801,5607,56.07,908.2321840912502,0.5413576675572443,36.56236087096639,3.0034083514057377,
e3246f702c,180,802,5614,56.14,907.0762343634145,0.6119049208530983,36.39702499454885,3.3561377685512017,
e3246f702c,180,803,5621,56.21,905.2612015388786,0.8970007837957991,36.603032351822655,8.411407877780242,
e3246f702c,180,804,5628,56.28,902.8662139584301,1.0245194100389836,36.95996313098879,7.497347922528515,
e3246f702c,180,805,5635,56.35,898.7713115653834,0.9742233389634688,37.48470111347352,9.029709908744367,
e3246f702c,180,806,5642,56.42,895.4689323520904,1.270860803488835,38.57796063090923,11.96207923478436,
e3246f702c,180,807,5649,56.49,887.271580955768,1.2050690616769575,38.34128201834022,5.622926231296974,
e3246f702c,180,808,5656,56.56,887.1942391591427,1.4330437211204157,43.63962736069517,7.324839636235937,
e3246f702c,180,809,5663,56.63,878.1153828774216,0.9530822890548989,38.954506418409316,7.555483256278261,
e3246f702c,180,810,5670,56.7,873.9600479848242,0.5018425951075514,38.28961673342913,4.768776885540247,
e3246f702c,180,811,5677,56.77,873.1736233459708,1.5971462912796712,38.88701259164345,5.350229431192465,
e3246f702c,180,812,5684,56.84,872.9356007704455,1.8427088793782147,40.16121135595808,4.182853882453276,
e3246f702c,180,813,5691,56.91,869.6081449687912,1.0932392730538276,39.15162586672753,7.613711886838661,
e3246f702c,180,814,5698,56.98,865.2532987314562,1.1145925669454535,37.4471133244749,9.533780655928354,
e3246f702c,180,815,5705,57.05,860.1251314140759,0.8477177497616328,36.11080421398093,3.575332114103843,
e3246f702c,180,816,5712,57.12,859.8558189538431,0.9164988998447355,38.190246222373695,7.751204844038144,
e3246f702c,180,817,5719,57.19,856.7193579892368,0.5728881348127687,36.11789472661087,4.585316137139421,
e3246f702c,180,818,5726,57.26,855.8561255474442,0.8348600313861695,34.88781135843659,6.825683064663353,
e3246f702c,180,819,5733,57.33,852.5604092140399,0.7102792634814908,34.785343697656025,2.248826776540705,
e3246f702c,180,820,5740,57.4,850.2604941705297,0.857443643587691,33.655139732072314,6.818681320730252,
e3246f702c,180,821,5747,57.47,847.0774173667608,0.7840757482060281,34.33829530226718,6.331291574655469,
e3246f702c,180,822,5754,57.54,845.1529603519555,0.9201724650657003,35.233393370336664,7.46855775674121,
e3246f702c,180,823,5761,57.61,841.9799846861847,0.7566987186949463,36.188858724470485,5.575953120706125,
e3246f702c,180,824,5768,57.68,839.2834049700756,0.9398009614374913,35.16483420758691,7.115778066753865,
e3246f702c,180,825,5775,57.75,834.9000056775681,0.8077547763687186,34.55929140051497,6.218727739139396,
e3246f702c,180,826,5782,57.82,831.7724023804707,0.3687569892547198,34.85137529677997,3.241134007070944,
e3246f702c,180,827,5789,57.89,831.1401794777476,0.7279157731899865,34.49738732616319,6.3609301287023845,
e3246f702c,180,828,5796,57.96,828.5802706861998,0.2242170686523933,34.82387172037005,1.8581488106163333,
e3246f702c,180,829,5803,58.03,828.3874828824438,0.7373768784794912,34.26384549760456,7.341440122748833,
e3246f702c,180,830,5810,58.1,826.5296950517333,0.4800882349281909,35.88862025374443,2.414917441727995,
e3246f702c,180,831,5817,58.17,825.9194538644886,0.7071773344007225,34.85404183177846,3.245101742944504,
e3246f702c,180,832,5824,58.24,823.8244321028859,0.7419171588644838,35.858399024409934,3.9820585299580165,
e3246f702c,180,833,5831,58.31,821.1577355036163,0.8602571515072851,34.879947665705004,8.56428927038947,
e3246f702c,180,834,5838,58.38,817.8736674890342,0.6713207139861354,31.729840150757454,4.345769014803004,
e3246f702c,180,835,5845,58.45,816.2855283060408,0.38184778620873333,32.02591353082268,3.286816452064798,
e3246f702c,180,836,5852,58.52,815.7363927455007,0.9349705434825638,31.689558081741865,3.9821611503569745,
e3246f702c,180,837,5859,58.59,812.1776556030072,0.6475962096104213,33.98064611295559,6.291457142579811,
e3246f702c,180,838,5866,58.66,811.3148995262163,1.0597825277137038,32.63359400951839,9.416032398539087,
e3246f702c,180,839,5873,58.73,806.6273743527914,0.4582934181805822,33.211322187540006,2.896829470466485,
e3246f702c,180,840,5880,58.8,805.7526890827778,0.6096218786914381,32.19039254876446,3.4734599300125053,
e3246f702c,180,841,5887,58.87,804.1131166845164,1.1888821874350757,33.30560216411713,3.9955736011799816,
e3246f702c,180,842,5894,58.94,803.3152419824766,0.7701437017919123,34.100242178668324,5.571948047972014,
e3246f702c,180,843,5901,59.01,800.9987016392539,0.5642597727138715,33.18206894639134,4.8940621345849795,
e3246f702c,180,844,5908,59.08,800.0715906336346,0.4841994478508513,32.38499405092646,4.1147527339005645,
e3246f702c,180,845,5915,59.15,799.2783954976207,0.7104403444849487,33.15336996549985,6.892680101506216,
e3246f702c,180,846,5922,59.22,797.5535696460331,0.9846502792018833,32.741276406435766,5.710951106832559,
e3246f702c,180,847,5929,59.29,792.8364743339231,0.8017091826720181,33.132679025484364,7.792270368973504,
e3246f702c,180,848,5936,59.36,790.4005455274296,0.7385587433726303,31.00613763250801,5.758456352341009,
e3246f702c,180,849,5943,59.43,787.7649633138724,0.4019151047781393,31.594198100554905,3.0597277367032008,
e3246f702c,180,850,5950,59.5,786.9581162466685,0.716260521839506,30.86776998411821,6.3404264392884615,
e3246f702c,180,851,5957,59.57,785.1845236655518,0.6250263740322555,32.20620282199505,5.7963198571838,
e3246f702c,180,852,5964,59.64,784.1759190153241,0.9301130169019746,30.622081247786177,8.299136833689042,
e3246f702c,180,853,5971,59.71,781.272006027387,0.613332980237023,33.00707163008412,2.583690378169612,
e3246f702c,180,854,5978,59.78,780.8040514427654,0.6551066851699845,30.357690401091702,4.917935991800492,
e3246f702c,180,855,5985,59.85,779.1633554248,0.4794938643433672,32.455598243074064,4.093085066128152,
e3246f702c,180,856,5992,59.92,778.0006952773492,0.8142168776749416,31.4083346217684,8.077788249962957,
e3246f702c,180,857,5999,59.99,774.8191010085924,0.3105535920864313,31.937443873706286,2.2605780577713235,
e3246f702c,180,858,6006,60.06,774.3617745302258,0.2887129063177627,31.86439234135836,2.9178425564081194,
e3246f702c,180,859,6013,60.13,773.9917587912195,0.7722659983237381,31.803991160348893,7.792633380474785,
e3246f702c,180,860,6020,60.2,771.7248836769899,0.6782062844446883,33.048657277866,6.401892387478918,
e3246f702c,180,861,6027,60.27,770.3800730272302,0.7990166134172645,31.155976647045733,7.251004478949176,
e3246f702c,180,862,6034,60.34,767.223972169378,1.0793552928989945,30.82213748942104,10.006176866583933,
e3246f702c,180,863,6041,60.41,762.751126342015,0.4537529014780404,30.41410026041202,3.4203080688369614,
e3246f702c,180,864,6048,60.48,761.7938350218288,0.4402109152842763,28.630466731682567,3.659326972704611,
e3246f702c,180,865,6055,60.55,761.202504121932,0.49415159631719974,29.254396751805107,2.444295893831589,
e3246f702c,180,866,6062,60.62,760.4510783533484,0.5921486353917637,28.18623441676353,5.156394560388674,
e3246f702c,180,867,6069,60.69,758.7052517503092,0.5639852094667079,28.72216976681468,4.845569487339136,
e3246f702c,180,868,6076,60.76,757.3936378532711,0.7124773891213994,30.013509542374134,4.8731497079384685,
e3246f702c,180,869,6083,60.83,755.0691068244236,0.7300769183055025,28.365713847054774,7.086094867585286,
e3246f702c,180,870,6090,60.9,752.8612873914599,0.5872135381388593,29.48766812986485,5.242993566388157,
e3246f702c,180,871,6097,60.97,751.6362824679488,0.4428559101399751,28.906629590993862,3.499609898817143,
e3246f702c,180,872,6104,61.04,750.7812189699828,0.7029128141821025,29.111982731342902,6.872674026483638,
e3246f702c,180,873,6111,61.11,748.7976482258628,0.849001715102512,29.317053319707913,4.440663979887548,
e3246f702c,180,874,6118,61.18,745.5176836259882,0.41810045237135063,29.619043343676104,1.7959678383997135,
e3246f702c,180,875,6125,61.25,744.9711276450596,0.4812705706896955,31.090090072421006,4.496890912465496,
e3246f702c,180,876,6132,61.32,744.2478593529249,0.7865641204323051,29.695183146877746,4.96158643370878,
e3246f702c,180,877,6139,61.39,741.6926700145749,0.822341570875753,29.6275333398313,7.416470329068476,
e3246f702c,180,878,6146,61.46,740.4907487619973,0.8112967470814394,29.70991669015487,3.1353228071590498,
e3246f702c,180,879,6153,61.53,739.2586879019572,0.7678376620509411,30.35084601118895,4.522300294119417,
e3246f702c,180,880,6160,61.6,738.8965757195966,0.8807921601406329,29.800120635182125,5.495914988248311,
e3246f702c,180,881,6167,61.67,737.8065606901192,0.8987417197756384,29.40326695310941,5.8698130798215065,
e3246f702c,180,882,6174,61.74,736.0923217866342,1.0641786013460495,30.016241412674827,7.456309602100965,
e3246f702c,180,883,6181,61.81,735.0840207257897,1.167984609640947,30.332204050194605,7.261688034384852,
e3246f702c,180,884,6188,61.88,732.8502711833677,1.0270338994255537,27.38853117025464,4.210513799523929,
e3246f702c,180,885,6195,61.95,732.627164555521,0.5201996655003798,30.517190149882094,2.804525011053833,
e3246f702c,180,886,6202,62.02,729.9325393521677,0.602856476371692,26.054090608545412,3.9335791371696,
e3246f702c,180,887,6209,62.09,728.5598362128567,0.9091850860056233,26.51889174803001,5.898455434493314,
e3246f702c,180,888,6216,62.16,726.1104355903124,0.7767752011285398,28.778327077266805,4.204697970849826,
e3246f702c,180,889,6223,62.23,724.4135163457656,0.515969711438047,28.78658499024193,3.313190033658785,
e3246f702c,180,890,6230,62.3,723.505655698705,0.7657513210335423,28.250038513865963,7.204163346467345,
e3246f702c,180,891,6237,62.37,721.0663880929619,1.0334376575304478,28.74598891482547,4.557650149090099,
e3246f702c,180,892,6244,62.44,720.3590057245435,0.7622301717662279,30.23951210324721,5.947337830405657,
e3246f702c,180,893,6251,62.51,717.9430227396949,0.26553471278801555,27.260829408757555,1.7007625013284835,
e3246f702c,180,894,6258,62.58,717.7022818878514,0.5214929024069379,27.720714152399417,4.956830093990706,
e3246f702c,180,895,6265,62.65,717.4197697241855,0.5829957647083669,28.70187777192409,2.484800713170309,
e3246f702c,180,896,6272,62.72,717.1606612785326,0.8460359219249609,28.518075613085536,3.1619965822922333,
e3246f702c,180,897,6279,62.79,716.2423240577102,0.7715572375293503,28.279197113526404,1.6521795068017013,
e3246f702c,180,898,6286,62.86,715.2416974218689,0.8393247325420194,26.98095979956261,4.768306515559118,
e3246f702c,180,899,6293,62.93,714.4879261754666,0.7757292169295511,28.684720269737014,3.177717807781241,
e3246f702c,180,900,6300,63.0,714.1431652066035,0.9907658215184937,26.962688102926805,4.929000024526744,
e3246f702c,180,901,6307,63.07,713.0019229257111,0.9527082483507585,29.703058479564003,3.2377983018759626,
e3246f702c,180,902,6314,63.14,711.8040268525192,0.7997241124002309,26.756113458486364,1.2805517983690335,
e3246f702c,180,903,6321,63.21,710.3331297598338,1.0095203561634272,28.06336151315397,5.344729720609183,
e3246f702c,180,904,6328,63.28,709.3664652303879,1.1278038858333381,30.889967091192506,4.113617822554457,
e3246f702c,180,905,6335,63.35,708.0058942008467,1.0467137730054885,28.856373992379343,3.152409527922203,
e3246f702c,180,906,6342,63.42,707.8479480397631,1.2279541027226684,31.510826517043373,7.964465627189072,
e3246f702c,180,907,6349,63.49,706.1419456880377,1.082041860278957,27.443466426258972,2.748765502719892,
e3246f702c,180,908,6356,63.56,705.6307271940387,0.6228105875949134,29.108621177061462,6.929121857063386,
e3246f702c,180,909,6363,63.63,702.0514914086559,1.177509069029435,24.6739242939599,5.641853402074172,
e3246f702c,180,910,6370,63.7,701.0511681000778,0.6262874513421074,27.231094012929812,2.8745295458585223,
e3246f702c,180,911,6377,63.77,700.1190177631668,0.2695964996698689,25.94994343485553,3.299728551500233,
e3246f702c,180,912,6384,63.84,699.4276639714894,0.2569279294845075,25.17955471876024,2.4750727233835637,
e3246f702c,180,913,6391,63.91,699.0991573060935,0.8286569586802813,25.767206705523662,7.809828978091449,
e3246f702c,180,914,6398,63.98,696.4417326662225,0.661144910208811,24.37843524757896,6.3006243064745915,
e3246f702c,180,915,6405,64.05,694.8892191765834,0.29700395824699,22.74526163004509,1.6245309011412392,
e3246f702c,180,916,6412,64.12,694.4957243732996,0.4959067775835011,22.6014917544197,4.809779072381409,
e3246f702c,180,917,6419,64.19,693.6295105619218,0.47306099602486557,23.333390248621885,4.252591691234623,
e3246f702c,180,918,6426,64.26,693.1995022449171,0.5859873308909139,23.389679491640393,5.114415966509816,
e3246f702c,180,919,6433,64.33,692.483505056439,0.830807027252225,24.559256097953963,7.275952566159425,
e3246f702c,180,920,6440,64.4,689.4281788147772,0.3743915234500944,22.808183513534903,2.163758454554544,
e3246f702c,180,921,6447,64.47,688.874508769593,0.24286555376245092,23.851976390213686,1.9268978434277906,
e3246f702c,180,922,6454,64.54,688.6912760291922,0.2506680165650644,23.852282802565597,2.255344087101051,
e3246f702c,180,923,6461,64.61,688.442485885756,0.6280812980369417,23.14657319917711,3.1602341179168114,
e3246f702c,180,924,6468,64.68,686.6098062323746,0.6891239070157091,24.71404763205119,6.472826613941648,
e3246f702c,180,925,6475,64.75,685.2111169599816,0.5723809588835629,23.382735795834098,4.134731412424869,
e3246f702c,180,926,6482,64.82,683.9693184151724,0.6750943927555031,23.632344776839734,6.4583794299758175,
e3246f702c,180,927,6489,64.89,682.6083716914231,0.6721372714049457,25.75119048232026,5.552188833725318,
e3246f702c,180,928,6496,64.96,681.021139480053,0.7090204773871978,24.213595787841935,5.5516867457698895,
e3246f702c,180,929,6503,65.03,678.6918097974227,0.5798375703052595,25.451072674940875,5.130121734569268,
e3246f702c,180,930,6510,65.1,677.6611396475813,0.44308332309137527,23.826961047774358,2.777990519424075,
e3246f702c,180,931,6517,65.17,677.0208508852987,1.316735356870085,23.45616843490402,6.256098729918709,
e3246f702c,180,932,6524,65.24,676.9410466613971,0.7745167729859043,28.433667440858226,1.0796185159765748,
e3246f702c,180,933,6531,65.31,674.8959290750622,0.37595295628429265,24.482747589635807,1.969864368757278,
e3246f702c,180,934,6538,65.38,674.3550003399154,0.4423878493905484,24.113675563652226,4.324897611989456,
e3246f702c,180,935,6545,65.45,673.5398034642619,0.3638799360796652,24.229685429811152,2.661185625748315,
e3246f702c,180,936,6552,65.52,672.8864752870586,0.26610459258712443,24.19104351637845,2.5369633318254587,
e3246f702c,180,937,6559,65.59,672.59134006538,0.6106201468252644,24.191112934834038,4.33522617458431,
e3246f702c,180,938,6566,65.66,671.2301041907015,0.6658140543773864,25.427527923129343,6.424509970071603,
e3246f702c,180,939,6573,65.73,669.3071292415791,0.3889926473498025,24.495738271600494,1.3800155763307478,
e3246f702c,180,940,6580,65.8,668.8101448858573,0.29572520561040044,25.356919734934184,1.1977653022483292,
e3246f702c,180,941,6587,65.87,668.5118773821089,0.8120417242659249,25.261697405524128,6.247587353567667,
e3246f702c,180,942,6594,65.94,665.5972503464671,0.3281089951376232,26.31764736811256,1.8535920120200537,
e3246f702c,180,943,6601,66.01,665.1695186526264,0.3441534815848437,25.059334871569988,3.3358618292460216,
e3246f702c,180,944,6608,66.08,664.5754818013046,0.7186675150746322,25.352970329511578,3.571794420807297,
e3246f702c,180,945,6615,66.15,664.485498510193,0.5584898117723425,26.859685558261933,3.003071293668533,
e3246f702c,180,946,6622,66.22,663.1762158347711,0.9739584941000957,25.656648064115327,4.599751086481017,
e3246f702c,180,947,6629,66.29,663.0334228659713,1.171533865453128,25.216227012724357,3.249855071646656,
e3246f702c,180,948,6636,66.36,662.2827782885736,0.7404467826674648,25.980210179522608,3.9002088222923037,
e3246f702c,180,949,6643,66.43,660.0490197724295,1.0361586399819867,24.87668281660851,2.5223451672063453,
e3246f702c,180,950,6650,66.5,659.9324477983124,0.6575103490836969,26.519415269004465,3.5387016856730082,
e3246f702c,180,951,6657,66.57,658.1141411308349,0.6080922922752086,24.304125026051487,5.733006877219576,
e3246f702c,180,952,6664,66.64,656.3915347326141,0.3491406241180797,23.405943656745936,3.562175949645677,
e3246f702c,180,953,6671,66.71,656.0253734385088,0.38887561859728254,22.88195841195327,3.430126544430578,
e3246f702c,180,954,6678,66.78,655.3693970104136,1.0682308633256459,23.399242004129025,2.567243946125933,
e3246f702c,180,955,6685,66.85,655.3451027247384,0.7698485084081823,27.05838653727967,4.239606088014173,
e3246f702c,180,956,6692,66.92,653.9532767032435,0.5231293305449163,24.50428093282996,1.8961425626226656,
e3246f702c,180,957,6699,66.99,652.9412438863517,0.3419435925220475,23.75125963795696,1.8263584944603548,
e3246f702c,180,958,6706,67.06,652.5981984176511,0.5279210054607176,24.50320228654338,4.5792494699528445,
e3246f702c,180,959,6713,67.13,651.407515534419,0.35688937890184,23.922881198317715,3.281607109512655,
e3246f702c,180,960,6720,67.2,650.9207290010474,0.364224359855247,24.109092387519258,3.2019420482242333,
e3246f702c,180,961,6727,67.27,650.4441999660994,0.21378461524921746,24.59245307732983,1.0960661784440178,
e3246f702c,180,962,6734,67.34,650.2901288163891,0.3023350501052077,23.893486502001856,3.0096911596906204,
e3246f702c,180,963,6741,67.41,649.8883813395504,0.42398117514515493,24.283498440149607,3.966029166239658,
e3246f702c,180,964,6748,67.48,649.0421868835482,0.889520547862052,24.203556253203505,6.6268342980220805,
e3246f702c,180,965,6755,67.55,645.1416013436088,0.3999658699588223,25.3650614345972,2.51648896258732,
e3246f702c,180,966,6762,67.62,644.5508035495066,1.5173097829624835,25.95015992827818,7.099307890161059,
e3246f702c,180,967,6769,67.69,643.5896996708312,1.1638376529759626,30.35554243906618,8.420911556615664,
e3246f702c,180,968,6776,67.76,638.5901727418595,0.7189068432321046,27.38581636378112,5.648308906603853,
e3246f702c,180,969,6783,67.83,637.2894087843478,1.248774991266404,25.36482082437419,5.10166296243307,
e3246f702c,180,970,6790,67.9,636.8598396773743,0.8462879079910475,29.463125229326902,2.7470601788915374,
e3246f702c,180,971,6797,67.97,634.8348468188423,0.7403664735051255,26.836346596398258,4.131520853144509,
e3246f702c,180,972,6804,68.04,633.4392205036057,0.4314483132980853,25.832130259087982,1.7672433066724158,
e3246f702c,180,973,6811,68.11,632.9701830264271,0.632775361135123,25.178731956254346,3.7173343723520507,
e3246f702c,180,974,6818,68.18,631.012745920649,0.25180860196928934,24.628450196824677,2.2627416249563725,
e3246f702c,180,975,6825,68.25,630.7063443611908,0.3110467972572387,24.48360904638568,2.375941690911362,
e3246f702c,180,976,6832,68.32,630.2957745312127,0.7682285675128391,25.030270433315255,7.540267845548565,
e3246f702c,180,977,6839,68.39,628.6465158334798,0.44473734624387695,27.21693711132279,2.2446297905973758,
e3246f702c,180,978,6846,68.46,627.9905928065139,0.5432355378668863,25.241308215251326,4.2918123610939665,
e3246f702c,180,979,6853,68.53,626.7358071804086,0.2981144914796432,26.44525928926841,2.717817663624932,
e3246f702c,180,980,6860,68.6,626.4505673822606,0.4816959479585246,26.583007405333664,4.450620298301632,
e3246f702c,180,981,6867,68.67,625.3448992145846,0.11620864631449909,26.65639141771859,1.0340086661569203,
e3246f702c,180,982,6874,68.74,625.2761535735435,0.564661849633555,26.839697820547812,5.711143929285406,
e3246f702c,180,983,6881,68.81,623.9834342007936,0.618673213660025,26.17247540420022,5.144547279262794,
e3246f702c,180,984,6888,68.88,622.241797231732,0.7207424629395793,24.386514562448316,7.16402748388743,
e3246f702c,180,985,6895,68.95,620.9055786042396,0.5648859982289854,26.322639640097208,3.7052588851438752,
e3246f702c,180,986,6902,69.02,620.3900108401295,0.4578494339799276,23.945275312461614,1.971099426665523,
e3246f702c,180,987,6909,69.09,620.1371804683722,0.7487953930543634,25.8106267035893,6.395520490741214,
e3246f702c,180,988,6916,69.16,619.938224599246,0.3764244880274881,25.80919937958547,3.12423390437645,
e3246f702c,180,989,6923,69.23,618.4736811461055,0.47827886633496985,24.237472370645072,3.8803238385459298,
e3246f702c,180,990,6930,69.3,617.5406170354635,0.30247047227470625,24.543520032029516,2.876056718800315,
e3246f702c,180,991,6937,69.37,617.2430989806477,0.4646143660040886,24.40813581025232,3.5412972778142615,
e3246f702c,180,992,6944,69.44,616.5338816629127,0.5317333647998409,25.251742406561554,5.321720104562069,
e3246f702c,180,993,6951,69.51,615.6712948717549,0.3978408171422798,23.66114391852645,2.1147863818555286,
e3246f702c,180,994,6958,69.58,615.0998515162255,0.6127498497673068,23.711591227798756,5.308838764825587,
e3246f702c,180,995,6965,69.65,613.2809998435079,0.7455083005336023,23.21071260084617,7.310487106955077,
e3246f702c,180,996,6972,69.72,610.9430943728623,0.5245241282088787,23.87662210534972,4.647139670153864,
e3246f702c,180,997,6979,69.79,609.7952544440515,0.3643585060978262,23.045007463875482,3.4119415766011874,
e3246f702c,180,998,6986,69.86,609.1949515070369,0.6732505519165767,23.33757939087287,5.945682601594478,
e3246f702c,180,999,6993,69.93,607.7307663547863,0.534333889130848,23.44585258916835,3.8807572584503824,
e3246f702c,180,1000,7000,70.0,607.2929455380936,0.5595335851311019,24.468020351507608,2.4584228575131535,
e3246f702c,180,1001,7007,70.07,606.9474209637066,0.8047500413129473,24.76793329846202,4.366234240084564,
e3246f702c,180,1002,7014,70.14,606.2370333697794,0.45414624727320374,27.087938815251327,5.962808454806109,
e3246f702c,180,1003,7021,70.21,604.3620131470783,0.5016338279509696,24.355129675383527,4.8644069603665105,
e3246f702c,180,1004,7028,70.28,603.5545213474253,0.48891855226575276,26.583231193127652,3.864816428591375,
e3246f702c,180,1005,7035,70.35,603.1415980844507,0.5288652641639124,25.318818925333353,3.49315621135501,
e3246f702c,180,1006,7042,70.42,603.081355069668,0.5960799686873908,24.69763807985692,2.5941902623024657,
e3246f702c,180,1007,7049,70.49,602.8979492358284,0.7458681626417962,25.035468919563893,5.066839095697919,
e3246f702c,180,1008,7056,70.56,601.9706508127408,0.5794157464435709,22.629572662946128,3.5972288506966783,
e3246f702c,180,1009,7063,70.63,601.180152546427,0.6805051900239014,22.662168956339418,6.114543298141191,
e3246f702c,180,1010,7070,70.7,599.4683345630034,0.48327517504682976,23.788297855975745,4.31331451739505,
e3246f702c,180,1011,7077,70.77,598.2892599948229,0.2775073216120491,22.31899568304493,2.5851460044165613,
e3246f702c,180,1012,7084,70.84,598.0592930871798,0.46011748782926976,22.99255920476491,4.392266541285145,
e3246f702c,180,1013,7091,70.91,597.6593635847526,0.3724530852368865,22.938282852475442,1.6317493010999684,
e3246f702c,180,1014,7098,70.98,597.2758747631336,0.3087451746764227,22.75141041165826,1.7609720550314094,
e3246f702c,180,1015,7105,71.05,596.9324979532264,0.7460220218878434,22.757003909289367,5.9563006022635365,
e3246f702c,180,1016,7112,71.12,594.7057974978736,0.647711117325621,24.109563543224024,3.6114087577318523,
e3246f702c,180,1017,7119,71.19,592.8358129116787,0.46646532049368905,24.54391004908972,3.473490775041406,
e3246f702c,180,1018,7126,71.26,591.9488932494648,0.6304302511013363,23.73090977914566,4.343798552783076,
e3246f702c,180,1019,7133,71.33,590.0888911430665,0.23617189306862024,22.868644949982574,1.53584174472024,
e3246f702c,180,1020,7140,71.4,589.8768746565481,0.6997496340043046,23.181102483795847,6.219740584743849,
e3246f702c,180,1021,7147,71.47,587.4325385370227,0.5696747296682836,23.799775905835805,3.450204582691124,
e3246f702c,180,1022,7154,71.54,586.2298468429796,0.43604855263052883,22.498097041714985,2.7504428027283403,
e3246f702c,180,1023,7161,71.61,585.424136627828,0.4561166748941348,22.19869692144743,2.557361370669202,
e3246f702c,180,1024,7168,71.68,584.7920070874925,0.31023711232892864,21.58454549984591,1.9416793520737978,
e3246f702c,180,1025,7175,71.75,584.4113203309416,0.42191180637561276,21.480487215445518,3.7736073227992484,
e3246f702c,180,1026,7182,71.82,583.7168700752937,0.26215004361242533,20.68777947731799,2.286540590114687,
e3246f702c,180,1027,7189,71.89,583.4255880831686,0.4564964203162026,20.696013568888347,3.7776568283769905,
e3246f702c,180,1028,7196,71.96,582.6858803741138,0.38356813756749175,20.765035802676852,2.999829803497809,
e3246f702c,180,1029,7203,72.03,582.1501313853149,0.28484947409566613,21.28541084931464,2.5516450420250716,
e3246f702c,180,1030,7210,72.1,581.8577405912235,0.363705570333613,20.67740996366819,2.598311878149189,
e3246f702c,180,1031,7217,72.17,581.4703812014156,0.401712124733741,21.037003822130185,2.9710390808459337,
e3246f702c,180,1032,7224,72.24,580.7270929638607,0.5657496926716125,20.830159886572847,5.701981196952068,
e3246f702c,180,1033,7231,72.31,579.584755855727,0.5209018960509496,22.16297830564462,4.341575238591821,
e3246f702c,180,1034,7238,72.38,578.745151925629,0.4077651090465559,21.934263774320836,1.908982080514075,
e3246f702c,180,1035,7245,72.45,578.296484651926,0.535205327026364,21.57440335445926,3.185853643678829,
e3246f702c,180,1036,7252,72.52,577.8416793802808,0.5353803775428232,21.03132001871176,4.161907180726998,
e3246f702c,180,1037,7259,72.59,577.3140702113795,0.6464322185289352,20.71194414574363,5.023715481011114,
e3246f702c,180,1038,7266,72.66,576.0694213958541,0.6585060568086432,21.040565156670844,3.9980588312990637,
e3246f702c,180,1039,7273,72.73,574.7353024236165,0.5520303018182422,20.81600383150089,3.2170895231238257,
e3246f702c,180,1040,7280,72.8,574.2402463524195,0.6867688197161685,21.252420832099236,5.80426142803361,
e3246f702c,180,1041,7287,72.87,573.3783548409532,0.3296759517788856,21.70944937595872,3.630210022368266,
e3246f702c,180,1042,7294,72.94,572.3018214969834,0.19531903683308643,20.366355382413285,1.8740035864489528,
e3246f702c,180,1043,7301,73.01,572.1432955315935,0.4133440963957737,20.411619187822204,1.0588270481279138,
e3246f702c,180,1044,7308,73.08,571.4110770610787,0.29110359631833005,20.298934424695616,2.550376573211775,
e3246f702c,180,1045,7315,73.15,571.1512599532355,0.45656473107292567,20.511523120860883,4.1873028173914,
e3246f702c,180,1046,7322,73.22,570.2223578557505,0.4517554521259098,20.867960350943978,4.303138014415074,
e3246f702c,180,1047,7329,73.29,569.6278375819397,0.43820331914736343,20.99028865134664,3.711511875718832,
e3246f702c,180,1048,7336,73.36,569.1314005111392,0.298525042518219,21.910765731057328,1.8341273632830206,
e3246f702c,180,1049,7343,73.43,568.9224395455333,0.4768454198153941,21.7777597079777,4.352639953489575,
e3246f702c,180,1050,7350,73.5,568.6056239640109,0.4896078158924231,21.44421839996327,2.708601377404349,
e3246f702c,180,1051,7357,73.57,568.5545385671372,0.6482127307663941,23.129113606601766,4.345149626324492,
e3246f702c,180,1052,7364,73.64,568.5199601530585,0.7294849947544806,21.347406246820196,3.0329472550030125,
e3246f702c,180,1053,7371,73.71,568.1523671803827,0.8276764324238113,22.994720008625897,2.1655031321593974,
e3246f702c,180,1054,7378,73.78,567.7538924204077,0.8673619518823878,23.172495180552133,2.292981376359955,
e3246f702c,180,1055,7385,73.85,567.2037964907447,0.46705519724188355,24.165030349912094,5.30897170969856,
e3246f702c,180,1056,7392,73.92,565.047995720373,0.5175714949746989,20.7248787952353,4.673705203818342,
e3246f702c,180,1057,7399,73.99,563.9325906575739,0.44887991136275796,20.89384323349726,3.5676831696096523,
e3246f702c,180,1058,7406,74.06,563.4829187261624,0.397607413431728,20.523478198692665,2.021679398122212,
e3246f702c,180,1059,7413,74.13,563.4149577531537,0.5815131878179869,20.927795325442112,4.79998129449653,
e3246f702c,180,1060,7420,74.2,562.3583906633027,0.6449274937009104,19.903584062485393,4.17154638363366,
e3246f702c,180,1061,7427,74.27,561.2090717585193,0.4407052959774628,21.62962998032254,2.93836630436014,
e3246f702c,180,1062,7434,74.34,560.6943187977425,0.4992297931052899,19.936977480262563,4.321947404345374,
e3246f702c,180,1063,7441,74.41,559.6819997167346,0.26822425760313057,20.506021396794374,1.2546415587538624,
e3246f702c,180,1064,7448,74.48,559.3695550835977,0.8109857775770907,20.228401268935,4.372408005133022,
e3246f702c,180,1065,7455,74.55,556.6533186985885,0.3590162578178004,20.370821634360812,2.5374241891005496,
e3246f702c,180,1066,7462,74.62,556.3483309655783,0.7393252560143078,20.834449054916938,6.243097311566677,
e3246f702c,180,1067,7469,74.69,554.8301128525734,0.555452940706655,22.061400379815815,3.4491520109750966,
e3246f702c,180,1068,7476,74.76,554.4969041910235,0.6473098418839021,20.931875619531095,4.700411621884938,
e3246f702c,180,1069,7483,74.83,552.9577951475825,0.4389903489568002,20.675963411407814,3.4483246718029035,
e3246f702c,180,1070,7490,74.9,552.5142629580887,0.5951000539725311,19.796302353426942,5.308334572574852,
e3246f702c,180,1071,7497,74.97,550.953483771902,0.7332734094152716,20.974758637291576,3.3024031028972787,
e3246f702c,180,1072,7504,75.04,550.8860056467452,0.7051547178600883,20.785646036151466,6.151917636689675,
e3246f702c,180,1073,7511,75.11,548.9432861460415,0.2257993246955297,21.593571138118794,0.9715062338944094,
e3246f702c,180,1074,7518,75.18,548.766457441465,0.22421564065506255,20.685817547115423,2.164418590173602,
e3246f702c,180,1075,7525,75.25,548.5198403357081,0.3433593741425494,21.025631818044502,3.0626386359414237,
e3246f702c,180,1076,7532,75.32,548.0392644489344,0.4265796874758492,21.294564106670578,3.786520902523861,
e3246f702c,180,1077,7539,75.39,547.394650397336,0.43044902182134986,21.330262310793202,4.017888444368436,
e3246f702c,180,1078,7546,75.46,546.7636637610956,0.4808759010773013,20.602071730264946,4.5718906693763,
e3246f702c,180,1079,7553,75.53,545.9056515162499,0.3489932280317153,21.484363638891733,1.5714424969062832,
e3246f702c,180,1080,7560,75.6,545.613685524508,0.2582068930123242,21.757997965819406,0.15171048016930327,
e3246f702c,180,1081,7567,75.67,545.3203095305762,0.15681597082640433,21.1556826839052,1.3350538943479981,
e3246f702c,180,1082,7574,75.74,545.2490812383327,0.3250978979150464,21.49418794540146,2.9612797971411653,
e3246f702c,180,1083,7581,75.81,544.8840749072757,0.3625197273107891,21.70992202271123,3.5464713234982876,
e3246f702c,180,1084,7588,75.88,544.6435745694264,0.3489302759521261,22.113982435177913,0.5262657297181593,
e3246f702c,180,1085,7595,75.95,544.1939889405604,0.3121074034502366,21.12973165385664,1.8948092113768296,
e3246f702c,180,1086,7602,76.02,543.8168075293457,0.7236824808180455,21.414163534599666,7.259049119252692,
e3246f702c,180,1087,7609,76.09,541.2604251190563,0.5432842543249734,21.925103186732834,4.393494747580386,
e3246f702c,180,1088,7616,76.16,540.650760912009,0.4007291227400293,22.242029027451828,2.2474397006671243,
e3246f702c,180,1089,7623,76.23,540.4087780356065,0.36555185678101326,20.683919872043752,2.046362010675065,
e3246f702c,180,1090,7630,76.3,540.2058044216174,0.3773943775972092,21.28483824329214,2.941230993909162,
e3246f702c,180,1091,7637,76.37,539.8929403884189,0.3650684602282848,20.136173652375692,2.7584160070174732,
e3246f702c,180,1092,7644,76.44,539.3449748107099,0.23720180092763352,20.390781568764698,1.7307962552819671,
e3246f702c,180,1093,7651,76.51,539.2218823965844,0.3590149295733864,20.434844695896302,2.6184369581614737,
e3246f702c,180,1094,7658,76.58,538.6226083681769,0.2817984317120228,20.008318437418456,2.696257221909656,
e3246f702c,180,1095,7665,76.65,538.3074282033148,0.7273539175581895,19.927645521440255,1.245053841488982,
e3246f702c,180,1096,7672,76.72,538.2464723895997,0.4261378290673962,20.870486435102393,1.9035539839160216,
e3246f702c,180,1097,7679,76.79,537.4688292734759,0.573723299428566,20.228085830736138,4.796664070954171,
e3246f702c,180,1098,7686,76.86,536.3030680763296,0.33686747158592856,19.403356555730667,3.050826166475975,
e3246f702c,180,1099,7693,76.93,535.7191390350132,0.4728066655647268,18.953727980455174,4.271175874953634,
e3246f702c,180,1100,7700,77.0,534.9473227178863,0.29316632863531233,18.686636081786578,2.3771483883754385,
e3246f702c,180,1101,7707,77.07,534.6459799114002,0.36705811062306626,18.507677271386,3.3693190284008803,
e3246f702c,180,1102,7714,77.14,534.2534256887405,0.34270848273033855,18.578355847619928,1.9138940845021037,
e3246f702c,180,1103,7721,77.21,533.9994515232232,0.4552716639648854,17.76900861443663,3.96156496454673,
e3246f702c,180,1104,7728,77.28,533.0090644068924,0.2934971754951366,16.91307305440467,2.773009652510485,
e3246f702c,180,1105,7735,77.35,532.6484199319975,0.16651795710197775,17.28209515514455,1.5382385967384318,
e3246f702c,180,1106,7742,77.42,532.5313323626618,0.4166669018341967,17.251949482745108,4.148444922735779,
e3246f702c,180,1107,7749,77.49,531.9461006381094,0.2335743410196276,16.930183759108903,1.2520481109930062,
e3246f702c,180,1108,7756,77.56,531.7751830593471,0.2208570040121878,16.99455985567332,0.6994334646555925,
e3246f702c,180,1109,7763,77.63,531.6347458854437,0.30293027862581284,17.659958174940215,2.473727598754187,
e3246f702c,180,1110,7770,77.7,531.3572240649513,0.3025553379918172,17.315158594450672,2.315691476266449,
e3246f702c,180,1111,7777,77.77,531.0537485075072,0.25240235209874773,18.15495820527534,1.3779910245136822,
e3246f702c,180,1112,7784,77.84,530.7761734528478,0.3281291272890323,17.89173767767994,3.0487240510137137,
e3246f702c,180,1113,7791,77.91,530.317861752713,0.37921057112708917,17.870499835516497,3.518085473285939,
e3246f702c,180,1114,7798,77.98,529.630707431605,0.5794547983709636,17.67914521236662,2.0232578981132705,
e3246f702c,180,1115,7805,78.05,528.360452490136,0.3674434319146969,16.99693661597027,2.7423106918688127,
e3246f702c,180,1116,7812,78.12,527.7126861422603,0.5267214550975245,16.89683111901881,3.9089615846531967,
e3246f702c,180,1117,7819,78.19,526.4686825527502,0.5530212017928628,16.778458328477466,2.7681252495567366,
e3246f702c,180,1118,7826,78.26,524.9445787950903,0.4146058194008912,16.614317003639957,3.5583019259220023,
e3246f702c,180,1119,7833,78.33,524.3389629232202,0.38288505261853234,17.802070394021282,3.6534638311361696,
e3246f702c,180,1120,7840,78.4,523.8317152057546,0.3208676856555587,16.62024389938736,2.4609878428507086,
e3246f702c,180,1121,7847,78.47,523.4188968034861,0.22250772006097566,17.76916393086083,2.040833624755281,
e3246f702c,180,1122,7854,78.54,523.2721958638951,0.2598366338494158,17.415022117003655,2.520775081107414,
e3246f702c,180,1123,7861,78.61,523.0131038680582,0.15474599851793008,17.040916411018248,1.0718020591394632,
e3246f702c,180,1124,7868,78.68,522.9341300146194,0.1087807975318736,16.88579938024019,0.47854109335386297,
e3246f702c,180,1125,7875,78.75,522.8788202368814,0.2546340671934749,16.70721915251797,2.2905998395415397,
e3246f702c,180,1126,7882,78.82,522.5578556105611,0.18307041810247535,17.40125013955848,1.7206395324398243,
e3246f702c,180,1127,7889,78.89,522.4289927731154,0.350338733734221,17.70959427553732,1.0887475373131106,
e3246f702c,180,1128,7896,78.96,521.9537320533249,0.49349516049018455,17.218154976086094,3.901348798123714,
e3246f702c,180,1129,7903,79.03,520.9705377952166,0.3211359112441526,17.294665163881678,2.4910314988603393,
e3246f702c,180,1130,7910,79.1,520.5679647933167,0.25148848672337076,17.248469585371033,2.3111407539033793,
e3246f702c,180,1131,7917,79.17,520.3127040554351,0.25669758270460025,16.655808340158135,1.4457472863115621,
e3246f702c,180,1132,7924,79.24,520.0393573296091,0.4145598609656137,16.275415831023974,4.058458110475358,
e3246f702c,180,1133,7931,79.31,519.4138297113728,0.20488841402185803,16.654829773911366,1.469389354371793,
e3246f702c,180,1134,7938,79.38,519.2707975998027,0.3628245334475309,15.939126561966583,2.920583054450463,
e3246f702c,180,1135,7945,79.45,518.7907834845784,0.3087244772780691,15.767946229363027,2.386034412211795,
e3246f702c,180,1136,7952,79.52,518.6500440274037,0.2767289862693928,16.652702395506353,1.4297120962796346,
e3246f702c,180,1137,7959,79.59,518.5817985738721,0.3706399203163065,15.837581849090364,2.5511706168334762,
e3246f702c,180,1138,7966,79.66,518.1218600603652,0.45032094421076346,16.363800704366792,3.934127290380367,
e3246f702c,180,1139,7973,79.73,517.6746698238965,0.34599391148314823,16.25568349559826,2.1987250584576215,
e3246f702c,180,1140,7980,79.8,517.5380002448338,0.1661001526006226,16.884315498513374,1.4296897938703879,
e3246f702c,180,1141,7987,79.87,517.2636221380127,0.2926059242182189,15.947643613103835,2.5635497815013477,
e3246f702c,180,1142,7994,79.94,516.955161561745,0.46181744714342704,15.711667548099243,3.787901356288381,
e3246f702c,180,1143,8001,80.01,516.2028505598012,0.42792342245432363,17.423699239605153,2.5253828613730094,
e3246f702c,180,1144,8008,80.08,515.8559012795696,0.4150165246524463,16.202175413709067,2.874418498189209,
e3246f702c,180,1145,8015,80.15,515.4016594675891,0.40374543500105614,17.06298025763235,2.8356644129056754,
e3246f702c,180,1146,8022,80.22,514.835222811944,0.8078920547391912,15.633584146537226,2.4928555379865323,
e3246f702c,180,1147,8029,80.29,514.7315416301038,0.6070974394336798,16.555030551286745,5.020529173671775,
e3246f702c,180,1148,8036,80.36,512.9577137457736,0.24219006551766833,15.610027837128857,1.5474776096099097,
e3246f702c,180,1149,8043,80.43,512.7617654158677,0.3567600348936754,15.405707978674888,3.148151207278798,
e3246f702c,180,1150,8050,80.5,512.2111881696528,0.32005225233028145,15.629044780259873,2.5570431998602694,
e3246f702c,180,1151,8057,80.57,511.80472260567205,0.34828718289745314,15.22226192463022,3.3430175813948826,
e3246f702c,180,1152,8064,80.64,511.32035428440355,0.30221188766316054,14.808724431178991,2.797231249861514,
e3246f702c,180,1153,8071,80.71,510.92718340685576,0.32569663928812415,14.401429181270965,1.2471076629834308,
e3246f702c,180,1154,8078,80.78,510.51718283283424,0.21868069484219732,14.793646151101823,1.55591359114344,
e3246f702c,180,1155,8085,80.85,510.32945508969823,0.2654974326652522,14.550137731242403,1.5186639680829717,
e3246f702c,180,1156,8092,80.92,510.0352957179897,0.1404086015795234,14.638147285518583,1.1338640318132056,
e3246f702c,180,1157,8099,80.99,509.937403547032,0.31984269777283464,14.595059762136938,3.0472105531432327,
e3246f702c,180,1158,8106,81.06,509.6358386585161,0.2287518169509475,14.81796156812783,1.8410787594786406,
e3246f702c,180,1159,8113,81.13,509.51870633528495,0.2591633185149136,14.933137625291435,1.4351189770446346,
e3246f702c,180,1160,8120,81.2,509.3566100655246,0.3739674619984034,14.980963397758368,3.478987047568334,
e3246f702c,180,1161,8127,81.27,508.9210571785813,0.3477373810069067,15.604189899398616,2.560275945277278,
e3246f702c,180,1162,8134,81.34,508.2981143257667,0.4719409860927672,14.989044594430077,1.9497537504063351,
e3246f702c,180,1163,8141,81.41,508.17239952091796,0.6197650903566574,15.610844470899403,3.669724659196924,
e3246f702c,180,1164,8148,81.48,506.8240883742431,0.5093540693499778,16.959507110886975,4.501727886026944,
e3246f702c,180,1165,8155,81.55,505.8064874567695,0.22711477810100977,15.645954545326875,1.1002520198917636,
e3246f702c,180,1166,8162,81.62,505.5808017623952,0.26691069551879565,15.891553708955453,2.5990318796962977,
e3246f702c,180,1167,8169,81.69,505.35317782985663,0.31197065632328197,15.922616914846069,1.3927426463807437,
e3246f702c,180,1168,8176,81.76,505.02788862894187,0.42626744065745453,15.691630219724262,4.050263691162464,
e3246f702c,180,1169,8183,81.83,504.48958474436654,0.4776565049286017,15.554837188822578,4.227490681426555,
e3246f702c,180,1170,8190,81.9,503.78085989223825,0.34195955928207783,15.758717356938021,2.5609728977509087,
e3246f702c,180,1171,8197,81.97,503.59605415047537,0.2594050094432297,16.055510720821097,0.7508386175746294,
e3246f702c,180,1172,8204,82.04,503.53822280905473,0.3368648069558196,15.726380128665452,2.193160553008136,
e3246f702c,180,1173,8211,82.11,503.1798006050079,0.364245516221088,15.823384046555788,2.2666939406789166,
e3246f702c,180,1174,8218,82.18,502.6739751319969,0.21225772214194175,15.005815385927558,1.7211807556908938,
e3246f702c,180,1175,8225,82.25,502.5063994564588,0.32123922565071156,14.968776731834824,3.072861454908329,
e3246f702c,180,1176,8232,82.32,502.3086402072313,0.419208188716276,14.795488041424294,3.489113150355347,
e3246f702c,180,1177,8239,82.39,501.8501569958219,0.40568504463180355,16.437154097061054,3.4507244229630567,
e3246f702c,180,1178,8246,82.46,501.2084224616054,0.4973279224746907,15.156060659057667,4.536583148988994,
e3246f702c,180,1179,8253,82.53,500.1259327079663,0.24814293029627488,14.798883278407505,1.547165071375715,
e3246f702c,180,1180,8260,82.6,499.8694142361086,0.5120871926436802,14.572421479622015,2.028930806641646,
e3246f702c,180,1181,8267,82.67,499.8606096038692,0.35184641241738907,14.67965065116716,2.410807667723843,
e3246f702c,180,1182,8274,82.74,499.24069415053106,0.12788433099865276,14.294297395037306,1.1111802348969269,
e3246f702c,180,1183,8281,82.81,499.1758841213724,0.2683085166558308,14.030584098375147,1.272427316013301,
e3246f702c,180,1184,8288,82.88,498.86453932108986,0.22927776711924147,13.584817310804219,1.364327870045441,
e3246f702c,180,1185,8295,82.95,498.7439001407437,0.3863449580549824,13.865401917668448,0.937406502972624,
e3246f702c,180,1186,8302,83.02,498.33756461443573,0.37252863349804777,14.519492537287496,2.1816551265498663,
e3246f702c,180,1187,8309,83.09,497.9068095695481,0.41668101016288467,14.198541880899164,3.5136949000742383,
e3246f702c,180,1188,8316,83.16,497.1071506148599,0.25300996897355355,14.353806121762767,2.253572783754325,
e3246f702c,180,1189,8323,83.23,496.8210154287939,0.2701285864363957,14.455375532295836,2.4187213680978914,
e3246f702c,180,1190,8330,83.3,496.6079303133716,0.3404423174152606,15.221230830169839,1.00862928903249,
e3246f702c,180,1191,8337,83.37,496.1149271535714,0.38672932627967255,14.848396496560964,3.5754611095636246,
e3246f702c,180,1192,8344,83.44,495.3929491920337,0.22596989549364221,14.499897555366303,1.216372267253137,
e3246f702c,180,1193,8351,83.51,495.16444085924235,0.3079393897979944,14.324885076138512,2.8908447826644035,
e3246f702c,180,1194,8358,83.58,494.69515029356035,0.3026366437871895,14.486056461268495,2.1613342109893425,
e3246f702c,180,1195,8365,83.65,494.2823906260216,0.3556423199270072,14.529191982526012,3.2804269865729068,
e3246f702c,180,1196,8372,83.72,493.91241095225945,0.32698750078983546,14.076534010196722,1.7623970245908196,
e3246f702c,180,1197,8379,83.79,493.4965944654191,0.16501670179513675,14.08499941499555,1.1333430569977145,
e3246f702c,180,1198,8386,83.86,493.40100736019093,0.3245769566578439,14.093530376402065,1.5206771350716026,
e3246f702c,180,1199,8393,83.93,493.3933781361124,0.3576410902841188,14.398331825134255,3.093405868496394,
e3246f702c,180,1200,8400,84.0,492.9348216980266,0.21853416649436216,13.779100590935622,1.5236165504279076,
e3246f702c,180,1201,8407,84.07,492.7348287118365,0.1836140223281139,13.670159447952416,1.7630866674300656,
e3246f702c,180,1202,8414,84.14,492.58682690458835,0.4564300085120469,13.432372204556676,3.2206642120326747,
e3246f702c,180,1203,8421,84.21,491.8761854255977,0.2182633459831199,14.53478087454329,1.7816870291642024,
e3246f702c,180,1204,8428,84.28,491.739331109438,0.20220223829149384,13.174389297248275,1.6821334417487106,
e3246f702c,180,1205,8435,84.35,491.54867299279584,0.24116682984463117,13.818114692999622,2.207102726654015,
e3246f702c,180,1206,8442,84.42,491.2887142464218,0.25130358803956065,13.340208167789841,2.1763312575505083,
e3246f702c,180,1207,8449,84.49,491.0084265958249,0.3148218858715976,14.065425512316057,3.020986934862913,
e3246f702c,180,1208,8456,84.56,490.68898893009487,0.23761616525869272,13.33379140207715,1.5111354959321308,
e3246f702c,180,1209,8463,84.63,490.4259451542216,0.28795837401765023,13.767625874441226,2.905673369977255,
e3246f702c,180,1210,8470,84.7,490.2220885680162,0.2930321676158247,13.465428199919574,2.5075167336594215,
e3246f702c,180,1211,8477,84.77,489.850508039155,0.3476908148839511,13.0701005287326,2.9468703042512794,
e3246f702c,180,1212,8484,84.84,489.40627614725986,0.2570340559629592,12.738908976074992,2.1527109319907605,
e3246f702c,180,1213,8491,84.91,489.1801668939884,0.6886596396130229,12.683061979221213,3.2067864476356562,
e3246f702c,180,1214,8498,84.98,489.1275791341513,0.37172827815519666,15.444970358332235,1.4068518779006491,
e3246f702c,180,1215,8505,85.05,488.5304759164042,0.14119322360418912,12.766755228665476,0.9323879712306248,
e3246f702c,180,1216,8512,85.12,488.4748702261057,0.3401644622917125,13.160910180114465,3.3445935011981756,
e3246f702c,180,1217,8519,85.19,488.11234821527484,0.27036997121428935,13.143788127385847,2.077884274832177,
e3246f702c,180,1218,8526,85.26,487.815494297736,0.4158940728571096,13.339717477138311,4.181667757510483,
e3246f702c,180,1219,8533,85.33,486.9850529870288,0.36772268133265223,13.265846214890443,2.0832239188716595,
e3246f702c,180,1220,8540,85.4,486.29819145753294,0.3013874020655135,13.620963298431109,0.9078136737749839,
e3246f702c,180,1221,8547,85.47,486.2826768220068,0.3310527668539484,14.479220331287626,2.611804586123281,
e3246f702c,180,1222,8554,85.54,485.7282380194316,0.5312446633110367,13.597581602475517,2.5603279052709347,
e3246f702c,180,1223,8561,85.61,485.6616148082264,0.4042539352723463,14.41119958111115,1.3981702869396084,
e3246f702c,180,1224,8568,85.68,484.94137905929443,0.22203129882604958,14.490649678366117,1.8032083691864607,
e3246f702c,180,1225,8575,85.75,484.7433525227092,0.22675737798699544,13.744046034074932,2.202450720462324,
e3246f702c,180,1226,8582,85.82,484.48912132947896,0.2667555656485794,14.680463404811393,1.4607599254765793,
e3246f702c,180,1227,8589,85.89,484.12480016339526,0.16793017867001325,14.42536426833881,1.6850776826719647,
e3246f702c,180,1228,8596,85.96,484.0396118530399,0.18108172674127151,13.975488121167649,1.3182093097069951,
e3246f702c,180,1229,8603,86.03,483.8972670108906,0.17779788532193427,13.98178858217151,0.7804726849091758,
e3246f702c,180,1230,8610,86.1,483.83359294539235,0.3393251104046881,13.818849551421183,2.3481730056615797,
e3246f702c,180,1231,8617,86.17,483.2734737984251,0.29623177040860105,13.638973778045317,2.683087754965204,
e3246f702c,180,1232,8624,86.24,483.0609958859579,0.27504707256047506,13.62493264848223,1.8403107632506763,
e3246f702c,180,1233,8631,86.31,482.81344272863214,0.35372968884798034,13.324794453998274,2.7758649235258455,
e3246f702c,180,1234,8638,86.38,482.3033486887924,0.10959902259727362,12.993307090290463,0.6583703223804056,
e3246f702c,180,1235,8645,86.45,482.2565115256631,0.17125132760304468,12.78144967203168,1.6267279659731633,
e3246f702c,180,1236,8652,86.52,482.1921834490717,0.3786116504074893,13.417555390004537,2.7445713897922928,
e3246f702c,180,1237,8659,86.59,481.7489008445945,0.4926369645836962,13.513985758991149,4.805717434830618,
e3246f702c,180,1238,8666,86.66,480.83190247814554,0.3787038180712061,12.685960921662353,2.692096880522675,
e3246f702c,180,1239,8673,86.73,480.4015477115207,0.4651372675892724,13.639459663769916,3.6457327446542696,
e3246f702c,180,1240,8680,86.8,480.03085407895264,0.47636893730124535,13.87207888276116,3.2651619556830136,
e3246f702c,180,1241,8687,86.87,479.5887212934808,0.35707611661044864,12.988751106397661,1.0851407349779363,
e3246f702c,180,1242,8694,86.94,479.4113431465379,0.49298461751646494,13.304461210894301,1.4452915384422698,
e3246f702c,180,1243,8701,87.01,478.6958166464411,0.45654224224250395,12.383704081678708,3.9920990272884773,
e3246f702c,180,1244,8708,87.08,477.9799298817009,0.29694061318668297,12.951947859579727,1.8620307222959709,
e3246f702c,180,1245,8715,87.15,477.7501796065478,0.29176379646584966,12.1290713420716,1.8453715682570668,
e3246f702c,180,1246,8722,87.22,477.4208123736283,0.322262611327647,12.565884927975642,2.483755320097165,
e3246f702c,180,1247,8729,87.29,476.9827953883827,0.32815573917545854,12.143743444822636,1.822088462715089,
e3246f702c,180,1248,8736,87.36,476.64877487355756,0.2931279782615569,13.158922285713661,2.6657710291015366,
e3246f702c,180,1249,8743,87.43,476.3298041056827,0.2026013400370331,12.853489491973832,1.3328575319481006,
e3246f702c,180,1250,8750,87.5,476.147789839173,0.14689871620058742,12.77036982051384,1.2167027601815397,
e3246f702c,180,1251,8757,87.57,476.0634174144877,0.3587874660561145,12.150693185940199,2.6022348239582422,
e3246f702c,180,1252,8764,87.64,475.43171624789755,0.31231134220026796,12.062671501519198,2.6146894800903837,
e3246f702c,180,1253,8771,87.71,475.135793442505,0.21156855294043492,12.34691233173298,1.6530158930750074,
e3246f702c,180,1254,8778,87.78,474.9940939758207,0.4925156367420049,12.196668607454276,0.6941613189892611,
e3246f702c,180,1255,8785,87.85,474.9384835684073,0.29719660724094776,12.834442168625925,1.1971159717535858,
e3246f702c,180,1256,8792,87.92,474.591720867649,0.22632250201273912,12.51439432650688,1.9551355658556206,
e3246f702c,180,1257,8799,87.99,474.3669762456502,0.30683152230985145,12.436492769321294,2.9584399805582198,
e3246f702c,180,1258,8806,88.06,473.91565480101326,0.2937719753196468,12.423389533318733,2.5892244758503544,
e3246f702c,180,1259,8813,88.13,473.51489867922345,0.3462195599981483,12.014618983942723,2.717346892878747,
e3246f702c,180,1260,8820,88.2,473.0227763503327,0.3131769791758515,13.144701724501102,2.2147600533512852,
e3246f702c,180,1261,8827,88.27,472.75866498241635,0.2456994515365739,12.596005731857394,1.5169158382406613,
e3246f702c,180,1262,8834,88.34,472.5334543970002,0.26395491861583964,12.849506958441632,2.3258378275923928,
e3246f702c,180,1263,8841,88.41,472.22334276052857,0.3124739917734226,12.873562026964485,2.3627288126911683,
e3246f702c,180,1264,8848,88.48,471.79012699205106,0.2552883415843869,12.709923244069685,1.984164382139684,
e3246f702c,180,1265,8855,88.55,471.54470454292374,0.28757087467338294,12.107459598334088,2.395852489401286,
e3246f702c,180,1266,8862,88.62,471.2619565054689,0.20287317555301193,12.503991471046355,1.5723887235141492,
e3246f702c,180,1267,8869,88.69,471.06373266976476,0.31623400491956677,12.084260496378853,3.0336007808011476,
e3246f702c,180,1268,8876,88.76,470.630492101057,0.2060205624346865,11.95267108430026,1.727288254497823,
e3246f702c,180,1269,8883,88.83,470.4552118784009,0.11188392956026806,11.669883615427164,0.9287485352303463,
e3246f702c,180,1270,8890,88.9,470.3930920405307,0.09646514444486184,11.761917178119917,0.9269503409889391,
e3246f702c,180,1271,8897,88.97,470.36253214631944,0.19246729241034902,12.10366014965934,1.803012967130091,
e3246f702c,180,1272,8904,89.04,470.1931608218862,0.25737317501791673,11.61348228306908,2.548542780111139,
e3246f702c,180,1273,8911,89.11,469.88464214549566,0.19995759015046252,11.95904727962595,1.368514514082168,
e3246f702c,180,1274,8918,89.18,469.6934183736596,0.31831426056872975,11.84861960647853,1.9224148200978628,
e3246f702c,180,1275,8925,89.25,469.2535668947805,0.24702618917249086,11.980494352335732,2.368540227078665,
e3246f702c,180,1276,8932,89.32,469.0224294101717,0.1934232642682425,11.989885898462255,1.652444786000681,
e3246f702c,180,1277,8939,89.39,468.8644366206961,0.25037982067939285,11.929433295647852,1.967658581169695,
e3246f702c,180,1278,8946,89.46,468.5640624582766,0.33282437911972407,11.735206292686215,1.5735974375422583,
e3246f702c,180,1279,8953,89.53,468.53953942607797,0.3853399322487833,12.383357645446686,1.1444210862416562,
e3246f702c,180,1280,8960,89.6,468.45608412627183,0.34750268636747894,12.18251516096395,3.0861547798213986,
e3246f702c,180,1281,8967,89.67,467.86982994741413,0.31717278955760736,12.071457192083809,2.2827420069907727,
e3246f702c,180,1282,8974,89.74,467.4262507637094,0.20801901154416205,12.25159009294202,1.7945706403744786,
e3246f702c,180,1283,8981,89.81,467.2553032462915,0.3637586082477665,12.157193864874856,3.6041424437574423,
e3246f702c,180,1284,8988,89.88,466.6179837444765,0.19069411385910517,13.046493230800207,1.7932746277963663,
e3246f702c,180,1285,8995,89.95,466.4335322833432,0.1610055046932671,12.530533107372754,1.4041592969356338,
e3246f702c,180,1286,9002,90.02,466.33326124757957,0.20219746423522658,12.748533731581073,1.7966291276072681,
e3246f702c,180,1287,9009,90.09,466.21167832769726,0.22424971661295806,12.469981029459163,1.7309265886398015,
e3246f702c,180,1288,9016,90.16,466.0552465341202,0.25718907752191844,12.313331409336731,2.28329006668585,
e3246f702c,180,1289,9023,90.23,465.76478225738185,0.24308370573116164,13.046121180627301,2.457376774563404,
e3246f702c,180,1290,9030,90.3,465.4686369545581,0.21065973743715172,12.466694100776808,1.9770095872923208,
e3246f702c,180,1291,9037,90.37,465.2558359158238,0.43969773101788545,12.093554455878037,1.7962580671304058,
e3246f702c,180,1292,9044,90.44,465.2074570892561,0.2655303708373894,13.161499983392925,1.6352203090456738,
e3246f702c,180,1293,9051,90.51,464.85304402532796,0.19279426056285598,12.292152307561858,1.599555065693469,
e3246f702c,180,1294,9058,90.58,464.74919944826297,0.22185292638438753,12.432935908949556,2.108961459773304,
e3246f702c,180,1295,9065,90.65,464.63758634755146,0.30355744348014974,11.799181231513767,2.5799018774699367,
e3246f702c,180,1296,9072,90.72,464.2391915473609,0.23031571187788036,12.125640481668547,1.2401732250274302,
e3246f702c,180,1297,9079,90.79,463.9975208997404,0.1838592800937177,12.558194194715643,0.7851860726366898,
e3246f702c,180,1298,9086,90.86,463.9807869659253,0.3562579228701997,13.119596638772542,3.151238996038597,
e3246f702c,180,1299,9093,90.93,463.3320039294688,0.19652254733456057,13.428813746431791,1.4762028151237454,
e3246f702c,180,1300,9100,91.0,463.1621725914204,0.18647508109246091,13.133085856574708,1.2091937852567844,
e3246f702c,180,1301,9107,91.07,462.9857244028554,0.190509022954886,12.730390177966017,1.529269522833638,
e3246f702c,180,1302,9114,91.14,462.8584477586216,0.23507249985766318,12.757905750558974,2.283598128865005,
e3246f702c,180,1303,9121,91.21,462.60951119608825,0.3518959975114805,12.789606063599178,3.2999010416889116,
e3246f702c,180,1304,9128,91.28,462.00429928326975,0.2513097484648129,13.274850357348162,2.527803887822639,
e3246f702c,180,1305,9135,91.35,461.78507466055567,0.33235399292976114,12.840320849339475,2.8548296788442595,
e3246f702c,180,1306,9142,91.42,461.3595275482444,0.23055881822397256,13.3698118812144,1.782594185411245,
e3246f702c,180,1307,9149,91.49,461.1041687648425,0.41156570389226593,12.872567043726411,3.8508322966207733,
e3246f702c,180,1308,9156,91.56,460.3180954780999,0.3040724521875685,12.315321453546966,2.98171978713971,
e3246f702c,180,1309,9163,91.63,459.91317404609583,0.14016384366479892,12.637516724391135,0.907710760367647,
e3246f702c,180,1310,9170,91.7,459.81831224137557,0.3729576078021538,12.192565421056548,3.4113016176029447,
e3246f702c,180,1311,9177,91.77,459.1124144840502,0.3529115136652982,12.467952383538599,3.436343815111175,
e3246f702c,180,1312,9184,91.84,458.5348025721844,0.18938927628654248,12.080292161009229,1.6206763868199427,
e3246f702c,180,1313,9191,91.91,458.39803608198974,0.14033060288578414,12.106805612610813,1.090450931761353,
e3246f702c,180,1314,9198,91.98,458.32496391512075,0.4344624231421386,12.195287710530561,3.808922273455178,
e3246f702c,180,1315,9205,92.05,457.4124260202575,0.4668162965953884,12.14785791063505,2.123562074960433,
e3246f702c,180,1316,9212,92.12,457.21061971385114,0.37374251001940967,12.370833085568746,2.6680165532964857,
e3246f702c,180,1317,9219,92.19,456.65669805089476,0.18112461468725582,12.33072279452786,1.6169031680510344,
e3246f702c,180,1318,9226,92.26,456.53710709705933,0.15486722031064631,11.713273765170335,0.6077677041604206,
e3246f702c,180,1319,9233,92.33,456.4307240623755,0.18059661273097258,12.025210915361777,1.434461746582809,
e3246f702c,180,1320,9240,92.4,456.3157049368584,0.12938251672389173,11.760199481156917,1.0460733647380518,
e3246f702c,180,1321,9247,92.47,456.2475885979612,0.5111792079398503,11.739437913246414,1.4099264669734406,
e3246f702c,180,1322,9254,92.54,455.9664648600134,0.24466666883930357,12.021990935445453,1.7781620572818464,
e3246f702c,180,1323,9261,92.61,455.74865774635316,0.26458956049350146,12.385738059906043,2.3241953591438036,
e3246f702c,180,1324,9268,92.68,455.42003457651793,0.304005603512103,12.00889908954698,2.995210367049291,
e3246f702c,180,1325,9275,92.75,455.01110432560137,0.46358354316039313,12.644153801669786,1.6256470747129483,
e3246f702c,180,1326,9282,92.82,454.8465044960861,0.2915027928399696,13.446881478419968,1.6180983801637936,
e3246f702c,180,1327,9289,92.89,454.47924443800787,0.19234852344441825,12.730632207010075,1.5894696518389109,
e3246f702c,180,1328,9296,92.96,454.3537852557926,0.1956143189155188,12.734301540993686,1.8703201227536792,
e3246f702c,180,1329,9303,93.03,454.2007128552638,0.24145017985266382,12.857103216330495,1.721614764509321,
e3246f702c,180,1330,9310,93.1,453.99039945774877,0.2563380402242934,13.234125817169353,1.378990855236382,
e3246f702c,180,1331,9317,93.17,453.7526470075673,0.7611749151793992,13.210799743092466,3.6271260370012843,
e3246f702c,180,1332,9324,93.24,453.2321655038471,0.7847765866498697,14.16191403404955,2.764133861039591,
e3246f702c,180,1333,9331,93.31,452.8347220208487,0.6460463103728283,14.915412181197937,1.8292791256685756,
e3246f702c,180,1334,9338,93.38,452.6521083145552,0.3693315226045252,13.390097529108672,2.17818658632887,
e3246f702c,180,1335,9345,93.45,451.99941771618444,0.2354317144524734,13.393752746398372,1.5916520895632513,
e3246f702c,180,1336,9352,93.52,451.8173321127024,0.3641890172633299,13.46404972050509,0.6273516153128438,
e3246f702c,180,1337,9359,93.59,451.22315943397047,0.12282739164091233,12.8621135451132,0.42961074618602396,
e3246f702c,180,1338,9366,93.66,451.17223899142897,0.26911349165700377,12.562166847931216,2.6051473520921444,
e3246f702c,180,1339,9373,93.73,450.89968681360784,0.22810078915571874,13.185464284433106,1.751311294657714,
e3246f702c,180,1340,9380,93.8,450.68758681263455,0.29593414058577094,13.053430935943464,2.895483033495522,
e3246f702c,180,1341,9387,93.87,450.44203238394107,0.2639959511089391,13.504865700836115,1.0693391716899672,
e3246f702c,180,1342,9394,93.94,450.1539747844046,0.24900814960340054,12.73771238187983,1.7575068742047792,
e3246f702c,180,1343,9401,94.01,449.8546831914248,0.25659821403641436,12.919550632675026,2.087862781965667,
e3246f702c,180,1344,9408,94.08,449.56015645302614,0.29954991569722933,13.395966686104993,2.194488771548618,
e3246f702c,180,1345,9415,94.15,449.2169501216531,0.2577344641494961,13.412719960351492,2.466257439994493,
e3246f702c,180,1346,9422,94.22,448.9791208389703,0.24647623861742124,13.46181017098169,2.1609225071768456,
e3246f702c,180,1347,9429,94.29,448.72418805176096,0.0876606783187849,12.958582137436558,0.5651444106627923,
e3246f702c,180,1348,9436,94.36,448.68853186204393,0.2017336311964865,13.122429870692994,1.883183446932176,
e3246f702c,180,1349,9443,94.43,448.54419315011444,0.319344700112531,13.187298725328692,2.027869221538628,
e3246f702c,180,1350,9450,94.5,448.06686067349636,0.26838067927286535,12.855522768979974,2.1906722575422632,
e3246f702c,180,1351,9457,94.57,447.734615198151,0.37293805327986823,13.444464780433204,2.4424845341429116,
e3246f702c,180,1352,9464,94.64,447.1485278800393,0.20394211225303044,13.555755269678697,1.5595915858507294,
e3246f702c,180,1353,9471,94.71,446.9460997435737,0.20696289380359803,13.80690115039459,1.8934260278215636,
e3246f702c,180,1354,9478,94.78,446.7419975013804,0.3111576601327895,14.080765738848786,2.7494299950276804,
e3246f702c,180,1355,9485,94.85,446.2841009511929,0.25805547564252324,13.853378279715256,2.6010553757213053,
e3246f702c,180,1356,9492,94.92,446.0082275866788,0.24224608497991315,14.31697886049057,1.9532529938352283,
e3246f702c,180,1357,9499,94.99,445.79311675492687,0.22606183142911532,14.958658935459182,2.013370198042285,
e3246f702c,180,1358,9506,95.06,445.5639923577545,0.2363899699226396,14.725842990581915,1.9928348654270942,
e3246f702c,180,1359,9513,95.13,445.4112358523893,0.20365798587947323,15.052491613929366,1.5306344466186008,
e3246f702c,180,1360,9520,95.2,445.2565151780861,0.4051576679658209,14.43735274002754,1.7045473371334448,
e3246f702c,180,1361,9527,95.27,445.01122299517203,0.29699836391060297,14.756617224358354,2.541080615062192,
e3246f702c,180,1362,9534,95.34,444.7114847667024,0.34258497663067844,14.781840203382806,3.1979961822268614,
e3246f702c,180,1363,9541,95.41,444.24624455977545,0.3785725120502544,14.914358892138814,3.4268690760271907,
e3246f702c,180,1364,9548,95.48,443.56871247308794,0.17878521239625908,14.559294154581186,1.4575762057898305,
e3246f702c,180,1365,9555,95.55,443.40979992421217,0.19005744610196915,14.785683302739837,1.5653495390522496,
e3246f702c,180,1366,9562,95.62,443.26944039877435,0.1786012614349032,14.922262835455548,1.7357557401762345,
e3246f702c,180,1367,9569,95.69,443.11948759673555,0.26993833428443365,14.662113788378145,1.8056517380298671,
e3246f702c,180,1368,9576,95.76,442.91752259197665,0.44072950456280413,14.381222495375539,2.236352178501997,
e3246f702c,180,1369,9583,95.83,441.92307673992275,0.19414950301632045,14.488661770509118,1.7967935404269986,
e3246f702c,180,1370,9590,95.9,441.7533276622334,0.4609286453304362,14.630626866595422,3.8845713187807585,
e3246f702c,180,1371,9597,95.97,441.30876170188816,0.37410869619594056,15.506178972038672,1.286224219895512,
e3246f702c,180,1372,9604,96.04,440.81150654433634,0.32921373687179045,13.929468336147316,2.411864661844261,
e3246f702c,180,1373,9611,96.11,440.41180337278615,0.24978042847043178,15.55894982475946,0.2996731752607364,
e3246f702c,180,1374,9618,96.18,440.2491045762156,0.4055105322770512,14.75263237206037,3.944802498090335,
e3246f702c,180,1375,9625,96.25,439.5383058891761,0.33451422301490474,14.82410798610597,2.91558557644178,
e3246f702c,180,1376,9632,96.32,439.1913787814374,0.2760378572923206,15.13480367963829,2.246570525184979,
e3246f702c,180,1377,9639,96.39,438.896274765597,0.237623470252904,14.897592628609829,2.1337011861800583,
e3246f702c,180,1378,9646,96.46,438.6505899028613,0.47145516138254906,14.370072438107204,2.046048851871398,
e3246f702c,180,1379,9653,96.53,438.54604237974075,0.4891836628719214,14.707068945662835,4.154599197187463,
e3246f702c,180,1380,9660,96.6,437.5447636011441,0.138970251413692,14.177301372052073,1.0157080285683666,
e3246f702c,180,1381,9667,96.67,437.47677636456865,0.4893940161849112,13.816108858017575,3.577461243928686,
e3246f702c,180,1382,9674,96.74,436.29745181136207,0.1925929692151963,14.762006019198841,1.8165234818450684,
e3246f702c,180,1383,9681,96.81,436.15825137542225,0.08758462122719027,15.208306643974307,0.6501485780095816,
e3246f702c,180,1384,9688,96.88,436.1202861381676,0.828223785491492,14.873775538399062,3.978422143754553,
e3246f702c,180,1385,9695,96.95,435.7764056662865,0.41914674163850696,17.005577114756242,2.3088548324231777,
e3246f702c,180,1386,9702,97.02,434.98202072819487,0.1676211821182014,15.858319756804475,1.5478617129864263,
e3246f702c,180,1387,9709,97.09,434.8633449323072,0.20541210562712203,15.492795436971281,1.807294521306881,
e3246f702c,180,1388,9716,97.16,434.71602797735903,0.24231936910238894,16.16275982186177,2.2319330637174897,
e3246f702c,180,1389,9723,97.23,434.5405606789304,0.23397492876722673,15.852287874783809,1.979436307650483,
e3246f702c,180,1390,9730,97.3,434.3533855645795,0.6332416953335843,16.379715612233053,5.145236137348884,
e3246f702c,180,1391,9737,97.37,433.5729375231766,0.43085673844723565,15.507597027097917,2.2559757997875467,
e3246f702c,180,1392,9744,97.44,433.2597811361703,0.36888946163418257,14.524025464277798,1.9469242938890248,
e3246f702c,180,1393,9751,97.51,432.95493983292965,0.5784708840800886,14.838697408243794,4.99247370262231,
e3246f702c,180,1394,9758,97.58,431.8200588191236,0.355614439588437,15.034996493516866,1.7074253402577775,
e3246f702c,180,1395,9765,97.65,431.48009080690025,0.4838168263225623,14.684149586020597,4.18199361643018,
e3246f702c,180,1396,9772,97.72,430.76309498325475,0.3692466859434504,14.074245815630364,2.11695867468888,
e3246f702c,180,1397,9779,97.79,430.27116187168707,0.23911447584672274,13.399526928323311,1.8539156353569852,
e3246f702c,180,1398,9786,97.86,430.0172875225864,0.11300305694351866,13.149861280376502,0.7465354738580745,
e3246f702c,180,1399,9793,97.93,429.953777499426,0.5591976462371832,13.018396208416293,2.086949985808167,
e3246f702c,180,1400,9800,98.0,429.7359380660749,0.3122859286861586,13.621587510963842,0.9799923749395932,
e3246f702c,180,1401,9807,98.07,429.35722507919235,0.3141556259574403,13.055397467002875,3.0782184967241717,
e3246f702c,180,1402,9814,98.14,428.8944262058735,0.3689144522793969,13.148760717223006,3.4253340686492924,
e3246f702c,180,1403,9821,98.21,428.4000272562933,0.28208817769531547,13.482240315447243,2.242869299056529,
e3246f702c,180,1404,9828,98.28,428.01788835131674,0.27071233319786575,13.18531938257056,2.0730068758989497,
e3246f702c,180,1405,9835,98.35,427.6823217068305,0.16759668923715138,13.836466174786018,1.2257092743023348,
e3246f702c,180,1406,9842,98.42,427.55609772200046,0.2239276062180846,13.379764308175695,2.2632482255519357,
e3246f702c,180,1407,9849,98.49,427.31612758657656,0.19261669998909048,13.63067721718578,1.9444747390486068,
e3246f702c,180,1408,9856,98.56,427.1950744707677,0.14390840932446033,13.100484999665216,1.1267562007711234,
e3246f702c,180,1409,9863,98.63,427.0928115167622,0.11384869394764222,13.265857242102895,0.7727891513403009,
e3246f702c,180,1410,9870,98.7,427.0327326030648,0.13412389124648635,13.205142339345707,1.339165586681277,
e3246f702c,180,1411,9877,98.77,426.9538772551144,0.23683936419353768,12.931673361580097,2.3592120275874584,
e3246f702c,180,1412,9884,98.84,426.6680357106674,0.12382322787188567,12.803690710135665,1.0782510312089586,
e3246f702c,180,1413,9891,98.91,426.60184321991966,0.35334446964632027,12.593472468422881,3.447597851629326,
e3246f702c,180,1414,9898,98.98,425.97298110719004,0.19354758605788638,12.440068280451328,1.8552685273518683,
e3246f702c,180,1415,9905,99.05,425.7847533658683,0.4840677324309136,12.118473153512209,2.460912284613784,
e3246f702c,180,1416,9912,99.12,425.7374110326659,0.32454552171911955,13.385922415686064,2.771344191756939,
e3246f702c,180,1417,9919,99.19,425.26579773108347,0.1598605173160906,12.367625107489578,0.7913549160435832,
e3246f702c,180,1418,9926,99.26,425.1906482140293,0.2296426383652263,11.911357546350716,2.0434240326797277,
e3246f702c,180,1419,9933,99.33,424.9543020412466,0.3826431271792589,12.065260960487857,3.7076335603471877,
e3246f702c,180,1420,9940,99.4,424.3452149094237,0.18102284491173842,12.460434877514674,0.9998117956680243,
e3246f702c,180,1421,9947,99.47,424.19555508732213,0.40971399828569344,12.21594883377294,4.011623123963037,
e3246f702c,180,1422,9954,99.54,423.43067809549217,0.11510064014408912,12.898313693730652,0.7049577383448975,
e3246f702c,180,1423,9961,99.61,423.3822687236145,0.2844728487948841,12.968453894241735,2.610280413915453,
e3246f702c,180,1424,9968,99.68,423.07811631488045,0.19987796367145508,13.000341096699952,1.0941396774151377,
e3246f702c,180,1425,9975,99.75,422.9245914917798,0.1947980903735676,12.826128526645057,1.4146056390948405,
e3246f702c,180,1426,9982,99.82,422.7373127135715,0.49488962025521677,12.884833453109136,2.105290834665286,
e3246f702c,180,1427,9989,99.89,422.7192651211219,0.36379098583730995,13.950968761071763,2.5374849947053186,
e3246f702c,180,1428,9996,99.96,422.08894643193315,0.2975195465297299,13.052070022503353,2.954050043861819,
e3246f702c,180,1429,10003,100.03,421.7436065690918,0.29764040490108745,13.209308206778207,2.957639322413677,
e3246f702c,180,1430,10010,100.1,421.34038770113824,0.36481381550259184,13.103984818261942,1.769510053037806,
e3246f702c,180,1431,10017,100.17,421.33107036863913,0.3721138068652447,12.867162302211565,3.34277337589678,
e3246f702c,180,1432,10024,100.24,420.7365535359186,0.24681327650841245,12.847568861197844,2.410664989217658,
e3246f702c,180,1433,10031,100.31,420.4512564312187,0.36485810782836103,12.179687341739367,1.8071266688782905,
e3246f702c,180,1434,10038,100.38,419.8065502264272,0.6094841753261965,12.335866820559978,2.8597156450124928,
e3246f702c,180,1435,10045,100.45,419.39990718791614,0.24663805897543892,12.634385431828598,1.1832913244943488,
e3246f702c,180,1436,10052,100.52,419.1418697051355,0.2985213825194294,12.318307128600429,1.9079132080915098,
e3246f702c,180,1437,10059,100.59,418.74966478822114,0.09491174491491412,12.313598460596157,0.48638075295288963,
e3246f702c,180,1438,10066,100.66,418.7183247908174,0.2770079561048914,12.121048706022163,1.016098150830538,
e3246f702c,180,1439,10073,100.73,418.71012365330256,0.2953471416640724,11.8782418749945,2.8550021212827836,
e3246f702c,180,1440,10080,100.8,418.2660458458919,0.5681955933674178,11.398798963206449,2.5643491048797165,
e3246f702c,180,1441,10087,100.87,417.85945878100574,0.31776238666715445,12.694559166736363,2.6884277879721004,
e3246f702c,180,1442,10094,100.94,417.47748830042906,0.3255299728699628,12.105806745070044,2.9447411595681032,
e3246f702c,180,1443,10101,101.01,416.97392366138723,0.3037397252594544,11.598495279054276,1.4061889021198954,
e3246f702c,180,1444,10108,101.08,416.9257456314078,0.43898374546371344,12.285913237876402,1.9322335881239456,
e3246f702c,180,1445,10115,101.15,416.80437155858544,0.2809998492168161,12.808440824149939,1.671213292489489,
e3246f702c,180,1446,10122,101.22,416.443832169496,0.362410225104304,12.570358857489513,1.6512067325861401,
e3246f702c,180,1447,10129,101.29,416.33384375685085,0.500813002606366,12.60259358025633,1.8805167290342897,
e3246f702c,180,1448,10136,101.36,416.22174833192656,0.27306467088566555,13.177120806365092,0.9788924879284706,
e3246f702c,180,1449,10143,101.43,415.85572612053045,0.21425209430859063,12.378147681956905,2.057124171618362,
e3246f702c,180,1450,10150,101.5,415.6460100260787,0.20351793456309422,12.388674889967271,1.2244119841614183,
e3246f702c,180,1451,10157,101.57,415.4759901088815,0.08319862925461755,12.699727088082426,0.6933084514326723,
e3246f702c,180,1452,10164,101.64,415.44391290764423,0.07721418273977813,12.57377271333929,0.6034326423714472,
e3246f702c,180,1453,10171,101.71,415.4209928145843,0.8211090952496942,12.547097949113512,3.620903492836564,
e3246f702c,180,1454,10178,101.78,415.33669770904385,0.40553698090751283,14.009529500794077,0.5521998938410134,
e3246f702c,180,1455,10185,101.85,414.51824356161325,0.20421791114175006,12.454543460911932,1.9883930650658308,
e3246f702c,180,1456,10192,101.92,414.3988826718118,0.30173921216628163,12.310228571935058,2.7102434157715596,
e3246f702c,180,1457,10199,101.99,413.97333439187935,0.37634674392281897,11.694799273076958,1.7884672417167216,
e3246f702c,180,1458,10206,102.06,413.88051042331637,0.24110400151828748,12.623323813727703,1.4315678025220533,
e3246f702c,180,1459,10213,102.13,413.63597772993546,0.2715796072675792,12.049862599213036,2.684905270664091,
e3246f702c,180,1460,10220,102.2,413.27220453959455,0.31015309916405803,11.882676471448345,2.328609533282398,
e3246f702c,180,1461,10227,102.27,412.8953258068487,0.1295762978989568,11.602080925894594,1.0813173249859969,
e3246f702c,180,1462,10234,102.34,412.819197489693,0.16647358858425376,11.629293226037014,1.5195532252576742,
e3246f702c,180,1463,10241,102.41,412.70768080890724,0.24945560942077294,11.927909907709791,2.341102928675263,
e3246f702c,180,1464,10248,102.48,412.46581948282045,0.4804588233052655,11.255315731872088,2.3325124164559683,
e3246f702c,180,1465,10255,102.55,412.3296159174637,0.3122763282984082,12.713154871403212,2.3913636945621013,
e3246f702c,180,1466,10262,102.62,411.85152269422133,0.5364084241591379,11.94144956986019,1.9216532516125269,
e3246f702c,180,1467,10269,102.69,411.8236195818734,0.37180820406040455,14.344348801266442,2.8962098508916965,
e3246f702c,180,1468,10276,102.76,411.37793102285366,0.21240291075636436,12.537517513556166,1.2065947145336193,
e3246f702c,180,1469,10283,102.83,411.2135098730948,0.1686434062482255,12.967893621830534,1.5517788414217493,
e3246f702c,180,1470,10290,102.9,411.1087516413461,0.36238681670941897,12.526423474687645,3.595933978025288,
e3246f702c,180,1471,10297,102.97,410.5261410470161,0.2509418302458125,11.525546253140565,2.2408698489565015,
e3246f702c,180,1472,10304,103.04,410.2740755346171,0.07933284928413104,11.364132160998542,0.38635068107780357,
e3246f702c,180,1473,10311,103.11,410.248505720471,0.16233218777400107,11.203118348793343,1.2982570120149826,
e3246f702c,180,1474,10318,103.18,410.15082829499374,0.24335912186695577,11.424859217187752,2.3984496638590715,
e3246f702c,180,1475,10325,103.25,409.895546711591,0.18899720970843212,11.442474247572262,1.7543275813684593,
e3246f702c,180,1476,10332,103.32,409.77387738155045,0.13791262037339955,11.461219871509776,1.103846104896667,
e3246f702c,180,1477,10339,103.39,409.7083832954471,0.3294030374154557,11.35827365592867,1.502202306552409,
e3246f702c,180,1478,10346,103.46,409.70396910612163,0.5379801853568648,11.102334846076321,2.3386549379667105,
e3246f702c,180,1479,10353,103.53,409.5294443287605,0.25424255178233485,11.512264395243118,1.8415444596813713,
e3246f702c,180,1480,10360,103.6,409.2419432103022,0.4640567427674308,11.218028591408858,2.0084869853729646,
e3246f702c,180,1481,10367,103.67,409.23831981065655,0.3166317695193235,12.009470747499035,2.0840232110776373,
e3246f702c,180,1482,10374,103.74,408.8672120243677,0.20205893345164846,11.058448316469585,1.7220484979267503,
e3246f702c,180,1483,10381,103.81,408.6915169269188,0.1430390390359326,11.218283608686777,0.945921324288677,
e3246f702c,180,1484,10388,103.88,408.61685847504356,0.22435473359038874,10.942426255189988,2.2036548435601016,
e3246f702c,180,1485,10395,103.95,408.3769564600743,0.15870236295675438,11.58480279422864,1.6180061477104382,
e3246f702c,180,1486,10402,104.02,408.2521211064131,0.2714972534370061,11.370982411950827,2.1918540515859153,
e3246f702c,180,1487,10409,104.09,407.8817994298959,0.21692704418915704,11.110159671840508,2.1847872256668883,
e3246f702c,180,1488,10416,104.16,407.6547778184777,0.4522847183228874,11.019456216508631,2.2644140128597665,
e3246f702c,180,1489,10423,104.23,407.5854567787569,0.3445102257447314,11.571052015853066,2.5226683948750366,
e3246f702c,180,1490,10430,104.3,407.0655415053941,0.25678590211486,11.322396113732733,2.5285177866093385,
e3246f702c,180,1491,10437,104.37,406.75514188873285,0.14736411359350665,11.569708606214226,1.2844096403259213,
e3246f702c,180,1492,10444,104.44,406.64846170462965,0.24087342264019124,11.575838421176211,1.158209602179696,
e3246f702c,180,1493,10451,104.51,406.621117862372,0.39825832920185017,11.622812291367966,3.9623833163150293,
e3246f702c,180,1494,10458,104.58,405.8049417526935,0.09358166423023667,11.168742272228606,0.46558945600447493,
e3246f702c,180,1495,10465,104.65,405.76755431544547,0.16370581688557975,11.429097545290603,1.4617827110922526,
e3246f702c,180,1496,10472,104.72,405.6468321406329,0.26107233297360577,11.523395072764357,2.452441160257904,
e3246f702c,180,1497,10479,104.79,405.3304792889813,0.34372251661630404,11.359856889285073,2.7622446584317855,
e3246f702c,180,1498,10486,104.86,404.82090168271435,0.24232294288729456,11.881974098741708,1.966201999257943,
e3246f702c,180,1499,10493,104.93,404.66855932638197,0.17988789345716688,11.62878757155736,1.082279976373587,
e3246f702c,180,1500,10500,105.0,404.54119281887677,0.18135926859668253,11.524962806832564,1.5809666048892697,
e3246f702c,180,1501,10507,105.07,404.38984786701593,0.6265955255160192,11.42079150080562,2.897366457679673,
e3246f702c,180,1502,10514,105.14,404.04373784020197,0.3541082086300649,13.38588720710649,1.3262780202116549,
e3246f702c,180,1503,10521,105.21,403.570049247978,0.20152557720893444,11.883664600406036,1.7527277915114723,
e3246f702c,180,1504,10528,105.28,403.38330351289636,0.2379494602850694,11.554398247018607,1.9780157040116142,
e3246f702c,180,1505,10535,105.35,403.20912549814443,0.19648998094266087,11.616353606903033,1.6833847944590612,
e3246f702c,180,1506,10542,105.42,403.07676622829314,0.2503566148093562,11.167436048549462,1.7201447874425972,
e3246f702c,180,1507,10549,105.49,402.92257955207634,0.22581769774980015,11.836648538217439,1.7679120813342208,
e3246f702c,180,1508,10556,105.56,402.7686558224501,0.30129174774496675,11.015131152870223,2.071215658290017,
e3246f702c,180,1509,10563,105.63,402.5010217723497,0.18429749546437565,11.946962903124941,1.106293873540488,
e3246f702c,180,1510,10570,105.7,402.345802513027,0.39125404084399334,10.836622568966593,2.875136745330997,
e3246f702c,180,1511,10577,105.77,401.5589400605332,0.414329173082323,11.08702338395142,4.169873495884524,
e3246f702c,180,1512,10584,105.84,400.844807640895,0.255342897495868,11.538008217787397,2.2976336715147174,
e3246f702c,180,1513,10591,105.91,400.6708890962892,0.38999701186719926,12.273063928605788,2.7115666723339333,
e3246f702c,180,1514,10598,105.98,399.97836685944276,0.2151923997078827,11.780542929447503,1.2423083586539665,
e3246f702c,180,1515,10605,106.05,399.87898938274213,0.20093883126241996,12.983961247831028,1.616984945025164,
e3246f702c,180,1516,10612,106.12,399.75779012788246,0.6264298691461296,12.196683361890342,2.4933848846634077,
e3246f702c,180,1517,10619,106.19,399.75480617000636,0.4127652568171896,14.116850588650484,2.7880685478214415,
e3246f702c,180,1518,10626,106.26,398.9693175334087,0.20194843901628895,12.915606540007337,1.082275309227219,
e3246f702c,180,1519,10633,106.33,398.80627875022367,0.2140830390532178,12.12750247025881,0.8168353949590742,
e3246f702c,180,1520,10640,106.4,398.7884755021843,0.6323540001064446,12.596135045376023,3.089345835846688,
e3246f702c,180,1521,10647,106.47,398.693339120783,0.38338413864724247,13.862608398728556,2.3294379777757945,
e3246f702c,180,1522,10654,106.54,398.0974008061515,0.18345512077769965,13.22953336044361,1.7070905760917994,
e3246f702c,180,1523,10661,106.61,397.9446640337044,0.24031793688629915,12.677020624146785,2.3712219458297437,
e3246f702c,180,1524,10668,106.68,397.71625669388936,0.21501077002977156,12.104938007668439,2.0013862959878503,
e3246f702c,180,1525,10675,106.75,397.54555776077297,0.5494681524478194,12.563560474532336,1.3178083709820674,
e3246f702c,180,1526,10682,106.82,397.10450207174637,0.21111591414850644,12.72275496739604,0.681909817817449,
e3246f702c,180,1527,10689,106.89,396.9242158564751,0.3314899215681718,12.938219933500767,2.9948670250599134,
e3246f702c,180,1528,10696,106.96,396.491851498342,0.3291048735195466,12.45482837326139,2.392763970733664,
e3246f702c,180,1529,10703,107.03,396.0711114164629,0.23035416529204228,12.170002259062398,2.0473004278068814,
e3246f702c,180,1530,10710,107.1,395.79974511271735,0.1569728165585394,11.713789791696275,1.3958238633694446,
e3246f702c,180,1531,10717,107.17,395.70661977926164,0.162446642453553,11.781134811667012,1.501344028533807,
e3246f702c,180,1532,10724,107.24,395.63368537032846,0.19302269727259344,11.706718386585113,1.7115500322580008,
e3246f702c,180,1533,10731,107.31,395.4736978350507,0.4111853306298915,11.510267409173755,3.6794381180755624,
e3246f702c,180,1534,10738,107.38,394.73755450296125,0.31092985494729397,12.126785074035931,2.8662832651878336,
e3246f702c,180,1535,10745,107.45,394.39708390640004,0.2969904160681598,11.983806312720994,2.510352725965795,
e3246f702c,180,1536,10752,107.52,394.00187165474904,0.6355636676693631,12.41248036028339,1.7188519462747973,
e3246f702c,180,1537,10759,107.59,393.96604950418873,0.5248083942350699,15.004390132189997,4.413195364352603,
e3246f702c,180,1538,10766,107.66,392.850533826291,0.3053024602897396,13.282607247420223,2.3680584735247776,
e3246f702c,180,1539,10773,107.73,392.4247602897487,0.5056893938571781,13.52323842862128,1.2910300114797997,
e3246f702c,180,1540,10780,107.8,392.39360597163943,0.67944462964944,14.351019396219957,2.178173532293611,
e3246f702c,180,1541,10787,107.87,392.32792636937506,0.37219298027483677,15.171688674078062,1.9968828192617631,
e3246f702c,180,1542,10794,107.94,391.6221897462693,0.2017958587084424,14.001370663013166,1.6417816077988636,
e3246f702c,180,1543,10801,108.01,391.42653970913165,0.19564376792133334,14.046937498437172,1.9329511265573025,
e3246f702c,180,1544,10808,108.08,391.2380911225798,0.37169371131500756,14.186058194659356,2.7446034915895083,
e3246f702c,180,1545,10815,108.15,390.71207756358973,0.5851764422462816,14.450961150312768,1.4998526099312641,
e3246f702c,180,1546,10822,108.22,390.65342353762594,0.4201848136306434,14.522442070626372,2.7740488677812563,
e3246f702c,180,1547,10829,108.29,389.8522649599871,0.30862456905646696,13.881000848028407,2.869435949267205,
e3246f702c,180,1548,10836,108.36,389.41441635064933,0.23110890450718005,13.65004184397495,2.333049302531061,
e3246f702c,180,1549,10843,108.43,389.23189739480364,0.29637911336703016,13.970678444265713,2.017805685395276,
e3246f702c,180,1550,10850,108.5,388.91037899728786,0.32368616532695693,13.788487282941027,1.8540641179604405,
e3246f702c,180,1551,10857,108.57,388.52711089337333,0.27484543521888305,14.164023520452014,2.590498451975315,
e3246f702c,180,1552,10864,108.64,388.2001936655995,0.3101908823243806,13.420657579650946,2.8406804849303358,
e3246f702c,180,1553,10871,108.71,387.7125900497108,0.38558538594510394,12.926219641344552,2.3152055095924635,
e3246f702c,180,1554,10878,108.78,386.95359418975875,0.1913961254298135,12.89020698447767,1.71696280279981,
e3246f702c,180,1555,10885,108.85,386.78597865159594,0.23611757584472184,12.865250972571973,2.22938449212107,
e3246f702c,180,1556,10892,108.92,386.60518162995527,0.2747447020899955,12.80968364534175,2.5753380967438044,
e3246f702c,180,1557,10899,108.99,386.3944617032485,0.2278283560816153,12.913287777999674,1.4714614297108985,
e3246f702c,180,1558,10906,109.06,386.25193073992085,0.15632632940607022,12.136444546246102,0.6430248125349042,
e3246f702c,180,1559,10913,109.13,386.18152119086926,0.17798405551872207,12.099447286923423,1.5477563836141144,
e3246f702c,180,1560,10920,109.2,386.0754909720803,0.29893616964736075,12.317854843944078,2.7702173019224587,
e3246f702c,180,1561,10927,109.27,385.63289970166136,0.18519015142106304,11.883332171491288,1.7003511558835824,
e3246f702c,180,1562,10934,109.34,385.5164247990709,0.23558672837986552,12.030567263939444,1.6186097040936926,
e3246f702c,180,1563,10941,109.41,385.2874205479877,0.41688019488551237,12.380930239941952,4.200809136933731,
e3246f702c,180,1564,10948,109.48,384.7086200367096,0.37016308085029326,11.767501781917641,2.8612375564423553,
e3246f702c,180,1565,10955,109.55,384.0731386403298,0.2637396804330025,12.324641748676255,2.5737315208683857,
e3246f702c,180,1566,10962,109.62,383.8296204639244,0.21340693780747574,12.522851934066932,0.9835467580918117,
e3246f702c,180,1567,10969,109.69,383.628729560985,0.1721184902935406,12.56720116997133,1.5826340905903806,
e3246f702c,180,1568,10976,109.76,383.49757604778796,0.26881556510399407,12.794144481084484,2.6528202962348164,
e3246f702c,180,1569,10983,109.83,383.20199956472413,0.2726173964091551,12.333870172811615,2.6567947713493894,
e3246f702c,180,1570,10990,109.9,382.86371258416574,0.22951481357393816,12.750760754254161,2.2197671743555256,
e3246f702c,180,1571,10997,109.97,382.61773455649677,0.1894929698007945,12.337995222985398,0.6199533111659038,
e3246f702c,180,1572,11004,110.04,382.4596419332636,0.6100805871452145,11.73031222137087,2.8108393241935588,
e3246f702c,180,1573,11011,110.11,382.146284747973,0.7110168818224442,12.863521019809696,2.073989255420946,
e3246f702c,180,1574,11018,110.18,382.0645485537154,0.7487905092711865,12.619257437343629,1.5834789470750807,
e3246f702c,180,1575,11025,110.25,381.8084455325997,0.43369537638371125,12.630485729428138,2.803469523273606,
e3246f702c,180,1576,11032,110.32,381.13522803824634,0.182736415262504,11.64614341964349,0.6139094076890212,
e3246f702c,180,1577,11039,110.39,381.0554417895252,0.3204212097425591,11.468591651654679,3.0788163715167833,
e3246f702c,180,1578,11046,110.46,380.7054517700451,0.2850672219586992,12.183712293021538,2.3524494986533036,
e3246f702c,180,1579,11053,110.53,380.38405480759536,0.23589752567050049,11.749054210371645,1.5010703763134534,
e3246f702c,180,1580,11060,110.6,380.14554818157137,0.24410784022275336,12.160444214101595,2.3042008599710253,
e3246f702c,180,1581,11067,110.67,379.85047576026744,0.16345863982337025,11.516024989148185,0.7475797424540225,
e3246f702c,180,1582,11074,110.74,379.7246506176995,0.3380334669054864,11.212797230698751,3.2497778418382652,
e3246f702c,180,1583,11081,110.81,379.20297954254534,0.24996492483174837,11.275366997773933,1.4519065727404021,
e3246f702c,180,1584,11088,110.88,378.9549516070867,0.14169327140738044,11.360477758562514,0.3871118773585995,
e3246f702c,180,1585,11095,110.95,378.8819348905156,0.18947149761779494,11.339044388348492,1.3656174562441117,
e3246f702c,180,1586,11102,111.02,378.71005914536363,0.2245257745633351,11.324949202688579,0.9458881372787475,
e3246f702c,180,1587,11109,111.09,378.6902571806618,0.24476359533130845,11.058232255642714,2.0310929791132657,
e3246f702c,180,1588,11116,111.16,378.4731422571512,0.22404800380899426,11.435367117736499,2.0540997481873,
e3246f702c,180,1589,11123,111.23,378.2736088373529,0.16781806712007477,11.179135616698854,1.3625821082540566,
e3246f702c,180,1590,11130,111.3,378.1376839094834,0.2872633606278418,11.271009126555732,2.119886810657486,
e3246f702c,180,1591,11137,111.37,377.77901809368103,0.2909828947637232,10.967830226741718,2.8990035500605504,
e3246f702c,180,1592,11144,111.44,377.3631650122481,0.11531448947427886,11.173560102375218,1.034459705747045,
e3246f702c,180,1593,11151,111.51,377.29551502437494,0.2384758838961873,11.200672031843522,1.0343199955969824,
e3246f702c,180,1594,11158,111.58,377.00448379026363,0.22873894711654794,11.101402588097741,2.301063910123194,
e3246f702c,180,1595,11165,111.65,376.758005825686,0.46438303193756275,11.240192439539584,1.8979790233693752,
e3246f702c,180,1596,11172,111.72,376.6622871431099,0.33758205503001093,12.038183525803342,2.968827527219013,
e3246f702c,180,1597,11179,111.79,376.12916268933367,0.1969175279579459,11.168725685065235,1.6385334226634558,
e3246f702c,180,1598,11186,111.86,375.982024739569,0.13566873461760218,11.377170921666115,1.3321330922550376,
e3246f702c,180,1599,11193,111.93,375.91940573140585,0.1964667591792333,10.938483347684707,0.8177023770322377,
e3246f702c,180,1600,11200,112.0,375.7548923318035,0.3652562545661444,11.367458282629174,2.9047918956200434,
e3246f702c,180,1601,11207,112.07,375.1170594465999,0.22676443528234314,11.276108098063972,1.6792262578326618,
e3246f702c,180,1602,11214,112.14,374.91469630127324,0.49222933612260517,11.611761648316177,1.968967385408683,
e3246f702c,180,1603,11221,112.21,374.8226411331455,0.2822467905865371,11.659793727094325,0.9438119438705386,
e3246f702c,180,1604,11228,112.28,374.52522973601924,0.19415232324320983,11.665667127524138,1.2108962187834842,
e3246f702c,180,1605,11235,112.35,374.350345249137,0.1407319703580377,11.187578478669053,1.2824714663536296,
e3246f702c,180,1606,11242,112.42,374.28395196482404,0.7258411712146262,11.679016367294185,2.5002370918403263,
e3246f702c,180,1607,11249,112.49,374.25866294835475,0.38558057023845016,13.667720743833222,1.0408645241113572,
e3246f702c,180,1608,11256,112.56,373.5308985177149,0.17937108173829228,11.501645089807194,1.1879463980502838,
e3246f702c,180,1609,11263,112.63,373.37324746167025,0.15181793107580635,11.194616782294908,1.3894863179675945,
e3246f702c,180,1610,11270,112.7,373.2827944337544,0.20275342379462605,11.544258809841635,1.920237214495607,
e3246f702c,180,1611,11277,112.77,373.11303221527527,0.18999297800803122,10.961616351293575,1.6194637445746285,
e3246f702c,180,1612,11284,112.84,373.03661998292955,0.22283858546436383,11.27512709068905,1.4179982580470594,
e3246f702c,180,1613,11291,112.91,372.8073057947905,0.21789748423612726,10.80243490159949,1.8045658064134693,
e3246f702c,180,1614,11298,112.98,372.6100221027846,0.18437173355342792,11.289840606117282,1.6651910049251435,
e3246f702c,180,1615,11305,113.05,372.4726893555707,0.4095060658505639,10.594397920781228,1.8972420122348033,
e3246f702c,180,1616,11312,113.12,372.2309628392238,0.1724819051895391,11.315710935642082,0.21869969429481503,
e3246f702c,180,1617,11319,113.19,372.11497868371595,0.13903860682670122,11.040774010002833,0.9349662529563411,
e3246f702c,180,1618,11326,113.26,372.05111407749934,0.12862239016658011,11.03233253136786,0.8650067855485729,
e3246f702c,180,1619,11333,113.33,371.99188396665255,0.14281179710795947,10.886795304699152,0.9928682457644515,
e3246f702c,180,1620,11340,113.4,371.92052063726027,0.24141746373274336,11.025509926090303,1.712539074535268,
e3246f702c,180,1621,11347,113.47,371.7885816802173,0.20292608864302994,10.77919350766714,1.4878110196514058,
e3246f702c,180,1622,11354,113.54,371.70846349745835,0.2533419299913764,10.81590348510575,2.003295064934929,
e3246f702c,180,1623,11361,113.61,371.4632151290984,0.21646441799014257,11.11233660592829,1.5726943263809552,
e3246f702c,180,1624,11368,113.68,371.3288742897227,0.6289809654391841,11.270399202352799,2.869552847337605,
e3246f702c,180,1625,11375,113.75,371.3217515391873,0.3594259595888345,13.154583293778057,0.76863998305216,
e3246f702c,180,1626,11382,113.82,370.81285575062446,0.15070357763923797,12.02973928162646,0.6803802303619638,
e3246f702c,180,1627,11389,113.89,370.699520436371,0.3335700852913897,11.632423949352441,2.504519575294496,
e3246f702c,180,1628,11396,113.96,370.22055821893605,0.16342271074634154,11.456276831837638,1.244562327561286,
e3246f702c,180,1629,11403,114.03,370.10887665113376,0.30905741146145826,11.125392745788519,2.93278621262947,
e3246f702c,180,1630,11410,114.1,369.7645018402893,0.3017562335595609,11.39229903889021,1.402485276473604,
e3246f702c,180,1631,11417,114.17,369.4682277644918,0.18443521594299425,11.167104340112541,1.1825580124013784,
e3246f702c,180,1632,11424,114.24,369.3332439732764,0.25157312482872823,11.026165632901035,2.0011346855255483,
e3246f702c,180,1633,11431,114.31,369.0790969030204,0.13380328729992388,10.706764351138814,0.9947407864449996,
e3246f702c,180,1634,11438,114.38,369.0184065764518,0.27863884927300764,10.480591469874964,2.3611976199857456,
e3246f702c,180,1635,11445,114.45,368.6376843839461,0.36395187948801766,10.794550027455584,1.7479560019558267,
e3246f702c,180,1636,11452,114.52,368.49872039325817,0.24872404070436624,11.863189750059824,2.172984276096777,
e3246f702c,180,1637,11459,114.59,368.18500084909834,0.35778009002754,10.972244215140199,1.6931529063336692,
e3246f702c,180,1638,11466,114.66,368.1834302136317,0.21583429370252485,11.392080998534608,1.0555617379443312,
e3246f702c,180,1639,11473,114.73,367.9966850076409,0.3651252021579831,11.013917374890259,2.621614676473834,
e3246f702c,180,1640,11480,114.8,367.5538160049572,0.29493335571034174,11.198135113385133,1.442952275707963,
e3246f702c,180,1641,11487,114.87,367.29187859131827,0.20180172113002348,11.155177939352038,1.4947434796350914,
e3246f702c,180,1642,11494,114.94,367.09778579392184,0.7069253490354617,10.712354228854904,3.5298654456385754,
e3246f702c,180,1643,11501,115.01,366.8520264190772,0.3143257407379639,12.51289157029127,1.850102951148452,
e3246f702c,180,1644,11508,115.08,366.3828146515272,0.46049987366657863,11.24907334500307,4.613220938470761,
e3246f702c,180,1645,11515,115.15,365.54947462335355,0.25785061033246703,9.59675993442415,1.7028512380220804,
e3246f702c,180,1646,11522,115.22,365.30347631719764,0.18693925291767055,9.713066309902413,1.2758575377270096,
e3246f702c,180,1647,11529,115.29,365.1391306784892,0.12634376151989557,9.738411371049642,0.9275846579065887,
e3246f702c,180,1648,11536,115.36,365.06663788924214,0.4586367337030048,9.630007261818836,1.8403008252716304,
e3246f702c,180,1649,11543,115.43,364.9357153812941,0.21519909579247368,10.023211102906597,0.98531786681481,
e3246f702c,180,1650,11550,115.5,364.72200685531647,0.3357604400874813,9.318445589684174,1.6377912421837104,
e3246f702c,180,1651,11557,115.57,364.6559589564381,0.2536256904137887,9.359990542162029,1.6905509818539386,
e3246f702c,180,1652,11564,115.64,364.36531005244865,0.1943935721554158,9.394981760155277,1.897242322716055,
e3246f702c,180,1653,11571,115.71,364.2010389220427,0.23632183076450447,9.46129540901595,2.2377574560968667,
e3246f702c,180,1654,11578,115.78,363.997007153159,0.1162865864072219,9.51274452128125,0.8850179629564027,
e3246f702c,180,1655,11585,115.85,363.95385276326607,0.16590721255481844,9.32161603310469,1.4669700369060268,
e3246f702c,180,1656,11592,115.92,363.81527691788614,0.07553092757319564,9.189946650106217,0.6954042647520736,
e3246f702c,180,1657,11599,115.99,363.79673489355946,0.11187932533564768,9.23862798984752,0.75098147903564,
e3246f702c,180,1658,11606,116.06,363.7509097689421,0.11819287041164894,9.297006116915833,1.0323836409877851,
e3246f702c,180,1659,11613,116.13,363.68545191390245,0.17950643234245686,9.249430183073667,1.349553345257714,
e3246f702c,180,1660,11620,116.2,363.53895345316624,0.2216802797058985,8.898859023867622,2.2067794436019463,
e3246f702c,180,1661,11627,116.27,363.3469347070453,0.2602189298405998,9.629850826570506,1.9354708508587075,
e3246f702c,180,1662,11634,116.34,363.1687962182777,0.29832701233615283,9.375957987478506,2.3860497368666245,
e3246f702c,180,1663,11641,116.41,362.93689361797334,0.23147210041162694,10.375430245199766,1.5399745468078403,
e3246f702c,180,1664,11648,116.48,362.7803901038724,0.17223945527311538,9.548297897598703,1.2829824337310234,
e3246f702c,180,1665,11655,116.55,362.71049496734815,0.24724794558552732,10.032315734714851,2.158737783026983,
e3246f702c,180,1666,11662,116.62,362.5489992835402,0.14191466281305584,9.948087370488603,0.6773729437665702,
e3246f702c,180,1667,11669,116.69,362.51127333439257,0.18381676600745187,9.804345416466631,1.5387917914335687,
e3246f702c,180,1668,11676,116.76,362.37181212062785,0.26128462001484587,9.192555392481788,2.555959078980474,
e3246f702c,180,1669,11683,116.83,362.0910648416104,0.23335005127341518,9.196005396011874,2.282350645916639,
e3246f702c,180,1670,11690,116.9,361.90690701258137,0.24014627669582056,9.183587425779885,1.8712057369888204,
e3246f702c,180,1671,11697,116.97,361.7302278244236,0.16640429864865192,9.719173087547974,1.144558693800849,
e3246f702c,180,1672,11704,117.04,361.63774971538646,0.28791790490164965,9.279311167659456,0.8004514265359897,
e3246f702c,180,1673,11711,117.11,361.6049906076856,0.17208204483179454,9.463711328114744,0.8826824748016335,
e3246f702c,180,1674,11718,117.18,361.4723188613393,0.42929176563065563,9.244934464189857,1.1467127229503205,
e3246f702c,180,1675,11725,117.25,361.45634890662353,0.7472391238410179,10.108360180426155,2.4989786835801024,
e3246f702c,180,1676,11732,117.32,361.401345806176,0.4012414022755174,11.683357354010193,1.1477906631941024,
e3246f702c,180,1677,11739,117.39,360.65491059690976,0.2519195775630146,10.145933171346773,1.9305182373901664,
e3246f702c,180,1678,11746,117.46,360.43100517832255,0.25141885579387846,9.519103736725885,1.7258827807584705,
e3246f702c,180,1679,11753,117.53,360.18573556725585,0.2336699439042388,9.599836687556687,2.1988245826089146,
e3246f702c,180,1680,11760,117.6,359.982441985211,0.4740748326031526,9.569743218703689,2.1046583534790377,
e3246f702c,180,1681,11767,117.67,359.8252045103069,0.6558215297203719,9.432415614726752,2.7592947845356717,
e3246f702c,180,1682,11774,117.74,359.41847535571713,0.3080952627695149,10.599521536864307,1.9923794508897001,
e3246f702c,180,1683,11781,117.81,358.9413979399117,0.16682241987184201,9.488838914424218,1.3250149985470103,
e3246f702c,180,1684,11788,117.88,358.818954391726,0.27497015575048217,9.18770885853764,1.2979181122223422,
e3246f702c,180,1685,11795,117.95,358.76051299858966,0.2970856553003714,9.512065502879915,2.2010009549798686,
e3246f702c,180,1686,11802,118.02,358.4117939701991,0.22886433072791518,9.622541855660485,2.0662738968429073,
e3246f702c,180,1687,11809,118.09,358.1727193385152,0.1939669860759659,9.122482538056612,1.9297175798108108,
e3246f702c,180,1688,11816,118.16,358.0071070228325,0.20276775434028754,9.515786355811128,1.9989569266068257,
e3246f702c,180,1689,11823,118.23,357.82003705311587,0.5436616291395053,9.240484031738703,2.7576958067263058,
e3246f702c,180,1690,11830,118.3,357.70292730300974,0.28518861024315184,11.216113408317113,1.5728086609476923,
e3246f702c,180,1691,11837,118.37,357.3324305173084,0.148898470526895,9.614154536378893,1.2634751302914164,
e3246f702c,180,1692,11844,118.44,357.23335984290264,0.1438415185902334,9.279957795265375,1.3352287825991485,
e3246f702c,180,1693,11851,118.51,357.139339087784,0.14532737052538397,9.707205284146974,0.6519622729663385,
e3246f702c,180,1694,11858,118.58,357.1369369220868,0.2746544768686592,9.69559072229887,1.4203268630705703,
e3246f702c,180,1695,11865,118.65,356.83896759677265,0.16870872240170426,10.090324961143885,1.435764243450013,
e3246f702c,180,1696,11872,118.72,356.7012278274281,0.2201777361034269,9.989014630003968,2.0175530859148347,
e3246f702c,180,1697,11879,118.79,356.51246264012343,0.2317352303776434,9.766302090503672,2.1685767243064284,
e3246f702c,180,1698,11886,118.86,356.2948474961583,0.10923906187086951,9.916836709873728,0.7334128234879254,
e3246f702c,180,1699,11893,118.93,356.25673659247235,0.24360291121559605,9.709134208441284,0.7412653060996416,
e3246f702c,180,1700,11900,119.0,355.9820098502874,0.16607362842253431,10.33602799019243,1.6667648432144822,
e3246f702c,180,1701,11907,119.07,355.8566359244854,0.20570616106660525,10.174284372143466,1.804032949843982,
e3246f702c,180,1702,11914,119.14,355.66075386903094,0.2506523292390739,9.866861613000953,0.940355044901672,
e3246f702c,180,1703,11921,119.21,355.3933521726642,0.3324784890035129,9.577924337005664,2.4568761318792918,
e3246f702c,180,1704,11928,119.28,354.8828222687798,0.22538830033067353,9.071832668155675,1.9668164548771647,
e3246f702c,180,1705,11935,119.35,354.6299518381723,0.07985796773448128,9.046168863607125,0.7761491837670286,
e3246f702c,180,1706,11942,119.42,354.60415922407196,0.17364794514187679,8.891787042788081,1.6322415953227072,
e3246f702c,180,1707,11949,119.49,354.4676075230975,0.0760128781800949,8.929329632555826,0.7195056955601737,
e3246f702c,180,1708,11956,119.56,354.45278648258,0.11083448605488556,8.901179929629015,1.070101869230753,
e3246f702c,180,1709,11963,119.63,354.40137240065087,0.16343059412257585,8.757642772474185,1.2341739352980399,
e3246f702c,180,1710,11970,119.7,354.3111111343945,0.20191634907461145,8.900005322485441,1.621715682345433,
e3246f702c,180,1711,11977,119.77,354.13819533864273,0.16958103138177577,8.726347951515578,1.5617975234405048,
e3246f702c,180,1712,11984,119.84,354.06309059710696,0.2139322612730215,9.243894721589559,2.0189128126977605,
e3246f702c,180,1713,11991,119.91,353.93904664244326,0.2595118920256228,9.26068156030666,2.0418515408084943,
e3246f702c,180,1714,11998,119.98,353.64260071277795,0.2066502795708817,9.227177880683323,2.0182166005063005,
e3246f702c,180,1715,12005,120.05,353.45011962557686,0.24369785797139373,9.160185824241493,1.2399826439361106,
e3246f702c,180,1716,12012,120.12,353.1983515549304,0.1718582169678822,9.431905036911665,0.936533941076907,
e3246f702c,180,1717,12019,120.19,353.075933479299,0.3609382353842428,9.359596591313943,1.7635344315913264,
e3246f702c,180,1718,12026,120.26,353.0715772536749,0.25518113249689034,9.861432691705165,1.1774565966011943,
e3246f702c,180,1719,12033,120.33,352.80044710709893,0.24203467178317495,9.041647160945876,2.194301457567799,
e3246f702c,180,1720,12040,120.4,352.54550394844574,0.1644280350112613,9.338321840075926,1.3810551121986205,
e3246f702c,180,1721,12047,120.47,352.4648930026602,0.1519870305257553,9.139003353934404,1.252478640385755,
e3246f702c,180,1722,12054,120.54,352.3833055457733,0.11507180716525721,9.03984494181576,0.9549723117119494,
e3246f702c,180,1723,12061,120.61,352.3423795546258,0.39590154651351894,9.074591331490941,1.911295602583433,
e3246f702c,180,1724,12068,120.68,352.32059608937453,0.22732986440247302,10.468997071924443,1.2720327945229417,
e3246f702c,180,1725,12075,120.75,352.09362903376683,0.21394903788214967,9.480560356625316,2.1346710207612274,
e3246f702c,180,1726,12082,120.82,351.9500232476774,0.18341756811507415,9.54900182984357,1.659700868768558,
e3246f702c,180,1727,12089,120.89,351.87235759822454,0.14248669639354658,9.206694728577308,0.7996409730681574,
e3246f702c,180,1728,12096,120.96,351.814027921443,0.13095255166172118,9.325797801426955,0.8372813601547563,
e3246f702c,180,1729,12103,121.03,351.76857371804095,0.15847781965974034,9.13341212933629,1.5312032929658665,
e3246f702c,180,1730,12110,121.1,351.66101681995974,0.15970872070937325,9.189968986757641,0.906535665714865,
e3246f702c,180,1731,12117,121.17,351.53707636829256,0.3113712299549602,9.154884605219875,1.5448927155421437,
e3246f702c,180,1732,12124,121.24,351.5094276053101,0.21350464036783892,9.77821140151009,1.7470388290662424,
e3246f702c,180,1733,12131,121.31,351.30234375665293,0.0842528920149183,9.1183008891746,0.6842409701431955,
e3246f702c,180,1734,12138,121.38,351.26947295347605,0.17548805615639373,9.411817183453108,1.381295374572703,
e3246f702c,180,1735,12145,121.45,351.1437678485397,0.24244112089589437,9.480860202744422,2.3515158507276412,
e3246f702c,180,1736,12152,121.52,350.8860418455486,0.18891048929132603,9.475512586777679,0.9931432139701271,
e3246f702c,180,1737,12159,121.59,350.72371140866164,0.15369893563422574,9.481516857004499,1.2931018962738876,
e3246f702c,180,1738,12166,121.66,350.6081019777413,0.18684257368827023,9.46190223546526,1.2088646836284551,
e3246f702c,180,1739,12173,121.73,350.44849627294843,0.2269884115578462,9.737518182762049,2.2339022167201223,
e3246f702c,180,1740,12180,121.8,350.21508172873246,0.10224282869840493,9.744683432420729,0.6898724690878099,
e3246f702c,180,1741,12187,121.87,350.16401632213586,0.20935558974680435,9.785723663122456,1.1062993192898776,
e3246f702c,180,1742,12194,121.94,349.95295613085466,0.2758321759670137,10.55405480668192,1.7938256753322461,
e3246f702c,180,1743,12201,122.01,349.65434486331304,0.17420758438156658,10.586513628704793,0.8491858510574417,
e3246f702c,180,1744,12208,122.08,349.50920314777863,0.15915143241730323,10.548246562417258,1.5172915424368063,
e3246f702c,180,1745,12215,122.15,349.3821281484897,0.49583588445181725,10.533994571190064,1.8598943258823717,
e3246f702c,180,1746,12222,122.22,349.35395528839575,0.2720908060015656,11.365390119689966,0.5350278346877054,
e3246f702c,180,1747,12229,122.29,349.0075323511045,0.1435745961604478,10.3680849180968,1.3745295279333154,
e3246f702c,180,1748,12236,122.36,348.90959391935525,0.16417021325357706,10.173392446270777,1.6351161471881872,
e3246f702c,180,1749,12243,122.43,348.7736671740553,0.0991691001830694,10.069547925529045,0.9427640723748306,
e3246f702c,180,1750,12250,122.5,348.7384313423634,0.1341627430758659,10.108326531126716,1.2181815197416237,
e3246f702c,180,1751,12257,122.57,348.65492488198487,0.28368545637332176,10.023022870975666,1.126539961748946,
e3246f702c,180,1752,12264,122.64,348.6506726332422,0.26086721334873436,10.284756802517427,1.5930861745087668,
e3246f702c,180,1753,12271,122.71,348.37060141989963,0.16126818175368707,9.67407844121457,1.291688451893733,
e3246f702c,180,1754,12278,122.78,348.28224583128906,0.23509615126954406,9.786863595404176,1.9872859145918924,
e3246f702c,180,1755,12285,122.85,348.04414043588054,0.2295795224027146,10.213281058392013,1.8900098406591712,
e3246f702c,180,1756,12292,122.92,347.78121250299057,0.17357516373640913,10.162547149751417,1.513741718988982,
e3246f702c,180,1757,12299,122.99,347.6832385093669,0.1292078827054008,10.125246606028957,1.0332972192447392,
e3246f702c,180,1758,12306,123.06,347.60370667713516,0.5003258054974183,9.894244694566165,2.4517553060350155,
e3246f702c,180,1759,12313,123.13,347.5595103824507,0.39970604362123535,11.345869317572316,3.409002808524296,
e3246f702c,180,1760,12320,123.2,346.78243895819054,0.2831127142395738,10.210910354010661,0.9746524393392639,
e3246f702c,180,1761,12327,123.27,346.66069575786344,0.2038068074624603,10.431525131048124,2.015821408324724,
e3246f702c,180,1762,12334,123.34,346.4638182978372,0.27220243017882567,10.187874683044159,0.8460432926742485,
e3246f702c,180,1763,12341,123.41,346.46323989210924,0.3599125424186938,10.547606189008388,3.2439239919100493,
e3246f702c,180,1764,12348,123.48,345.9382702681454,0.35062219985932275,10.197401527859547,1.135004986739994,
e3246f702c,180,1765,12355,123.55,345.8893141650166,0.2698359197650731,10.529574969451883,2.4104656412010903,
e3246f702c,180,1766,12362,123.62,345.55025634866,0.38478038816714977,10.189110060542161,1.126645516071693,
e3246f702c,180,1767,12369,123.69,345.46959231022674,0.2670020298833923,11.039213354562982,1.3230178811430193,
e3246f702c,180,1768,12376,123.76,345.19440789108836,0.20083045734289215,10.84482277515072,1.437775029181311,
e3246f702c,180,1769,12383,123.83,345.02456176538425,0.2051311052836062,10.582854860329926,1.382295379685827,
e3246f702c,180,1770,12390,123.9,344.83401676206404,0.34829699086506977,10.734269289996297,0.8415926529913628,
e3246f702c,180,1771,12397,123.97,344.8128812986834,0.25922812819858754,11.700804371112275,1.575710998928016,
e3246f702c,180,1772,12404,124.04,344.5316247427571,0.21026564408673137,11.329737200013069,1.1705722032991066,
e3246f702c,180,1773,12411,124.11,344.3358841983207,0.2248739781614658,11.004122794347634,1.3012659198587613,
e3246f702c,180,1774,12418,124.18,344.0976294245191,0.32655497042929377,11.650646937962273,3.2040843578725706,
e3246f702c,180,1775,12425,124.25,343.73110250296304,0.26765897514905185,10.870124164812191,0.41719285613593887,
e3246f702c,180,1776,12432,124.32,343.38781631657696,0.2311280594717964,10.746063822671482,2.1932773203659544,
e3246f702c,180,1777,12439,124.39,343.11585525093585,0.17428782790555325,10.304076371525783,1.1401942576326285,
e3246f702c,180,1778,12446,124.46,343.01173095360565,0.22009112377822954,10.254028053438457,0.43796917051946266,
e3246f702c,180,1779,12453,124.53,342.8151209107097,0.19919874899913675,10.774384737466304,1.9158702087056745,
e3246f702c,180,1780,12460,124.6,342.6415988151017,0.3593428421318844,10.33822915553248,3.6026569331563416,
e3246f702c,180,1781,12467,124.67,342.0278210076504,0.35765643725861185,11.406955962037621,3.549069212991285,
e3246f702c,180,1782,12474,124.74,341.51702159154394,0.24120943574698794,10.572976961417275,1.856975670672439,
e3246f702c,180,1783,12481,124.81,341.30557088635743,0.3048772451353868,10.935643509309797,2.2900689744023306,
e3246f702c,180,1784,12488,124.88,340.8446542847747,0.36530914841605866,10.449528737355504,1.2227417066341228,
e3246f702c,180,1785,12495,124.95,340.7287573527318,0.30926627548924673,11.916651728856655,2.6647747840464886,
e3246f702c,180,1786,12502,125.02,340.27730895321486,0.3892511682913721,11.416188150886361,1.849081122122681,
e3246f702c,180,1787,12509,125.09,340.24075022706484,0.4336773430355097,12.286123781721852,0.8520425040308085,
e3246f702c,180,1788,12516,125.16,340.1973430706291,0.41308598030368215,11.300535990360595,0.512560342386638,
e3246f702c,180,1789,12523,125.23,340.1950143530138,0.28003104372353393,12.521188404860117,1.5232886471473646,
e3246f702c,180,1790,12530,125.3,339.8571209183449,0.6094022799818457,11.611174411502377,2.926689345876272,
e3246f702c,180,1791,12537,125.37,339.7568364514396,0.3728717279572941,12.02897328242301,2.108539846298231,
e3246f702c,180,1792,12544,125.44,339.0683129083728,0.28027228617800554,11.161281030730152,1.8499011175845332,
e3246f702c,180,1793,12551,125.51,338.6855996661533,0.3082756286773456,10.878707403625402,2.009980116051798,
e3246f702c,180,1794,12558,125.58,338.2602465126878,0.2524058002241345,10.639179844088556,2.1976009126639036,
e3246f702c,180,1795,12565,125.65,338.0549040542431,0.1584453799183247,11.20126401531365,1.030084767532305,
e3246f702c,180,1796,12572,125.72,337.9741770248103,0.16635636570092632,10.551658719508028,1.5753151048258833,
e3246f702c,180,1797,12579,125.79,337.8327297937417,0.11235016438917807,10.824246168467436,1.0540899523679175,
e3246f702c,180,1798,12586,125.86,337.8038673016905,0.38131917981036495,11.046401769077134,3.431325129006269,
e3246f702c,180,1799,12593,125.93,337.1247629580479,0.19923504297634306,11.164482219190784,1.8248695943586009,
e3246f702c,180,1800,12600,126.0,336.93671526395445,0.22148001194178246,11.066993857991449,2.0046250072142713,
e3246f702c,180,1801,12607,126.07,336.7463651256848,0.4917263853849047,11.183058944012217,2.286664936257807,
e3246f702c,180,1802,12614,126.14,336.5259470060621,0.5487634101868842,11.706068096582305,1.3957096748518631,
e3246f702c,180,1803,12621,126.21,336.3642946722389,0.3187945010466126,11.610139904781496,1.8921564815862468,
e3246f702c,180,1804,12628,126.28,335.8617612531467,0.197671562624396,11.299711143554957,1.9919640558112406,
e3246f702c,180,1805,12635,126.35,335.70317227895396,0.3197236631733348,11.32443761882444,1.423374827287996,
e3246f702c,180,1806,12642,126.42,335.6812866289656,0.23788642489925335,11.803208853164874,1.5086625898468107,
e3246f702c,180,1807,12649,126.49,335.4725070727627,0.6512794140342277,11.509824485791714,2.6943279325257006,
e3246f702c,180,1808,12656,126.56,335.2402948555114,0.38034901900851475,14.14484184483256,1.6521183896405292,
e3246f702c,180,1809,12663,126.63,334.54200155712675,0.829216475063668,12.548891315335139,3.824270786628726,
e3246f702c,180,1810,12670,126.7,334.5115025453622,0.46560595403316973,13.676021569314205,1.8124133290372175,
e3246f702c,180,1811,12677,126.77,333.5132203524924,0.25888963865947723,11.458685568404935,1.6963404174010686,
e3246f702c,180,1812,12684,126.84,333.23268018393463,0.31283635880595817,11.990201904305815,1.0914295884303897,
e3246f702c,180,1813,12691,126.91,332.74422011279586,0.3682371383049238,11.531499699910215,3.4450726669382337,
e3246f702c,180,1814,12698,126.98,332.0868610126062,0.2558460457559828,11.90442733252196,2.442538919846237,
e3246f702c,180,1815,12705,127.05,331.8803755042479,0.21544447794678626,11.816917195670571,1.7943331943430985,
e3246f702c,180,1816,12712,127.12,331.7123102920797,0.21293480081213467,11.77375820142499,1.7127980841529078,
e3246f702c,180,1817,12719,127.19,331.5293411888618,0.20488010182006364,12.084109099407975,1.270613925022567,
e3246f702c,180,1818,12726,127.26,331.36948056248616,0.3214213442236257,12.256960171579472,2.5974328186673663,
e3246f702c,180,1819,12733,127.33,330.94376773613476,0.203660281502336,12.392417210123792,1.7925766978765139,
e3246f702c,180,1820,12740,127.4,330.78658760426805,0.21274329994734675,11.877460362304896,1.5134353973430639,
e3246f702c,180,1821,12747,127.47,330.6094257635115,0.23740499732670986,12.177350880823514,2.2290807625295237,
e3246f702c,180,1822,12754,127.54,330.4586339158362,0.22988405085589042,11.451006387196097,1.1033098871101406,
e3246f702c,180,1823,12761,127.61,330.3797490059462,0.24380770216663716,11.94922293470939,1.6397717463209067,
e3246f702c,180,1824,12768,127.68,330.11335094403086,0.6368171206702351,11.451062179381147,2.682776858127119,
e3246f702c,180,1825,12775,127.75,329.8571024289875,0.3042648876139857,13.201403770783154,0.3104560716051455,
e3246f702c,180,1826,12782,127.82,329.5880707591202,0.2274987834233224,11.58253725652517,0.8062079842002847,
e3246f702c,180,1827,12789,127.89,329.4572124243251,0.29490930079959415,12.216957656792271,2.619442024148721,
e3246f702c,180,1828,12796,127.96,329.26791422697295,0.3648792361597991,11.164881940118553,3.2212481807607065,
e3246f702c,180,1829,12803,128.03,328.70078657615903,0.31738291211428965,12.253923577326015,3.089420824445143,
e3246f702c,180,1830,12810,128.1,328.2241826604907,0.17302421590659764,11.671063707933284,1.3400882861589847,
e3246f702c,180,1831,12817,128.17,328.09668856757435,0.12528380639723294,12.12689064102367,1.093404307700535,
e3246f702c,180,1832,12824,128.24,328.0287500254617,0.21818960620710978,11.788926462286726,1.0259854894831235,
e3246f702c,180,1833,12831,128.31,327.99824696072966,0.8096229750183896,11.962641190557457,4.0201559883431734,
e3246f702c,180,1834,12838,128.38,327.6703349816125,0.44301651990052426,14.718475106270281,2.1564131264250337,
e3246f702c,180,1835,12845,128.45,326.9878958235634,0.2968212043521712,11.977369084543383,2.239276927229221,
e3246f702c,180,1836,12852,128.52,326.60589102036863,0.7402752818166741,12.027641198034084,3.1088826147525688,
e3246f702c,180,1837,12859,128.59,326.46100169714873,0.4169200741240077,15.42166273703628,2.1227312003628303,
e3246f702c,180,1838,12866,128.66,325.906805694853,0.2402110193942102,12.540844725986194,1.1678226163776888,
e3246f702c,180,1839,12873,128.73,325.7544806397946,0.37709881902988013,13.227298076425896,2.5679431014505596,
e3246f702c,180,1840,12880,128.8,325.15250889497526,0.2878320634136235,12.170492503450339,2.7922379077458848,
e3246f702c,180,1841,12887,128.87,324.81208832712076,0.2175261986057508,12.47799703844874,1.5390065097079983,
e3246f702c,180,1842,12894,128.94,324.6239467849581,0.15339593331398255,12.035715564917021,1.105413900556089,
e3246f702c,180,1843,12901,129.01,324.53813453480814,0.2399080623646443,12.020884044532478,2.3511064760634235,
e3246f702c,180,1844,12908,129.08,324.3053250038083,0.3340333884325597,11.970220559705082,1.3424370509225498,
e3246f702c,180,1845,12915,129.15,324.2870985297897,0.3224829068268581,12.1009432644268,1.273683337066593,
e3246f702c,180,1846,12922,129.22,323.8971588653624,0.4479037975868182,12.415365090474433,2.001452660551092,
e3246f702c,180,1847,12929,129.29,323.7869415450728,0.3022093204281629,11.728804936687855,1.2636848996320533,
e3246f702c,180,1848,12936,129.36,323.34671452358003,0.18232867534833552,12.180796061079773,1.737037264499146,
e3246f702c,180,1849,12943,129.43,323.18425671911166,0.2721520925266183,12.161202844473028,1.8052558549422464,
e3246f702c,180,1850,12950,129.5,322.8688695051902,0.48718069587845986,12.44581700278321,2.0581858773519195,
e3246f702c,180,1851,12957,129.57,322.84982436008727,0.31504880287598186,12.190465244527697,1.8948215872125391,
e3246f702c,180,1852,12964,129.64,322.4174717984325,0.12609897679174484,11.863664722761166,0.9320693769518429,
e3246f702c,180,1853,12971,129.71,322.35831586907943,0.2795660813711777,11.829335946483939,2.706473704486646,
e3246f702c,180,1854,12978,129.78,322.09800805930087,0.33854693676617487,12.042647245335118,3.0346865644880605,
e3246f702c,180,1855,12985,129.85,321.5725903312806,0.10952893392776297,12.350121575752736,0.7107053652946248,
e3246f702c,180,1856,12992,129.92,321.5228659583103,0.16178269362366296,12.393068629219597,1.252665889199183,
e3246f702c,180,1857,12999,129.99,321.40853049319855,0.2588410360507194,12.48275417477216,2.439853379115811,
e3246f702c,180,1858,13006,130.06,321.1496035701751,0.1888564053156778,11.926737839758268,1.5540224635508713,
e3246f702c,180,1859,13013,130.13,320.9794408348245,0.19569878873706192,11.49570586995925,1.9203114314548555,
e3246f702c,180,1860,13020,130.2,320.87842359764,0.1746154915681707,11.11513360446575,1.6416669764906253,
e3246f702c,180,1861,13027,130.27,320.7707387244795,0.15446897222275682,11.01133719551855,1.4058103702131868,
e3246f702c,180,1862,13034,130.34,320.66860053748536,0.23951904810547234,10.840360390473307,1.4557592433053494,
e3246f702c,180,1863,13041,130.41,320.4297072597631,0.22320917070151713,10.87144735401064,2.188680297381358,
e3246f702c,180,1864,13048,130.48,320.23479222525276,0.44824966896802365,10.719713510538476,2.13870628376588,
e3246f702c,180,1865,13055,130.55,320.1752922708027,0.21193170511538884,11.040784566249771,0.5499646823125339,
e3246f702c,180,1866,13062,130.62,319.9415123970812,0.17422554926873124,10.615747814241233,1.7451732763483563,
e3246f702c,180,1867,13069,130.69,319.7965127853841,0.21384159614151835,10.548486735957797,1.8434115035254461,
e3246f702c,180,1868,13076,130.76,319.59491641743546,0.1478721525802215,10.745253819719304,1.2593411282025182,
e3246f702c,180,1869,13083,130.83,319.49286981225794,0.16727217659165144,10.794084064465116,1.5819650802917593,
e3246f702c,180,1870,13090,130.9,319.3590865490667,0.26190461039821006,10.73875889901372,2.5255057532616605,
e3246f702c,180,1871,13097,130.97,319.0570093847611,0.24189567616564883,11.017258610393574,2.319191289255279,
e3246f702c,180,1872,13104,131.04,318.79581018812536,0.22268601505263816,11.194320002774642,1.4253705576829871,
e3246f702c,180,1873,13111,131.11,318.68234580198384,0.2896698290022763,11.25921197758656,2.624590699732694,
e3246f702c,180,1874,13118,131.18,318.3455153388096,0.22885682901926283,11.241604278102448,0.7969030033090032,
e3246f702c,180,1875,13125,131.25,318.13525799990174,0.2731010047066667,11.373262277162118,2.5114359773445303,
e3246f702c,180,1876,13132,131.32,317.82754928630703,0.12737469301602725,11.436650307671975,1.0204572467037707,
e3246f702c,180,1877,13139,131.39,317.7667322403902,0.12328224042694584,11.485671533494175,1.1485756490412156,
e3246f702c,180,1878,13146,131.46,317.7059734161664,0.10091424488220196,11.813636434241515,0.9045609031557109,
e3246f702c,180,1879,13153,131.53,317.66890517478515,0.32350954587503444,11.687845596983989,3.0705733447964296,
e3246f702c,180,1880,13160,131.6,317.16670443696125,0.4439189715369373,12.019633469075114,1.7003586963893254,
e3246f702c,180,1881,13167,131.67,317.1337843610416,0.25890763052068183,13.271312496211037,1.394926214878966,
e3246f702c,180,1882,13174,131.74,316.83131190911797,0.29637938890522625,12.02756797109245,2.8940309135438387,
e3246f702c,180,1883,13181,131.81,316.4475044099773,0.16538626978807222,12.156831476217773,1.0092648627649274,
e3246f702c,180,1884,13188,131.88,316.35146664499024,0.18496880044973452,11.585197097072,1.1096206450652761,
e3246f702c,180,1885,13195,131.95,316.1941964481866,0.19498028851202373,11.320570977952892,1.1010518107265308,
e3246f702c,180,1886,13202,132.02,316.0287729936784,0.23981921367758632,11.343276774008412,1.8848062279203313,
e3246f702c,180,1887,13209,132.09,315.8547547612181,0.21320509644080385,12.004508168894038,1.770188588656256,
e3246f702c,180,1888,13216,132.16,315.6650532335535,0.20805184983506778,11.481300738950505,1.718673178933446,
e3246f702c,180,1889,13223,132.23,315.46159687479553,0.09741312771285177,11.623398842761379,0.8957695973035522,
e3246f702c,180,1890,13230,132.3,315.4272168037785,0.25822964802575155,11.419889891739723,2.5120499601872903,
e3246f702c,180,1891,13237,132.37,315.26967344027673,0.41503345817346776,11.196609184458326,3.2465381181564483,
e3246f702c,180,1892,13244,132.44,314.64421938850757,0.29711344647424903,10.812909209812135,2.23022276695511,
e3246f702c,180,1893,13251,132.51,314.3415777158365,0.2749559482687377,11.011823762892428,2.427563209002875,
e3246f702c,180,1894,13258,132.58,314.070355847976,0.2742530032290197,11.16678429574863,1.2328587269958107,
e3246f702c,180,1895,13265,132.65,313.7482045214588,0.223528311962406,11.056400846683312,2.196794320573972,
e3246f702c,180,1896,13272,132.72,313.5132502212444,0.1943260750461617,10.969565834350085,1.4810554810621168,
e3246f702c,180,1897,13279,132.79,313.3493711173939,0.11385106787288085,10.668208139674931,1.0496130911428503,
e3246f702c,180,1898,13286,132.86,313.2932871158694,0.10735895523032513,10.535355541513642,0.750306494319434,
e3246f702c,180,1899,13293,132.93,313.23940979766354,0.37910511104853145,10.481047495351337,1.7731958866284812,
e3246f702c,180,1900,13300,133.0,313.1655331942928,0.2991501433337803,11.029482787238912,2.7879731935833103,
e3246f702c,180,1901,13307,133.07,312.9683179602247,0.2354846870456433,11.310694513545041,1.3314322833997332,
e3246f702c,180,1902,13314,133.14,312.80625522447934,0.1778630988082248,10.940399287242803,1.0382595663283698,
e3246f702c,180,1903,13321,133.21,312.6878601075421,0.301910431656047,11.122391421744034,1.038756547781778,
e3246f702c,180,1904,13328,133.28,312.4523207696121,0.36039638464882157,11.178952656706192,2.446316826594075,
e3246f702c,180,1905,13335,133.35,312.2367709830527,0.3022031499001973,11.468445852532598,1.7586871292368182,
e3246f702c,180,1906,13342,133.42,311.925675316759,0.24074075142209775,10.759256224338742,1.8638443166457477,
e3246f702c,180,1907,13349,133.49,311.68312977762463,0.2638758419827338,10.485527944783131,2.2524011176313175,
e3246f702c,180,1908,13356,133.56,311.3746169782088,0.11243189356455387,10.282444424745389,1.0250700517883538,
e3246f702c,180,1909,13363,133.63,311.32089092283593,0.2625746907896615,10.17754650220336,1.1827975563918942,
e3246f702c,180,1910,13370,133.7,311.30643520218246,0.15959414509723974,10.523210946650527,0.9460783556337702,
e3246f702c,180,1911,13377,133.77,311.18230791716616,0.2383360295200743,10.299090116479183,0.26019415828145326,
e3246f702c,180,1912,13384,133.84,310.9235081171228,0.16397733810546228,10.286820445733944,1.4766491681678708,
e3246f702c,180,1913,13391,133.91,310.78587234477925,0.3002446225824638,9.960691834162407,1.7790359972031908,
e3246f702c,180,1914,13398,133.98,310.49389414687147,0.20698483222581454,9.392460271728835,0.8966130422520644,
e3246f702c,180,1915,13405,134.05,310.4141786374724,0.2483462953261388,9.648887226355233,1.6889466936453192,
e3246f702c,180,1916,13412,134.12,310.2782791860746,0.27841261907009074,9.127878201764595,2.405562359818109,
e3246f702c,180,1917,13419,134.19,310.07500679052674,0.31618250426245853,9.588048080716876,2.5659392600344213,
e3246f702c,180,1918,13426,134.26,309.9020050043491,0.3442331592037834,10.54293810550883,2.4085129002857912,
e3246f702c,180,1919,13433,134.33,309.79900755686054,0.20980793241824555,10.830577133561883,2.3681002848098696,
e3246f702c,180,1920,13440,134.4,309.363797086868,0.17068306821810889,9.578001906112013,1.2118333313288479,
e3246f702c,180,1921,13447,134.47,309.31886622443784,0.17693951135171493,9.511426088348022,0.6256530311469688,
e3246f702c,180,1922,13454,134.54,309.3114055271935,0.2768367115762289,9.594092660934692,2.0180038161523357,
e3246f702c,180,1923,13461,134.61,309.24636015344566,0.17488176246077433,10.073280983830072,2.6514165290323595,
e3246f702c,180,1924,13468,134.68,308.9889714696956,0.14417155214933347,8.97882866432826,0.7852816775989631,
e3246f702c,180,1925,13475,134.75,308.8970589861488,0.3013919566729399,9.020777648671015,2.597590534013905,
e3246f702c,180,1926,13482,134.82,308.5515137191573,0.19118314453947116,9.428944743536698,1.2448667270787042,
e3246f702c,180,1927,13489,134.89,308.46878551454694,0.16859593862982075,9.189076390558096,0.7361722413315748,
e3246f702c,180,1928,13496,134.96,308.38384640698746,0.1382788870682149,9.320962970758288,0.9271417784979122,
e3246f702c,180,1929,13503,135.03,308.3244726317916,0.25436205055019256,9.385327559008694,0.9365536826537849,
e3246f702c,180,1930,13510,135.1,308.08868325066874,0.18267232750400872,9.118033615803904,1.6626145890617514,
e3246f702c,180,1931,13517,135.17,307.93787494912766,0.07276703469956672,9.136171202487823,0.5908068685481359,
e3246f702c,180,1932,13524,135.24,307.91717294814475,0.12762205080556538,9.219116996321311,0.5326357018079183,
e3246f702c,180,1933,13531,135.31,307.8563907367841,0.24601007406970773,9.461126073875423,0.9530683533148139,
e3246f702c,180,1934,13538,135.38,307.6048972666102,0.2214406780579927,9.534689370351973,1.8988331055831063,
e3246f702c,180,1935,13545,135.45,307.3819253513391,0.152981025812683,9.61872861071306,0.45390869998317035,
e3246f702c,180,1936,13552,135.52,307.37911113815085,0.3064739682258248,9.882186289983752,1.052640473813105,
e3246f702c,180,1937,13559,135.59,307.2779413515227,0.3087387513489794,9.93106371682416,1.0796448690650362,
e3246f702c,180,1938,13566,135.66,307.2276764594184,0.3667928616841714,9.904678515674746,1.1135283848456414,
e3246f702c,180,1939,13573,135.73,307.2204575859531,0.25791541107644045,9.843924341938726,1.8397977669599916,
e3246f702c,180,1940,13580,135.8,306.90220552716863,0.23217099596497529,9.547870302395234,2.20538230458158,
e3246f702c,180,1941,13587,135.87,306.66665497409457,0.26178770805749335,9.726730145908608,2.586329948186531,
e3246f702c,180,1942,13594,135.94,306.32975185202065,0.22105221328708122,9.619877802145865,0.7573456787206537,
e3246f702c,180,1943,13601,136.01,306.3267489485486,0.2365313856648405,10.484985766838747,2.1215538807892647,
e3246f702c,180,1944,13608,136.08,306.1683733253468,0.13190943641588326,10.24779635270492,0.6409389227078689,
e3246f702c,180,1945,13615,136.15,306.1452408159299,0.209441097650294,10.112640687060411,0.7978171938650442,
e3246f702c,180,1946,13622,136.22,305.98600065949915,0.31280736204054566,10.463156133720094,2.8797515034986514,
e3246f702c,180,1947,13629,136.29,305.6514920908707,0.2328264539592099,9.738865543635628,1.273183787311188,
e3246f702c,180,1948,13636,136.36,305.42239308948155,0.5983731931142267,9.345163913222471,2.6189007824867065,
e3246f702c,180,1949,13643,136.43,305.4163431544336,0.3202700738569423,10.419641816191989,0.8397428355690729,
e3246f702c,180,1950,13650,136.5,304.937465184864,0.18278477941730709,8.938633701465717,1.6920143578674158,
e3246f702c,180,1951,13657,136.57,304.80302965625384,0.0803157683240082,8.931898330765414,0.654919252279379,
e3246f702c,180,1952,13664,136.64,304.77652434905406,0.18364065680558017,8.837081730430375,1.806797241943462,
e3246f702c,180,1953,13671,136.71,304.60735949296986,0.11483327173827697,8.841610224999675,0.8918988945785183,
e3246f702c,180,1954,13678,136.78,304.5508042056516,0.27746165820772317,8.771334332199668,2.792789958675424,
e3246f702c,180,1955,13685,136.85,304.2684338478092,0.18729804184007426,8.688445163277562,0.7089823259324488,
e3246f702c,180,1956,13692,136.92,304.1314607942599,0.10722411019024627,8.663380659296983,0.9039618321533313,
e3246f702c,180,1957,13699,136.99,304.08946594488754,0.11810837598812751,8.755051822525695,1.0538191741506138,
e3246f702c,180,1958,13706,137.06,304.0219772104275,0.1273876015066635,8.441800578661729,1.1735994797608627,
e3246f702c,180,1959,13713,137.13,303.9466547705491,0.11009627945791323,8.544141822549483,0.36950942600149234,
e3246f702c,180,1960,13720,137.2,303.9062098301143,0.15795051093863377,8.340516560513441,0.7213163805821738,
e3246f702c,180,1961,13727,137.27,303.80215603848916,0.13602082365376514,8.264585757457485,1.215600847232292,
e3246f702c,180,1962,13734,137.34,303.71812647698886,0.10850683311896796,8.228651258592269,1.050663858752023,
e3246f702c,180,1963,13741,137.41,303.67675529715933,0.15907011590402034,8.299793461426736,1.5090770839822358,
e3246f702c,180,1964,13748,137.48,303.57770773227963,0.15108241810830553,8.195326417618,1.104000165291341,
e3246f702c,180,1965,13755,137.55,303.4635482234505,0.06681578023118621,8.131899791753256,0.6298761839114497,
e3246f702c,180,1966,13762,137.62,303.4408322661419,0.19566086792125997,8.287377156809873,1.9329647274062371,
e3246f702c,180,1967,13769,137.69,303.2789925384168,0.2062861511181187,9.037583379762635,1.9646536926034783,
e3246f702c,180,1968,13776,137.76,303.08882874264816,0.17209045625700561,8.629827382107289,1.4917948483299353,
e3246f702c,180,1969,13783,137.83,302.9766695303854,0.15631753147957522,8.850286767446558,0.7983475473322303,
e3246f702c,180,1970,13790,137.9,302.8624259878686,0.1641396110318685,8.28576737145484,1.6517230454006682,
e3246f702c,180,1971,13797,137.97,302.7326470511144,0.2512529739693649,8.497097207299717,1.5085018094706677,
e3246f702c,180,1972,13804,138.04,302.50301871859364,0.12852415223164157,8.456556706411769,0.9390352685442298,
e3246f702c,180,1973,13811,138.11,302.44689235250945,0.06259794598155824,8.596388789272142,0.4362873643390005,
e3246f702c,180,1974,13818,138.18,302.4340589473309,0.1325003173378706,8.51621114748872,1.331032600811046,
e3246f702c,180,1975,13825,138.25,302.3691114389842,0.12064178547514132,8.4429322827087,1.132048035360609,
e3246f702c,180,1976,13832,138.32,302.3211787093943,0.11412023387261241,8.376365713358322,0.631232325475878,
e3246f702c,180,1977,13839,138.39,302.2773855140688,0.20213206416480106,8.3008557420233,1.9543044396552933,
e3246f702c,180,1978,13846,138.46,302.12604181200453,0.171522646055796,8.659685696883136,1.0890012261759348,
e3246f702c,180,1979,13853,138.53,302.0119520261629,0.1201862839610754,8.237805733865658,0.5142967162520392,
e3246f702c,180,1980,13860,138.6,301.9433423232754,0.23796482745352873,8.501228592571636,2.401890517904748,
e3246f702c,180,1981,13867,138.67,301.6972759591235,0.087281586890826,8.079160863898048,0.5780930444552543,
e3246f702c,180,1982,13874,138.74,301.6737621287828,0.21186331298596653,8.028918585681433,1.7166083537412447,
e3246f702c,180,1983,13881,138.81,301.445486527509,0.11119575203619274,8.203350183103694,1.0937415856471748,
e3246f702c,180,1984,13888,138.88,301.39221042570875,0.1310451364443016,8.21352096025906,0.6175712623431096,
e3246f702c,180,1985,13895,138.95,301.343136346163,0.1318348430969625,7.909678536055937,0.9459461857209347,
e3246f702c,180,1986,13902,139.02,301.2777948179732,0.20091628223993405,7.883354159062472,0.9744261656821622,
e3246f702c,180,1987,13909,139.09,301.1268942153802,0.13407159024722837,7.822624883590646,0.7062800728629004,
e3246f702c,180,1988,13916,139.16,301.0876814451182,0.14943044914014045,8.093495583469846,0.5790714675377189,
e3246f702c,180,1989,13923,139.23,300.98522786122606,0.45672537451898765,7.661415160087293,2.180532137719316,
e3246f702c,180,1990,13930,139.3,300.90651521113034,0.27654509027678736,8.724973949616704,1.3974382017310356,
e3246f702c,180,1991,13937,139.37,300.5492083825285,0.14561946041484236,7.359355218740386,1.3909340475725283,
e3246f702c,180,1992,13944,139.44,300.4627207503683,0.14674048302482356,7.511863494802077,1.4024400217150559,
e3246f702c,180,1993,13951,139.51,300.40014874186954,0.12542268513027807,7.344653078688081,0.8731971869895344,
e3246f702c,180,1994,13958,139.58,300.34772546287,0.14076880884488624,7.299447079234774,1.1379805689905065,
e3246f702c,180,1995,13965,139.65,300.27710467494603,0.17442802861461243,7.228291441369304,1.514902674565055,
e3246f702c,180,1996,13972,139.72,300.1298101048682,0.15128040973241336,7.156912861964671,1.2066832878715346,
e3246f702c,180,1997,13979,139.79,300.02318441224105,0.16742431629346832,7.351785762657244,1.5420345992723639,
e3246f702c,180,1998,13986,139.86,299.8897945304865,0.3567340959340423,7.2550489073648405,1.6896724308172877,
e3246f702c,180,1999,13993,139.93,299.8550170000525,0.23423953055933625,8.482639382409396,1.6375920452361414,
e3246f702c,180,2000,14000,140.0,299.58819541760613,0.15037852782786623,7.950151179442472,1.495135379617848,
e3246f702c,180,2001,14007,140.07,299.50491424892755,0.12052896799906966,8.143635491304499,1.0946225060677046,
e3246f702c,180,2002,14014,140.14,299.46257921952076,0.10280929456350103,7.573113269378334,0.8549759390678664,
e3246f702c,180,2003,14021,140.21,299.4147727073278,0.31538870447602363,7.56397619760807,1.5935455387928203,
e3246f702c,180,2004,14028,140.28,299.37236153630494,0.16962723940762536,8.199978087629123,0.9918309254798372,
e3246f702c,180,2005,14035,140.35,299.25001699061096,0.20694619345863036,7.647274999315971,0.6858197668295565,
e3246f702c,180,2006,14042,140.42,299.2223942319857,0.1757175559695291,7.7020588879436405,1.4720388280874421,
e3246f702c,180,2007,14049,140.49,299.0831968201085,0.18871971745490582,7.9872783322036165,1.877037515924866,
e3246f702c,180,2008,14056,140.56,298.95435957411956,0.1419152686308408,7.638514300326134,1.2055196517864208,
e3246f702c,180,2009,14063,140.63,298.8947844610112,0.13433973658311757,8.338905482474516,0.8078659429765681,
e3246f702c,180,2010,14070,140.7,298.831680007583,0.19342203173788383,8.008965727629729,1.6141544593039323,
e3246f702c,180,2011,14077,140.77,298.6499915597101,0.19039982099941155,8.301460117820762,1.4791343866167614,
e3246f702c,180,2012,14084,140.84,298.5109425588433,0.24385484091318319,8.625235225077843,2.0909411417501014,
e3246f702c,180,2013,14091,140.91,298.2239403169333,0.11530216956116623,7.594140537484924,0.9194078719099641,
e3246f702c,180,2014,14098,140.98,298.16927442549996,0.21292359771646535,7.984538321977227,1.3473306916157173,
e3246f702c,180,2015,14105,141.05,297.99402773447474,0.14403427866236299,7.98579061305496,0.9742745153869745,
e3246f702c,180,2016,14112,141.12,297.93107570619804,0.22114553321501226,7.728320039374731,1.6616311573124898,
e3246f702c,180,2017,14119,141.19,297.73646820260825,0.16454899777409704,8.097348160194825,1.453515214254441,
e3246f702c,180,2018,14126,141.26,297.6228046240484,0.3120321069721605,7.757073569071322,1.5183683009199898,
e3246f702c,180,2019,14133,141.33,297.6055785442236,0.23177067550384595,8.04102437940921,1.6322289506189729,
e3246f702c,180,2020,14140,141.4,297.42580147250357,0.16049796290031687,7.489730477795121,1.0705920874872672,
e3246f702c,180,2021,14147,141.47,297.3282094844658,0.3140252559004605,7.587462394923903,1.0666429534754325,
e3246f702c,180,2022,14154,141.54,297.31522858818823,0.21154145767644025,7.752539068369286,0.3326224482284219,
e3246f702c,180,2023,14161,141.61,297.11147120137053,0.26874893207783523,7.5148508963797545,2.5833229823327803,
e3246f702c,180,2024,14168,141.68,296.8400594404805,0.1686849376822818,7.604725666036053,1.3683820426339584,
e3246f702c,180,2025,14175,141.75,296.73997120775385,0.15524409646252502,7.086060228949123,1.0861893808676577,
e3246f702c,180,2026,14182,141.82,296.6399928314468,0.15536178850110371,7.401203059275041,1.4741431646346592,
e3246f702c,180,2027,14189,141.89,296.5214458373158,0.12916518276324052,7.035922467584554,0.6039943434162558,
e3246f702c,180,2028,14196,141.96,296.52094669213625,0.15117860261723828,7.267075389979329,1.2845072403882103,
e3246f702c,180,2029,14203,142.03,296.43796430334186,0.14165765466642416,6.964169138980759,1.0664164791641821,
e3246f702c,180,2030,14210,142.1,296.36925563347097,0.07564051750323383,7.215652666756908,0.44349866812162775,
e3246f702c,180,2031,14217,142.17,296.3475090904493,0.05902646601023205,6.8897812477818965,0.44747318993983315,
e3246f702c,180,2032,14224,142.24,296.3322947563651,0.0919443911934377,6.981185158008597,0.6560021691031592,
e3246f702c,180,2033,14231,142.31,296.29935258366055,0.11577121259399745,6.67839200072633,1.0405301733592938,
e3246f702c,180,2034,14238,142.38,296.2464784105389,0.11738513991199091,7.084315081893318,0.7491277227146109,
e3246f702c,180,2035,14245,142.45,296.18821983549225,0.2873190532619755,7.187301878995312,1.3985638836499064,
e3246f702c,180,2036,14252,142.52,296.184966839754,0.17290497499636867,7.769394794056408,0.4959461393728021,
e3246f702c,180,2037,14259,142.59,296.0526247155479,0.15797261946017113,7.331188511355722,0.9879863335805463,
e3246f702c,180,2038,14266,142.66,296.0026108307682,0.1797714967632051,7.586770195779894,1.4264569071566429,
e3246f702c,180,2039,14273,142.73,295.8845919561506,0.19081337202457804,7.249759179687249,1.8876368454386339,
e3246f702c,180,2040,14280,142.8,295.7317771858197,0.11370343956285615,7.26760595324879,1.0458214310817353,
e3246f702c,180,2041,14287,142.87,295.6780298579716,0.13512309037651193,7.204856357671637,1.1047552247310806,
e3246f702c,180,2042,14294,142.94,295.5908375193144,0.07603538827006728,7.209189795413016,0.7118752172292202,
e3246f702c,180,2043,14301,143.01,295.56415801693123,0.09091513879641434,7.202009634608898,0.5993799161292339,
e3246f702c,180,2044,14308,143.08,295.5223503576855,0.12848535304288555,7.0566759548364315,1.2297058953152233,
e3246f702c,180,2045,14315,143.15,295.45460660600344,0.167009258273762,6.918858996541623,1.6324086254390469,
e3246f702c,180,2046,14322,143.22,295.3215663687245,0.08072209130203278,7.176524064289725,0.48640021520094673,
e3246f702c,180,2047,14329,143.29,295.30025927011724,0.45069466578117323,7.289680964913994,2.252239519538417,
e3246f702c,180,2048,14336,143.36,295.1726658624317,0.2724481957995751,7.986234337133516,1.76360060302206,
e3246f702c,180,2049,14343,143.43,294.85521268277444,0.23067767413130158,7.8917131743888564,1.4805618112339125,
e3246f702c,180,2050,14350,143.5,294.7338825222469,0.24757460415318144,7.887377477444674,1.577818851908533,
e3246f702c,180,2051,14357,143.57,294.61872074311987,0.2182901589304704,7.470870163970633,1.2412817502120466,
e3246f702c,180,2052,14364,143.64,294.5409969129966,0.21405919019576694,7.53617901044299,1.532175773398007,
e3246f702c,180,2053,14371,143.71,294.5380432639334,0.23940275995334495,7.595041540092212,0.7373359096488724,
e3246f702c,180,2054,14378,143.78,294.5261475521909,0.1230576200896111,7.67638506870748,0.706762172094251,
e3246f702c,180,2055,14385,143.85,294.3719550779652,0.2016061342897296,6.904927154330408,0.5502512991588868,
e3246f702c,180,2056,14392,143.92,294.2627997598473,0.19980500314401525,7.066732535548451,1.593832836952747,
e3246f702c,180,2057,14399,143.99,294.0716261333849,0.1551343449990595,7.043958068202088,1.3483169139391136,
e3246f702c,180,2058,14406,144.06,293.9741427816808,0.09932803660726842,7.331579779312362,0.7121643040550677,
e3246f702c,180,2059,14413,144.13,293.93977275378455,0.14363350237767633,7.400543492370206,1.3044889992199402,
e3246f702c,180,2060,14420,144.2,293.8675947433061,0.26330597108989856,7.286206625993681,2.4093766820627938,
e3246f702c,180,2061,14427,144.27,293.5563806834386,0.14534492871894703,7.030692607535202,0.8747974496947427,
e3246f702c,180,2062,14434,144.34,293.4777225595007,0.13643226970376088,6.89620125030737,1.310399703860465,
e3246f702c,180,2063,14441,144.41,293.386203541773,0.11487535487476637,6.885424372213914,1.119621139061125,
e3246f702c,180,2064,14448,144.48,293.32232657169504,0.1599784266830834,6.867064204860508,1.3568837238718248,
e3246f702c,180,2065,14455,144.55,293.2001484830004,0.15359237219527022,6.621257783681743,1.4469216020545996,
e3246f702c,180,2066,14462,144.62,293.08937137847164,0.08402867124641045,6.76471205393424,0.643006913195971,
e3246f702c,180,2067,14469,144.69,293.06034548728104,0.04271947589472921,6.634310650458562,0.35903821234977973,
e3246f702c,180,2068,14476,144.76,293.0517551619121,0.11717723019604451,6.611234669491444,1.1480502875107172,
e3246f702c,180,2069,14483,144.83,293.002593054319,0.1416217165966895,6.626561928586402,1.3585504110888758,
e3246f702c,180,2070,14490,144.9,292.92266911629395,0.11061273289629928,6.516769621506115,1.0496920589032548,
e3246f702c,180,2071,14497,144.97,292.872049656086,0.03992562165322065,6.715246147361144,0.24686818523210755,
e3246f702c,180,2072,14504,145.04,292.86687834073615,0.1350379452366021,6.605720273516861,0.49503812093701466,
e3246f702c,180,2073,14511,145.11,292.79307990087307,0.1465622472489253,6.819640091604372,1.3449135216560109,
e3246f702c,180,2074,14518,145.18,292.70220037115456,0.19015983283902804,6.497564590004917,0.49273105839114895,
e3246f702c,180,2075,14525,145.25,292.65256678814563,0.10325340129966494,6.746910655693231,0.7062691143382137,
e3246f702c,180,2076,14532,145.32,292.60787463372435,0.09272577681625943,6.624672900649888,0.8933552293757201,
e3246f702c,180,2077,14539,145.39,292.5707665920477,0.22835663897880454,6.676942254815616,2.046520721954394,
e3246f702c,180,2078,14546,145.46,292.3284987810347,0.08674141578257702,6.973987839155946,0.770726507116874,
e3246f702c,180,2079,14553,145.53,292.2965629043306,0.12083026376051595,6.791762643380482,1.1609483649608563,
e3246f702c,180,2080,14560,145.6,292.2294519718868,0.1336166827581793,6.9222888159366915,0.9388179978671403,
e3246f702c,180,2081,14567,145.67,292.1424398806653,0.20908402329563935,6.691009754129863,2.123736015536206,
e3246f702c,180,2082,14574,145.74,291.96767062957315,0.15398284113647703,6.720030540293328,1.2161698000231866,
e3246f702c,180,2083,14581,145.81,291.90275606130024,0.1287165297069114,6.455381795231794,0.8133423408961261,
e3246f702c,180,2084,14588,145.88,291.84689527071913,0.08113857943221742,6.790205507913031,0.5197235404772832,
e3246f702c,180,2085,14595,145.95,291.81682446531727,0.10479890320150842,6.617058181678311,0.9597972385809865,
e3246f702c,180,2086,14602,146.02,291.7761912547645,0.1506844542230093,6.525641757769807,1.347718958278523,
e3246f702c,180,2087,14609,146.09,291.6918729535157,0.1944821702574839,6.652252595747221,1.6448566327350085,
e3246f702c,180,2088,14616,146.16,291.5612258482576,0.15051215366553214,6.3978243176178005,1.3273859369176615,
e3246f702c,180,2089,14623,146.23,291.44858987153174,0.044069405663482934,6.312367329930245,0.2390434414458554,
e3246f702c,180,2090,14630,146.3,291.43989666180585,0.055171752647045075,6.275101479691629,0.45564339382714775,
e3246f702c,180,2091,14637,146.37,291.4271958036273,0.35843922892391455,6.276741689130356,1.4837356326730815,
e3246f702c,180,2092,14644,146.44,291.41085749576393,0.2532149229179778,6.884860256030239,1.9297490431024704,
e3246f702c,180,2093,14651,146.51,291.1874412541067,0.14279549785014972,6.404093764917155,1.1388729118503775,
e3246f702c,180,2094,14658,146.58,291.10943585123306,0.14153378632797037,6.375968806278035,1.4198976064394357,
e3246f702c,180,2095,14665,146.65,291.0381083645053,0.07864519477751723,6.35472213938167,0.5381768557876573,
e3246f702c,180,2096,14672,146.72,291.02647503121034,0.18889231371501283,6.40299299257828,1.6214726566344748,
e3246f702c,180,2097,14679,146.79,290.903115216237,0.1463264504698652,6.472980970769517,1.2388926115795431,
e3246f702c,180,2098,14686,146.86,290.8190868498222,0.154520408431359,6.461500366749098,1.493795858870631,
e3246f702c,180,2099,14693,146.93,290.71632164948164,0.11572512539874272,6.650113032275263,1.08398365987376,
e3246f702c,180,2100,14700,147.0,290.66099295416393,0.13298733097217838,6.61989381536053,1.3568381878944258,
e3246f702c,180,2101,14707,147.07,290.5780852549701,0.09247228028673514,6.774559851938838,0.35995149211847266,
e3246f702c,180,2102,14714,147.14,290.5551899174919,0.0871963156985656,6.852729411788752,0.6075941260126767,
e3246f702c,180,2103,14721,147.21,290.5292830360925,0.17218004338952295,6.4605616460484665,1.2698598985105962,
e3246f702c,180,2104,14728,147.28,290.3975833617498,0.15943311998075313,6.749570841881734,1.0299813319937376,
e3246f702c,180,2105,14735,147.35,290.29524698018145,0.1350810395532714,6.436414671627237,0.36620025800787165,
e3246f702c,180,2106,14742,147.42,290.2911258911854,0.11477011290011664,6.381053997823852,0.9509429269669277,
e3246f702c,180,2107,14749,147.49,290.24242622464584,0.08195066339681195,6.333409150860239,0.6695693229554249,
e3246f702c,180,2108,14756,147.56,290.21475525665545,0.13021617471013291,6.205988749106345,1.2628343529201427,
e3246f702c,180,2109,14763,147.63,290.15404941928335,0.07731711646191036,6.016611753044216,0.6802942030780524,
e3246f702c,180,2110,14770,147.7,290.12909734825155,0.06808207551790085,6.068341608105859,0.6588511868270938,
e3246f702c,180,2111,14777,147.77,290.1122474134554,0.06355718705303369,6.127643334454997,0.5548144011537303,
e3246f702c,180,2112,14784,147.84,290.0974848524992,0.09478518650264477,6.177203107179928,0.6870538784768384,
e3246f702c,180,2113,14791,147.91,290.08316536819575,0.14323228236973445,6.134926647174504,1.070733338986223,
e3246f702c,180,2114,14798,147.98,290.0291282713882,0.09527966766712921,6.0977196269795595,0.5293250058535803,
e3246f702c,180,2115,14805,148.05,289.9867900838188,0.08887259931141289,5.930050043015234,0.9022688797403234,
e3246f702c,180,2116,14812,148.12,289.9609506249702,0.23254467911711735,6.0298576115195015,1.0852752944611415,
e3246f702c,180,2117,14819,148.19,289.75668569926,0.13128545853521922,6.3549022965219155,1.1514094968859707,
e3246f702c,180,2118,14826,148.26,289.68370408541193,0.15967112080848475,6.162734078533739,1.3968160329584816,
e3246f702c,180,2119,14833,148.33,289.55364905930657,0.19591858410377194,6.168605214954665,1.9688009427433104,
e3246f702c,180,2120,14840,148.4,289.4054430441219,0.06962913138036952,6.474041669497516,0.4118317126261111,
e3246f702c,180,2121,14847,148.47,289.38273076313044,0.12588843396152932,6.250942459134251,0.7367528676109387,
e3246f702c,180,2122,14854,148.54,289.30866309839377,0.1528760735336199,6.2959127417567995,1.1578832988806713,
e3246f702c,180,2123,14861,148.61,289.2199109265407,0.11197774559007752,6.579281039183558,1.0325752251269846,
e3246f702c,180,2124,14868,148.68,289.17373277038905,0.25517924016618304,6.511066856923819,1.000927063981467,
e3246f702c,180,2125,14875,148.75,289.14614948107635,0.1993118148679408,7.253831069521938,1.083769117507345,
e3246f702c,180,2126,14882,148.82,289.0288060530267,0.14598661137958874,6.190244077986534,0.8631781127174533,
e3246f702c,180,2127,14889,148.89,288.95114050473904,0.20285070176215653,6.117971740686715,1.8354419290344892,
e3246f702c,180,2128,14896,148.96,288.8325204488702,0.1869590426135087,6.011829370264397,1.0001923479269987,
e3246f702c,180,2129,14903,149.03,288.7329258258568,0.12707074648292901,5.970010987265875,1.0502399568949201,
e3246f702c,180,2130,14910,149.1,288.695813638846,0.10436681221870323,5.861935297544966,0.7682706534186355,
e3246f702c,180,2131,14917,149.17,288.667780492546,0.07555299358668213,5.874911900837398,0.4418938459478986,
e3246f702c,180,2132,14924,149.24,288.64187323022435,0.053073214816572026,5.818255507283919,0.3585431311250599,
e3246f702c,180,2133,14931,149.31,288.6334737870488,0.09155404299515295,5.987149576333031,0.6571071083944166,
e3246f702c,180,2134,14938,149.38,288.5915041471883,0.028317895441605814,5.903760822417942,0.17356640360706516,
e3246f702c,180,2135,14945,149.45,288.5893498495179,0.0749267492591653,5.905726679931848,0.34280653806940503,
e3246f702c,180,2136,14952,149.52,288.58912654167875,0.1381861548704033,5.941332456398463,1.2524563015264807,
e3246f702c,180,2137,14959,149.59,288.5183608244428,0.05826199831154031,6.019862760881708,0.4198002050403808,
e3246f702c,180,2138,14966,149.66,288.5016634550512,0.06166019031049155,5.969100008786949,0.23512691324838933,
e3246f702c,180,2139,14973,149.73,288.4877561917015,0.1610149434819869,5.914726638866989,1.3785843265705193,
e3246f702c,180,2140,14980,149.8,288.3887851852342,0.10930062913743453,6.210993045345053,0.7065353100775055,
e3246f702c,180,2141,14987,149.87,288.3450790583134,0.1309594442819248,6.100398376752379,0.7721141011904262,
e3246f702c,180,2142,14994,149.94,288.27827400898224,0.14933325889975566,6.258770329584137,1.3802769830335482,
e3246f702c,180,2143,15001,150.01,288.20368917894916,0.06108640648740386,6.428002260112519,0.32482446627670575,
e3246f702c,180,2144,15008,150.08,288.1897440461118,0.1710595371430775,6.303187417145151,1.652365453087484,
e3246f702c,180,2145,15015,150.15,288.070568972933,0.13322580418900304,6.141586152629915,1.245778626163849,
e3246f702c,180,2146,15022,150.22,287.9853060871415,0.24214699630532735,5.991757507153667,1.1180002049109785,
e3246f702c,180,2147,15029,150.29,287.9558642205091,0.2251368989404798,6.314976557641439,0.6136428452558654,
e3246f702c,180,2148,15036,150.36,287.9255966792768,0.22038193181619348,6.089938040753953,0.7606660637761713,
e3246f702c,180,2149,15043,150.43,287.89312227788287,0.2314188890760783,6.29968117415176,2.073617848031131,
e3246f702c,180,2150,15050,150.5,287.6920517387726,0.15130277213559826,6.54977222824188,0.9877715157003161,
e3246f702c,180,2151,15057,150.57,287.60665096634136,0.18500872654183353,6.304748533929111,0.9984445518246026,
e3246f702c,180,2152,15064,150.64,287.49256094176894,0.13323959363602847,6.658753012299435,1.1942448949728515,
e3246f702c,180,2153,15071,150.71,287.417942248549,0.12585582645647903,6.200553650922056,1.1216405488564143,
e3246f702c,180,2154,15078,150.78,287.3565022745962,0.14860535077295206,6.180928815131531,0.8599434460905091,
e3246f702c,180,2155,15085,150.85,287.24940835021346,0.1465200134576495,6.343199284467348,1.2149237754278073,
e3246f702c,180,2156,15092,150.92,287.1480416554309,0.19433302642572753,6.765802014706197,1.9210694736343883,
e3246f702c,180,2157,15099,150.99,286.96884792630794,0.10678018584335322,6.671245463028865,0.39234570222077536,
e3246f702c,180,2158,15106,151.06,286.96746234906277,0.2143335295604701,6.9954490102668485,1.2653950820127462,
e3246f702c,180,2159,15113,151.13,286.77199719898124,0.1145292143764002,6.7623417624559705,0.7743015468415828,
e3246f702c,180,2160,15120,151.2,286.7213072817114,0.19275894330529186,6.48334468352797,1.0123418313960646,
e3246f702c,180,2161,15127,151.27,286.5896735267436,0.1543920037246963,6.9253551324357225,1.3906232600495823,
e3246f702c,180,2162,15134,151.34,286.50728763271565,0.11031820250821793,6.342079880652853,0.8666156386213792,
e3246f702c,180,2163,15141,151.41,286.4606837943236,0.10922395772135987,6.42269467118324,0.9420619798784355,
e3246f702c,180,2164,15148,151.48,286.416796983453,0.185409751142497,6.064891188083251,1.833819440913202,
e3246f702c,180,2165,15155,151.55,286.2755458911968,0.12267750803363642,6.555994509121637,0.7758928076180616,
e3246f702c,180,2166,15162,151.62,286.21661263559486,0.056724046126628846,6.353863520602016,0.4665474746930281,
e3246f702c,180,2167,15169,151.69,286.20364030653946,0.09170543176794292,6.5053623870813855,0.8353536591185308,
e3246f702c,180,2168,15176,151.76,286.18450543070793,0.0976482623244037,6.566288715820939,0.7450362464781273,
e3246f702c,180,2169,15183,151.83,286.1442747121283,0.07888138443653117,6.402425507342051,0.7610056339924064,
e3246f702c,180,2170,15190,151.9,286.1159088724729,0.09551764323810367,6.228256249909748,0.8312922883352085,
e3246f702c,180,2171,15197,151.97,286.07857210799915,0.22286116626164096,6.1889628462864,1.1003915933199853,
e3246f702c,180,2172,15204,152.04,286.0757769245117,0.20676774281446028,6.847912677902429,1.65910243447259,
e3246f702c,180,2173,15211,152.11,285.98677656302925,0.1834555494210814,6.150175163631254,1.3233284628297484,
e3246f702c,180,2174,15218,152.18,285.85479019218695,0.16139728880292245,5.966625319094779,1.1560979170940144,
e3246f702c,180,2175,15225,152.25,285.7549537665353,0.09408984200616513,5.470211210636308,0.8536393305142019,
e3246f702c,180,2176,15232,152.32,285.7117312938648,0.13108449927793192,5.58303336870238,1.2966249903803169,
e3246f702c,180,2177,15239,152.39,285.65402213964785,0.24341842296600955,5.422438965283491,1.035964628088671,
e3246f702c,180,2178,15246,152.46,285.57967555379463,0.12314857962081496,5.903948233502207,0.6050789137199821,
e3246f702c,180,2179,15253,152.53,285.5107266176848,0.12665477630940913,5.625787870755932,1.2559844621980063,
e3246f702c,180,2180,15260,152.6,285.4471848194111,0.14055351706960123,5.5532631249290265,1.3523841291542618,
e3246f702c,180,2181,15267,152.67,285.3653613329023,0.09793574977416476,5.576956419004273,0.8911058162812363,
e3246f702c,180,2182,15274,152.74,285.32133874645166,0.1013596254446729,5.390128081380395,0.7202977086990648,
e3246f702c,180,2183,15281,152.81,285.2834675567198,0.10998028628038227,5.553864573356178,0.797097188026938,
e3246f702c,180,2184,15288,152.88,285.22619140060124,0.1477256763788584,5.522656862118002,0.7835234516031662,
e3246f702c,180,2185,15295,152.95,285.13338105297566,0.09512616099149937,5.710432906195749,0.8225584271825656,
e3246f702c,180,2186,15302,153.02,285.10263731862193,0.09647139720728294,5.712045613807752,0.9240921338598058,
e3246f702c,180,2187,15309,153.09,285.07182389667724,0.0968248316817145,5.611381562039587,0.8914841950608389,
e3246f702c,180,2188,15316,153.16,285.0544183982968,0.16439275325917055,5.578909878606014,1.3747527523832366,
e3246f702c,180,2189,15323,153.23,284.9520054533789,0.10774533120628536,5.802757762357952,0.7785391087600287,
e3246f702c,180,2190,15330,153.3,284.90745967923186,0.12453923131505028,5.564279615224776,1.2230729197133505,
e3246f702c,180,2191,15337,153.37,284.8317634795816,0.09404668577122542,5.622911126100744,0.8289280884278346,
e3246f702c,180,2192,15344,153.44,284.79342749312156,0.1761432303143259,5.898016345973575,1.645169738525937,
e3246f702c,180,2193,15351,153.51,284.6874843130107,0.09843503633503527,6.3650756827642345,0.5759683801834256,
e3246f702c,180,2194,15358,153.58,284.65600751893186,0.12311451926311803,6.315449791262883,1.1672354198923791,
e3246f702c,180,2195,15365,153.65,284.60048976340397,0.18733125379871682,6.216578059766704,1.8933097447462601,
e3246f702c,180,2196,15372,153.72,284.5271551493443,0.1409316257228434,6.0712441930638725,0.7964421582839815,
e3246f702c,180,2197,15379,153.79,284.4661116225522,0.1068815533354043,5.586826797597853,0.8564172735970894,
e3246f702c,180,2198,15386,153.86,284.4283734596593,0.08564992467302761,5.702243721787575,0.6694477649566711,
e3246f702c,180,2199,15393,153.93,284.4060163389236,0.07531449872063557,5.634920710844884,0.4620022779382742,
e3246f702c,180,2200,15400,154.0,284.3821539158642,0.0722758547214772,5.662929403846045,0.6815755079889135,
e3246f702c,180,2201,15407,154.07,284.3583583999069,0.12304262969786257,5.509224527629634,1.1797954898911298,
e3246f702c,180,2202,15414,154.14,284.2903002525198,0.1318394731166388,5.559157110378277,1.140902229344678,
e3246f702c,180,2203,15421,154.21,284.2064779394222,0.05758697231498757,5.524406163791575,0.4498402780885879,
e3246f702c,180,2204,15428,154.28,284.1975330575761,0.3112161243837702,5.519203588779873,1.5679640667348451,
e3246f702c,180,2205,15435,154.35,284.17687022874827,0.34799355105840213,5.999480997931534,0.9344225500615809,
e3246f702c,180,2206,15442,154.42,284.1683419090992,0.20632208249185124,6.1286726686807675,1.2376841356951551,
e3246f702c,180,2207,15449,154.49,283.99201359715966,0.13054156106386236,5.188951816434982,0.47734428086525016,
e3246f702c,180,2208,15456,154.56,283.91257328643377,0.047850879181042257,5.323475924567757,0.29583654350084937,
e3246f702c,180,2209,15463,154.63,283.90303713046035,0.14835483344747274,5.249805401181354,1.5096653341240736,
e3246f702c,180,2210,15470,154.7,283.79668845869656,0.24406441957629618,5.110389562165823,1.206616974850862,
e3246f702c,180,2211,15477,154.77,283.7727593060275,0.11884168850277609,5.564306275176301,0.516617204561939,
e3246f702c,180,2212,15484,154.84,283.71230249053417,0.10904840075053067,5.204270246150067,0.9612362408194689,
e3246f702c,180,2213,15491,154.91,283.6608240326713,0.12074682354041419,5.032432172157732,1.1150454830078318,
e3246f702c,180,2214,15498,154.98,283.60421509191207,0.10252360975226496,4.968669583240217,0.9708698075971461,
e3246f702c,180,2215,15505,155.05,283.56359875320294,0.0943621741222239,5.0679897739720365,0.6539726846771511,
e3246f702c,180,2216,15512,155.12,283.5216041166585,0.09973040385683248,5.2628025690045765,0.9434886600554574,
e3246f702c,180,2217,15519,155.19,283.4905288035585,0.14082894162577708,5.347299159218952,0.937714570266159,
e3246f702c,180,2218,15526,155.26,283.4185649801819,0.10298329141678284,5.0560399694338605,0.9041002933897427,
e3246f702c,180,2219,15533,155.33,283.38455239693667,0.2683261816326115,5.364965571014377,1.164407411644345,
e3246f702c,180,2220,15540,155.4,283.37177577139806,0.2109696321622696,5.579318889440639,1.1973941396772536,
e3246f702c,180,2221,15547,155.47,283.17883714720574,0.14143639977809846,5.450682180977298,1.2673265217483953,
e3246f702c,180,2222,15554,155.54,283.1192116205182,0.09203946801231705,5.587220726242821,0.4994070352584706,
e3246f702c,180,2223,15561,155.61,283.0958319917092,0.13818916161045317,5.2909935646570965,0.291896852929121,
e3246f702c,180,2224,15568,155.68,282.99986366183805,0.15291343288591194,5.288111551229428,0.23673292777440944,
e3246f702c,180,2225,15575,155.75,282.90992215820813,0.13463327686175589,5.444292567408732,0.8275472037406078,
e3246f702c,180,2226,15582,155.82,282.83760446519284,0.10608219243896563,5.386755887337333,0.8885504286867008,
e3246f702c,180,2227,15589,155.89,282.78020285736307,0.07718729100115142,5.589505403845472,0.7142996797880239,
e3246f702c,180,2228,15596,155.96,282.76704394506277,0.08846594354513877,5.697987068688225,0.4658185304362296,
e3246f702c,180,2229,15603,156.03,282.74399708355145,0.08280007110029795,5.745920559729179,0.5553453275204796,
e3246f702c,180,2230,15610,156.1,282.70953655276844,0.13905009211867364,5.787754938853779,1.3208178872250156,
e3246f702c,180,2231,15617,156.17,282.64094650958697,0.2758279856696944,6.129451718802402,1.3212045769641632,
e3246f702c,180,2232,15624,156.24,282.6044105691119,0.19876026383642068,6.3952590612041895,0.9807522460949748,
e3246f702c,180,2233,15631,156.31,282.45992621431407,0.13809824488716346,6.201754407556926,0.9003787450106627,
e3246f702c,180,2234,15638,156.38,282.37818979789307,0.0828036979941347,6.229533490837427,0.5966352120001986,
e3246f702c,180,2235,15645,156.45,282.35114784630963,0.24811507983121872,6.1012296536051975,2.109095451932956,
e3246f702c,180,2236,15652,156.52,282.07801098875404,0.15152176540955503,6.751289754911649,1.2537939316827789,
e3246f702c,180,2237,15659,156.59,282.00921257773666,0.1609890826040034,6.807665349828161,1.0985868045453775,
e3246f702c,180,2238,15666,156.66,281.9160610293036,0.12267422794728927,6.539309641848565,0.5169760277543488,
e3246f702c,180,2239,15673,156.73,281.86040616224705,0.20209929483630196,6.2797410848067985,2.0154853007241047,
e3246f702c,180,2240,15680,156.8,281.6892721168506,0.053097212631790895,6.052852757979119,0.3045063476878507,
e3246f702c,180,2241,15687,156.87,281.6785248224867,0.11140803503182492,5.9357654048471185,0.7562669397792526,
e3246f702c,180,2242,15694,156.94,281.6287834571814,0.19129575526125847,5.778216972879492,0.6302421115058359,
e3246f702c,180,2243,15701,157.01,281.59207471552367,0.10562802044568798,5.731140566905355,0.7637206381567279,
e3246f702c,180,2244,15708,157.08,281.5348409116001,0.32988512222217126,5.775474593080777,1.4661669407904747,
e3246f702c,180,2245,15715,157.15,281.52855592732897,0.24019724167474407,6.792007336639707,1.5572620243083253,
e3246f702c,180,2246,15722,157.22,281.3698165408593,0.14138131312031021,5.927667708357823,0.33502212077255944,
e3246f702c,180,2247,15729,157.29,281.30570374347354,0.09625112510182168,5.847144990978764,0.6400292078834822,
e3246f702c,180,2248,15736,157.36,281.27114684991506,0.16730014439168686,5.55079324275481,0.6318660349446132,
e3246f702c,180,2249,15743,157.43,281.25088686958986,0.15468790778153968,5.874980708692471,1.197272333880786,
e3246f702c,180,2250,15750,157.5,281.1883868147791,0.12109371598116986,5.685947473648835,0.6515974308492143,
e3246f702c,180,2251,15757,157.57,281.13628680584856,0.05206006918972396,5.712109971098014,0.20008779699396012,
e3246f702c,180,2252,15764,157.64,281.1280315133666,0.08260945320902008,5.681412242625483,0.6934399545550336,
e3246f702c,180,2253,15771,157.71,281.09357831826486,0.1220475384060156,5.63504151493866,0.7665801928267052,
e3246f702c,180,2254,15778,157.78,281.02187755052745,0.1407675911211423,5.432450913691355,1.234352764184314,
e3246f702c,180,2255,15785,157.85,280.92304881071317,0.2384418669230412,5.089454056258404,1.1741832581484999,
e3246f702c,180,2256,15792,157.92,280.9181748893145,0.14343329263354238,5.700705231594612,0.47679327517787584,
e3246f702c,180,2257,15799,157.99,280.816400481112,0.07378482301465841,5.116653967690753,0.6861048228310033,
e3246f702c,180,2258,15806,158.06,280.79373717263206,0.0696817985613249,5.223783919888714,0.6824407263428428,
e3246f702c,180,2259,15813,158.13,280.7694568136723,0.12639688361407903,5.182286888480912,0.7411899374793395,
e3246f702c,180,2260,15820,158.2,280.7138416857695,0.12984024777534658,5.412284289301238,0.7461824144299155,
e3246f702c,180,2261,15827,158.27,280.64024287697987,0.05793054445284277,5.288140923872393,0.4417388074847074,
e3246f702c,180,2262,15834,158.34,280.6241705839898,0.1317938877085303,5.330753121027186,0.5348005547927414,
e3246f702c,180,2263,15841,158.41,280.6210746767298,0.25669241120138236,5.409293610971256,0.9864546930595232,
e3246f702c,180,2264,15848,158.48,280.5940320519196,0.13242834046448787,5.699705816620255,0.7238908839096583,
e3246f702c,180,2265,15855,158.55,280.5158789215572,0.12970524590533172,5.3317520494485215,0.7267733300775752,
e3246f702c,180,2266,15862,158.62,280.4574255969506,0.09123427603774356,5.238000195024841,0.6927617916920938,
e3246f702c,180,2267,15869,158.69,280.41714170066103,0.17190287023626266,5.179876682046975,0.8077602178388524,
e3246f702c,180,2268,15876,158.76,280.3935431762592,0.21580576701735604,5.354322639244553,0.6531650763273632,
e3246f702c,180,2269,15883,158.83,280.3820865016255,0.13195172258856364,5.344104178132418,0.5275723250734274,
e3246f702c,180,2270,15890,158.9,280.29918772871343,0.20989809169923387,5.2303904932830285,0.9351503946873545,
e3246f702c,180,2271,15897,158.97,280.2898838324828,0.11141558364002607,5.00558777922898,0.5741235037643783,
e3246f702c,180,2272,15904,159.04,280.2274374226363,0.0399585577558561,4.855715528835551,0.31181818816671963,
e3246f702c,180,2273,15911,159.11,280.22007965054576,0.11801236370705277,4.90773795872655,1.1705863952355156,
e3246f702c,180,2274,15918,159.18,280.17134871673966,0.0659160170518669,4.901368886928832,0.29795620109398524,
e3246f702c,180,2275,15925,159.25,280.1493438961631,0.06641563199070391,4.86952224383683,0.49691807762187834,
e3246f702c,180,2276,15932,159.32,280.1278825562611,0.2358079483772876,4.887643093163854,1.1916291291095915,
e3246f702c,180,2277,15939,159.39,280.0908450023448,0.13376819764083242,5.409034058424909,0.8857525850920539,
e3246f702c,180,2278,15946,159.46,280.0048799901155,0.09552781519725871,4.97608853383525,0.9448552746936343,
e3246f702c,180,2279,15953,159.53,279.95855240083495,0.1383512664751914,5.010903187572084,0.64899745840905,
e3246f702c,180,2280,15960,159.6,279.9510820582529,0.15995142311543437,5.138650250597439,1.1748411059656163,
e3246f702c,180,2281,15967,159.67,279.8312734403788,0.03999679331293025,4.981624750294054,0.35291415499971196,
e3246f702c,180,2282,15974,159.74,279.82412050672593,0.24109151113712993,4.921192587061194,1.14100617076906,
e3246f702c,180,2283,15981,159.81,279.7886766246147,0.19147160082644865,5.937823249743619,1.5916163079115475,
e3246f702c,180,2284,15988,159.88,279.6486621430399,0.21111031599869273,5.268312982330721,0.8257997668894046,
e3246f702c,180,2285,15995,159.95,279.62919534076116,0.12399844772378806,5.164642878341484,0.8406116254497504,
e3246f702c,180,2286,16002,160.02,279.5626794862212,0.07420319032770267,4.915138154415034,0.5806201196864295,
e3246f702c,180,2287,16009,160.09,279.53671685924917,0.20621177361216286,4.798680243772708,0.9547089414429822,
e3246f702c,180,2288,16016,160.16,279.53052619553716,0.153269985938702,5.523300737900056,1.074364356662796,
e3246f702c,180,2289,16023,160.23,279.42368793378085,0.08815715446943298,5.06347617016288,0.815580139288411,
e3246f702c,180,2290,16030,160.3,279.38623607293385,0.11780339349187453,5.0380772272402075,0.9799914494007901,
e3246f702c,180,2291,16037,160.37,279.32289593484325,0.0920127981018916,5.037327454414109,0.8935251403810862,
e3246f702c,180,2292,16044,160.44,279.2835468633123,0.07752034295999051,5.044517341518098,0.4747231706612186,
e3246f702c,180,2293,16051,160.51,279.25655908026886,0.09293835111123859,5.205333831442119,0.5359726688886988,
e3246f702c,180,2294,16058,160.58,279.21805315662664,0.17903023210728938,4.9757804616936205,0.857282974924288,
e3246f702c,180,2295,16065,160.65,279.20706888690165,0.11637314076974438,5.404552682453927,0.493401848322054,
e3246f702c,180,2296,16072,160.72,279.14804323860454,0.23760321119507963,4.772270307271208,0.9981795432027316,
e3246f702c,180,2297,16079,160.79,279.1411335172339,0.17092097780555954,6.062148360145924,0.9743077052711914,
e3246f702c,180,2298,16086,160.86,278.9991317245358,0.06622710695909133,5.087179453885826,0.5995707580864467,
e3246f702c,180,2299,16093,160.93,278.9776953445074,0.05084526565927794,5.023841576354344,0.4034612686818908,
e3246f702c,180,2300,16100,161.0,278.9669806782949,0.26042774871453434,4.913706116216524,1.0220071182198471,
e3246f702c,180,2301,16107,161.07,278.9603513768451,0.22551187062423272,5.350310788704552,1.3789622502615364,
e3246f702c,180,2302,16114,161.14,278.8606649656668,0.15316831314401017,5.01831362727515,0.49552231373073713,
e3246f702c,180,2303,16121,161.21,278.7886270187151,0.12371689376489987,4.637048044012854,0.8542743393297731,
e3246f702c,180,2304,16128,161.28,278.71824718347386,0.08874131420873604,4.710570597366237,0.748316050580249,
e3246f702c,180,2305,16135,161.35,278.6801433078124,0.07069520831219715,4.579434381762617,0.6399538534828075,
e3246f702c,180,2306,16142,161.42,278.65536782649787,0.07300783805795605,4.49603933330434,0.7056003993848392,
e3246f702c,180,2307,16149,161.49,278.63010233864264,0.08810045204471166,4.389233130497635,0.6492928363603563,
e3246f702c,180,2308,16156,161.56,278.5971527792572,0.10115620606803752,4.724331377192459,1.0142085974575161,
e3246f702c,180,2309,16163,161.63,278.5504396270114,0.19937470332692345,4.712771773895241,0.7974261518767551,
e3246f702c,180,2310,16170,161.7,278.5209104434026,0.0949258166324948,5.136781225430721,0.390651269094206,
e3246f702c,180,2311,16177,161.77,278.4800421119729,0.3354872376073472,4.970759183048528,1.1960436074923044,
e3246f702c,180,2312,16184,161.84,278.45911049599283,0.18005913689513328,6.354918467520665,0.6977673543274234,
e3246f702c,180,2313,16191,161.91,278.32539981811664,0.13631081523534133,5.1884132705148565,0.6713428679644128,
e3246f702c,180,2314,16198,161.98,278.2315761359431,0.04758144631883722,5.406183552871341,0.44827000324986094,
e3246f702c,180,2315,16205,162.05,278.2219503702683,0.1889139668301321,5.243040940600981,0.5906750847558976,
e3246f702c,180,2316,16212,162.12,278.1947970563352,0.11709843086650029,5.540814665219172,1.0020457564641312,
e3246f702c,180,2317,16219,162.19,278.1295182662631,0.12596569099339025,5.271112084459003,0.9671070409809072,
e3246f702c,180,2318,16226,162.26,278.05134948722593,0.12197371247480839,5.40430472143776,0.9673883314414922,
e3246f702c,180,2319,16233,162.33,277.99316119538184,0.04489085166209243,5.301252756076551,0.25245940249575244,
e3246f702c,180,2320,16240,162.4,277.98785444891786,0.3473463717604127,5.233848013261224,1.5056295070892975,
e3246f702c,180,2321,16247,162.47,277.9209096920999,0.18084748873968062,5.860537874555185,1.3856482863925799,
e3246f702c,180,2322,16254,162.54,277.7632063409713,0.1366085678290452,4.903799758768733,0.5643446200758979,
e3246f702c,180,2323,16261,162.61,277.7604017296534,0.14562045188772332,5.008511783803749,1.0064101971572639,
e3246f702c,180,2324,16268,162.68,277.6663611438916,0.12858814256408854,5.143838122928406,0.36795433122401294,
e3246f702c,180,2325,16275,162.75,277.59742574947694,0.1317655315046907,5.170434382572436,0.5702022069755083,
e3246f702c,180,2326,16282,162.82,277.5383632926875,0.17061598279651044,5.126274008673781,1.6027041319937736,
e3246f702c,180,2327,16289,162.89,277.47485062471316,0.11876662299025771,5.24952830074935,0.4625698884401851,
e3246f702c,180,2328,16296,162.96,277.4430836625821,0.09212083387160075,5.021190962425384,0.46256780371911854,
e3246f702c,180,2329,16303,163.03,277.40856850698384,0.08733108731140468,5.096004402360081,0.7669400885255668,
e3246f702c,180,2330,16310,163.1,277.37649505481033,0.18141890863711518,5.157471816183768,0.13913715146290187,
e3246f702c,180,2331,16317,163.17,277.2892704873939,0.13094589213499438,5.5334036809841844,0.681301883765716,
e3246f702c,180,2332,16324,163.24,277.23706271699075,0.1321341991869529,5.150867271931057,1.2089902956023988,
e3246f702c,180,2333,16331,163.31,277.16401939876573,0.07637204444457589,5.180815495575914,0.483438546792395,
e3246f702c,180,2334,16338,163.38,277.1410911435737,0.16926137423145632,5.116909475928568,1.1772658688229576,
e3246f702c,180,2335,16345,163.45,277.01083774097617,0.08245042735544637,5.092764422054676,0.7648102970922626,
e3246f702c,180,2336,16352,163.52,276.98542516125565,0.1469040773182598,5.042320085955512,0.519799674746681,
e3246f702c,180,2337,16359,163.59,276.98199756008813,0.19103797568790365,5.090125203527911,1.490003751898022,
e3246f702c,180,2338,16366,163.66,276.8412081511832,0.1406526792095622,5.616226526945152,1.0229184058760514,
e3246f702c,180,2339,16373,163.73,276.7476803815168,0.05686869987655301,5.303174918915968,0.5442405397999497,
e3246f702c,180,2340,16380,163.8,276.73417701041296,0.1472574214632477,5.278426257868246,0.6321164497530856,
e3246f702c,180,2341,16387,163.87,276.6269150872652,0.08768455808068466,4.871309301941271,0.27627140427724356,
e3246f702c,180,2342,16394,163.94,276.59296646612876,0.09407601918414221,4.981153917508481,0.682361374246998,
e3246f702c,180,2343,16401,164.01,276.5548647964003,0.10101523377830567,5.006032680669198,0.8972041128081684,
e3246f702c,180,2344,16408,164.08,276.51510216724597,0.06528626247178224,4.919057817859682,0.6161291747446401,
e3246f702c,180,2345,16415,164.15,276.4986875417475,0.14145234718484384,5.027129604659884,1.3038508631111838,
e3246f702c,180,2346,16422,164.22,276.40641648963145,0.07047249111543426,4.892673577381185,0.6666851100252409,
e3246f702c,180,2347,16429,164.29,276.393924468916,0.09014128987620303,4.935513174232287,0.7261535535766049,
e3246f702c,180,2348,16436,164.36,276.36166073804117,0.13640656425449263,4.841224854698679,1.3434182807865596,
e3246f702c,180,2349,16443,164.43,276.2995726054486,0.12143468436002536,5.007221473825499,0.8029820399634636,
e3246f702c,180,2350,16450,164.5,276.2552641634559,0.10756019181138628,4.725963244764417,0.5258186686405363,
e3246f702c,180,2351,16457,164.57,276.2024340494149,0.06836890148009148,4.94873664511389,0.5976011094703211,
e3246f702c,180,2352,16464,164.64,276.18405554292383,0.11848515422606051,4.928546581513264,1.1772149475268536,
e3246f702c,180,2353,16471,164.71,276.11353512757586,0.0897440895340265,5.131612393811832,0.8555152959802276,
e3246f702c,180,2354,16478,164.78,276.0809555451727,0.11395675865612322,5.020188144367388,1.0972930016827407,
e3246f702c,180,2355,16485,164.85,276.0222079713282,0.0630367242544825,4.857401042847384,0.4947536645928491,
e3246f702c,180,2356,16492,164.92,276.00765649859875,0.17743974366305046,4.907658356109978,0.8380828425381688,
e3246f702c,180,2357,16499,164.99,276.00399314916854,0.11266538971831508,5.198532548042419,0.4086783301253089,
e3246f702c,180,2358,16506,165.06,275.9464006806013,0.08087079799856206,5.014536780345466,0.41858766393688557,
e3246f702c,180,2359,16513,165.13,275.9211872711069,0.04900005229730933,4.774452822822114,0.35307460213629294,
e3246f702c,180,2360,16520,165.2,275.911909519571,0.2383379102866939,4.745686593613543,1.0332220720080427,
e3246f702c,180,2361,16527,165.27,275.86555924356617,0.3348200200968151,5.050751319474894,1.5065955540810811,
e3246f702c,180,2362,16534,165.34,275.7966142731679,0.16898691034587388,5.607163815945701,0.8383841960428448,
e3246f702c,180,2363,16541,165.41,275.6864825186168,0.0833408571562843,5.1907138885682444,0.35480788928655455,
e3246f702c,180,2364,16548,165.48,275.6582857173874,0.07964350315796091,5.081270048797332,0.33698636184681746,
e3246f702c,180,2365,16555,165.55,275.6551723876535,0.09375514913930105,5.064591620411609,0.43545592172644326,
e3246f702c,180,2366,16562,165.62,275.6209501302069,0.07858887028864643,5.015123616699299,0.6589957739372314,
e3246f702c,180,2367,16569,165.69,275.59493088749593,0.07971598138322944,5.037026981540837,0.5806708093768047,
e3246f702c,180,2368,16576,165.76,275.5644967536954,0.0769032333874268,5.101522103736731,0.7438037539821682,
e3246f702c,180,2369,16583,165.83,275.5414240562835,0.16412928391352197,5.144578429923856,1.1023191170119278,
e3246f702c,180,2370,16590,165.9,275.4065798970127,0.14318664343638135,5.0414991628099175,0.8333199481877815,
e3246f702c,180,2371,16597,165.97,275.33874497599004,0.1042086103726462,5.015326757894879,0.775611709237442,
e3246f702c,180,2372,16604,166.04,275.29927229990636,0.10023362005421971,4.978747799749028,0.9179404304799044,
e3246f702c,180,2373,16611,166.11,275.25792080244025,0.21192911204724707,5.047619771050251,0.9618721984750123,
e3246f702c,180,2374,16618,166.18,275.251214733812,0.12297121734744604,5.186839846203938,0.5448183478739531,
e3246f702c,180,2375,16625,166.25,275.19107785240914,0.056720188545226626,5.27636853996911,0.36736766716214136,
e3246f702c,180,2376,16632,166.32,275.18055729086126,0.0861524738050858,4.908837929872687,0.793976756539575,
e3246f702c,180,2377,16639,166.39,275.1458974860763,0.1315948109879572,4.7612501693436,0.4247043834141105,
e3246f702c,180,2378,16646,166.46,275.1454336066795,0.3097354917183977,5.156318336036244,1.3265651469998154,
e3246f702c,180,2379,16653,166.53,275.1373219491741,0.16304884355959273,5.598623487891864,0.7261588589016931,
e3246f702c,180,2380,16660,166.6,275.01065977135084,0.11146319841234271,4.731006098293436,0.9544720977994947,
e3246f702c,180,2381,16667,166.67,274.9624373190393,0.07663076556576554,4.642926000971289,0.5092049776112724,
e3246f702c,180,2382,16674,166.74,274.93887799217805,0.18978636860636888,4.551467222771884,0.9300457826222792,
e3246f702c,180,2383,16681,166.81,274.93585320727794,0.16105639022215448,4.941144304513662,1.222840077343647,
e3246f702c,180,2384,16688,166.88,274.84602588101706,0.10728668471795415,4.550944269684573,0.6652526203031448,
e3246f702c,180,2385,16695,166.95,274.8029816295056,0.1152104197477341,4.628297743414404,0.9625975794818836,
e3246f702c,180,2386,16702,167.02,274.76973958125734,0.08889258494645194,4.887762344979046,0.5002572493432416,
e3246f702c,180,2387,16709,167.09,274.73597749772955,0.039501015088672986,4.479037319663425,0.34383388460318776,
e3246f702c,180,2388,16716,167.16,274.7281340322746,0.0653655289424562,4.502982504432008,0.45795273482315535,
e3246f702c,180,2389,16723,167.23,274.71435509307645,0.1019460270797275,4.422442604663924,0.8653296187558077,
e3246f702c,180,2390,16730,167.3,274.676530837087,0.3346142936934213,4.49372838987815,1.4178859551811345,
e3246f702c,180,2391,16737,167.37,274.56414946701983,0.16537883354353813,5.280195000310888,0.7814921793291764,
e3246f702c,180,2392,16744,167.44,274.42944440393427,0.14192785837144747,4.82810026355381,1.318272573483631,
e3246f702c,180,2393,16751,167.51,274.3426900101125,0.12412135139804614,4.383183406356313,0.8173486477662436,
e3246f702c,180,2394,16758,167.58,274.27605138743286,0.10430293707089824,4.468409594416006,0.8391983382317042,
e3246f702c,180,2395,16765,167.65,274.2235280689663,0.06327595140942943,4.205122306868841,0.32211979760413645,
e3246f702c,180,2396,16772,167.72,274.20713775166456,0.13758282655886456,4.429007543457612,0.8844880084067099,
e3246f702c,180,2397,16779,167.79,274.1181305807279,0.24264083969072964,4.430218319557969,0.2707973202877895,
e3246f702c,180,2398,16786,167.86,274.09049737446384,0.21290491771261458,4.957319505486647,0.4793606286093353,
e3246f702c,180,2399,16793,167.93,274.06196759599817,0.11426066813487423,4.4672401819682825,0.7693198531427777,
e3246f702c,180,2400,16800,168.0,274.00478320055043,0.041783946409194854,4.275462576833987,0.34693660390375064,
e3246f702c,180,2401,16807,168.07,273.99659672635903,0.08278604880520618,4.365973104076049,0.3015602281261017,
e3246f702c,180,2402,16814,168.14,273.97277507844626,0.09902791230793571,4.258408940736997,0.8983737840160774,
e3246f702c,180,2403,16821,168.21,273.9403576869116,0.08709076875850384,4.313737929561901,0.765006784722977,
e3246f702c,180,2404,16828,168.28,273.90739047971215,0.09770524356502708,4.2496656029080775,0.7751730895999684,
e3246f702c,180,2405,16835,168.35,273.86008942633293,0.0531477017813819,4.136140767977584,0.3060574806000879,
e3246f702c,180,2406,16842,168.42,273.8471341270719,0.08255472321202577,4.114269339956503,0.5109504301668409,
e3246f702c,180,2407,16849,168.49,273.823186799149,0.06349333376553773,4.2973651387563025,0.4098605813436715,
e3246f702c,180,2408,16856,168.56,273.80785310195586,0.06230013018381828,4.109035609239486,0.5349961900375072,
e3246f702c,180,2409,16863,168.63,273.79248791022815,0.1834319105647485,4.2253868210016226,0.6139528816659795,
e3246f702c,180,2410,16870,168.7,273.78712839782736,0.12638204379268309,4.5245178516141085,0.5047819144491882,
e3246f702c,180,2411,16877,168.77,273.7225970720924,0.07135725295817802,4.37720385387459,0.6516255229807404,
e3246f702c,180,2412,16884,168.84,273.69781174964083,0.10045364031908043,4.128784063238743,0.8199761518035764,
e3246f702c,180,2413,16891,168.91,273.6520215524608,0.061724167840964184,4.180258789006307,0.5932572598484088,
e3246f702c,180,2414,16898,168.98,273.6338815533072,0.13931482479877844,4.0895367136795056,0.6558187324273047,
e3246f702c,180,2415,16905,169.05,273.62935110199305,0.10518889743609454,4.433599539618923,0.47696736171740023,
e3246f702c,180,2416,16912,169.12,273.58437835175295,0.0711863655840123,4.213991628241213,0.6505931270251164,
e3246f702c,180,2417,16919,169.19,273.5650724117773,0.05784607780242098,4.25011522874677,0.21352946158181313,
e3246f702c,180,2418,16926,169.26,273.5492894651657,0.07129567340895437,4.31630646926046,0.7205290916435659,
e3246f702c,180,2419,16933,169.33,273.53126177110835,0.0726289049388324,4.377038729232132,0.6204759418341349,
e3246f702c,180,2420,16940,169.4,273.5084203755047,0.05891235957398369,4.359105544481648,0.531186256327453,
e3246f702c,180,2421,16947,169.47,273.4935375030667,0.15709496564067504,4.343950926414074,0.7478227899174574,
e3246f702c,180,2422,16954,169.54,273.47847907078847,0.2747249980833936,4.5710429924194225,0.7278914016248531,
e3246f702c,180,2423,16961,169.61,273.4747457646842,0.1747555011751794,5.569092990169103,1.115938779365843,
e3246f702c,180,2424,16968,169.68,273.34903792347524,0.07050439908596547,4.539213565814753,0.5482921383872263,
e3246f702c,180,2425,16975,169.75,273.3350029748455,0.17822939628997245,4.612701958626901,0.8552528417371902,
e3246f702c,180,2426,16982,169.82,273.33278653513844,0.12482296529129808,4.779671156236164,0.8772409006142283,
e3246f702c,180,2427,16989,169.89,273.25896026533667,0.27717466252438805,4.579726729639441,0.897288919314121,
e3246f702c,180,2428,16996,169.96,273.25388636995876,0.16171891016384482,4.599317319618195,0.7114268250345627,
e3246f702c,180,2429,17003,170.03,273.1345038428295,0.13769959369420195,4.239192212604677,1.3023056806811846,
e3246f702c,180,2430,17010,170.1,273.07303022589866,0.06560117986936807,4.188970269277889,0.33913751018357724,
e3246f702c,180,2431,17017,170.17,273.0592166098901,0.10326976962454741,4.075423238127342,0.8688033739620125,
e3246f702c,180,2432,17024,170.24,273.0135235658089,0.11213256188261093,4.251608689659102,0.9451421143680637,
e3246f702c,180,2433,17031,170.31,272.98804740416233,0.11724672229114906,4.323365432780411,0.8858149754599838,
e3246f702c,180,2434,17038,170.38,272.9349018499909,0.09950506304553432,4.230391658490822,0.4804076462281476,
e3246f702c,180,2435,17045,170.45,272.89438554466784,0.05913730554958311,4.380210774764683,0.28906186602262673,
e3246f702c,180,2436,17052,170.52,272.8799156238061,0.05100870862318149,4.3982406806887155,0.47825396599590175,
e3246f702c,180,2437,17059,170.59,272.8699774402726,0.1994102950013714,4.43511813340151,0.761930619707753,
e3246f702c,180,2438,17066,170.66,272.862917712278,0.17241476189641863,4.86532273432244,1.4024532593734396,
e3246f702c,180,2439,17073,170.73,272.76580718128247,0.09864462858985398,4.541011632615463,0.6771666053792222,
e3246f702c,180,2440,17080,170.8,272.7215677475818,0.12856688811100994,4.404894372688486,0.5139499310894339,
e3246f702c,180,2441,17087,170.87,272.71508004770124,0.08240031785616139,4.485949539953007,0.6569886121084229,
e3246f702c,180,2442,17094,170.94,272.68518085409283,0.16524967330128154,4.386014994777387,1.12385795290174,
e3246f702c,180,2443,17101,171.01,272.57099795392537,0.09477741161602746,4.306261295568015,0.44002466306010557,
e3246f702c,180,2444,17108,171.08,272.54870502195547,0.09268745758078038,4.38863771275501,0.7471563163252722,
e3246f702c,180,2445,17115,171.15,272.5342281791176,0.14981906105152878,4.386032380915763,1.4024451761519063,
e3246f702c,180,2446,17122,171.22,272.49686002811416,0.1403369169116628,4.684535938333362,0.7852799255264993,
e3246f702c,180,2447,17129,171.29,272.45457995752804,0.09975688755887861,4.2958366382440225,0.2930347282996311,
e3246f702c,180,2448,17136,171.36,272.43918150959263,0.10499473361098065,4.494932850918842,0.8464427132132447,
e3246f702c,180,2449,17143,171.43,272.4196605694606,0.10286843594136415,4.358198789493747,0.48297843658476464,
e3246f702c,180,2450,17150,171.5,272.3956531402481,0.08050915147265095,4.437517193169474,0.4073141252811176,
e3246f702c,180,2451,17157,171.57,272.3816291408124,0.10035439904415897,4.4113826149025845,0.5149358506620768,
e3246f702c,180,2452,17164,171.64,272.3344187548172,0.1257378994952393,4.344777907529242,1.1557589361759122,
e3246f702c,180,2453,17171,171.71,272.27609562110143,0.09311130413997529,4.382915743253402,0.7582249364161562,
e3246f702c,180,2454,17178,171.78,272.2499532597979,0.08002914733144256,4.337402292498949,0.6051736097024142,
e3246f702c,180,2455,17185,171.85,272.2278817066562,0.12848456229870195,4.347379904827279,1.1195287997589987,
e3246f702c,180,2456,17192,171.92,272.17786143676153,0.07089500180653682,4.282734885749486,0.4925579795524807,
e3246f702c,180,2457,17199,171.99,272.15933918836555,0.20253389975564867,4.046872896938641,0.8254200507395546,
e3246f702c,180,2458,17206,172.06,272.12748957891915,0.14017795758601428,4.313851191382164,0.8068036400906201,
e3246f702c,180,2459,17213,172.13,272.0284024247567,0.30593477137606323,4.006929520726008,1.4121004370434858,
e3246f702c,180,2460,17220,172.2,271.9501052525755,0.1321448978382349,4.649146287525845,0.7581542565540894,
e3246f702c,180,2461,17227,172.27,271.8720093860322,0.3194886677605753,4.207096495646496,1.6020797513534049,
e3246f702c,180,2462,17234,172.34,271.8355848105474,0.18107740065509176,5.465250259835883,1.0813277495380755,
e3246f702c,180,2463,17241,172.41,271.69389461920844,0.1185915503598741,4.50124026473786,1.1044452206617912,
e3246f702c,180,2464,17248,172.48,271.62426954131894,0.03160418899252585,4.539250647556725,0.28776617280588684,
e3246f702c,180,2465,17255,172.55,271.6201412171654,0.11635850660198951,4.420100049421338,0.5787198544767734,
e3246f702c,180,2466,17262,172.62,271.57087935446344,0.12550326761942668,4.3343454786967115,0.6451088374635489,
e3246f702c,180,2467,17269,172.69,271.5084775831066,0.09414811088420165,4.409875909167512,0.819351545943477,
e3246f702c,180,2468,17276,172.76,271.47705667252836,0.12711950561528282,4.409533325538999,0.9543460461599392,
e3246f702c,180,2469,17283,172.83,271.4004377341119,0.10121023982760219,4.3818123772097115,0.42028180617219685,
e3246f702c,180,2470,17290,172.9,271.39908900802754,0.16568438207112257,4.279061218146325,0.15534684809307,
e3246f702c,180,2471,17297,172.97,271.3895430752372,0.12138303463466857,4.530817886371556,1.001899959969242,
e3246f702c,180,2472,17304,173.04,271.3290287843616,0.08794355385782839,4.4173199665530785,0.7541622130357721,
e3246f702c,180,2473,17311,173.11,271.29129289567504,0.05231458943051427,4.177363275654347,0.4897445851290103,
e3246f702c,180,2474,17318,173.18,271.2835818026721,0.13929689992782507,4.32373824449691,0.625962003052291,
e3246f702c,180,2475,17325,173.25,271.2741221146775,0.13300580791259542,4.378564086430408,1.0254362157047747,
e3246f702c,180,2476,17332,173.32,271.2278865657671,0.10404049101442513,4.891605642135039,0.7631222869666631,
e3246f702c,180,2477,17339,173.39,271.18995727818526,0.12459780319484115,4.516957131324121,0.38647497712372353,
e3246f702c,180,2478,17346,173.46,271.11291790626933,0.12971640880031168,4.582135789875921,1.1854461723626608,
e3246f702c,180,2479,17353,173.53,271.0346401571585,0.2531988724866941,4.40349461328855,1.1692458947523412,
e3246f702c,180,2480,17360,173.6,271.02166973659394,0.16337713051191274,4.948577545619045,0.6851672847715877,
e3246f702c,180,2481,17367,173.67,270.91759270236594,0.08086801624869362,4.295116045718622,0.530166546282831,
e3246f702c,180,2482,17374,173.74,270.88995061380507,0.06069934630776819,4.136530463299119,0.5418578237050117,
e3246f702c,180,2483,17381,173.81,270.87158710260644,0.09401254289678279,4.166547177509819,0.24065078011677743,
e3246f702c,180,2484,17388,173.88,270.8363297210456,0.05255632478520396,4.116801046590602,0.3576703248005474,
e3246f702c,180,2485,17395,173.95,270.83033577342127,0.07211065180991189,4.097179243555631,0.635003535146251,
e3246f702c,180,2486,17402,174.02,270.8119975771156,0.12647108388903422,3.9470754451195185,0.9631395043399023,
e3246f702c,180,2487,17409,174.09,270.75132847252013,0.12096265685133957,4.10160359382454,0.5202953799196367,
e3246f702c,180,2488,17416,174.16,270.6913980289803,0.0809352996810129,3.902976438133667,0.7119783255433991,
e3246f702c,180,2489,17423,174.23,270.66821235524947,0.06703273890051566,4.029544122422015,0.44435155321265374,
e3246f702c,180,2490,17430,174.3,270.65136423142917,0.08395994447281381,3.8456899049488373,0.6332166602668527,
e3246f702c,180,2491,17437,174.37,270.62080384602314,0.12328625041799895,3.931912694774986,0.5948895001130788,
e3246f702c,180,2492,17444,174.44,270.6181306555432,0.12071510034447433,3.980558581315565,0.9599380928551596,
e3246f702c,180,2493,17451,174.51,270.54543199493276,0.04982729699902719,4.014547320299539,0.46512593495213034,
e3246f702c,180,2494,17458,174.58,270.5336172209799,0.062158497335736994,4.0274416780472295,0.2910217363531263,
e3246f702c,180,2495,17465,174.65,270.5147909072798,0.03998778752639323,3.9718144765668386,0.3574600572308238,
e3246f702c,180,2496,17472,174.72,270.5070773245192,0.08638693286769346,3.929032716285203,0.360461980131789,
e3246f702c,180,2497,17479,174.79,270.5014241744759,0.03751178408977005,3.9984529443008627,0.2095272140680103,
e3246f702c,180,2498,17486,174.86,270.4942700207682,0.16074581857285006,3.9553908901439714,0.7739941182447264,
e3246f702c,180,2499,17493,174.93,270.49090745724976,0.21946719504074014,4.17964836452419,0.8632795410698151,
e3246f702c,180,2500,17500,175.0,270.4793748422893,0.1273380561582918,4.367087075364074,0.5403612185046912,
e3246f702c,180,2501,17507,175.07,270.4025637885004,0.0731910519191677,4.13596512434074,0.7220167005430611,
e3246f702c,180,2502,17514,175.14,270.37619528656256,0.07984896791497782,4.072753843198045,0.5529633946703806,
e3246f702c,180,2503,17521,175.21,270.35149861039355,0.05397852396518539,4.139323695634408,0.5073049598884048,
e3246f702c,180,2504,17528,175.28,270.338208359843,0.13094331106359544,4.037577185879221,1.3071910185106077,
e3246f702c,180,2505,17535,175.35,270.26041097035755,0.07492574488500142,4.0550046893441705,0.3018284156863457,
e3246f702c,180,2506,17542,175.42,270.25145778697936,0.0680290065185191,3.7287510263028523,0.35441156660114714,
e3246f702c,180,2507,17549,175.49,270.2415647367246,0.11749308249754895,3.9205249788604255,0.8169354672178389,
e3246f702c,180,2508,17556,175.56,270.20055451991556,0.09251176831636539,3.7569333488865135,0.25702197831241985,
e3246f702c,180,2509,17563,175.63,270.1673635421711,0.060105028648325155,3.8006549804973635,0.49890693997355967,
e3246f702c,180,2510,17570,175.7,270.15493877553735,0.1918829859003473,3.8505907680097424,0.952094311773309,
e3246f702c,180,2511,17577,175.77,270.13045914779843,0.11126818509572221,4.163069743789477,0.5428829400608414,
e3246f702c,180,2512,17584,175.84,270.0971955342919,0.09484179576390521,4.259588955627001,0.6963384450184918,
e3246f702c,180,2513,17591,175.91,270.07692163480544,0.12016479902734134,4.0556275440674865,1.0380802348139972,
e3246f702c,180,2514,17598,175.98,270.0493644216629,0.1284337888524932,4.155917628791216,0.7470894859344777,
e3246f702c,180,2515,17605,176.05,270.0108597706113,0.1037954399817527,3.9275139923784668,0.6000352205025622,
e3246f702c,180,2516,17612,176.12,269.97342809881343,0.05803726532802841,3.9923828790234865,0.3671702048831644,
e3246f702c,180,2517,17619,176.19,269.96343221761776,0.09266089300207055,3.9708269792793467,0.8155059095861131,
e3246f702c,180,2518,17626,176.26,269.9246416357727,0.06778446965373014,3.846710374735967,0.5123221962997808,
e3246f702c,180,2519,17633,176.33,269.9050895904897,0.09893713130645473,3.877704056881337,0.7890627284227117,
e3246f702c,180,2520,17640,176.4,269.85951405081494,0.07028443608069129,4.042128270397195,0.5555647500596698,
e3246f702c,180,2521,17647,176.47,269.8439509690205,0.11450763276827126,4.003118067950873,0.7452424442235065,
e3246f702c,180,2522,17654,176.54,269.78174642954184,0.0891268099654494,4.1603275687778885,0.25697710625937414,
e3246f702c,180,2523,17661,176.61,269.7733371825795,0.09271824880842278,4.0873924542081275,0.714682491761076,
e3246f702c,180,2524,17668,176.68,269.7387468167278,0.11670716310135636,3.9622214596888132,0.9787798411539682,
e3246f702c,180,2525,17675,176.75,269.6779414287101,0.2753804586268117,3.910250950117863,0.24941863059154815,
e3246f702c,180,2526,17682,176.82,269.67682675713,0.17052004919567776,4.681924153263285,0.7545498142406348,
e3246f702c,180,2527,17689,176.89,269.55914674602707,0.1939877414569529,3.953556923698307,0.7565835505243579,
e3246f702c,180,2528,17696,176.96,269.55284992601133,0.15660544240065996,4.194324001881174,1.200289976874254,
e3246f702c,180,2529,17703,177.03,269.44649197356455,0.11233178011682947,4.0996933498723465,0.9969337255002617,
e3246f702c,180,2530,17710,177.1,269.4036224426123,0.0945270905231971,4.11276749113107,0.7935589671219391,
e3246f702c,180,2531,17717,177.17,269.3669240679793,0.1853118340397405,4.027881428464982,0.9298515038074509,
e3246f702c,180,2532,17724,177.24,269.36122467093264,0.09099741440011985,4.323860737481745,0.2128750415018693,
e3246f702c,180,2533,17731,177.31,269.32028121103184,0.13748070752213534,4.029262922854185,0.680261653241136,
e3246f702c,180,2534,17738,177.38,269.3085472597924,0.22252044845868446,4.406008078748135,0.6759455391579959,
e3246f702c,180,2535,17745,177.45,269.2944978213493,0.26750320252099313,4.377143015527421,0.5938022325698532,
e3246f702c,180,2536,17752,177.52,269.24511929436767,0.26027863724312655,4.362761780714032,0.9958496427034628,
e3246f702c,180,2537,17759,177.59,269.2379060062668,0.16124865068523023,4.241177549679667,0.767090061626134,
e3246f702c,180,2538,17766,177.66,269.1400388089428,0.10916069351170325,3.9231368269548237,0.5370833303516986,
e3246f702c,180,2539,17773,177.73,269.0881546241925,0.07314396775993448,3.816788814731457,0.7094468847545485,
e3246f702c,180,2540,17780,177.8,269.06867934416493,0.06758055182589778,3.7989730356333915,0.5796888176448005,
e3246f702c,180,2541,17787,177.87,269.06076834583195,0.07968676039963658,3.8655396753431748,0.5742347302633767,
e3246f702c,180,2542,17794,177.94,269.036513072525,0.08156491214991514,3.8886600136920904,0.35058824463977273,
e3246f702c,180,2543,17801,178.01,269.00997567340613,0.11860922534271073,3.9531696038813093,1.0211477250354135,
e3246f702c,180,2544,17808,178.08,268.94531578809745,0.046282034392714756,4.065119349544421,0.42054727558293686,
e3246f702c,180,2545,17815,178.15,268.9367874724598,0.031028795120842105,4.057715889252427,0.2602949351369994,
e3246f702c,180,2546,17822,178.22,268.9324936839025,0.10857929471937472,4.040617401694406,0.510889950958424,
e3246f702c,180,2547,17829,178.29,268.92170671179036,0.11579679396298442,4.215801283876412,0.80619145240069,
e3246f702c,180,2548,17836,178.36,268.86422449036655,0.17139405280724693,4.112814499459539,0.7621924248838204,
e3246f702c,180,2549,17843,178.43,268.85730266509364,0.1288860822374143,4.65909900345005,0.7646389995743296,
e3246f702c,180,2550,17850,178.5,268.8038749581105,0.09169328571335682,4.360938554692039,0.7684378247926089,
e3246f702c,180,2551,17857,178.57,268.77042386678954,0.11586875195114754,4.145602238534111,0.3598048894229248,
e3246f702c,180,2552,17864,178.64,268.76554201354037,0.14747555283230845,4.469536660983558,1.1201373799731444,
e3246f702c,180,2553,17871,178.71,268.6636079804045,0.18616632043848583,3.9901084338223174,0.9066548778557157,
e3246f702c,180,2554,17878,178.78,268.6621100135173,0.12619817869842034,4.5174887404662805,0.4895349887753775,
e3246f702c,180,2555,17885,178.85,268.60982630984665,0.06135016480786394,4.14741353248894,0.3301272232711306,
e3246f702c,180,2556,17892,178.92,268.5984514430863,0.03534511261275834,4.065662906986313,0.2511688278221742,
e3246f702c,180,2557,17899,178.99,268.59600784737455,0.10278959810275227,4.0406399586485975,1.0179483806950282,
e3246f702c,180,2558,17906,179.06,268.5501066907261,0.0829636253139526,4.094167450661187,0.740355060420533,
e3246f702c,180,2559,17913,179.13,268.51744425605847,0.09212752861751762,4.037153921928175,0.8664381012810715,
e3246f702c,180,2560,17920,179.2,268.48078337145466,0.06348388064923703,4.054882470736177,0.5428124234620795,
e3246f702c,180,2561,17927,179.27,268.4610404447257,0.22474140258932115,4.011688834122161,1.0890435230855997,
e3246f702c,180,2562,17934,179.34,268.4069805269872,0.10258527473904042,4.62291569407367,0.34980035967763456,
e3246f702c,180,2563,17941,179.41,268.3800489380141,0.13579954971143926,4.302911173382944,1.1049005075432106,
e3246f702c,180,2564,17948,179.48,268.3027633810417,0.08363052987665233,4.443820729164565,0.7969260868414341,
e3246f702c,180,2565,17955,179.55,268.2690014558515,0.057151662475524646,4.263144296661357,0.3854253325976288,
e3246f702c,180,2566,17962,179.62,268.25796476677044,0.056127888281403596,4.212121181087835,0.545667653566317,
e3246f702c,180,2567,17969,179.69,268.2440702258491,0.0756893774034145,4.264266475722363,0.7129974856249063,
e3246f702c,180,2568,17976,179.76,268.2185302040629,0.059367689190370505,4.039564796466477,0.5600057511082273,
e3246f702c,180,2569,17983,179.83,268.2031906528623,0.041116272008227664,3.9810674516543796,0.26921604782285796,
e3246f702c,180,2570,17990,179.9,268.1957231609457,0.15715525592747234,3.9216863926091903,0.12871426853044632,
e3246f702c,180,2571,17997,179.97,268.1924185227621,,4.104050459457165,0.4442222775261496,
52023e6983,180,0,0,0.0,2727010.761415566,487.17355403956185,10212.732359910277,1736.2931766082663,"ProjectedCommonDirectionsConfig(subspace_frac_grads=0.02, subspace_frac_updates=0.02, subspace_frac_random=0.01, direction_str=sd, random_proj=True, random_proj_dim_frac=0.03, ensemble=haar, inner_use_full_grad=True, orth_P_k=True, beta=0.001, tau=0.5, c_const=inf, N_try=200, alpha_max=100, p_const=1)"
52023e6983,180,1,7,0.07,2274320.9786058185,238.69729019691027,8750.835167192392,532.224274867767,
52023e6983,180,2,14,0.14,2136315.5617090296,106.36553578206494,8586.738954031403,466.680565459132,
52023e6983,180,3,21,0.21,2108501.6496269125,390.9708560485023,8532.488045628794,1879.8539098277538,
52023e6983,180,4,28,0.28,1814162.0118774825,452.03507816424144,7394.8793532728905,965.3497352240172,
52023e6983,180,5,35,0.35,1767946.9994130628,321.10534716706985,7127.77904475822,708.1696529008011,
52023e6983,180,6,42,0.42,1553286.049570908,260.9352796362178,6552.830494526093,892.5676552293944,
52023e6983,180,7,49,0.49,1398949.517330239,119.84263168107663,6302.49939964354,202.43437599184105,
52023e6983,180,8,56,0.56,1368596.6738345833,248.93420492357208,6064.049685049579,1200.0871705834113,
52023e6983,180,9,63,0.63,1265437.9666761393,243.61817446833862,5558.287805004765,1013.279513247596,
52023e6983,180,10,70,0.7,1147886.6803429301,151.977070556077,5482.806152479511,681.4726879884249,
52023e6983,180,11,77,0.77,1119179.9530850183,253.42783013135355,5319.150979499959,1139.0207601053069,
52023e6983,180,12,84,0.84,996354.7370282914,216.22510114983592,4844.6872882402,909.9022991219342,
52023e6983,180,13,91,0.91,897120.7493896929,116.52215151746559,4446.755525013523,453.1054104885783,
52023e6983,180,14,98,0.98,879092.7528594262,108.46031938249881,4344.855015485973,285.7770545553857,
52023e6983,180,15,105,1.05,853139.7581060268,164.09577407744825,4197.705805481723,815.9131988768739,
52023e6983,180,16,112,1.12,802568.6944424137,176.82495775430718,3856.91296180907,814.0423666855127,
52023e6983,180,17,119,1.19,771834.0598960615,163.64103442296926,3791.013647858548,627.6149537851957,
52023e6983,180,18,126,1.26,712876.4320719162,119.2553221017507,3516.146129967739,543.7842316738945,
52023e6983,180,19,133,1.33,694493.306434068,111.62572614458789,3476.9490452901655,380.16837680483025,
52023e6983,180,20,140,1.4,669517.2420931709,184.68198904610162,3337.1712945266872,943.0483049312558,
52023e6983,180,21,147,1.47,615229.8691486361,177.64407358476524,3038.611076957482,777.0694470648846,
52023e6983,180,22,154,1.54,548779.4867570959,92.47724219542958,2960.147884119673,439.6499988370416,
52023e6983,180,23,161,1.61,530291.350195225,123.86207582854354,2814.6595555659924,482.0145621183948,
52023e6983,180,24,168,1.68,493014.4876554989,126.53553050469968,2739.937141317547,440.7236556787593,
52023e6983,180,25,175,1.75,472651.0100636031,108.57091876563616,2604.3727007279454,389.79403563016973,
52023e6983,180,26,182,1.82,452337.7054879696,119.12875721200479,2489.736489169189,487.1454502853132,
52023e6983,180,27,189,1.89,424254.8088327535,124.68834326168655,2348.4822718283435,563.2002454672722,
52023e6983,180,28,196,1.96,390456.73629044346,70.4599105075799,2229.590871445365,311.1813171990895,
52023e6983,180,29,203,2.03,381926.4247013503,147.66820053461177,2238.675898007583,290.25109210512665,
52023e6983,180,30,210,2.1,377053.5718141989,75.1881711686604,2269.2394848856134,230.8577406953271,
52023e6983,180,31,217,2.17,364895.87503957417,67.52607490478191,2202.6372395821463,337.82063248944195,
52023e6983,180,32,224,2.24,354797.7346817364,69.8947479279944,2186.6937574003587,292.4693599504568,
52023e6983,180,33,231,2.31,345408.6609420779,81.77716926299522,2131.196129842336,381.10227663940316,
52023e6983,180,34,238,2.38,329965.01106080535,61.28165796782565,2075.0872040146965,305.0791171986986,
52023e6983,180,35,245,2.45,325405.7236304787,104.4819764724978,2015.4222291597018,266.41550032547235,
52023e6983,180,36,252,2.52,298752.42111369653,101.94437615170904,1926.280294502561,466.12292931332973,
52023e6983,180,37,259,2.59,284511.0518022674,78.64226561486346,1971.8628603260333,291.8127472136035,
52023e6983,180,38,266,2.66,274501.89458630927,68.49864225945217,1858.6487310857342,242.12437591381996,
52023e6983,180,39,273,2.73,267090.16973385186,55.12327434764606,1848.3042871254393,175.84317089935274,
52023e6983,180,40,280,2.8,260647.5514032259,91.49398274292965,1790.293615198712,432.55101663022225,
52023e6983,180,41,287,2.87,240920.25659716755,104.45699316732882,1733.493187943143,532.9935995396631,
52023e6983,180,42,294,2.94,225147.2314665633,87.60821875377773,1604.7716912043736,344.96498032242346,
52023e6983,180,43,301,3.01,213246.63351780237,64.4197263500443,1529.7599584966201,267.9106934970229,
52023e6983,180,44,308,3.08,205518.3995862765,59.61344381483334,1477.6430777151638,171.93644747083636,
52023e6983,180,45,315,3.15,199870.4906334217,59.5750221558353,1464.1135833127505,262.521008192926,
52023e6983,180,46,322,3.22,192252.10503619353,47.33696507293719,1424.6741158520313,216.1900241120461,
52023e6983,180,47,329,3.29,188811.50772699236,48.840858905703314,1385.8007396779665,87.55543593065227,
52023e6983,180,48,336,3.36,183613.3483739403,79.38733234187282,1359.243551798398,281.6510679523916,
52023e6983,180,49,343,3.43,169648.1591577858,85.16304972978705,1292.5564585943007,417.1299306655497,
52023e6983,180,50,350,3.5,157737.8601140215,53.861079601129774,1220.4254536701758,86.73763636464982,
52023e6983,180,51,357,3.57,152252.46309567126,33.83254745064442,1198.2590772605934,88.36228157400213,
52023e6983,180,52,364,3.64,149827.98523387584,36.83164718793282,1179.8611325472966,134.81227069553628,
52023e6983,180,53,371,3.71,147117.95733533258,63.932487917745426,1162.7561920060025,149.31847574561192,
52023e6983,180,54,378,3.78,146180.4889757378,55.400440231847845,1180.8188552511697,247.96873835438265,
52023e6983,180,55,385,3.85,140399.58003409478,64.4498934995392,1125.184249189419,315.70973758220134,
52023e6983,180,56,392,3.92,131265.3140860615,103.08554840100771,1062.9029921322417,243.51597738979982,
52023e6983,180,57,399,3.99,130467.6846510577,65.16126887613267,1153.2264716103227,233.04002527662038,
52023e6983,180,58,406,4.06,121797.1091918897,60.09469669843393,1056.5726336860914,289.7757019959041,
52023e6983,180,59,413,4.13,117134.2400681098,46.13462562952162,1040.7924798525519,129.15382392535466,
52023e6983,180,60,420,4.2,114010.73218687772,28.230333534768288,988.3234636007525,71.38065778573376,
52023e6983,180,61,427,4.27,112537.96257526308,40.69977208713799,967.8849460627509,182.22942910641675,
52023e6983,180,62,434,4.34,109720.32910695688,47.720045340936,975.6894221269782,236.02492776773784,
52023e6983,180,63,441,4.41,104448.92773246828,55.44384693193458,953.7778821330936,262.5918732338862,
52023e6983,180,64,448,4.48,100501.91604945676,47.61547950295797,953.9468967869384,41.06014725668193,
52023e6983,180,65,455,4.55,99223.27982887108,42.323259117207115,930.744380691801,102.28913888123887,
52023e6983,180,66,462,4.62,98077.61882202771,37.35904632474642,925.0660520808871,20.468649295779567,
52023e6983,180,67,469,4.69,97233.27280450947,49.982896114498146,898.1882278873521,169.61537120517934,
52023e6983,180,68,476,4.76,92298.25517953638,35.009753750584736,871.0055885864402,123.08673560000581,
52023e6983,180,69,483,4.83,90054.98519289479,29.64453034999912,845.9147780714153,126.5813554624955,
52023e6983,180,70,490,4.9,88551.64250615126,84.11371504652335,837.6646372065076,165.9709385421683,
52023e6983,180,71,497,4.97,84634.85774003863,40.8294465222569,851.8827752796363,158.39908531310547,
52023e6983,180,72,504,5.04,81323.13211305508,25.79819951781656,814.0831716370029,118.34451235361587,
52023e6983,180,73,511,5.11,80488.16567876616,23.74770675602742,789.6253730158356,77.86843616163526,
52023e6983,180,74,518,5.18,79109.03604562892,35.24298397414187,780.7517294041598,166.7786400414228,
52023e6983,180,75,525,5.25,76837.52311070236,28.104760696217742,746.4861712535873,129.97097364326297,
52023e6983,180,76,532,5.32,75035.57605411658,30.512245938441435,745.2379429874554,138.58923067167277,
52023e6983,180,77,539,5.39,73147.48401014274,18.742115075285508,755.8791040106007,81.21011293094345,
52023e6983,180,78,546,5.46,72275.13772102408,25.31348793758969,750.9193939832456,57.22496350476021,
52023e6983,180,79,553,5.53,70803.03557176504,23.46629670659523,730.1677814522536,116.18198197204754,
52023e6983,180,80,560,5.6,69597.65147394179,29.78775640334071,730.426170854503,123.92692979929224,
52023e6983,180,81,567,5.67,68554.52677955996,22.58767273252008,723.4815657222274,52.82056653119798,
52023e6983,180,82,574,5.74,67879.13543398982,30.2449957570169,726.4126439870215,79.33560076841809,
52023e6983,180,83,581,5.81,66315.9737736434,28.445846263684878,713.6957002528303,118.16058254790738,
52023e6983,180,84,588,5.88,65105.138071529465,20.107664748566528,724.1271883892075,53.787004453183734,
52023e6983,180,85,595,5.95,64527.82155741145,33.16102728305025,700.425080670306,115.35555213162759,
52023e6983,180,86,602,6.02,63118.50069530089,48.607786563325455,707.4508438347425,182.87961406771754,
52023e6983,180,87,609,6.09,58144.01745365237,25.989799127933797,644.061026801286,107.67545241328958,
52023e6983,180,88,616,6.16,56652.06911093814,25.101386285789065,646.3922763726105,120.86394377521394,
52023e6983,180,89,623,6.23,55198.02003442729,22.918411100108752,629.4058970761561,92.65662481918159,
52023e6983,180,90,630,6.3,54351.067465963395,37.422394766695255,644.3127342017148,84.08820895687975,
52023e6983,180,91,637,6.37,54225.38944605312,26.71869071032111,641.9239552809596,64.6483487362496,
52023e6983,180,92,644,6.44,53031.41807367689,20.76950293374096,646.5622818777963,94.24841044560424,
52023e6983,180,93,651,6.51,51981.082364336165,14.419816584674924,610.9603250481669,48.39136415412466,
52023e6983,180,94,658,6.58,51555.56185675962,39.15122550419028,601.7985458559435,176.39273547890923,
52023e6983,180,95,665,6.65,49748.670366655264,24.60531713173549,583.1313598487255,48.600596077238656,
52023e6983,180,96,672,6.72,48509.48799887093,17.928538619947954,556.8761052903961,61.0049149892934,
52023e6983,180,97,679,6.79,47856.392671251044,19.541423909786893,543.8124875986323,89.608270097813,
52023e6983,180,98,686,6.86,47082.92523449756,11.371398794358882,540.3268239137186,46.87125976514002,
52023e6983,180,99,693,6.93,46816.7621233924,14.107277418370876,530.0448849858752,69.02831346923637,
52023e6983,180,100,700,7.0,46379.79511848174,11.720634807470478,533.867629581701,54.491231322255715,
52023e6983,180,101,707,7.07,46206.08512317706,28.103811121629956,526.6166974845215,136.26568455546666,
52023e6983,180,102,714,7.14,44585.865332011366,29.34029385589668,504.3751936138202,146.7523529110885,
52023e6983,180,103,721,7.21,42552.88404588528,11.083740887966007,491.06305722871383,40.47442686274285,
52023e6983,180,104,728,7.28,42244.82790993478,21.108019431740406,481.37945407800106,91.3300178646394,
52023e6983,180,105,735,7.35,41226.09200113664,21.48638642701194,478.4131332719991,78.67062835369589,
52023e6983,180,106,742,7.42,40300.38553387365,30.502318517999747,510.87343129077925,143.01145731353472,
52023e6983,180,107,749,7.49,39034.542377204336,18.425053098715146,484.84027210359795,59.07183657449167,
52023e6983,180,108,756,7.56,38490.47658981897,30.41473654525557,491.5943274886971,143.28629366140146,
52023e6983,180,109,763,7.63,36269.916336476315,14.545609119518078,453.92849876531227,54.20057000729811,
52023e6983,180,110,770,7.7,35923.03937127757,18.0032541545147,454.83611661453665,82.71756698222735,
52023e6983,180,111,777,7.77,35207.92381355801,12.538279540509249,446.4147693724972,51.453870860985035,
52023e6983,180,112,784,7.84,35094.22970499818,10.763229129174531,461.3294024521606,17.330243596641253,
52023e6983,180,113,791,7.91,35009.52415462413,16.778727594666545,444.6271078380807,76.03434483516426,
52023e6983,180,114,798,7.98,34586.78234213334,33.23076935728219,447.0257761671868,162.3521978810783,
52023e6983,180,115,805,8.05,32197.217222880416,9.65687049934817,411.5675473354663,39.658291521487975,
52023e6983,180,116,812,8.12,31997.539848415763,11.821904974577974,390.81739179796807,54.526676856276424,
52023e6983,180,117,819,8.19,31652.969618676114,12.497125541681093,396.3124323828103,35.937337637308154,
52023e6983,180,118,826,8.26,31377.437825676083,36.82462074626969,391.75950893930695,90.57114053335494,
52023e6983,180,119,833,8.33,31172.447884150795,19.526332014627265,426.8605307300652,13.37047276800507,
52023e6983,180,120,840,8.4,30392.40675039248,20.633464992785825,383.344580251575,52.951808800218366,
52023e6983,180,121,847,8.47,29702.229485315922,14.371120500970187,400.6650671884368,68.6042221398278,
52023e6983,180,122,854,8.54,29435.59023764333,21.437074829630223,387.4785642907581,101.56241192071,
52023e6983,180,123,861,8.61,28678.233490956565,25.12910807120108,375.26589816628535,57.68469635874024,
52023e6983,180,124,868,8.68,27252.106789513153,16.610629213029586,373.17052306006826,39.40781101374913,
52023e6983,180,125,875,8.75,26827.134122699397,14.580079163109964,358.3629567556308,49.67075146271405,
52023e6983,180,126,882,8.82,26606.458730752234,23.713701324550716,349.04481110885547,53.725545373210764,
52023e6983,180,127,889,8.89,26110.57136873794,19.21797960206474,371.3732480938884,69.53906738814872,
52023e6983,180,128,896,8.96,25800.391159136256,8.91095811690928,341.9110207312407,61.79774575963802,
52023e6983,180,129,903,9.03,25416.370863860127,19.74756260930135,347.7126673371624,62.4671598184898,
52023e6983,180,130,910,9.1,24700.134551124134,9.516900374837332,329.4777070838085,34.93695575632135,
52023e6983,180,131,917,9.17,24584.554704559803,15.138667323135527,332.3241362185647,67.03467170988206,
52023e6983,180,132,924,9.24,24377.177517277098,16.944785067182725,323.1711689264866,77.64810268842683,
52023e6983,180,133,931,9.31,23722.98823042695,14.067254425163275,321.330880966237,68.9921108886088,
52023e6983,180,134,938,9.38,23380.72685575019,7.164235048547834,311.31410323236287,26.390390550414683,
52023e6983,180,135,945,9.45,23265.131858889934,10.977212155012978,313.54592785391253,53.15373584282092,
52023e6983,180,136,952,9.52,23112.311113215816,18.008397281331604,320.91832967568655,75.17365949885628,
52023e6983,180,137,959,9.59,22775.477292646025,10.245902459678781,314.5065488231839,38.27810162811831,
52023e6983,180,138,966,9.66,22625.529055658895,10.377519667666206,322.4449655347507,39.175054605427015,
52023e6983,180,139,973,9.73,22552.469996203774,10.614258031607484,305.2528394165088,37.849640348663854,
52023e6983,180,140,980,9.8,22522.897781537296,15.827104514143663,313.13448133661115,54.38801190401547,
52023e6983,180,141,987,9.87,22160.096819505277,11.576073379527678,299.66613497806003,47.9679268854905,
52023e6983,180,142,994,9.94,21790.192005747947,9.438611901520197,293.81227503336663,39.01819403907967,
52023e6983,180,143,1001,10.01,21594.652168022985,9.873056751951031,291.3615468404132,44.59310032087421,
52023e6983,180,144,1008,10.08,21429.920577799774,12.31266383749696,289.0631120448734,20.376125296689416,
52023e6983,180,145,1015,10.15,21426.34638097329,16.09626144922304,319.14872339754976,71.5210498489917,
52023e6983,180,146,1022,10.22,20957.90247655332,14.607091433077962,304.53026125306803,48.75226619734218,
52023e6983,180,147,1029,10.29,20540.94570264578,19.953553896999345,289.69663637786925,90.29292702330176,
52023e6983,180,148,1036,10.36,20005.629157840693,17.130341199795456,306.6304957355039,83.51637299628403,
52023e6983,180,149,1043,10.43,19583.485070663675,12.227291385896198,273.37084376933353,40.29744166012576,
52023e6983,180,150,1050,10.5,19252.356454938068,12.73883827174765,281.7452014191665,55.114801017378944,
52023e6983,180,151,1057,10.57,18917.11313069837,9.042839991332569,269.1593536303189,44.792626000596805,
52023e6983,180,152,1064,10.64,18710.535145326492,12.369198884015331,264.2819147351772,61.29043906291887,
52023e6983,180,153,1071,10.71,18415.563398725306,8.771497335943558,275.1452238190776,26.888724728756944,
52023e6983,180,154,1078,10.78,18238.640536016756,9.795602948397455,265.044469364722,40.78456912522707,
52023e6983,180,155,1085,10.85,18057.66629509884,17.606017808986813,267.77343501581095,51.09562056088712,
52023e6983,180,156,1092,10.92,17405.12179140124,10.640316637852365,261.70755987451344,47.84273867543598,
52023e6983,180,157,1099,10.99,17210.52032547679,14.217242034957652,245.40220233509703,44.62377118200333,
52023e6983,180,158,1106,11.06,16948.174072817015,13.5366312696576,251.79573439498307,14.521610113634566,
52023e6983,180,159,1113,11.13,16848.37304744067,13.767365598263462,240.0247427879058,52.92942672705453,
52023e6983,180,160,1120,11.2,16659.46175049309,15.356287241140864,248.53553580024587,37.09755364202465,
52023e6983,180,161,1127,11.27,16411.40705086365,10.930181050950837,236.95143967274555,36.85824305970846,
52023e6983,180,162,1134,11.34,16279.13106766747,12.907205080439718,238.68262441155085,58.11058424036851,
52023e6983,180,163,1141,11.41,16219.507499016861,10.9084206599596,245.11607143046427,29.62548413129648,
52023e6983,180,164,1148,11.48,16040.21594289353,25.429592390743636,232.38678807627912,53.41218547442656,
52023e6983,180,165,1155,11.55,16036.30873778906,13.851736327690203,260.18801836776373,33.337563504902676,
52023e6983,180,166,1162,11.62,15534.631503410583,8.346874470116802,239.09680116659064,33.642539551372494,
52023e6983,180,167,1169,11.69,15442.598229284295,7.375834756299597,220.3412039806021,15.353110969895306,
52023e6983,180,168,1176,11.76,15422.39644382453,8.276302415060323,239.78067904745595,18.989247305834738,
52023e6983,180,169,1183,11.83,15327.66412685459,14.870760979442059,224.66202094183643,38.64594616874443,
52023e6983,180,170,1190,11.9,15038.340499523332,13.536409746071667,231.51418999311906,55.23782989511635,
52023e6983,180,171,1197,11.97,14856.58899641296,9.322776711786327,233.79708767011005,33.40541206073149,
52023e6983,180,172,1204,12.04,14681.189415554785,7.566431436977317,236.53783365503324,33.34105099161089,
52023e6983,180,173,1211,12.11,14638.962995354252,8.111340165339698,222.72948624979406,25.822842713883677,
52023e6983,180,174,1218,12.18,14570.421503386277,4.861283832102968,231.16771251248014,43.98843343145426,
52023e6983,180,175,1225,12.25,14468.211308449725,12.689360567323115,225.53595020846222,63.95885895501457,
52023e6983,180,176,1232,12.32,14201.173363939479,9.089639689703203,231.78707547395567,25.19240590657156,
52023e6983,180,177,1239,12.39,14057.81219298772,4.255272436127685,206.22501459917228,36.296788744975125,
52023e6983,180,178,1246,12.46,13987.723347980296,8.670867138442897,211.5189258019244,39.11288144371774,
52023e6983,180,179,1253,12.53,13938.159756005483,11.812987882327345,212.25677806260813,46.64730613095626,
52023e6983,180,180,1260,12.6,13793.184148616936,7.586234306148572,229.94924969036015,19.524709053144225,
52023e6983,180,181,1267,12.67,13687.34785839016,9.076433841554014,216.36822377742004,42.679809254855684,
52023e6983,180,182,1274,12.74,13615.96769035655,13.783649190151413,225.88402050951166,61.70012309230465,
52023e6983,180,183,1281,12.81,13298.61333703741,4.545185049516201,237.59738423534847,43.73830507050188,
52023e6983,180,184,1288,12.88,13205.136377495077,12.922772254729766,236.47532760303326,62.61908614079258,
52023e6983,180,185,1295,12.95,12900.943022417061,10.521156293070465,219.43683897692108,31.649930718786372,
52023e6983,180,186,1302,13.02,12874.200523715112,13.5785274755618,211.23096663100623,25.0127008556473,
52023e6983,180,187,1309,13.09,12714.842373737882,10.738433710690046,206.7300050168575,40.31125775976905,
52023e6983,180,188,1316,13.16,12576.057084644148,11.71041619754916,197.683658749202,49.32194602227361,
52023e6983,180,189,1323,13.23,12362.935165521223,7.0889793288385965,199.91354782780903,19.617915596901717,
52023e6983,180,190,1330,13.3,12304.318281193991,9.558899941934797,199.17515017882133,16.66919457195077,
52023e6983,180,191,1337,13.37,12204.341850647583,7.525987820820358,199.23590840593508,24.708286394418995,
52023e6983,180,192,1344,13.44,12085.321698330215,6.431560313894094,192.81287076984248,16.83995690615652,
52023e6983,180,193,1351,13.51,12046.801576490096,6.509092079786259,186.75442072801667,24.964435230105817,
52023e6983,180,194,1358,13.58,12033.169673719533,10.318515988620929,195.6419214943398,28.393653668317548,
52023e6983,180,195,1365,13.65,11928.739465618422,9.762924227963278,206.13787777486965,19.500663684202618,
52023e6983,180,196,1372,13.72,11901.802848109537,13.58761525735992,194.4159843597334,38.901243047359785,
52023e6983,180,197,1379,13.79,11775.19489694112,11.885141240974486,224.64261806482634,44.50527504366706,
52023e6983,180,198,1386,13.86,11655.560047690964,10.533665420231783,202.91941349402367,38.84853280891801,
52023e6983,180,199,1393,13.93,11508.785377827242,11.911200599284342,209.97225667375332,45.45852820188063,
52023e6983,180,200,1400,14.0,11410.824224194972,10.944399274258025,205.11957285809186,30.856920550024064,
52023e6983,180,201,1407,14.07,11227.876189243594,12.561448457611254,205.31698509809925,38.347419366849586,
52023e6983,180,202,1414,14.14,11216.317451495288,12.0245869224551,198.24637277715095,30.85916122502085,
52023e6983,180,203,1421,14.21,11162.110355132445,13.20015192059064,194.64821116472248,28.456105540798166,
52023e6983,180,204,1428,14.28,11019.637005714196,14.488988830435856,188.84665261224055,38.944451366296455,
52023e6983,180,205,1435,14.35,10692.651744239918,9.481865841501124,186.58062437248842,31.184458443044434,
52023e6983,180,206,1442,14.42,10580.658660709114,3.1919666230991712,184.55214921758932,17.74366567528554,
52023e6983,180,207,1449,14.49,10533.475990457979,4.970034482671,177.04176170170908,20.416931126368752,
52023e6983,180,208,1456,14.56,10501.008149357342,9.419638886358088,182.2433507318758,34.28725376292508,
52023e6983,180,209,1463,14.63,10463.805060353116,6.699623267765822,184.2890142539969,21.379574669975355,
52023e6983,180,210,1470,14.7,10374.97924666731,7.517189343632598,183.79779133904876,37.324749962393035,
52023e6983,180,211,1477,14.77,10255.76945765515,4.514803829150506,178.33729589697586,17.87749932626615,
52023e6983,180,212,1484,14.84,10216.356392673953,8.00503881749662,172.70848889169514,21.710942355540748,
52023e6983,180,213,1491,14.91,10133.492513636435,9.948570107337604,167.54597512008291,33.25313518935077,
52023e6983,180,214,1498,14.98,10009.010190581947,8.786089834457611,190.13779809564235,31.632268485687515,
52023e6983,180,215,1505,15.05,9935.757894920185,8.34846598804521,173.39847464961142,20.566906567037567,
52023e6983,180,216,1512,15.12,9892.909223916573,9.08810810237806,171.80784978278453,26.76879072166261,
52023e6983,180,217,1519,15.19,9737.411519509575,7.005372346142235,183.48534639370686,25.840712728413564,
52023e6983,180,218,1526,15.26,9695.223579835385,5.630636402002665,170.12513414649928,6.206281625577589,
52023e6983,180,219,1533,15.33,9669.312303910632,11.291300004599464,175.5180375956663,45.83870337318384,
52023e6983,180,220,1540,15.4,9519.536414004782,7.5674016794961085,184.85360007788663,18.829776854839174,
52023e6983,180,221,1547,15.47,9469.055734171094,10.176848528396501,181.4152561418636,39.19827515300388,
52023e6983,180,222,1554,15.54,9397.131066471688,9.40003607609465,180.38756655408162,28.892902341426172,
52023e6983,180,223,1561,15.61,9351.231382238506,8.57280707646428,177.82687108860097,21.668988216142175,
52023e6983,180,224,1568,15.68,9314.985121617992,4.228013961557833,171.87999791282166,21.528110680856983,
52023e6983,180,225,1575,15.75,9221.637338161578,7.161451974648699,165.15554930613663,35.9955541160101,
52023e6983,180,226,1582,15.82,9161.098582743562,10.961895996389227,153.6954518277128,46.817989941570566,
52023e6983,180,227,1589,15.89,8930.925419185078,7.648674059653817,181.76913310999853,34.063036846019685,
52023e6983,180,228,1596,15.96,8828.756097609848,8.351803731368433,170.38111360952746,31.40365245203718,
52023e6983,180,229,1603,16.03,8738.452746575444,8.674458974276291,183.49783266711378,28.82850677649333,
52023e6983,180,230,1610,16.1,8641.740197516438,7.3342284040625865,175.20869887691094,33.22969828556904,
52023e6983,180,231,1617,16.17,8525.530805376975,9.292509031982947,164.32648418813974,41.816710810208534,
52023e6983,180,232,1624,16.24,8384.616784347007,6.0072288410940144,179.92507041722877,17.144381312850058,
52023e6983,180,233,1631,16.31,8356.85733684362,12.264090323267627,157.7097973766436,12.41312604434844,
52023e6983,180,234,1638,16.38,8336.15223433784,8.247550771314287,182.3246328412916,24.524947850551705,
52023e6983,180,235,1645,16.45,8230.16081497721,8.738440525500298,157.89009881944762,29.391518332382436,
52023e6983,180,236,1652,16.52,8170.14280183381,7.989059388394412,155.83165075841634,32.70093692200381,
52023e6983,180,237,1659,16.59,8069.845405239027,7.717474969907092,159.1158621251029,31.36919632797243,
52023e6983,180,238,1666,16.66,8051.073988951762,7.083796789265373,155.6246993753248,21.084084098117646,
52023e6983,180,239,1673,16.73,8032.187033108038,8.40785356112591,155.8636330608058,25.558406551739214,
52023e6983,180,240,1680,16.8,7922.709696936368,6.317454168767572,150.18483736703615,23.008962136983037,
52023e6983,180,241,1687,16.87,7861.4682145005945,4.956152509415555,148.8848714226177,14.559325215859607,
52023e6983,180,242,1694,16.94,7826.990257320963,6.459644122126398,141.16656717297033,21.341081940670595,
52023e6983,180,243,1701,17.01,7734.295671320309,5.352123363348926,147.92221010968817,11.014251307647468,
52023e6983,180,244,1708,17.08,7697.17099585618,3.644456171921805,149.4171293413954,13.612100768380547,
52023e6983,180,245,1715,17.15,7682.04176293135,8.259273530516314,154.0611446977207,33.32882392613019,
52023e6983,180,246,1722,17.22,7583.377462905252,5.915993953038226,150.08240666748137,20.58139721999517,
52023e6983,180,247,1729,17.29,7548.626254368645,9.179982958047121,150.2384652388391,40.030285725580846,
52023e6983,180,248,1736,17.36,7385.918719371509,7.122894587218543,150.7948509724862,33.7306488286892,
52023e6983,180,249,1743,17.43,7323.8674830095115,6.3907639521229225,146.1893511350273,25.859571795244456,
52023e6983,180,250,1750,17.5,7218.202165844017,5.61122714176264,138.84028689959774,13.384745401615907,
52023e6983,180,251,1757,17.57,7167.006555774548,5.260257140821504,148.15694250117136,24.513306321666164,
52023e6983,180,252,1764,17.64,7150.847756537392,6.796425490511279,146.8166851905861,24.397107722861428,
52023e6983,180,253,1771,17.71,7069.639403712834,7.284205490412391,148.53131146188824,21.362636971407387,
52023e6983,180,254,1778,17.78,6977.48484564122,5.083331190455546,143.23954059336268,18.337070606314068,
52023e6983,180,255,1785,17.85,6945.782140750291,7.635471875162127,140.3865539590791,37.39999268204236,
52023e6983,180,256,1792,17.92,6850.014829975343,4.457217217765423,144.66678814409772,12.88594708135404,
52023e6983,180,257,1799,17.99,6819.989870134773,6.100064659533997,139.59326587567412,26.8965351591052,
52023e6983,180,258,1806,18.06,6766.49645387826,9.613687764662142,154.1573321536693,29.670992698804948,
52023e6983,180,259,1813,18.13,6684.555954166147,10.041052953998447,151.90478088586474,43.12538691759692,
52023e6983,180,260,1820,18.2,6635.602060221764,8.345885579035556,151.70744359013048,14.267920550954761,
52023e6983,180,261,1827,18.27,6531.191246211944,8.156879588283731,148.640900841195,20.634982311467787,
52023e6983,180,262,1834,18.34,6507.818853507434,5.852741495866895,148.98706720721682,18.130253679084156,
52023e6983,180,263,1841,18.41,6406.433156457182,4.184615708473021,137.1461974098998,16.828405583836375,
52023e6983,180,264,1848,18.48,6387.722557434942,9.011181940739162,141.6936081941781,43.887398998626,
52023e6983,180,265,1855,18.55,6294.149364458359,6.136165865822705,136.07166188659977,16.75422773164339,
52023e6983,180,266,1862,18.62,6222.824804056109,6.163064780218593,133.68196088381973,23.464332168642972,
52023e6983,180,267,1869,18.69,6157.7583090939615,7.276799634761537,144.16839224068937,27.98470982584457,
52023e6983,180,268,1876,18.76,6134.5144850149445,6.5037900221702545,134.37102251812584,17.73981682852279,
52023e6983,180,269,1883,18.83,6060.581738977847,3.225349424286959,138.64708764017578,6.206753636062273,
52023e6983,180,270,1890,18.9,6052.616312489752,2.6356277237081773,132.83661215986464,16.628290986806128,
52023e6983,180,271,1897,18.97,6016.5644833182505,3.3972134063982073,134.95713358105934,33.05923731732472,
52023e6983,180,272,1904,19.04,5964.528135032641,7.648752065708456,135.57655101884467,36.26449665218412,
52023e6983,180,273,1911,19.11,5926.031392603669,8.010991682246186,137.57182636771125,32.057476075991296,
52023e6983,180,274,1918,19.18,5907.565394594975,4.851850460901149,144.019201827103,21.518512265458337,
52023e6983,180,275,1925,19.25,5806.087102581532,4.581248576505835,130.28667829391784,20.372281619649687,
52023e6983,180,276,1932,19.32,5782.310091715179,3.467336951777688,134.3719237420318,19.18455025199779,
52023e6983,180,277,1939,19.39,5729.482382227075,1.910537966532706,125.81938136147373,13.80535259638933,
52023e6983,180,278,1946,19.46,5713.760550892672,1.8880839363268496,126.94590076208326,16.58942316549949,
52023e6983,180,279,1953,19.53,5703.207894395882,3.1681782413484036,130.59085568817034,29.71090311962397,
52023e6983,180,280,1960,19.6,5658.671365554222,3.0504865293645,129.42098917266745,13.4101231527369,
52023e6983,180,281,1967,19.67,5652.663572119886,2.817298071888646,134.7997793561783,4.7332311355755925,
52023e6983,180,282,1974,19.74,5643.049755672969,6.833277967176574,132.9815859286036,31.443065965712865,
52023e6983,180,283,1981,19.81,5588.365862988724,5.511177727825457,143.64899564387517,15.747912062750016,
52023e6983,180,284,1988,19.88,5538.776747069568,7.023720730740104,129.6863171270231,30.608152364057702,
52023e6983,180,285,1995,19.95,5488.96049978943,6.303260032930192,131.67734913591212,17.879733438005623,
52023e6983,180,286,2002,20.02,5455.00987048243,5.10930419109797,122.70670054337573,14.173150951438181,
52023e6983,180,287,2009,20.09,5434.621434184177,6.34083486866921,130.3488730912511,21.71802123504059,
52023e6983,180,288,2016,20.16,5423.963670966441,5.607525989540976,122.36740844836648,5.619580601584054,
52023e6983,180,289,2023,20.23,5415.473843371322,3.482646090067672,129.61797969021393,23.135732671581295,
52023e6983,180,290,2030,20.3,5357.275991115863,4.469683729132474,120.10097146982618,22.34011362226728,
52023e6983,180,291,2037,20.37,5343.005116293944,7.198432164241428,120.23476952425045,32.41723033206909,
52023e6983,180,292,2044,20.44,5279.028940119667,2.8968421878351855,130.21936234673262,20.43635347064268,
52023e6983,180,293,2051,20.51,5234.703095143359,3.065143773881714,121.3051726511034,14.909659394227905,
52023e6983,180,294,2058,20.58,5226.330779042185,2.9265184158029114,124.76027831858177,5.658469813757673,
52023e6983,180,295,2065,20.65,5215.211968752356,4.980692048649542,123.44214744908268,18.4668724580829,
52023e6983,180,296,2072,20.72,5197.425631996279,7.727998594191486,128.3833312674619,24.200943175837576,
52023e6983,180,297,2079,20.79,5175.455981328407,5.331279014078967,121.22002376976968,15.674669858104638,
52023e6983,180,298,2086,20.86,5135.900261538731,5.33221579401796,120.48825428379669,17.06440150517256,
52023e6983,180,299,2093,20.93,5135.055573051775,4.55433837710962,123.2659757629861,39.93169106504702,
52023e6983,180,300,2100,21.0,5034.015425159895,5.475171211210569,119.71508368525767,24.44536771277218,
52023e6983,180,301,2107,21.07,5024.382039003725,6.687242576860207,122.76954990806146,10.37510179034301,
52023e6983,180,302,2114,21.14,5010.081397944307,3.7512892700953415,127.05341199309836,12.725425350752182,
52023e6983,180,303,2121,21.21,4938.965098251854,1.8682860849661713,117.20906751786653,9.408405426675658,
52023e6983,180,304,2128,21.28,4936.706174285344,1.9932095459168973,116.85077500320159,13.49463394921713,
52023e6983,180,305,2135,21.35,4916.927572824069,6.670305885127551,112.35135961783132,31.102387692224852,
52023e6983,180,306,2142,21.42,4851.866971540393,3.0042521712553363,114.87464295982517,13.532079471776008,
52023e6983,180,307,2149,21.49,4807.672785178716,6.6822918498972115,120.35077302945608,30.801091487532513,
52023e6983,180,308,2156,21.56,4805.358957305244,3.588533587895347,126.04962170897986,14.528771811102624,
52023e6983,180,309,2163,21.63,4742.353581275773,2.888830256621211,123.32492682426984,25.13010199878277,
52023e6983,180,310,2170,21.7,4706.705342557022,5.460033616333543,113.75798073221686,22.45021724545973,
52023e6983,180,311,2177,21.77,4701.698843249268,5.429999899930924,122.63066711842617,17.079367126998562,
52023e6983,180,312,2184,21.84,4689.315718792818,6.09337730219653,114.79551119437623,10.857320534908853,
52023e6983,180,313,2191,21.91,4668.0468061274705,8.294892266393006,127.08285323668969,25.139029900563006,
52023e6983,180,314,2198,21.98,4638.250518243964,7.362297620421861,127.027220924935,7.043261669138702,
52023e6983,180,315,2205,22.05,4583.80894063313,8.53298547952713,131.038726890273,24.85943167819647,
52023e6983,180,316,2212,22.12,4503.991980514907,7.036221867881269,126.92947651735007,23.111451316964697,
52023e6983,180,317,2219,22.19,4491.690176133642,4.213017814733257,134.02871486094912,7.28966287133723,
52023e6983,180,318,2226,22.26,4427.711009128113,7.673864780054877,117.82044503659604,31.634498975188055,
52023e6983,180,319,2233,22.33,4389.411141627546,7.158240094976326,117.75697519884405,25.813261196799164,
52023e6983,180,320,2240,22.4,4345.2917712175895,5.44634339572549,107.3727541471165,11.914757547169014,
52023e6983,180,321,2247,22.47,4316.899511899781,6.9151283406584145,104.81301843429985,21.44173555918911,
52023e6983,180,322,2254,22.54,4316.27471173938,6.518935145622218,113.33015779588949,3.547565335978936,
52023e6983,180,323,2261,22.61,4261.073116755038,3.4907955639539865,108.6861692893768,26.579313949265785,
52023e6983,180,324,2268,22.68,4211.555554622226,1.4326668811076522,106.74290833361172,10.083677105145892,
52023e6983,180,325,2275,22.75,4202.617224405919,0.8600548674168301,102.47902896503597,3.3534632572775007,
52023e6983,180,326,2282,22.82,4201.801743604369,2.1094177167853383,103.66145881885195,9.76467491060801,
52023e6983,180,327,2289,22.89,4200.0046732964975,3.0701870513830034,102.28976818521488,14.300810977777275,
52023e6983,180,328,2296,22.96,4193.3631237313875,3.9689379831131886,106.39228529040203,12.753595602200889,
52023e6983,180,329,2303,23.03,4183.122830067338,5.251930504113064,104.45308846551688,16.528223191847108,
52023e6983,180,330,2310,23.1,4163.893640208882,5.898459574093127,111.5320575742166,20.945800368677997,
52023e6983,180,331,2317,23.17,4145.731783694585,4.925259547444638,108.22648781055948,5.448385897719809,
52023e6983,180,332,2324,23.24,4127.527072062006,4.079857685366499,106.72362654616911,5.968534510349002,
52023e6983,180,333,2331,23.31,4112.924102840559,3.299639401530283,109.05570466276896,26.04623637164159,
52023e6983,180,334,2338,23.38,4074.1473068988385,1.6703803170769433,104.90280059265879,10.592089692559682,
52023e6983,180,335,2345,23.45,4062.1517045027117,4.569718160012515,102.70616837110535,18.658302045167048,
52023e6983,180,336,2352,23.52,4054.6801941171893,3.0023053420599273,117.56642579942218,9.264391099715374,
52023e6983,180,337,2359,23.59,4017.957473322957,1.2757685305001072,106.04494367867478,8.546970974576654,
52023e6983,180,338,2366,23.66,4010.145841658971,1.6553709027028207,106.67981804549747,10.563620843811421,
52023e6983,180,339,2373,23.73,3998.40266286173,4.062455089753223,104.11166270236508,19.72207019529953,
52023e6983,180,340,2380,23.8,3975.2386581528763,2.9649167892664803,103.18440250080951,7.798850735131849,
52023e6983,180,341,2387,23.87,3963.5545672400935,4.179372011562444,108.29075563707123,15.432740111586826,
52023e6983,180,342,2394,23.94,3955.9795192863025,1.8554980284248426,113.4548564757201,10.11343829612125,
52023e6983,180,343,2401,24.01,3939.3846511714155,2.0697170636849727,105.51952442523455,14.946888018565966,
52023e6983,180,344,2408,24.08,3918.4988947012484,1.1373675748433818,106.08041275189795,8.052204235344549,
52023e6983,180,345,2415,24.15,3912.335451592557,5.325261195571948,105.15656672339901,25.33492057373755,
52023e6983,180,346,2422,24.22,3892.734328470522,4.93745374300781,112.19730690201456,15.228848946881572,
52023e6983,180,347,2429,24.29,3885.5737261348195,8.372327487887826,106.33383744220295,32.53460489924663,
52023e6983,180,348,2436,24.36,3834.8187092170715,5.632745019172628,117.04737415600837,12.391494271170712,
52023e6983,180,349,2443,24.43,3807.123421752606,6.1869324076663625,109.34383426541118,10.146660719420797,
52023e6983,180,350,2450,24.5,3787.6863970513473,3.0233014144025985,112.73415197969516,10.735133751523819,
52023e6983,180,351,2457,24.57,3745.0622424437083,2.3844480585397547,103.01275310788758,19.873503249847502,
52023e6983,180,352,2464,24.64,3718.9714678950004,0.6168170382955849,105.35507305513754,3.7143485563225687,
52023e6983,180,353,2471,24.71,3717.481307820398,4.4649441686415665,103.91153330412973,16.540750723687918,
52023e6983,180,354,2478,24.78,3701.016262268373,5.979178467159519,109.31361242438008,23.187459968278038,
52023e6983,180,355,2485,24.85,3674.1441535818085,7.489760382121441,104.74502763156427,26.188914704686947,
52023e6983,180,356,2492,24.92,3621.0346219058156,5.772329521822899,115.72979064557379,6.47872827861413,
52023e6983,180,357,2499,24.99,3599.224982393134,4.146154612061083,99.42275169089989,6.988594174201939,
52023e6983,180,358,2506,25.06,3581.82103637331,2.2330071934520874,110.28501197300263,18.21845373846403,
52023e6983,180,359,2513,25.13,3561.547187827026,1.918357311940011,99.55789447886188,7.053454334072433,
52023e6983,180,360,2520,25.2,3557.183078830747,4.946211763527054,103.93439136222065,24.46375198973608,
52023e6983,180,361,2527,25.27,3533.7068712166692,2.7277081503811558,104.27076192770564,19.924065035350566,
52023e6983,180,362,2534,25.34,3497.2261331835925,5.67486275804282,100.69131864436852,28.49377637093381,
52023e6983,180,363,2541,25.41,3446.0464827202272,4.577565610160211,102.4870199377433,17.713837465271585,
52023e6983,180,364,2548,25.48,3423.2920688866984,4.752239846911037,98.53131363799451,14.599136205775395,
52023e6983,180,365,2555,25.55,3417.002264078054,2.8991417592760382,103.73579838140101,12.67189275344686,
52023e6983,180,366,2562,25.62,3378.1594789761907,2.078917271000329,94.38804270318643,19.614173356002503,
52023e6983,180,367,2569,25.69,3358.2361531797424,1.9773635566927774,91.95304197595915,9.81027083817875,
52023e6983,180,368,2576,25.76,3354.242136697136,1.7803152868506358,95.36646250618783,16.18101596178072,
52023e6983,180,369,2583,25.83,3338.8284543427176,3.111816482518475,93.21561820266763,15.360974045996613,
52023e6983,180,370,2590,25.9,3325.096342626121,2.193313589485575,96.88844478019526,7.036193492746854,
52023e6983,180,371,2597,25.97,3321.763005177908,5.5957915155824995,93.99798119319146,25.919524822237978,
52023e6983,180,372,2604,26.04,3284.6939184541493,4.342037727094637,100.17142409758083,10.414338993622783,
52023e6983,180,373,2611,26.11,3274.365288396497,2.4894753364325113,89.88854028774334,17.015326721986014,
52023e6983,180,374,2618,26.18,3247.089333975245,2.3108197415970957,96.69998040119167,20.91361423708489,
52023e6983,180,375,2625,26.25,3227.3978031354604,7.014083573953924,91.39781606956608,33.785111906548664,
52023e6983,180,376,2632,26.32,3216.444480537126,3.5649597656614604,108.68002207751152,7.190196863284843,
52023e6983,180,377,2639,26.39,3154.676004996616,2.3736882507202495,91.44937414181202,17.760272860978166,
52023e6983,180,378,2646,26.46,3129.353149794668,1.7694009652874985,92.52063268285389,4.960531392840761,
52023e6983,180,379,2653,26.53,3128.5737104771965,3.9043772430769748,89.79735534421935,8.860243233859487,
52023e6983,180,380,2660,26.6,3117.787721045189,3.633823370372259,96.64767527555597,34.0789071442468,
52023e6983,180,381,2667,26.67,3051.6302277062427,1.8422220436402015,97.94998758753147,17.126200515791936,
52023e6983,180,382,2674,26.74,3036.6891683496983,1.72031883815465,91.47982547868472,11.137357303166569,
52023e6983,180,383,2681,26.81,3024.9278251893943,1.57052814214201,94.96278160257877,14.49682363232479,
52023e6983,180,384,2688,26.88,3022.5285133470315,2.0548358242874802,94.34450081110369,9.536027159789173,
52023e6983,180,385,2695,26.95,3004.502205978366,1.343781738382321,95.00461949205412,4.593395655623432,
52023e6983,180,386,2702,27.02,2997.9249774374352,0.9626764173167494,94.0727840035679,5.2459498210922195,
52023e6983,180,387,2709,27.09,2995.7117954395985,1.372683080690495,95.62907934049733,11.544448572351113,
52023e6983,180,388,2716,27.16,2989.1024456359855,2.3883475814588695,92.14954182641335,21.161527753878527,
52023e6983,180,389,2723,27.23,2967.7500923508014,2.8391670463607537,90.27537159353645,27.140929225532457,
52023e6983,180,390,2730,27.3,2932.8966241287117,3.267589707173311,85.3423012923594,22.917767039760548,
52023e6983,180,391,2737,27.37,2906.63389932041,3.108638365605795,92.36026739905,16.1140459318105,
52023e6983,180,392,2744,27.44,2892.9779964798417,2.5699270266107197,86.07426230165929,15.046768955178774,
52023e6983,180,393,2751,27.51,2867.0994621136906,4.899356563370953,85.36029664230746,24.15575777413255,
52023e6983,180,394,2758,27.58,2861.144757035888,3.231204935632878,91.89098056631464,12.422376969274247,
52023e6983,180,395,2765,27.65,2819.538558244255,6.4930030891594805,85.34858341854698,16.33291125307027,
52023e6983,180,396,2772,27.72,2781.283008962132,3.810737184710895,91.6887622565329,8.20356857506622,
52023e6983,180,397,2779,27.79,2709.5152561794257,1.5108436567438521,83.72707413811558,11.779928897546332,
52023e6983,180,398,2786,27.86,2697.378310887285,2.5022499994197243,79.96218471782491,10.911442883889146,
52023e6983,180,399,2793,27.93,2694.9604117142726,2.5484168608963707,82.80987340816837,24.2660630359356,
52023e6983,180,400,2800,28.0,2670.680885816512,1.2484573543300888,79.68210216808998,5.561316044556715,
52023e6983,180,401,2807,28.07,2663.6081314515873,1.7731202247283993,76.84995849559732,17.06576313798897,
52023e6983,180,402,2814,28.14,2650.321765936744,4.173077518645,76.42192575850244,20.462090301041957,
52023e6983,180,403,2821,28.21,2635.5379521306218,1.976883782078623,82.2390339849871,14.1397175533106,
52023e6983,180,404,2828,28.28,2622.2981898476432,1.3177667428396085,78.86260558812067,8.799185767351375,
52023e6983,180,405,2835,28.35,2617.276390042345,1.1012697188828775,77.13877316416946,8.352500795897939,
52023e6983,180,406,2842,28.42,2611.75953989337,2.7235247974574786,77.14640333244326,19.144523827806676,
52023e6983,180,407,2849,28.49,2585.1376743313344,1.4272294524986107,80.14247118736088,9.360392262443964,
52023e6983,180,408,2856,28.56,2577.2692057317695,0.6420145020252123,75.62128284443597,2.823989699478165,
52023e6983,180,409,2863,28.63,2575.794103393827,3.0633838908808335,77.07027375682081,14.320482840764443,
52023e6983,180,410,2870,28.7,2572.2578900885187,2.4953912547789963,74.33030584707201,15.057076993500615,
52023e6983,180,411,2877,28.77,2545.992201656637,1.0436141596772925,78.09217276913957,9.378243939929382,
52023e6983,180,412,2884,28.84,2541.9828850879885,1.8746691642413273,73.9753375723851,18.214672725770978,
52023e6983,180,413,2891,28.91,2526.2057735590834,1.0310787593105835,76.77438274139372,6.455281306374548,
52023e6983,180,414,2898,28.98,2521.556705813646,4.240566885782139,74.68787667998721,21.045687771553926,
52023e6983,180,415,2905,29.05,2503.2322044565367,2.2399248776843814,81.92819842989952,17.737316450075475,
52023e6983,180,416,2912,29.12,2481.420903787647,1.9197061594093228,77.70575511672486,6.954029874990048,
52023e6983,180,417,2919,29.19,2478.548506657508,1.569370896217459,77.19987160435556,12.74831740918114,
52023e6983,180,418,2926,29.26,2467.3568690188954,1.598654795271743,76.433401524427,15.52097625499963,
52023e6983,180,419,2933,29.33,2455.634198281677,1.0165219280880244,73.21417507811195,7.714497358620809,
52023e6983,180,420,2940,29.4,2450.5887490393748,3.3619482304759862,74.19912616201688,16.816609935439857,
52023e6983,180,421,2947,29.47,2442.279770645428,2.597359988418711,83.67809657114897,22.03691576536154,
52023e6983,180,422,2954,29.54,2421.8529570830306,2.073679033914793,79.45951090652667,12.805475632946122,
52023e6983,180,423,2961,29.61,2402.689309034557,2.232149715708954,76.8228829190827,21.481603580194776,
52023e6983,180,424,2968,29.68,2384.657028642226,2.401676227612962,79.9952016668496,21.701842825926164,
52023e6983,180,425,2975,29.75,2360.4928726303983,1.684226411503412,81.01509218919341,12.620862062327967,
52023e6983,180,426,2982,29.82,2348.988822991712,1.0373502546338547,85.42927971290976,8.355524386064664,
52023e6983,180,427,2989,29.89,2345.4238364940356,1.3812628451424473,86.4070846535868,11.29215458706089,
52023e6983,180,428,2996,29.96,2336.0907094266227,1.591444984994853,87.59740062104945,14.308430087899646,
52023e6983,180,429,3003,30.03,2327.7635534188407,1.8960067121705386,82.62371313597453,12.819115383798813,
52023e6983,180,430,3010,30.1,2317.160709618136,1.2628075910029941,81.03189160773775,8.824025097000748,
52023e6983,180,431,3017,30.17,2311.316179662171,1.491821163895563,74.70052336143146,13.902199605613049,
52023e6983,180,432,3024,30.24,2300.914259967819,4.650416697252861,70.1083464514917,22.698364631089497,
52023e6983,180,433,3031,30.31,2275.4475688356047,3.135680670900925,83.07533893205263,5.033444789635119,
52023e6983,180,434,3038,30.38,2272.4773341606465,2.837591958706909,75.88115073189795,21.562685792535262,
52023e6983,180,435,3045,30.45,2230.445753859233,2.176818288396074,73.70630676061405,20.82510906871158,
52023e6983,180,436,3052,30.52,2211.0628973904627,2.800341711779144,71.48446665063409,11.403763614160018,
52023e6983,180,437,3059,30.59,2205.1163453118893,2.540456100682725,76.1555775451711,2.7467299200478563,
52023e6983,180,438,3066,30.66,2203.2631032076824,2.031021855073317,76.12339508078699,13.497946509319103,
52023e6983,180,439,3073,30.73,2184.8146191093747,1.466214918409951,75.2367826729156,8.951623191723188,
52023e6983,180,440,3080,30.8,2174.8310511250297,2.401956569720701,76.54629748193773,11.719814860808825,
52023e6983,180,441,3087,30.87,2169.568280100777,2.043317666003259,82.07116292623363,8.140278980544492,
52023e6983,180,442,3094,30.94,2157.145027182796,2.1701148342630887,79.96228388874532,15.938695463772012,
52023e6983,180,443,3101,31.01,2137.15617290315,0.9441413727787785,77.554506396439,8.436372240386419,
52023e6983,180,444,3108,31.08,2133.4559782186225,1.798555647454657,76.9910743535854,14.376968438397219,
52023e6983,180,445,3115,31.15,2118.1158883719854,1.755017768639298,78.23110028851082,16.71766769621908,
52023e6983,180,446,3122,31.22,2106.0459499931803,1.494204087867049,73.90035771600192,8.845225359436347,
52023e6983,180,447,3129,31.29,2095.8720621471402,1.560754319083731,68.83772838065914,13.477988331244694,
52023e6983,180,448,3136,31.36,2084.841892228067,2.267002559846487,65.0909176112786,22.477686387850778,
52023e6983,180,449,3143,31.43,2060.925574564537,1.3007610577890523,64.08240719404978,10.233761814015816,
52023e6983,180,450,3150,31.5,2053.101811720053,1.7327508551825728,63.96504137428832,12.316231031429552,
52023e6983,180,451,3157,31.57,2039.3207663311907,1.1321995089052665,61.40988898576481,8.487890627078412,
52023e6983,180,452,3164,31.64,2033.147419090535,0.8182627245437714,61.340792272273355,6.584888699929803,
52023e6983,180,453,3171,31.71,2031.0579524351667,1.0542570992047133,62.82860241628066,9.384102805342938,
52023e6983,180,454,3178,31.78,2027.9947292296551,1.435752307581215,61.102110636792105,12.744444627493928,
52023e6983,180,455,3185,31.85,2022.4627188870259,1.4928849764241183,63.77028463014623,11.723578864289966,
52023e6983,180,456,3192,31.92,2011.1436124029074,1.5536853975848444,61.30781532011961,13.077866861688983,
52023e6983,180,457,3199,31.99,2000.8249045620923,1.5867481329910735,64.13813578413071,15.771777049747028,
52023e6983,180,458,3206,32.06,1992.690471719141,0.9740528473727348,68.20247763055323,6.671314416337779,
52023e6983,180,459,3213,32.13,1989.701242837653,1.8934956425941427,66.9295831587202,8.07785075377904,
52023e6983,180,460,3220,32.2,1989.5235267118987,1.9012340748258845,70.385101894307,8.336227881669059,
52023e6983,180,461,3227,32.27,1977.982122809844,1.779582025482593,68.81076953396101,17.02595884414196,
52023e6983,180,462,3234,32.34,1965.5449874272404,0.8580152344591544,66.30676216214637,6.240898284441914,
52023e6983,180,463,3241,32.41,1963.3547318872415,1.2711586096079075,66.13533035495571,12.053910194693158,
52023e6983,180,464,3248,32.48,1957.7745844385938,0.7484242704431033,66.13191756053676,2.6718613261818587,
52023e6983,180,465,3255,32.55,1956.3691020850054,0.8063276250161532,64.57532033104735,6.5674652357597765,
52023e6983,180,466,3262,32.62,1954.1438253665708,1.1211949829379757,65.53394424058112,9.281756340576232,
52023e6983,180,467,3269,32.69,1949.378381204113,1.8378851353643009,63.299335089360596,18.28030961101872,
52023e6983,180,468,3276,32.76,1934.0141208022608,1.2319425618541544,64.73284584695558,11.111531270461779,
52023e6983,180,469,3283,32.83,1926.5696479560704,1.483051830822335,60.22349687779732,13.167516315865784,
52023e6983,180,470,3290,32.9,1915.7061755268571,0.9319352105980345,61.16534143368116,8.176325048433233,
52023e6983,180,471,3297,32.97,1911.7653821984559,0.7800614746153857,61.63332254373096,5.959254322785953,
52023e6983,180,472,3304,33.04,1908.9560200763983,1.5215667376575448,61.65753381846518,13.847427694753277,
52023e6983,180,473,3311,33.11,1897.4090581463515,1.0525356223839826,58.39351057453772,10.04653256845216,
52023e6983,180,474,3318,33.18,1893.6239907346633,0.8550328188723922,60.25505441250747,4.518544734225875,
52023e6983,180,475,3325,33.25,1891.8508819279361,1.3098448177315636,58.93266253385363,12.400746838440261,
52023e6983,180,476,3332,33.32,1883.665623071741,1.0244010559191776,57.73934537301135,9.262068235871165,
52023e6983,180,477,3339,33.39,1879.5094742004053,0.6154198779741439,56.22055240406527,4.91239982474821,
52023e6983,180,478,3346,33.46,1877.7168394417665,0.6033979561082925,55.27154656760431,5.616752590356219,
52023e6983,180,479,3353,33.53,1876.0161819075233,2.250145040638601,55.10730325277595,8.92756400629173,
52023e6983,180,480,3360,33.6,1875.9152815008026,1.664228672226042,56.6312281861519,12.459323305933284,
52023e6983,180,481,3367,33.67,1863.0857971495348,1.5197226764300173,56.103805899278996,10.851423774803994,
52023e6983,180,482,3374,33.74,1853.8423555970242,0.612090613265148,56.15466378228684,3.9248070493311893,
52023e6983,180,483,3381,33.81,1852.3028843678449,0.9135666411234642,55.51984103553949,5.818604058246157,
52023e6983,180,484,3388,33.88,1849.9167839736535,0.838095628587998,55.128904543784174,7.486748255764705,
52023e6983,180,485,3395,33.95,1847.5270223476557,1.6838433718417727,54.46047210112964,16.689754080241773,
52023e6983,180,486,3402,34.02,1837.450499392155,1.4920444200845921,57.63428383836327,10.486115174479236,
52023e6983,180,487,3409,34.09,1829.0709357362498,1.1792419779230292,56.95965733981666,11.17377201814682,
52023e6983,180,488,3416,34.16,1822.1985343149815,0.7750447411333762,57.13451196644009,6.011439233781505,
52023e6983,180,489,3423,34.23,1819.8971042497496,0.9984639977376731,58.289426936055875,7.316696889394388,
52023e6983,180,490,3430,34.3,1815.656290254351,1.8680611418724082,59.045871215108924,5.708408532259936,
52023e6983,180,491,3437,34.37,1815.4993803640668,1.386291866454477,58.78078692361594,9.95122750537318,
52023e6983,180,492,3444,34.44,1807.5640427368912,3.166615747823256,58.0421688711799,9.44582464729153,
52023e6983,180,493,3451,34.51,1799.9159136370233,1.910490228938344,63.76370301577533,12.966709147589407,
52023e6983,180,494,3458,34.58,1784.6876910398485,1.204091876262661,59.60689431144298,11.817884363051403,
52023e6983,180,495,3465,34.65,1778.428423992504,1.3767857016921783,60.913882768411504,12.404636206083449,
52023e6983,180,496,3472,34.72,1770.9250199708958,0.8471341448961701,61.22542870348892,7.462224208115958,
52023e6983,180,497,3479,34.79,1767.8503024637719,1.0475305144197138,58.3260211252094,4.248805882408774,
52023e6983,180,498,3486,34.86,1767.2611954858717,1.8847063863532147,62.966145997627876,8.281808094681583,
52023e6983,180,499,3493,34.93,1766.6678103841687,1.4887734598577986,61.054683965767595,10.274447493173172,
52023e6983,180,500,3500,35.0,1756.7694112709587,1.0349829109107629,60.21210802605624,7.642568717372533,
52023e6983,180,501,3507,35.07,1751.744168821518,2.965444641079429,58.41301647936196,2.8833596370345176,
52023e6983,180,502,3514,35.14,1749.0387230480435,1.7042159705587137,62.3681512352659,9.719404636097707,
52023e6983,180,503,3521,35.21,1736.395046536239,1.9838336114367698,57.44123505955275,13.667526940538062,
52023e6983,180,504,3528,35.28,1718.8936683204793,0.8540906430369547,55.78668693360857,5.237044875139397,
52023e6983,180,505,3535,35.35,1716.7330476584227,2.5098659482391272,53.78851992858362,12.337907114517682,
52023e6983,180,506,3542,35.42,1714.1589335051697,1.1994818935280518,61.12177937306764,5.087401908629806,
52023e6983,180,507,3549,35.49,1707.1129243000066,0.8163766488308691,55.719554279347804,7.792988682751095,
52023e6983,180,508,3556,35.56,1704.4426001864942,2.578797610096115,56.638635690928616,12.54802790998134,
52023e6983,180,509,3563,35.63,1700.185276189151,1.487543646357646,59.01842607306594,5.8481838038531295,
52023e6983,180,510,3570,35.7,1692.1191383861083,1.845236023546256,56.81975386086073,16.712125885216008,
52023e6983,180,511,3577,35.77,1676.2151803447737,1.5512462688268989,52.95653997288806,6.97376010270418,
52023e6983,180,512,3584,35.84,1676.0719635004316,1.2232901461975272,53.823213372870036,7.922784556862498,
52023e6983,180,513,3591,35.91,1669.6583555556201,1.4981139640719137,52.98381468256798,5.771022641341702,
52023e6983,180,514,3598,35.98,1668.0930051040375,2.09917046129032,52.785506203258144,8.882689251441255,
52023e6983,180,515,3605,36.05,1666.8986519157356,1.0459942711504426,52.79335565443995,4.10399893886207,
52023e6983,180,516,3612,36.12,1661.9518995272047,1.657970577236543,51.872841846072134,8.190013551543688,
52023e6983,180,517,3619,36.19,1661.2652399235321,1.0953611608468887,53.49661897377208,3.110451614005014,
52023e6983,180,518,3626,36.26,1658.1517072570941,2.313362707421254,52.22668865044869,6.504345155828001,
52023e6983,180,519,3633,36.33,1653.2235699955859,1.279237190052864,53.82852732445939,6.7508422903769905,
52023e6983,180,520,3640,36.4,1648.2631629591929,1.1672904015487615,54.3867802849321,10.286319330473216,
52023e6983,180,521,3647,36.47,1643.2375689824075,0.6704705704002355,51.725662637756926,3.6639010921477926,
52023e6983,180,522,3654,36.54,1642.0538931419994,1.1259845567394928,52.97909636582863,10.553033451308359,
52023e6983,180,523,3661,36.61,1637.813840892808,1.2266582054280635,51.79460625248079,10.816511252347324,
52023e6983,180,524,3668,36.68,1630.2425061557017,1.074678864294472,52.555630429206644,10.756874922503378,
52023e6983,180,525,3675,36.75,1624.9562364444648,1.011274769024433,53.52886203251866,9.792816769775088,
52023e6983,180,526,3682,36.82,1620.0710368048453,0.7424013446745445,55.187895404018235,5.656323950150931,
52023e6983,180,527,3689,36.89,1617.58719668435,1.5788650261070014,55.162745509607106,15.586518169866656,
52023e6983,180,528,3696,36.96,1608.1269224818154,1.1579965753290324,58.4629589661891,6.899198263949153,
52023e6983,180,529,3703,37.03,1602.8525160136787,2.501012506616072,56.74885313844641,7.460562062745059,
52023e6983,180,530,3710,37.1,1602.0137382990283,1.5450265616307646,64.66080871076157,4.894136877782371,
52023e6983,180,531,3717,37.17,1594.5048573173822,0.9410293925671661,58.53768273258978,5.462438085738788,
52023e6983,180,532,3724,37.24,1592.2535896656836,1.2390988416610103,56.672852007058545,10.512629459624945,
52023e6983,180,533,3731,37.31,1586.5107966459234,0.9201084880649406,55.91737314871321,8.248367282508381,
52023e6983,180,534,3738,37.38,1583.3567199443107,4.199575534510663,54.14408421386817,18.302509419198014,
52023e6983,180,535,3745,37.45,1572.2445476214355,2.4625135338037656,70.11830637499976,17.92662451844598,
52023e6983,180,536,3752,37.52,1542.7382695768151,1.4984401812653056,57.56097096397412,13.423700845614782,
52023e6983,180,537,3759,37.59,1534.5330034251142,2.0123479176557937,56.89216818343449,17.543890321028805,
52023e6983,180,538,3766,37.66,1517.791165334888,1.5926855822816797,58.11883426667152,14.251367249700813,
52023e6983,180,539,3773,37.73,1504.7284210167334,1.4599071890345083,57.01143370370177,7.699482736902562,
52023e6983,180,540,3780,37.8,1494.5461993483862,1.5011919643251956,58.56378517004125,11.495434441199757,
52023e6983,180,541,3787,37.87,1483.931244461368,2.696969703291742,56.02933429364924,12.418129231450457,
52023e6983,180,542,3794,37.94,1481.6071500286685,2.919776271932187,64.19434202128444,9.373416738472736,
52023e6983,180,543,3801,38.01,1477.4049473815348,2.00990476017662,57.12485584535705,15.809247812994672,
52023e6983,180,544,3808,38.08,1456.4654241047992,0.8877273625741806,57.550374482485836,7.135717608593355,
52023e6983,180,545,3815,38.15,1452.9741128911073,0.987769745982948,57.79494416978187,9.49113653159771,
52023e6983,180,546,3822,38.22,1448.1495398338627,1.6029755002427302,56.91784526071295,15.258630121545732,
52023e6983,180,547,3829,38.29,1436.4284660176604,0.9023799533171682,56.20633514476988,6.316594707707672,
52023e6983,180,548,3836,38.36,1432.3246144010654,2.0517104530770376,58.14302348947626,4.686483601221703,
52023e6983,180,549,3843,38.43,1428.9500245631625,1.4762806266485298,60.23747320085511,12.063324512110695,
52023e6983,180,550,3850,38.5,1419.7915807724492,1.1716164190799632,57.07315964542729,10.843250358638535,
52023e6983,180,551,3857,38.57,1414.787878183153,1.7557115307049123,53.967565205566544,7.9921616473163155,
52023e6983,180,552,3864,38.64,1413.5230460905009,1.7789490134730959,54.41184677561107,13.429846386684812,
52023e6983,180,553,3871,38.71,1399.7907360719767,1.0283004147619594,48.82486733369097,9.646396588589544,
52023e6983,180,554,3878,38.78,1395.1117103651125,2.8430115936064686,47.201820755721286,13.95572665069493,
52023e6983,180,555,3885,38.85,1392.2789437088802,1.4365935951615159,55.00850627617505,5.346032105061799,
52023e6983,180,556,3892,38.92,1382.3594223864266,1.0711031913154516,48.977325851260254,10.258632399394612,
52023e6983,180,557,3899,38.99,1376.9138392631826,1.0056769895536999,48.558428719933836,3.3727988249890246,
52023e6983,180,558,3906,39.06,1372.128917860883,1.3438756314743647,51.25256773487298,12.408817656068138,
52023e6983,180,559,3913,39.13,1365.8764897586664,1.0740824985138324,51.48396975893205,8.50664762332758,
52023e6983,180,560,3920,39.2,1360.7886464405835,1.2634977422110298,51.673776058391134,11.951853214386846,
52023e6983,180,561,3927,39.27,1354.3921962020377,0.6161192359088087,55.23223014068097,4.813662166390351,
52023e6983,180,562,3934,39.34,1352.7743505546632,1.6115784244197933,54.795164334857205,16.417451691585086,
52023e6983,180,563,3941,39.41,1341.4511626193564,1.3488218107318268,51.75815354565528,11.056705078077368,
52023e6983,180,564,3948,39.48,1334.483695184306,1.3174646866818223,49.49175118517906,7.2322937482325855,
52023e6983,180,565,3955,39.55,1329.281998119889,1.1037495032483058,48.778751559095845,8.520619966752754,
52023e6983,180,566,3962,39.62,1327.8939822401517,1.3622791168372792,48.592800025318724,8.932488147874311,
52023e6983,180,567,3969,39.69,1319.4703460867124,1.3685928489916777,46.895316511470625,12.65416740994198,
52023e6983,180,568,3976,39.76,1311.4678395078618,1.0750142230851454,47.65035895771151,6.649126797578995,
52023e6983,180,569,3983,39.83,1307.1327209579042,1.354971645436391,48.378622733422795,5.450373911819951,
52023e6983,180,570,3990,39.9,1306.4916601186867,1.1706381143125817,47.0914164836918,8.79393391677484,
52023e6983,180,571,3997,39.97,1301.0919130246627,0.7490747792358279,48.40528126570316,3.33688036101561,
52023e6983,180,572,4004,40.04,1298.7442909434162,1.051081263614873,46.88104483982347,9.497006915164294,
52023e6983,180,573,4011,40.11,1293.6100569414193,0.6411627316329116,46.65882251636706,4.441501973798723,
52023e6983,180,574,4018,40.18,1291.7298323556631,1.5290855710125137,45.33249284829424,15.25952910552236,
52023e6983,180,575,4025,40.25,1283.111644258953,0.9033584168648189,51.871290811942124,8.029643417006687,
52023e6983,180,576,4032,40.32,1280.3689860577117,1.0933076645861917,46.090450155292686,5.302896296499549,
52023e6983,180,577,4039,40.39,1275.7714775127024,0.9962149632896874,46.61542768309225,9.070147486836653,
52023e6983,180,578,4046,40.46,1272.4689253988672,1.5040161466317565,45.46030369689554,11.071997045141593,
52023e6983,180,579,4053,40.53,1265.1011433247695,1.8265350603234483,45.848978954129485,6.728187410120266,
52023e6983,180,580,4060,40.6,1264.9971866493308,1.4190788918114279,47.74811670286077,11.588926264091755,
52023e6983,180,581,4067,40.67,1256.5536590909257,1.2042417200794742,47.49480403421004,10.473032057536336,
52023e6983,180,582,4074,40.74,1249.9460763102975,0.7181941828520181,45.656434735061005,6.598559769535145,
52023e6983,180,583,4081,40.81,1247.8170039953468,0.8337612443181899,48.58135896887006,3.17343754364626,
52023e6983,180,584,4088,40.88,1247.502762015667,0.7169100746356061,49.7286930543005,4.6840473727709275,
52023e6983,180,585,4095,40.95,1245.3848914807124,0.8508044382032676,49.97928636455729,8.19023584850337,
52023e6983,180,586,4102,41.02,1242.7467151348915,1.1408037288971606,50.35255822480135,10.041648864474817,
52023e6983,180,587,4109,41.09,1237.4898230444592,1.4278278216130513,46.82470812175082,9.834609995731661,
52023e6983,180,588,4116,41.16,1231.1039038692613,0.8930247700278713,49.549567117173105,4.941906108752481,
52023e6983,180,589,4123,41.23,1228.0998033040137,0.6397292687110288,46.84862190922299,5.8794979001022245,
52023e6983,180,590,4130,41.3,1226.2293306557317,0.7831959000702059,47.44770639768469,7.58846222114346,
52023e6983,180,591,4137,41.37,1224.152141434209,1.1870137632139062,47.40826881466518,8.920338395303947,
52023e6983,180,592,4144,41.44,1218.054958508652,1.4533938882482034,43.30870021768381,5.616133151345502,
52023e6983,180,593,4151,41.51,1208.9485959934493,0.679111482453681,46.28346103998062,6.329559434512928,
52023e6983,180,594,4158,41.58,1206.6125477605817,0.8613826268433409,47.441978821744144,8.252881669664424,
52023e6983,180,595,4165,41.65,1203.0828077052083,0.7484008807265129,49.36043253818848,5.734196343869356,
52023e6983,180,596,4172,41.72,1200.5103165576313,0.911909485992278,47.137831001155966,9.047619248303207,
52023e6983,180,597,4179,41.79,1196.5007989716955,0.5712609858263644,47.337225372855244,4.731532883404534,
52023e6983,180,598,4186,41.86,1195.7003232652223,1.0495445162417325,48.3296408250367,7.517079197835261,
52023e6983,180,599,4193,41.93,1190.92177951006,1.869523961813,47.569221951556095,6.564754518382543,
52023e6983,180,600,4200,42.0,1190.1711945344166,1.3266503230286677,51.43162174655983,6.28922941699923,
52023e6983,180,601,4207,42.07,1183.439796834006,1.0260855953174537,46.12102513802336,5.904623718855119,
52023e6983,180,602,4214,42.14,1180.3311658212197,1.3276481432997427,46.22725585548456,11.17646231093186,
52023e6983,180,603,4221,42.21,1171.381451374481,0.4537566823553495,43.6751422183821,3.146205901487488,
52023e6983,180,604,4228,42.28,1170.5002104335952,1.549720449024145,45.40576295051846,15.551544758407902,
52023e6983,180,605,4235,42.35,1158.8151709835524,0.597807130283396,41.79405702332545,3.48722987400397,
52023e6983,180,606,4242,42.42,1157.5934711271773,2.0904972475093015,41.53935139011466,8.725002164812105,
52023e6983,180,607,4249,42.49,1153.8357830184686,1.057489902038423,47.87336142853896,8.520949186371226,
52023e6983,180,608,4256,42.56,1148.4908438058096,0.7537343862464142,44.20163749274619,6.641547307223725,
52023e6983,180,609,4263,42.63,1146.6923458278907,1.0808833013903678,43.43691148251128,10.669793772793861,
52023e6983,180,610,4270,42.7,1142.1590936928449,1.8761974463095747,43.68395224344325,7.400393796592732,
52023e6983,180,611,4277,42.77,1139.8615857256877,0.8576580789639245,45.87810967915051,4.293593660101789,
52023e6983,180,612,4284,42.84,1136.4805295748856,0.81872349699077,44.642297460835046,7.169470768976135,
52023e6983,180,613,4291,42.91,1133.6617212805702,0.5630685546114732,41.32769112870739,5.348871282963395,
52023e6983,180,614,4298,42.98,1132.453368450975,0.7409419301485622,41.628407849375726,5.785044123390259,
52023e6983,180,615,4305,43.05,1130.7475865543247,0.8498803395304144,41.414971504820656,7.825496418620729,
52023e6983,180,616,4312,43.12,1128.4673757842386,0.7331755672244223,41.83801009284034,0.49304633479255244,
52023e6983,180,617,4319,43.19,1127.3549856256034,0.8395009513710635,42.055457198372544,7.173789137229713,
52023e6983,180,618,4326,43.26,1124.7370984655317,1.0358361931345625,42.12394301850603,9.7915411785744,
52023e6983,180,619,4333,43.33,1120.7156968244146,0.640141698351032,42.636974504513105,2.6479989772211097,
52023e6983,180,620,4340,43.4,1119.9264977087025,0.6676717370775724,42.16291534661008,3.96560760336357,
52023e6983,180,621,4347,43.47,1119.0220285045357,0.5754298503436619,43.08894524742381,3.0537242289013515,
52023e6983,180,622,4354,43.54,1118.4457291425942,0.7731354160203742,43.414737790895224,6.154794321152115,
52023e6983,180,623,4361,43.61,1116.1659530508264,0.533984349219264,43.94878330334238,3.873950262247661,
52023e6983,180,624,4368,43.68,1114.9661377228192,1.107625063378421,44.06498872340258,9.403911724977403,
52023e6983,180,625,4375,43.75,1109.8586015423582,1.3166388532845126,43.395248855274026,12.292307375460034,
52023e6983,180,626,4382,43.82,1102.6492554340973,1.140220230067575,43.25452617211645,9.038959701250501,
52023e6983,180,627,4389,43.89,1097.2462498681653,0.9707878073136122,45.55515945929512,9.521788919840038,
52023e6983,180,628,4396,43.96,1092.599668037022,0.6093620103754198,42.29988579913116,3.7346524757289767,
52023e6983,180,629,4403,44.03,1090.9941895208517,1.09435071529268,42.81294432754039,8.294342894314957,
52023e6983,180,630,4410,44.1,1086.3664023195452,0.46198183395552583,42.27565424020464,3.7995657293054697,
52023e6983,180,631,4417,44.17,1085.6095504168932,1.2180229310829251,41.12176711211719,5.776896647707776,
52023e6983,180,632,4424,44.24,1085.3510307011113,1.2538843463528617,43.29081870941799,11.656223688187211,
52023e6983,180,633,4431,44.31,1079.9743553905544,0.688214290382413,44.73582150957042,3.969268131618709,
52023e6983,180,634,4438,44.38,1077.7239002464328,0.8228792730942198,42.55289251843195,6.479332342908161,
52023e6983,180,635,4445,44.45,1075.2112933385135,0.49609445364120436,42.249496778428174,3.6773498524224193,
52023e6983,180,636,4452,44.52,1074.2322428373823,0.6146160309632734,41.70442854078492,5.451370183376392,
52023e6983,180,637,4459,44.59,1072.3507254799208,1.046536154698718,42.45111334128152,10.037267960507185,
52023e6983,180,638,4466,44.66,1067.5440394449756,1.0887855864008562,41.14962607499275,8.846329134400882,
52023e6983,180,639,4473,44.73,1063.2383822180047,0.8069914950052322,44.634855857230065,6.510854919354607,
52023e6983,180,640,4480,44.8,1061.554362053618,0.6059786554343153,41.693720617757094,4.024042451224751,
52023e6983,180,641,4487,44.87,1060.4484381910747,1.3184075732420104,44.20684914114172,13.097540441374907,
52023e6983,180,642,4494,44.94,1053.057229861937,1.2173135923026612,40.74804327191703,4.780700911255005,
52023e6983,180,643,4501,45.01,1046.1746755177687,1.0577630859649367,41.83480531421824,6.236785281025306,
52023e6983,180,644,4508,45.08,1042.451990529842,0.7721739042625309,41.56965658606099,3.3096623076456635,
52023e6983,180,645,4515,45.15,1040.5952251923907,0.7778072325664833,41.16929560562829,6.042328794515501,
52023e6983,180,646,4522,45.22,1037.8651929292146,0.8079468161693578,40.04164071740262,7.718920770321246,
52023e6983,180,647,4529,45.29,1035.2738326563933,0.4701724687211345,39.04410451059324,3.6345028648598046,
52023e6983,180,648,4536,45.36,1034.5486644801065,0.8786456609507152,38.733676489574364,8.431687984291406,
52023e6983,180,649,4543,45.43,1031.5068191242974,0.4303159272381559,39.20052564840241,3.497278448937615,
52023e6983,180,650,4550,45.5,1030.71759772053,0.5487949514861813,38.659206320699276,5.393481071663674,
52023e6983,180,651,4557,45.57,1029.2987186355338,1.2176052000311326,38.037352240327586,4.110111646850344,
52023e6983,180,652,4564,45.64,1028.995947914797,1.080818305047827,39.22181915127905,9.646473413173796,
52023e6983,180,653,4571,45.71,1023.3438131713089,1.1213485270566765,39.93127193463133,11.002848544935972,
52023e6983,180,654,4578,45.78,1019.4199705093644,0.585952096240655,40.82264871107082,2.3478258108030996,
52023e6983,180,655,4585,45.85,1018.0219087775371,1.679141260444295,38.92054662800977,7.850983120746266,
52023e6983,180,656,4592,45.92,1016.8009285377863,1.7503846263421878,41.58013943879539,5.451960598485307,
52023e6983,180,657,4599,45.99,1016.0864007917644,2.010599366938971,39.41945078040146,6.968831768106844,
52023e6983,180,658,4606,46.06,1015.3571024048706,1.1384825326006751,44.585943505613606,4.854199297154039,
52023e6983,180,659,4613,46.13,1010.3353697961925,0.7911624951571842,37.604099152866176,5.358403948223532,
52023e6983,180,660,4620,46.2,1007.4181986306949,1.3003509535965176,38.26311687509849,5.379019697164565,
52023e6983,180,661,4627,46.27,1006.3284755841415,0.7699987952354029,38.848373177028186,5.165033347836495,
52023e6983,180,662,4634,46.34,1003.6554010321114,0.9094999255059731,37.42318515875628,8.907808355146846,
52023e6983,180,663,4641,46.41,1000.0174720662924,0.4963139939406175,38.469628614842726,1.8997373105648763,
52023e6983,180,664,4648,46.48,998.9322157873166,1.0069835532723006,37.30894644029027,4.95151986725269,
52023e6983,180,665,4655,46.55,998.3116742819468,0.764850422818967,38.710105199554754,5.912550112897666,
52023e6983,180,666,4662,46.62,995.5428553064047,0.44527887332971655,38.122414855754286,3.6775940870659847,
52023e6983,180,667,4669,46.69,994.6702871478348,1.762184324710016,38.18047160946165,8.596512535149795,
52023e6983,180,668,4676,46.76,992.7831181232971,1.5876017470999046,43.796457351633606,13.130542530172388,
52023e6983,180,669,4683,46.83,985.482064013332,1.0483504723592856,41.2763057396354,6.8256291878856805,
52023e6983,180,670,4690,46.9,983.442862537805,1.06408343529533,42.09597269002899,8.26113157086449,
52023e6983,180,671,4697,46.97,979.5736856611738,1.172328810184831,42.96130916053784,4.927883946577857,
52023e6983,180,672,4704,47.04,973.5396216474924,0.6246630617802541,42.26323511098533,5.916069682567808,
52023e6983,180,673,4711,47.11,971.8760988755838,0.5698855225783721,42.93496746400029,4.739337939081969,
52023e6983,180,674,4718,47.18,970.4004056089138,0.7577504887626861,43.08922451121879,7.352105110236178,
52023e6983,180,675,4725,47.25,967.8178898574547,0.8633850924932087,43.05328539569615,8.232583680604723,
52023e6983,180,676,4732,47.32,964.5259105869798,0.8107005600181019,42.167294445144606,7.826734873187576,
52023e6983,180,677,4739,47.39,962.0880719091124,0.7220721399891621,39.90182720492781,5.617288455161254,
52023e6983,180,678,4746,47.46,961.0993004673219,0.5038588309529058,41.01530442105053,1.670393308100549,
52023e6983,180,679,4753,47.53,960.4309379231863,0.6449523365818535,39.592127480998236,6.097674743514273,
52023e6983,180,680,4760,47.6,958.8842464549236,0.7433562614935373,39.76843034934875,6.378824250936377,
52023e6983,180,681,4767,47.67,956.4499215966362,0.617783687765736,40.46481714884235,3.049258850497146,
52023e6983,180,682,4774,47.74,954.9410270345065,0.5734902173734481,41.07203473631091,4.219210825907024,
52023e6983,180,683,4781,47.81,953.3555957506119,0.7642927319302165,40.897278015760016,7.732042020092258,
52023e6983,180,684,4788,47.88,951.7525409685688,0.4896910458042424,40.05273436914932,3.1678579526145985,
52023e6983,180,685,4795,47.95,950.9247528449383,1.2589109731763306,39.836572137281536,11.66856962807703,
52023e6983,180,686,4802,48.02,947.7531369392383,0.4835886915653288,45.579607906165286,3.89529598175792,
52023e6983,180,687,4809,48.09,945.5010558026679,0.8098307328556089,40.9404752836762,3.2234969386155385,
52023e6983,180,688,4816,48.16,945.0798900153928,0.5615840474767542,41.429165284301035,4.580484314530261,
52023e6983,180,689,4823,48.23,943.6817977611768,0.9966984178630476,40.861762349424566,9.91016649347998,
52023e6983,180,690,4830,48.3,939.761550928182,0.9803997752488369,38.636541763289735,9.138265113928181,
52023e6983,180,691,4837,48.37,937.079502483307,0.5333106925591458,37.90726202762527,2.990417587235653,
52023e6983,180,692,4844,48.44,936.8535602944394,0.6859431191348568,37.946798550694446,2.407600528037234,
52023e6983,180,693,4851,48.51,934.942045696826,0.7337241234393221,35.310463600358055,3.9434914522275246,
52023e6983,180,694,4858,48.58,932.926511630615,0.7418875886381272,35.038397796976895,5.556020872241276,
52023e6983,180,695,4865,48.65,930.954182758177,0.6586213476739137,35.438302271160794,5.479415354842135,
52023e6983,180,696,4872,48.72,930.075969448861,0.8103618802176944,34.772889432564774,6.077831372703488,
52023e6983,180,697,4879,48.79,927.8179706389476,0.7527727160728683,35.54018290855176,5.937138431232816,
52023e6983,180,698,4886,48.86,925.7041049206044,1.1873324068981672,34.3200868138876,5.272451188252739,
52023e6983,180,699,4893,48.93,925.3338258615477,1.0471155560192242,37.31966219032348,7.170609888408559,
52023e6983,180,700,4900,49.0,921.6598762985607,0.9081298535137555,36.52925359766133,5.829726687134957,
52023e6983,180,701,4907,49.07,917.7586478283946,0.34708051278704555,36.493344085339,2.9853121792081976,
52023e6983,180,702,4914,49.14,917.2935503407491,0.994830121775543,36.04217494343021,9.763780667449751,
52023e6983,180,703,4921,49.21,915.0473145853846,0.8879373397104378,37.35511327692503,3.836696723235228,
52023e6983,180,704,4928,49.28,913.0255494410776,0.8300824775519087,36.987495023079525,6.106443268487269,
52023e6983,180,705,4935,49.35,910.2468462387923,1.0440454495588318,35.767906335736875,9.427048893473376,
52023e6983,180,706,4942,49.42,906.9301578263235,0.49790310412349625,38.50072327705414,2.2711688638604723,
52023e6983,180,707,4949,49.49,905.915503462045,0.3968318993535439,35.99475805784618,2.7769238731070507,
52023e6983,180,708,4956,49.56,905.3885976450052,0.5345572358609203,36.687411505622144,5.116927152171307,
52023e6983,180,709,4963,49.63,904.2574000502,0.5731436461736314,35.6162549909814,5.370475252840717,
52023e6983,180,710,4970,49.7,903.1782849579969,0.9316809619812717,35.744575339359194,8.344757205410309,
52023e6983,180,711,4977,49.77,899.3454923552022,0.8237220561594647,35.043747945883446,6.968948243126983,
52023e6983,180,712,4984,49.84,896.6257459534847,0.8118737940276907,35.62857804189329,7.189104711651886,
52023e6983,180,713,4991,49.91,894.2251025972928,0.5160419834342208,36.65715519154079,3.9959378687703255,
52023e6983,180,714,4998,49.98,893.5526042075761,0.9523807816862206,36.473853802541626,8.571735609699822,
52023e6983,180,715,5005,50.05,889.473881022767,1.4445496254697958,37.230226947417734,6.91058890643479,
52023e6983,180,716,5012,50.12,888.7130366509178,2.576451544690383,38.58949237947532,8.315257454870512,
52023e6983,180,717,5019,50.19,888.1343543195071,1.344362160064038,44.27566817602256,3.8369034687947194,
52023e6983,180,718,5026,50.26,878.7345470886834,0.5591504865120804,36.751275235733885,5.596091656883701,
52023e6983,180,719,5033,50.33,877.530528904509,0.9319726968442724,37.683659574237694,5.041191333380396,
52023e6983,180,720,5040,50.4,874.0025815831337,0.4001750995213577,36.11660010942232,2.908217255325821,
52023e6983,180,721,5047,50.47,873.4333643805033,0.907840144296227,37.08932678471906,9.238333946092537,
52023e6983,180,722,5054,50.54,870.5160116977172,0.5692401573259327,37.32141793995111,2.598322170882484,
52023e6983,180,723,5061,50.61,869.6282471314528,0.7784965732021191,37.30094666636728,6.440589800032104,
52023e6983,180,724,5068,50.68,868.6415303040209,1.0665622851145689,37.91962626377663,8.417856302047982,
52023e6983,180,725,5075,50.75,865.8891174509077,0.8167206102159156,36.00439037307971,5.0011393673237325,
52023e6983,180,726,5082,50.82,864.5930194371018,1.0861970385744726,36.80149964317227,8.856776362768011,
52023e6983,180,727,5089,50.89,860.6919716545062,0.5657334293679922,35.64425644840004,3.802822322399827,
52023e6983,180,728,5096,50.96,859.7620142820616,0.5020264456446645,36.24283974155168,3.9072574123674695,
52023e6983,180,729,5103,51.03,859.5974832590855,0.9305580306223574,34.11076306089044,3.0148712658524044,
52023e6983,180,730,5110,51.1,857.1843645708308,0.925397579146654,36.798652718514795,8.323231332629998,
52023e6983,180,731,5117,51.17,855.7517333604985,0.6876007013075741,34.69214999096301,2.815952693419932,
52023e6983,180,732,5124,51.24,855.0103242541809,1.0886342108861025,35.87903416436479,5.773252599997802,
52023e6983,180,733,5131,51.31,850.2065668242643,0.6680191903632006,33.3799824636587,5.683710344865727,
52023e6983,180,734,5138,51.38,848.3691612017514,0.5443134554312512,33.447714019555114,5.216524802348739,
52023e6983,180,735,5145,51.45,847.1935147200973,0.41348943968167734,32.86982803695336,2.0868348193060178,
52023e6983,180,736,5152,51.52,846.527545405678,0.5447680318836381,33.08171729195007,3.57073963546865,
52023e6983,180,737,5159,51.59,845.3979059718818,0.5938186285560901,32.30674872537039,4.883537473526139,
52023e6983,180,738,5166,51.66,844.0936123101625,0.6927892289604072,30.982070441310782,5.630086165554751,
52023e6983,180,739,5173,51.73,842.0125632972254,0.7865403770126349,32.15961169309727,7.196024823883098,
52023e6983,180,740,5180,51.8,839.5321069871507,0.9089240392039631,32.55077579734543,8.280474531452434,
52023e6983,180,741,5187,51.87,835.8331597893016,0.7526217543697159,32.93272711744853,4.5770795046453285,
52023e6983,180,742,5194,51.94,833.5446358363577,0.9315711879898024,34.50233278973686,6.6092026843143215,
52023e6983,180,743,5201,52.01,831.3631136953508,0.8232324899038846,34.810365214461875,5.407422470943677,
52023e6983,180,744,5208,52.08,828.6834540599017,0.6403478857943778,33.62267503048744,2.4190286253178384,
52023e6983,180,745,5215,52.15,826.9925549153802,0.413715314069098,33.376292421468044,3.1318668615031955,
52023e6983,180,746,5222,52.22,826.3449273636236,0.9422225753096094,34.02560904433068,9.28195376669016,
52023e6983,180,747,5229,52.29,823.874569981565,1.0936718624708546,34.051828763630866,9.706844880693467,
52023e6983,180,748,5236,52.36,818.649808633503,0.863350068476417,34.19465139523003,6.466418366760821,
52023e6983,180,749,5243,52.43,816.0338346278157,0.9732447230269906,34.59585905276233,9.063360905533237,
52023e6983,180,750,5250,52.5,812.3134278572686,0.5257442157728096,34.31724829413137,3.2331996292953766,
52023e6983,180,751,5257,52.57,811.5621764837368,0.5341018778934471,34.66597007284355,5.1347293972695525,
52023e6983,180,752,5264,52.64,810.1332808771622,0.4367513766374327,33.631135457132075,3.599552908193682,
52023e6983,180,753,5271,52.71,809.7063417636263,0.733701788555838,33.425251690050395,6.6163671082449875,
52023e6983,180,754,5278,52.78,807.4318195618406,0.7594434099625696,33.394874062137085,6.99790237055842,
52023e6983,180,755,5285,52.85,805.3865381013788,0.44693268034674805,33.95210860887367,3.3201665796217212,
52023e6983,180,756,5292,52.92,804.6501984856035,0.7559719801493495,33.78056961732481,4.461234985167676,
52023e6983,180,757,5299,52.99,802.0256108493579,0.7634039728616162,33.572473928988785,7.3912049284428845,
52023e6983,180,758,5306,53.06,800.0435948048645,0.6016129373468818,32.06197981922506,5.124561710896415,
52023e6983,180,759,5313,53.13,798.9011788241153,0.5377809592713714,32.307403724156615,3.715464349050304,
52023e6983,180,760,5320,53.2,797.7284124363061,0.8797310354983527,32.644446133294274,6.57938048662303,
52023e6983,180,761,5327,53.27,794.1504703480307,0.7515335953300976,34.6662520935393,4.726170660922167,
52023e6983,180,762,5334,53.34,792.3937554561643,0.7802643585851486,34.17751894942489,6.550650967708611,
52023e6983,180,763,5341,53.41,790.1056119375237,1.0911282744403972,34.83412569817066,10.529363083744881,
52023e6983,180,764,5348,53.48,786.6440319931157,0.6109594982512875,36.042635223928464,2.1743029652105506,
52023e6983,180,765,5355,53.55,785.5114486002938,0.7658591258687631,33.80055342672194,6.4898924361644585,
52023e6983,180,766,5362,53.62,784.0144540503021,0.7164908474758696,35.36983637394123,5.835900684069666,
52023e6983,180,767,5369,53.69,782.2295790256838,1.638493777725352,33.18521345581445,7.894242771013926,
52023e6983,180,768,5376,53.76,780.8417352771808,1.5383686998375106,37.50663641996063,11.04465460517847,
52023e6983,180,769,5383,53.83,772.2716279932478,0.6997385663620463,34.61548138220673,4.860695400555949,
52023e6983,180,770,5390,53.9,770.3310248261616,0.5732408709857333,32.79781299936288,5.040651345302117,
52023e6983,180,771,5397,53.97,768.9614939449351,1.1327347916372252,33.63390928337218,4.084060618247247,
52023e6983,180,772,5404,54.04,768.7504012574917,1.578402066595663,34.23457278745964,5.233662091384214,
52023e6983,180,773,5411,54.11,768.0894026302436,1.0200659650131272,34.69606418801398,3.2067928321396977,
52023e6983,180,774,5418,54.18,763.7882089827872,0.5435008355818921,35.029760608808566,4.4624122346630335,
52023e6983,180,775,5425,54.25,762.364285306161,0.554175521498828,32.85148741107684,5.4079885875006815,
52023e6983,180,776,5432,54.32,761.5071976330413,0.7454014412078316,33.83516712803462,6.681807955349217,
52023e6983,180,777,5439,54.39,760.0279088110846,0.5326686624594101,32.248113725296264,3.4227191541232993,
52023e6983,180,778,5446,54.46,759.1058075606644,0.5205999760305071,31.90028632255484,4.5984886879461095,
52023e6983,180,779,5453,54.53,757.8042579112922,0.7399669432758488,31.352757496848916,7.247048769627901,
52023e6983,180,780,5460,54.6,756.329655680968,0.5046992720962885,30.97303635287948,3.2433168778225516,
52023e6983,180,781,5467,54.67,755.7976220848042,0.6985941203466154,30.553071570311275,5.101583661304833,
52023e6983,180,782,5474,54.74,754.2594346657772,0.6695360931361876,30.901758270563942,4.86413985266931,
52023e6983,180,783,5481,54.81,752.4633386411025,0.49661392810990707,30.92693122381649,1.3067667661667992,
52023e6983,180,784,5488,54.88,752.4525017314146,0.5292792711883328,29.789356126468338,4.6165763464545675,
52023e6983,180,785,5495,54.95,751.3670228780638,0.5702669999224736,29.999241962247556,4.487606920366741,
52023e6983,180,786,5502,55.02,750.6688297928243,0.6724872198618819,27.662570187493483,5.479557280434076,
52023e6983,180,787,5509,55.09,749.6007747148774,0.5250050088689218,29.175743039845642,3.1292591655424715,
52023e6983,180,788,5516,55.16,748.7861191844212,1.655105716893349,27.271971446887722,8.287435334267155,
52023e6983,180,789,5523,55.23,748.0101424782561,0.8758234192863565,35.70285177480437,4.288233903370528,
52023e6983,180,790,5530,55.3,744.4810490329494,0.3694883769062065,29.71862771210353,2.724028497177032,
52023e6983,180,791,5537,55.37,743.8731398224373,0.8805921498587681,29.704280066799832,4.455951444032187,
52023e6983,180,792,5544,55.44,743.054003879114,0.49328376149466346,31.366298041672362,4.0472772390951794,
52023e6983,180,793,5551,55.51,741.8723690434272,0.7536235782017507,30.815658215864467,3.4728773575130685,
52023e6983,180,794,5558,55.58,741.695624514674,0.6003549551562157,30.551071133685657,5.002771419037269,
52023e6983,180,795,5565,55.65,740.1375283949235,0.4266516259636547,29.88996770269444,2.025025422269584,
52023e6983,180,796,5572,55.72,739.3124342011643,0.3773919616040591,29.341945347136942,3.278356673258705,
52023e6983,180,797,5579,55.79,738.8583622194928,0.8614426888538151,29.94011634590103,7.09097570205799,
52023e6983,180,798,5586,55.86,736.8167519520412,0.4538264620723643,28.92529649638809,2.002176450657576,
52023e6983,180,799,5593,55.93,736.2321400480506,0.6183697701635998,28.005252756936375,2.5342638840365406,
52023e6983,180,800,5600,56.0,735.0750977798352,0.4697694903602315,28.191378735501356,2.999428858711001,
52023e6983,180,801,5607,56.07,734.4258266975644,0.39883018242852963,28.97780215558854,1.7960195668276646,
52023e6983,180,802,5614,56.14,733.8952170382515,0.6806088802048884,28.747821656133265,6.449897590752631,
52023e6983,180,803,5621,56.21,732.5025920474372,0.3698545171499429,31.07865701769549,1.6924305712457937,
52023e6983,180,804,5628,56.28,732.3753980045941,0.4862563484285936,29.55932190160542,4.2104843288136236,
52023e6983,180,805,5635,56.35,731.6495313146906,0.6091097862731555,30.664745859730285,2.3724222123544996,
52023e6983,180,806,5642,56.42,730.5468457008735,0.6731415083939832,28.86572935123056,5.04183171053398,
52023e6983,180,807,5649,56.49,729.4527095838865,0.6380411768337301,31.924553210334846,3.519086944328505,
52023e6983,180,808,5656,56.56,728.04879584169,0.6669593607682194,29.50079388467548,2.4193040640282923,
52023e6983,180,809,5663,56.63,726.5219848785237,0.4685818674965049,30.388789047329777,3.4210993183715908,
52023e6983,180,810,5670,56.7,725.8468531859946,0.3013233257867423,29.86105118139284,2.172051412453918,
52023e6983,180,811,5677,56.77,725.4959640267564,0.4849105077081651,29.614181894953983,4.644073976274878,
52023e6983,180,812,5684,56.84,724.7978326628574,0.26329665417716386,28.743682251072325,2.0540064742240283,
52023e6983,180,813,5691,56.91,724.6323830093297,0.2960791810016842,28.601375155283836,2.5606340772676774,
52023e6983,180,814,5698,56.98,724.3188109256273,1.7493104075731503,28.321741458399742,7.94622058603182,
52023e6983,180,815,5705,57.05,722.8302547350416,0.8806476122490955,31.67948055829146,4.322820613011941,
52023e6983,180,816,5712,57.12,719.2668410166552,0.9901761798754195,28.37050878880643,3.0366487176789465,
52023e6983,180,817,5719,57.19,719.2111547135779,0.7948129756010666,28.296878718387568,6.653364311689144,
52023e6983,180,818,5726,57.26,716.1251845589824,0.41773004768190586,26.709469940114694,4.068204827046147,
52023e6983,180,819,5733,57.33,715.5214791180941,0.4788066637079662,26.816560366289707,4.470191017666167,
52023e6983,180,820,5740,57.4,714.8222231264581,0.5522641626427252,26.23549283497584,4.870503321733476,
52023e6983,180,821,5747,57.47,713.3726886395128,0.7809626765390614,26.75584195775736,7.890151468285966,
52023e6983,180,822,5754,57.54,710.9548962309343,0.8732081929033179,27.091941887470707,8.403228095275308,
52023e6983,180,823,5761,57.61,708.0155358366101,0.3678590425572797,27.85925193044923,1.310034691957551,
52023e6983,180,824,5768,57.68,707.5493040976127,0.41472236177332333,27.113144778766806,2.0717409334446915,
52023e6983,180,825,5775,57.75,707.1220010384953,0.38746547646912316,27.39859570423204,2.5366673542783733,
52023e6983,180,826,5782,57.82,706.7194702806223,0.47999482497695617,26.051661431661177,2.62962233391774,
52023e6983,180,827,5789,57.89,705.8754756525116,0.7567650105863175,26.838746108064566,5.143475921378888,
52023e6983,180,828,5796,57.96,703.8605293105068,0.5115778876451169,27.35386666162673,3.468829219851957,
52023e6983,180,829,5803,58.03,702.8625100912999,0.37340854736008006,26.48570811501539,2.5425577077332226,
52023e6983,180,830,5810,58.1,702.4411882532884,0.5997231796418168,26.674138796542575,4.764547386914453,
52023e6983,180,831,5817,58.17,701.5186524922493,0.40427150701688963,27.76534330649176,2.7635530735432488,
52023e6983,180,832,5824,58.24,701.2481104731847,0.6734351637835109,26.731384318249695,6.2289117334225,
52023e6983,180,833,5831,58.31,699.1551967054689,0.5220379083999185,27.300638753920776,3.097998261419449,
52023e6983,180,834,5838,58.38,698.600149166977,0.793974775273745,26.997922033750175,6.4101817544856745,
52023e6983,180,835,5845,58.45,695.7891119429299,0.6339836144530419,28.245929801336413,5.931956141035735,
52023e6983,180,836,5852,58.52,694.0369219795762,0.439797435134021,26.74565163369079,3.402474695996773,
52023e6983,180,837,5859,58.59,693.1990926762583,0.6980648856028333,27.27077984540913,6.966342981975983,
52023e6983,180,838,5866,58.66,691.4941231007076,0.6322129171665848,26.81250691215259,5.496678894339426,
52023e6983,180,839,5873,58.73,690.1293195412047,0.27768638077553065,27.05745558763903,1.0832052886525014,
52023e6983,180,840,5880,58.8,689.8110860971893,0.629646352129574,26.262084225951536,5.873743559938198,
52023e6983,180,841,5887,58.87,688.0165820555081,0.47129163249907235,25.543569790511974,4.527653048486079,
52023e6983,180,842,5894,58.94,686.9580518115459,0.6273525425469919,25.54359647658879,4.153959830260171,
52023e6983,180,843,5901,59.01,685.4476964298897,0.4097386527768384,25.519022842992946,3.778473273468668,
52023e6983,180,844,5908,59.08,684.654725171725,0.7057149916281991,24.57718306699751,6.722198747777476,
52023e6983,180,845,5915,59.15,682.6384615841007,0.6867872372446143,26.036396856856836,6.698458818991955,
52023e6983,180,846,5922,59.22,681.2788281113557,0.72903360291979,25.290852300114526,6.2321582652246095,
52023e6983,180,847,5929,59.29,679.546251819553,0.5089322511286669,25.8635659604517,3.033005187790996,
52023e6983,180,848,5936,59.36,678.3000071730163,0.5633975503802543,25.21634999687663,3.476251501753604,
52023e6983,180,849,5943,59.43,676.67997969189,0.8563909379635676,25.69923813423804,8.595276531614541,
52023e6983,180,850,5950,59.5,673.9175736952965,0.8798419774377809,26.508925319131283,6.232522581296774,
52023e6983,180,851,5957,59.57,670.778994016764,0.5599398584680327,25.38354889643717,4.515910680426787,
52023e6983,180,852,5964,59.64,669.6452160832198,0.5994250019579828,26.77077774360913,4.125457074054885,
52023e6983,180,853,5971,59.71,668.1874661427729,0.5409734026754981,26.38413751341944,3.2938394177318853,
52023e6983,180,854,5978,59.78,667.2212891630677,0.5957781004663364,28.048318572789384,5.596319874565357,
52023e6983,180,855,5985,59.85,665.8647131604907,0.7566590399395349,26.488660939715373,5.526060818711629,
52023e6983,180,856,5992,59.92,663.1896581217668,0.38808060565432384,25.70772600150383,3.422455662944732,
52023e6983,180,857,5999,59.99,662.5275107623507,0.5283241352038989,25.09178069869282,4.934478152635698,
52023e6983,180,858,6006,60.06,661.3086769956873,0.4769167240953095,25.192956132444504,4.407934807287824,
52023e6983,180,859,6013,60.13,660.3325927521965,0.26372928575041393,25.988177155349963,2.4806708620168103,
52023e6983,180,860,6020,60.2,660.1228368533261,0.6983510302292188,25.146656907214705,6.877381092886628,
52023e6983,180,861,6027,60.27,658.6412020352734,0.5340295177977324,27.148971810695585,4.291289428773657,
52023e6983,180,862,6034,60.34,657.5652556289075,0.4819341240177052,26.827715483102455,4.293543559637647,
52023e6983,180,863,6041,60.41,656.8065388041024,0.4587328703354869,26.611179528017175,4.517060277695657,
52023e6983,180,864,6048,60.48,656.1560642682502,0.44005397517036615,25.643658697778125,3.6711167695004074,
52023e6983,180,865,6055,60.55,655.5949948561231,0.23711133672791845,26.028468609614038,1.5729824040762466,
52023e6983,180,866,6062,60.62,655.4281148966546,0.42352111285803323,25.57065341225285,4.034361439932142,
52023e6983,180,867,6069,60.69,654.5767259252176,1.2663421379021318,25.492028569864964,6.182825675627054,
52023e6983,180,868,6076,60.76,653.3968586330396,0.6788433184201605,28.156944718756847,2.9627926285897725,
52023e6983,180,869,6083,60.83,651.41443507873,0.3287752695091319,26.730027390626304,2.6091174318555943,
52023e6983,180,870,6090,60.9,651.0710565926495,0.3053713028104167,25.759632851747476,2.127584389410514,
52023e6983,180,871,6097,60.97,650.7919275907899,1.4479429279338043,25.582487063166848,5.66769973460148,
52023e6983,180,872,6104,61.04,650.642032150982,0.9524728773723484,27.24425802827994,5.646164330923862,
52023e6983,180,873,6111,61.11,646.4895076087448,0.663652602691826,25.372409644900053,6.354088204278517,
52023e6983,180,874,6118,61.18,644.9347106343273,0.25627771868804666,25.482637812168644,1.1565877152549857,
52023e6983,180,875,6125,61.25,644.7602717250647,0.6436401789104873,24.652598774079898,5.69642697862812,
52023e6983,180,876,6132,61.32,643.0676670438802,0.7607338649283996,25.331342192117848,7.051350470344915,
52023e6983,180,877,6139,61.39,640.7154946730387,0.37541586954217077,24.814134729755512,2.67680808233522,
52023e6983,180,878,6146,61.46,640.2365806559112,0.6634412562505403,25.960716592130964,4.977639450538693,
52023e6983,180,879,6153,61.53,638.6727660108196,0.8988461815860718,25.646134407709106,7.916515107914782,
52023e6983,180,880,6160,61.6,636.3952603994879,0.5436494608750764,26.983541063095153,1.67587063707049,
52023e6983,180,881,6167,61.67,635.8857603351612,0.6000040495607906,25.841537057826354,4.658251492144603,
52023e6983,180,882,6174,61.74,634.582703596286,0.5901274947734396,26.254836556624962,5.449422734616584,
52023e6983,180,883,6181,61.81,633.5613489143932,0.5904045815713852,27.102052474217384,5.5675802228779245,
52023e6983,180,884,6188,61.88,632.0287003640414,0.7265890853518402,26.27794623064416,4.265714064977059,
52023e6983,180,885,6195,61.95,629.6892718305933,0.4914536525171136,27.837908617148027,4.544254258569671,
52023e6983,180,886,6202,62.02,628.818237375842,0.9158733508476061,27.468348594447672,6.125343940538936,
52023e6983,180,887,6209,62.09,625.0432245350142,0.57572486881323,25.40909501049142,5.64965162507578,
52023e6983,180,888,6216,62.16,623.5006151061472,0.7904888902226912,25.236496132732867,4.878619795649,
52023e6983,180,889,6223,62.23,622.1756961886272,0.5953820067351818,24.5881780627893,3.228163826111216,
52023e6983,180,890,6230,62.3,621.1676772379009,0.3963130010949251,23.702438691117095,2.328084575513098,
52023e6983,180,891,6237,62.37,620.6869077426585,0.7705221023117558,22.97430379182822,5.141918026968659,
52023e6983,180,892,6244,62.44,618.6638264726699,0.44104426742697367,22.52873263808853,3.26068142559648,
52023e6983,180,893,6251,62.51,617.7773907093067,0.20835854012291713,22.405225592978272,2.0172104570499556,
52023e6983,180,894,6258,62.58,617.5983476490242,0.5618760648863594,22.423190184276873,3.956561925719351,
52023e6983,180,895,6265,62.65,616.0625249069982,0.5781478169681769,22.668932656646426,2.745382819172747,
52023e6983,180,896,6272,62.72,615.9709053852202,0.3408141425251839,23.829995080534633,1.3531468895376777,
52023e6983,180,897,6279,62.79,615.4642745331447,0.2770049695996849,23.155095366248197,2.618052824672623,
52023e6983,180,898,6286,62.86,615.1169274744725,0.47054096892933067,23.16640135985494,4.4946145288122965,
52023e6983,180,899,6293,62.93,614.0040845612062,0.4009437185759811,22.99254163872223,3.880116177064842,
52023e6983,180,900,6300,63.0,613.2685963096262,0.5243062946381414,21.604243547832837,5.130818711452809,
52023e6983,180,901,6307,63.07,611.914039732068,0.4868881657383158,21.45919850388103,4.812514647384176,
52023e6983,180,902,6314,63.14,610.7595058248716,0.4567608145815625,21.341568213689932,3.9687281307646427,
52023e6983,180,903,6321,63.21,609.9937708174936,0.346066233284754,23.021725060511894,2.9657861893815958,
52023e6983,180,904,6328,63.28,609.4352602668604,0.5471692889666322,21.869091123239006,5.412192578637025,
52023e6983,180,905,6335,63.35,607.9171305351009,0.3333932523760531,22.017017072256635,2.2738554091874508,
52023e6983,180,906,6342,63.42,607.3623801055604,0.8665377862034773,22.03890432369577,3.639702840985744,
52023e6983,180,907,6349,63.49,606.8181556034755,0.6008229073348028,23.22989094412638,4.116595482684015,
52023e6983,180,908,6356,63.56,605.0925267461515,0.43704967575448284,22.233407284646763,3.5353383338106332,
52023e6983,180,909,6363,63.63,604.4616197790326,0.9394090920402427,22.635721049124264,3.6540790757083785,
52023e6983,180,910,6370,63.7,604.4081751258105,0.6774113761704393,23.56715910465541,5.0722302340370256,
52023e6983,180,911,6377,63.77,603.351828064324,0.7599272241916715,23.732213459724225,6.060658684866485,
52023e6983,180,912,6384,63.84,601.1147317277365,0.5629111016811464,21.481323940593967,3.7131436376898233,
52023e6983,180,913,6391,63.91,599.8637203292546,0.5101807132916674,22.539031075311716,4.133467782321634,
52023e6983,180,914,6398,63.98,598.9617453459808,0.6858994813229625,21.43611447229039,5.99751718486912,
52023e6983,180,915,6405,64.05,596.9207920170068,0.4466912833148773,22.70436809919205,4.386640007743216,
52023e6983,180,916,6412,64.12,596.3490158392626,0.7418220341903854,22.310243975720972,5.9304997401028,
52023e6983,180,917,6419,64.19,594.4549000324536,0.6006783750929684,24.00826892324149,5.238963528435274,
52023e6983,180,918,6426,64.26,593.090583719246,0.3520786016473279,21.538033095693706,2.2788308490795237,
52023e6983,180,919,6433,64.33,592.5539563177813,1.1239922330161425,22.13929197016713,5.595133523697265,
52023e6983,180,920,6440,64.4,591.981866026773,0.7829080873217664,25.06707554752902,6.649201382073352,
52023e6983,180,921,6447,64.47,589.4931285227266,1.196385076165224,22.937345165694953,5.79340760972146,
52023e6983,180,922,6454,64.54,589.1390923275198,0.8184587270413034,25.248170182082635,5.302379738156724,
52023e6983,180,923,6461,64.61,586.2753519568411,0.3545284966272996,22.306845966953148,2.393655421816848,
52023e6983,180,924,6468,64.68,585.7758317783976,0.3686557482898624,22.127007751661775,3.548156554150544,
52023e6983,180,925,6475,64.75,585.1966587339656,0.48944385804523627,23.067677160144115,2.4214256966792456,
52023e6983,180,926,6482,64.82,583.9733140907848,0.3340100412261894,23.010135223478102,0.6128100326231964,
52023e6983,180,927,6489,64.89,583.5178376745366,0.8118379284159706,23.320135048517805,7.708577662037611,
52023e6983,180,928,6496,64.96,581.0889703741938,0.5912317585263096,24.61879487991697,5.4773068116697825,
52023e6983,180,929,6503,65.03,580.2403819250277,0.46604861351718485,23.476596423648814,3.696873776405052,
52023e6983,180,930,6510,65.1,579.2783972017716,0.45299327568760644,22.971502619697453,4.290220786275935,
52023e6983,180,931,6517,65.17,578.5779793275648,0.5431521750675824,23.13341805621989,2.915917173935719,
52023e6983,180,932,6524,65.24,577.0883711865358,0.7021848259332405,23.1088383860049,6.280460781983381,
52023e6983,180,933,6531,65.31,575.4166672934829,0.5016574199662872,23.661298057710216,4.4053729141895985,
52023e6983,180,934,6538,65.38,574.2866194638023,0.5163521663912101,23.183019960255116,5.218281483910677,
52023e6983,180,935,6545,65.45,573.2491845454841,0.31999678746435295,23.672884625436463,2.7492747013496377,
52023e6983,180,936,6552,65.52,572.7429744953506,0.6893597172941821,22.88343624519018,5.763781734946581,
52023e6983,180,937,6559,65.59,571.1496590556847,0.44698274521165593,23.719913261933172,3.715683387854886,
52023e6983,180,938,6566,65.66,570.4065788303949,0.8368704483828895,23.202112143785094,5.407292463763468,
52023e6983,180,939,6573,65.73,568.15401922399,0.7245491719112778,24.621785185196273,6.188705243693704,
52023e6983,180,940,6580,65.8,566.2805584617028,0.4938789074780578,23.089947828192532,3.913568581613998,
52023e6983,180,941,6587,65.87,565.1801259834717,0.32657223726856505,22.96236401663941,3.0000390025085273,
52023e6983,180,942,6594,65.94,564.6599410857826,0.2820373835413095,23.022181502054966,2.1252517061837013,
52023e6983,180,943,6601,66.01,564.3115046702069,0.29987081923294484,23.066211679848028,2.4523427930156183,
52023e6983,180,944,6608,66.08,563.9117448697127,0.5678624251523277,22.67919033774972,4.865561062052135,
52023e6983,180,945,6615,66.15,562.921117396762,0.3319626276831524,23.732681657100894,2.6707260551325875,
52023e6983,180,946,6622,66.22,562.580352370548,1.1242846093961105,22.039000243502812,4.387786503977262,
52023e6983,180,947,6629,66.29,562.4194753992977,0.8269810383726536,27.89803842511635,5.653071438210692,
52023e6983,180,948,6636,66.36,559.6240864471356,0.3859821099364896,23.360310389871362,2.6744920431682084,
52023e6983,180,949,6643,66.43,558.9106144484787,0.5195633791271925,23.79145598503934,1.5235772110688677,
52023e6983,180,950,6650,66.5,558.7095067812344,1.5099076355500378,25.067135313638193,7.359495286782746,
52023e6983,180,951,6657,66.57,558.0437714752893,0.7991113960791633,26.73213599115746,4.8110204934121965,
52023e6983,180,952,6664,66.64,554.8417442561905,0.28676640683366467,24.308029258393915,2.8258732014195753,
52023e6983,180,953,6671,66.71,554.6329963163305,0.5200936602846497,24.689556647326757,3.6936966059441816,
52023e6983,180,954,6678,66.78,553.864326005559,0.6568824649431209,24.070877628401945,4.236566841503054,
52023e6983,180,955,6685,66.85,552.4001425080684,0.3781093574175513,23.046445119888133,2.7625709690507327,
52023e6983,180,956,6692,66.92,552.1315686681181,0.35248127977915356,23.40976982128216,2.4530940655479396,
52023e6983,180,957,6699,66.99,551.7547619988204,0.5532848648718309,22.912362600666103,5.066111862536681,
52023e6983,180,958,6706,67.06,550.3441222755675,0.6285258353381309,23.04425052235726,5.815337706002651,
52023e6983,180,959,6713,67.13,548.9740909065232,0.5561658062437008,24.18239498183388,3.427797917270436,
52023e6983,180,960,6720,67.2,548.0622592444613,0.578875801202961,23.628043943299534,5.526197603593644,
52023e6983,180,961,6727,67.27,546.9928711849108,0.6697164305558039,23.691276352694317,6.349857152190123,
52023e6983,180,962,6734,67.34,546.2651355679764,0.5678464805495794,24.235575702950413,1.9771813544668742,
52023e6983,180,963,6741,67.41,545.7327504365978,0.4760040023703589,22.73932687833041,1.66378012399182,
52023e6983,180,964,6748,67.48,545.3742564670007,0.702578887735363,23.835147006791022,6.283483724313075,
52023e6983,180,965,6755,67.55,544.0951057448674,0.6553205949574198,23.175452294305163,4.048332241218017,
52023e6983,180,966,6762,67.62,542.8264361546768,0.7455695393321309,24.026065318640526,6.64528669347918,
52023e6983,180,967,6769,67.69,540.8748339255992,0.40405859000759675,22.979229766391217,1.812195270717462,
52023e6983,180,968,6776,67.76,540.3377671337787,0.6411401370191396,23.59657736173991,6.2452135551057815,
52023e6983,180,969,6783,67.83,539.0021965945165,0.6731824774322506,23.986769317023473,6.157016156495011,
52023e6983,180,970,6790,67.9,537.0017714607933,0.44660024552188826,23.351823386794038,3.378960109436943,
52023e6983,180,971,6797,67.97,536.1996975598261,0.6356099709834183,22.628371710607222,2.382085243993291,
52023e6983,180,972,6804,68.04,534.4099810760625,0.6191672516658812,23.870078395465615,5.177229034400266,
52023e6983,180,973,6811,68.11,532.728034722165,0.362178683671732,23.760169830210163,3.4089948894461433,
52023e6983,180,974,6818,68.18,532.2093552672102,0.30031391292341786,22.890008282340947,2.351245932162482,
52023e6983,180,975,6825,68.25,531.9399428992458,0.5053420961800489,22.79841760604802,3.65773738284103,
52023e6983,180,976,6832,68.32,531.0700040896156,0.2012732652686589,23.150135399526917,0.7687949621783309,
52023e6983,180,977,6839,68.39,530.9396854296048,0.6880067267125671,22.4691805847229,5.95831942666735,
52023e6983,180,978,6846,68.46,529.0872877969771,0.49603334000658733,22.98953625669751,4.767653374173389,
52023e6983,180,979,6853,68.53,528.0222559952113,0.4201630912397925,22.478087907783205,4.1910272339353245,
52023e6983,180,980,6860,68.6,527.1294100492186,0.4183974278556622,22.266434888743596,3.965693650385505,
52023e6983,180,981,6867,68.67,526.2872696302877,0.3744878868380658,23.061281363122188,2.7016280295311432,
52023e6983,180,982,6874,68.74,525.6044561484259,0.3776619617946569,21.5205460365903,3.747432348370821,
52023e6983,180,983,6881,68.81,524.9452766099679,0.596287403709983,21.132519169897595,4.320348477628637,
52023e6983,180,984,6888,68.88,523.7692551786785,0.4170041960774518,20.814370857227942,3.0307875767576973,
52023e6983,180,985,6895,68.95,523.3344703426884,0.6883564427879844,20.255770334812226,5.934446158379213,
52023e6983,180,986,6902,69.02,522.1362741207195,0.6248742256209836,21.232855028818953,4.582729986667098,
52023e6983,180,987,6909,69.09,520.6674359090539,0.4429502358338594,19.77375511137782,2.6968688483930143,
52023e6983,180,988,6916,69.16,519.8345477030842,0.8101386016607026,20.35610495020316,1.6226350308933768,
52023e6983,180,989,6923,69.23,518.8790212544004,0.44917419340675513,21.784661965099364,3.6374084544192016,
52023e6983,180,990,6930,69.3,518.1621658406876,0.7031448644711605,21.463910073600644,4.849421833127162,
52023e6983,180,991,6937,69.37,516.2530261849711,0.5491377960642024,21.31559516604033,3.6297828604420754,
52023e6983,180,992,6944,69.44,515.607505753239,0.5511386156482616,21.03862583439279,3.821315580569805,
52023e6983,180,993,6951,69.51,515.0366586102732,0.6720485026017752,21.542318429547663,5.316943564853517,
52023e6983,180,994,6958,69.58,514.1419484683038,0.7932771131028457,20.506516349596875,3.7969286163897857,
52023e6983,180,995,6965,69.65,512.2287846880362,0.6840963342690444,20.81059674986149,3.832349055281631,
52023e6983,180,996,6972,69.72,511.1209552424806,0.5788832962310831,20.620372935882674,3.915255596617055,
52023e6983,180,997,6979,69.79,510.1428262701759,0.5021929238217108,19.45396237314357,3.9666540331955567,
52023e6983,180,998,6986,69.86,509.37736304049383,0.41994422253955654,19.81041842104201,2.7862038984572894,
52023e6983,180,999,6993,69.93,508.9432236747792,0.4938078522576647,18.52109234921169,2.9659339157058406,
52023e6983,180,1000,7000,70.0,508.30428706605727,0.4146686833543185,18.5897981438022,2.5047666532665263,
52023e6983,180,1001,7007,70.07,507.68755217021675,0.30754750492645894,17.420688002023052,1.3187536872701298,
52023e6983,180,1002,7014,70.14,507.2399877195567,0.393579234028777,17.89699539561311,3.9009162049562645,
52023e6983,180,1003,7021,70.21,506.6290318551413,0.3025346319873427,17.56113588527547,1.9279719275287517,
52023e6983,180,1004,7028,70.28,506.22629167184635,0.2513084380712879,18.031906301277786,2.5385121061280445,
52023e6983,180,1005,7035,70.35,505.9606934843678,0.4994158721942739,17.939045647765976,2.1695155442533776,
52023e6983,180,1006,7042,70.42,505.08557780592776,0.24987323994393779,19.14214596946968,1.587591165009742,
52023e6983,180,1007,7049,70.49,504.8636559208669,0.3296048802614606,18.22774541001188,1.6659079840688837,
52023e6983,180,1008,7056,70.56,504.3691816642645,0.19600888393737134,18.340666272506812,1.7193452551235922,
52023e6983,180,1009,7063,70.63,504.2872373492041,0.3796128496534983,18.43170444956077,3.634076922758332,
52023e6983,180,1010,7070,70.7,503.78422031902653,0.6147523340121969,18.491923301064343,2.601747453062481,
52023e6983,180,1011,7077,70.77,503.7258185221731,0.506728089995888,18.80067365739007,2.6145393948389035,
52023e6983,180,1012,7084,70.84,502.66040000783084,0.23716049624499588,18.642185037168286,1.6712843285356964,
52023e6983,180,1013,7091,70.91,502.5027131372752,0.33460704499685734,18.41880086432684,2.526176801843027,
52023e6983,180,1014,7098,70.98,502.0354400419426,0.3757105184543057,17.593127709475393,3.6139586168839606,
52023e6983,180,1015,7105,71.05,501.673578366575,0.39399273761062265,18.635222508422896,3.3130622780407446,
52023e6983,180,1016,7112,71.12,500.9896155859273,0.35002827224763294,17.936865217545424,2.957536818453627,
52023e6983,180,1017,7119,71.19,500.42877281082565,0.38192085014474664,18.382851591543588,3.8255639646173916,
52023e6983,180,1018,7126,71.26,499.9010263119652,0.28232217736674114,17.783950072135518,2.172117341283414,
52023e6983,180,1019,7133,71.33,499.50864930631917,0.40415248123153563,18.027052198855362,3.8200544770183034,
52023e6983,180,1020,7140,71.4,498.7150818215428,0.2209010550529493,17.547290811759996,1.667809635956372,
52023e6983,180,1021,7147,71.47,498.49502931542924,0.24536742943475223,17.81533684802416,2.041698564676369,
52023e6983,180,1022,7154,71.54,498.3968688645038,0.22289012600373223,17.964874775042343,1.4557617308260904,
52023e6983,180,1023,7161,71.61,498.29475064838465,0.41045786108982335,17.979989937122504,4.065570132955178,
52023e6983,180,1024,7168,71.68,497.88706054906606,0.3892337166764479,18.046456540681802,1.9271888328028834,
52023e6983,180,1025,7175,71.75,497.4965270277139,0.48427404241953104,17.532721114193208,3.6728355538538007,
52023e6983,180,1026,7182,71.82,496.669525291721,0.3686129846271358,18.03407746711567,3.1157458402854865,
52023e6983,180,1027,7189,71.89,496.29260193869356,0.34531987253841545,17.667407588544464,3.126600616792753,
52023e6983,180,1028,7196,71.96,495.89351110679866,0.3409154613424667,17.473621499787296,3.227929422897759,
52023e6983,180,1029,7203,72.03,495.35422530235473,0.38370766001022216,17.285157407043247,3.48844389024282,
52023e6983,180,1030,7210,72.1,494.7016258603951,0.30212051931662287,18.45624713366868,2.0224201619278133,
52023e6983,180,1031,7217,72.17,494.31776765334956,0.6312359349611025,17.881759354165737,2.5882825600309105,
52023e6983,180,1032,7224,72.24,494.2630946356484,0.41116281219158407,18.26726584473761,1.7701870333505234,
52023e6983,180,1033,7231,72.31,493.8273415518984,0.3304359587694469,17.92202730369214,2.234348740213234,
52023e6983,180,1034,7238,72.38,493.51285104215026,0.23718170596494495,17.057614820540255,1.7520465965636371,
52023e6983,180,1035,7245,72.45,493.4096914502372,0.38653644645150625,17.032038383071026,3.6211314968688364,
52023e6983,180,1036,7252,72.52,492.89508403606106,0.3747523179187521,17.608291258611178,3.4179869452897806,
52023e6983,180,1037,7259,72.59,492.4631493192989,0.4450615067665923,17.940005691628976,2.046879205541587,
52023e6983,180,1038,7266,72.66,491.8122576657533,0.3151051786223044,17.42103256365992,2.4746615335019313,
52023e6983,180,1039,7273,72.73,491.4389203871931,0.6999763418404562,17.44041428151828,6.944344485573744,
52023e6983,180,1040,7280,72.8,489.8595381913991,0.4213617451123849,19.193497252902837,2.893153287070352,
52023e6983,180,1041,7287,72.87,489.3080701489274,0.41661661086854446,17.619430115761915,3.2496431156533765,
52023e6983,180,1042,7294,72.94,488.7377466894372,0.46437078529457204,18.612964601820575,2.8005929154823215,
52023e6983,180,1043,7301,73.01,487.9221165628147,0.2428952962991393,16.958594289992938,1.7057059299408746,
52023e6983,180,1044,7308,73.08,487.6910948482557,0.3943671827622276,16.94841721548595,3.76418965032247,
52023e6983,180,1045,7315,73.15,487.35380102053745,0.5105182865666967,17.983730278856797,3.3397080962866696,
52023e6983,180,1046,7322,73.22,486.21096946870443,0.4146428728721796,17.261203298659222,2.990675400394988,
52023e6983,180,1047,7329,73.29,485.51030381854184,0.36268642532776363,17.05857816230418,2.961423451369247,
52023e6983,180,1048,7336,73.36,484.9611070572154,0.5415274227358641,16.146632095491228,4.4439429331890405,
52023e6983,180,1049,7343,73.43,484.096756067465,0.4941219282226831,15.466502706773834,2.9738300450392448,
52023e6983,180,1050,7350,73.5,483.1697726118789,0.19464722258056083,15.132198013654596,1.0407046210829074,
52023e6983,180,1051,7357,73.57,483.04577843056944,0.25659197719251364,15.08640174664743,0.8566211400663343,
52023e6983,180,1052,7364,73.64,482.8010241878855,0.3588373628040718,15.2371294266199,2.6890226521459653,
52023e6983,180,1053,7371,73.71,482.1518185100658,0.17989409545596657,16.080534076202937,0.9904604723771104,
52023e6983,180,1054,7378,73.78,482.03886183151207,0.2702700754509683,16.149432786731595,2.1959949422765797,
52023e6983,180,1055,7385,73.85,481.7736402448715,0.3819888485034029,15.681802794689872,3.7351320190667323,
52023e6983,180,1056,7392,73.92,481.4369456754961,0.3274488361656614,17.645728718898898,2.5497592436573804,
52023e6983,180,1057,7399,73.99,481.1466193419761,0.2344358599268536,15.599177535893908,1.3060727240286545,
52023e6983,180,1058,7406,74.06,480.890511515352,0.5930158411561041,16.412869476533153,2.889672183556689,
52023e6983,180,1059,7413,74.13,480.86184147861456,0.9430964989013949,16.56982839925082,3.4502309565740403,
52023e6983,180,1060,7420,74.2,480.7407197561358,0.5287762622024029,18.638632064320298,1.4509184238041444,
52023e6983,180,1061,7427,74.27,479.77591619121284,0.39938645326407685,16.379882280899075,3.50669378332986,
52023e6983,180,1062,7434,74.34,479.1890848583035,0.2915207384016106,16.1889355876055,1.793404687842202,
52023e6983,180,1063,7441,74.41,479.0069215494858,0.24264914959515813,16.195319176324904,1.791937133087891,
52023e6983,180,1064,7448,74.48,478.7744085545329,0.21645408571581662,15.860570418676156,1.8857672690112344,
52023e6983,180,1065,7455,74.55,478.5813774683419,0.425170904725931,16.050577867137758,4.279949120149174,
52023e6983,180,1066,7462,74.62,477.6516107335944,0.4900011031387949,16.21045349602756,3.432811529184464,
52023e6983,180,1067,7469,74.69,476.61763937922416,0.435410466550614,16.546418480394962,4.2128600981931275,
52023e6983,180,1068,7476,74.76,475.935298917965,0.22852607487202184,16.180571579043924,1.627792436427197,
52023e6983,180,1069,7483,74.83,475.73254558208055,0.2960287831070269,15.913862602388708,2.81529515258431,
52023e6983,180,1070,7490,74.9,475.501294523513,0.3208722993219148,15.560155021252603,2.582118739191294,
52023e6983,180,1071,7497,74.97,475.11818711415293,0.35175023438574365,15.07050495697931,3.3240850824019903,
52023e6983,180,1072,7504,75.04,474.6454608591415,0.2503844362085534,15.26165514870785,2.1727925514640565,
52023e6983,180,1073,7511,75.11,474.45239257867206,0.45712407752253414,14.968834720082867,4.245638574890453,
52023e6983,180,1074,7518,75.18,473.4030926914144,0.14222598317589355,15.184035617710148,1.2182450743226299,
52023e6983,180,1075,7525,75.25,473.33534616770635,0.2932894325928744,15.424138547792856,2.9061379811453714,
52023e6983,180,1076,7532,75.32,473.06006427925007,0.38113234650167926,15.388784234765238,3.7664731423157667,
52023e6983,180,1077,7539,75.39,472.58548408311566,0.2395640930745888,15.52566626197076,2.053086819978856,
52023e6983,180,1078,7546,75.46,472.5071767189284,0.5204314303594926,15.357063468093743,4.8529632457061656,
52023e6983,180,1079,7553,75.53,471.4613873884079,0.4166781995558518,15.278751519758293,3.7578835965911943,
52023e6983,180,1080,7560,75.6,470.88694063953346,0.2140955849286154,16.545057694725703,1.0975524300141906,
52023e6983,180,1081,7567,75.67,470.8109629097657,0.34446790641932373,15.694843017122878,2.485265782664913,
52023e6983,180,1082,7574,75.74,470.50242908705235,0.29150443187249286,16.205016377245443,2.150826013101243,
52023e6983,180,1083,7581,75.81,470.49584842510194,0.34351469852701694,16.16025203771657,2.0532331666596835,
52023e6983,180,1084,7588,75.88,470.26546739712813,0.5009125277996727,15.933485975894873,3.4727273300300716,
52023e6983,180,1085,7595,75.95,469.94297145266347,0.70613678051448,16.783987462710794,4.6131158272672055,
52023e6983,180,1086,7602,76.02,469.3947583701664,0.651017307421696,17.372152857147302,1.9241680639698533,
52023e6983,180,1087,7609,76.09,469.2150591655778,0.7687377458744615,16.931892435554754,5.556123965792241,
52023e6983,180,1088,7616,76.16,468.6300180157209,0.7815708738202715,17.902257107670493,1.8198848895728343,
52023e6983,180,1089,7623,76.23,468.1495658771117,0.8266264074376461,17.04117657204226,4.775754135479908,
52023e6983,180,1090,7630,76.3,467.6270816370742,0.7746261194458788,18.50908780961359,1.978480432255815,
52023e6983,180,1091,7637,76.37,467.4947332324809,0.843962200775115,17.59003146599703,3.5205408780800327,
52023e6983,180,1092,7644,76.44,466.7983504818621,0.7592791633922138,19.36739016864861,1.4237938863950805,
52023e6983,180,1093,7651,76.51,466.7718798185915,0.811626387844123,18.204817887066216,2.3825585040588098,
52023e6983,180,1094,7658,76.58,466.4113563470715,0.9870014046275626,19.38134684790753,4.51431133473979,
52023e6983,180,1095,7665,76.65,465.98853249194843,1.0544643878423305,20.856210442339446,3.913923076795979,
52023e6983,180,1096,7672,76.72,465.9251319089537,1.0599174480197762,21.593304578596385,1.4054080769961512,
52023e6983,180,1097,7679,76.79,465.8388392171544,0.5923558331619808,21.38117035106741,4.146873689620217,
52023e6983,180,1098,7686,76.86,462.4672897283652,0.329333295277738,16.62389219625671,3.0543873541473725,
52023e6983,180,1099,7693,76.93,462.16116777740274,0.22576436804005626,17.33185635943964,1.1981870382078605,
52023e6983,180,1100,7700,77.0,461.9710126187792,0.2672724306995056,16.58896508029992,2.375638229714664,
52023e6983,180,1101,7707,77.07,461.6436679046953,0.1655627879757853,16.382507512231367,1.6319208628241746,
52023e6983,180,1102,7714,77.14,461.50932296763824,0.31832884733140115,16.537421521050163,3.102276275806755,
52023e6983,180,1103,7721,77.21,461.1874495059578,0.2674823328474661,15.860188083871998,1.8229978716966129,
52023e6983,180,1104,7728,77.28,460.90762807426046,0.7788455043267923,15.288709456145515,3.6373503531825664,
52023e6983,180,1105,7735,77.35,460.61091079956617,0.6243690744752275,16.693687059615392,1.4232221595668901,
52023e6983,180,1106,7742,77.42,460.4849121526489,0.374892505146977,15.270247050005436,1.2205287681580967,
52023e6983,180,1107,7749,77.49,460.008888326304,0.2614608591300149,15.856236143890557,2.045344969669168,
52023e6983,180,1108,7756,77.56,459.7793343171252,0.4572322814054933,15.357527781897991,1.8670826336192614,
52023e6983,180,1109,7763,77.63,459.7260793854053,0.30799213246784723,15.76559578929977,1.7492693676477284,
52023e6983,180,1110,7770,77.7,459.2676588295975,0.35584904030325837,15.396095945131256,3.5506195705485433,
52023e6983,180,1111,7777,77.77,458.87547853989224,0.1944071320084194,14.474117323824142,1.2602164079698688,
52023e6983,180,1112,7784,77.84,458.755929629761,0.0855513468016737,14.572634095763101,0.42188400086339417,
52023e6983,180,1113,7791,77.91,458.72616610549437,0.36861414842609874,14.50511154962495,3.1691784690710194,
52023e6983,180,1114,7798,77.98,458.1394349772079,0.48315773661589856,14.385179522620083,4.791660078127958,
52023e6983,180,1115,7805,78.05,457.5674155277524,0.36614769085432003,14.296549357497868,2.9180348102295737,
52023e6983,180,1116,7812,78.12,457.2543355552179,0.34671879409646184,13.428114174134413,2.337195297293695,
52023e6983,180,1117,7819,78.19,456.8932596619505,0.3082559051636541,14.012517748672316,2.7401235271106934,
52023e6983,180,1118,7826,78.26,456.4707813874076,0.21243235044867664,13.560109744722878,1.9405189020228875,
52023e6983,180,1119,7833,78.33,456.2466159301089,0.20985114029361626,13.925492045420825,2.0799068583003324,
52023e6983,180,1120,7840,78.4,456.08213856329047,0.1893419306713501,13.463453386771398,1.7198387048641204,
52023e6983,180,1121,7847,78.47,455.94750033722414,0.17813111741098678,13.559197256051572,1.5840849897779627,
52023e6983,180,1122,7854,78.54,455.7879813506505,0.31113526540007025,13.065200554527964,2.9837324989405056,
52023e6983,180,1123,7861,78.61,455.4477801834097,0.5627470789984375,13.17048895549876,2.575112510360946,
52023e6983,180,1124,7868,78.68,455.30540538303575,0.38421448776635386,14.51119593608707,1.4070999348116209,
52023e6983,180,1125,7875,78.75,454.8465244739461,0.29468170512712566,13.99816097675296,2.671691985630434,
52023e6983,180,1126,7882,78.82,454.5913852842623,0.2930360725880852,13.068358136630915,2.1702974981230705,
52023e6983,180,1127,7889,78.89,454.26908054969704,0.42269760055573635,13.241786364337244,2.36303812043996,
52023e6983,180,1128,7896,78.96,453.48395311753234,0.4008894414559258,13.805846404201882,3.994599603438204,
52023e6983,180,1129,7903,79.03,452.8986502436987,0.320601993867969,13.294526196780794,2.8113019302277924,
52023e6983,180,1130,7910,79.1,452.62005958974277,0.28394814950216424,13.188522231024322,2.387978747778393,
52023e6983,180,1131,7917,79.17,452.39719280403756,0.21536666294338147,12.749388179047271,1.5425838422388867,
52023e6983,180,1132,7924,79.24,452.29199922032626,0.2893917883936278,12.899249354708573,2.3255335222579983,
52023e6983,180,1133,7931,79.31,452.01930453370005,0.17334285573720024,12.68180835279459,1.0757673149610532,
52023e6983,180,1134,7938,79.38,451.9281857277304,0.19396155346726943,12.935535069993255,1.044200068569302,
52023e6983,180,1135,7945,79.45,451.7835313691641,0.1497956070221627,12.741175225906122,1.3862962751177215,
52023e6983,180,1136,7952,79.52,451.6962889572249,0.16009980776988653,12.887322857324692,1.5350743277929761,
52023e6983,180,1137,7959,79.59,451.6028571834077,0.2611726785554795,13.406356300589671,2.636997466663626,
52023e6983,180,1138,7966,79.66,451.33247013321187,0.26778434500275133,12.93514741741721,0.9927981790330992,
52023e6983,180,1139,7973,79.73,451.0607833802111,0.3013433943029785,12.738628031470746,2.9690634627965737,
52023e6983,180,1140,7980,79.8,450.77214752432695,0.24011915067571443,13.761455008839611,0.9066167842832379,
52023e6983,180,1141,7987,79.87,450.520798752559,0.3575788659019337,13.58953389146977,3.4381394738696947,
52023e6983,180,1142,7994,79.94,450.0425291287009,0.349157415843943,13.038358256760667,1.556893799379134,
52023e6983,180,1143,8001,80.01,449.58514414210737,0.24180865984638525,12.26334046598918,1.3196772699239545,
52023e6983,180,1144,8008,80.08,449.3398004117614,0.33704805865658566,12.370407913522016,1.283097421925452,
52023e6983,180,1145,8015,80.15,449.31846383599844,0.33090672759703915,12.799584749408123,0.9417113216691497,
52023e6983,180,1146,8022,80.22,448.8222500676591,0.10201720897098579,12.537643814522731,0.7895569893989425,
52023e6983,180,1147,8029,80.29,448.7840933791065,0.21126380795882962,12.420575910607944,2.056008005551297,
52023e6983,180,1148,8036,80.36,448.587921403734,0.26967962473204454,12.301325601443004,2.010479599451593,
52023e6983,180,1149,8043,80.43,448.3840530674181,0.31377758417507123,12.099027999113,2.9300987152169093,
52023e6983,180,1150,8050,80.5,447.9417129139866,0.28651959748679023,11.769362562989112,2.202292420842815,
52023e6983,180,1151,8057,80.57,447.62400543978526,0.2175785314106235,11.974228014824888,2.1033009244894783,
52023e6983,180,1152,8064,80.64,447.42187283611224,0.19182929330651138,12.230564689656841,1.8367497934456565,
52023e6983,180,1153,8071,80.71,447.2647406784485,0.37061610085416924,12.464870707060992,3.019618235716785,
52023e6983,180,1154,8078,80.78,446.66768434074925,0.33437615365250717,12.850303001860821,0.6030315137299834,
52023e6983,180,1155,8085,80.85,446.33385709980695,0.3113535135373414,13.149842763693371,2.2364293941213704,
52023e6983,180,1156,8092,80.92,445.910715794507,0.20125176662945485,13.232414224432125,1.7579101241108603,
52023e6983,180,1157,8099,80.99,445.72402511012046,0.32194423839813746,13.502197073296063,2.7087680131543155,
52023e6983,180,1158,8106,81.06,445.2804413309064,0.26268756130257115,12.70995278243107,2.2098557115418846,
52023e6983,180,1159,8113,81.13,445.01116398984726,0.16187651072400455,13.216413621096729,0.843290120426599,
52023e6983,180,1160,8120,81.2,444.8780696286293,0.19887105931543447,12.943563261810812,1.893916558038741,
52023e6983,180,1161,8127,81.27,444.69716495803044,0.23269795168688756,13.559846117371546,2.330709155639978,
52023e6983,180,1162,8134,81.34,444.5516452739598,0.29286475363224485,13.65710565015309,2.706282029926946,
52023e6983,180,1163,8141,81.41,444.2243717959253,0.31103580784116996,13.20540929651885,2.0094270550168476,
52023e6983,180,1164,8148,81.48,443.7957852016449,0.17189822200730365,12.601031070218985,1.6775476160306035,
52023e6983,180,1165,8155,81.55,443.66678745646817,0.22241358331518685,12.818698839078838,2.220985045413394,
52023e6983,180,1166,8162,81.62,443.4332960562438,0.1538811334734729,13.121193224942235,1.442397895217433,
52023e6983,180,1167,8169,81.69,443.3123587296559,0.27332597381540663,13.187935811566032,2.483330543175526,
52023e6983,180,1168,8176,81.76,442.96533400275104,0.33605625261043826,12.939015727026995,3.325719614707452,
52023e6983,180,1169,8183,81.83,442.5662696728988,0.24070224144846938,13.490491276967909,1.7872775144323858,
52023e6983,180,1170,8190,81.9,442.30120063234057,0.3609029152786814,13.467870093141446,1.619301153568975,
52023e6983,180,1171,8197,81.97,442.2856950927743,0.4728259674898251,13.770328185466306,4.3797001208324975,
52023e6983,180,1172,8204,82.04,441.3364254058674,0.1879788790358791,14.239512420576727,1.1336736185697642,
52023e6983,180,1173,8211,82.11,441.1978938580348,0.12103286877495775,13.943914180381537,1.052498343074828,
52023e6983,180,1174,8218,82.18,441.12658284876585,0.4737240847446299,14.038875076756929,2.1815965497635275,
52023e6983,180,1175,8225,82.25,440.8878239986441,0.2987220823319524,14.163659245394827,2.3149892744824423,
52023e6983,180,1176,8232,82.32,440.48981689568694,0.2765557135714516,13.441830999242399,0.5208846711287836,
52023e6983,180,1177,8239,82.39,440.4376373779408,0.25241276644267996,13.219945617646877,2.490253356788754,
52023e6983,180,1178,8246,82.46,440.1588589042683,0.2189730482533746,13.067125206556476,1.6780904385430364,
52023e6983,180,1179,8253,82.53,439.92650064823476,0.5416247165888013,13.237281599874748,2.631390157156169,
52023e6983,180,1180,8260,82.6,439.8413785091836,0.3193562666690221,14.254512561641924,1.0628201734423808,
52023e6983,180,1181,8267,82.67,439.3569759355503,0.4393659458254817,13.42068546406096,4.3904288075865185,
52023e6983,180,1182,8274,82.74,438.5684527742377,0.18245446082776381,13.133106400274468,1.3825696034988304,
52023e6983,180,1183,8281,82.81,438.4039237986985,0.1897613734485579,12.705054147023915,1.489063260918822,
52023e6983,180,1184,8288,82.88,438.24758213576325,0.27189225440129566,12.520413195054582,2.6940350051725153,
52023e6983,180,1185,8295,82.95,437.9109216243945,0.1912381552681744,12.8174646031093,1.8023791499641895,
52023e6983,180,1186,8302,83.02,437.8544805728069,0.23786102498232037,12.631318227440156,1.3798986264728466,
52023e6983,180,1187,8309,83.09,437.6248184030009,0.26132701205147457,12.300807887410715,2.547191581770465,
52023e6983,180,1188,8316,83.16,437.3770233522086,0.56797770257875,12.314559548771484,2.5764229574446764,
52023e6983,180,1189,8323,83.23,437.30835901049744,0.41004232320991774,15.357918071294433,2.281671259921059,
52023e6983,180,1190,8330,83.3,436.8328373196315,0.34996517124997706,12.790103113257754,2.8001094088519336,
52023e6983,180,1191,8337,83.37,436.2484195091138,0.35920895783023654,12.902728633506255,3.1917075260206498,
52023e6983,180,1192,8344,83.44,435.6903928140344,0.2944129228277148,12.824188564389702,2.918369677091532,
52023e6983,180,1193,8351,83.51,435.3923829861843,0.165650133915801,12.625046699444805,1.2363925812543746,
52023e6983,180,1194,8358,83.58,435.2542195269255,0.22875307468225875,12.55869702364556,0.7678877354557928,
52023e6983,180,1195,8365,83.65,435.00437387321995,0.34345135817884626,12.733015472431125,1.1452886005740075,
52023e6983,180,1196,8372,83.72,434.426435269423,0.3651853445032045,12.943681934507094,1.0277333873652137,
52023e6983,180,1197,8379,83.79,434.28448220523154,0.32476428049413075,13.454133372306467,2.8973905814914924,
52023e6983,180,1198,8386,83.86,433.76713480219894,0.471873484097886,13.265355629468528,2.075291886387842,
52023e6983,180,1199,8393,83.93,433.7548313454238,0.6238965901803961,13.07260216346255,2.3656395280760876,
52023e6983,180,1200,8400,84.0,433.5256864638763,0.5315362894497919,13.96703608682827,1.3326424260741478,
52023e6983,180,1201,8407,84.07,433.32444147124806,0.4321877578705706,12.937941626134501,0.6214257748049752,
52023e6983,180,1202,8414,84.14,433.2051524816293,0.34107559615873645,13.586644648863851,3.070291011282802,
52023e6983,180,1203,8421,84.21,432.6281153239807,0.3301692167142008,12.831635724584524,2.8147620149786556,
52023e6983,180,1204,8428,84.28,432.36552232407024,0.41462195002052826,13.30112224109389,3.43999275689221,
52023e6983,180,1205,8435,84.35,431.97115984605466,0.3214659698585186,12.680107439474423,1.3125500805684096,
52023e6983,180,1206,8442,84.42,431.8228326062527,0.330126500114138,12.974087312084436,0.8343264890111052,
52023e6983,180,1207,8449,84.49,431.63186560098296,0.341241819376096,12.545768482592365,1.7127157976241691,
52023e6983,180,1208,8456,84.56,431.28073919953636,0.22417125291550194,12.67929852048762,0.94242960470556,
52023e6983,180,1209,8463,84.63,431.167083625258,0.21556847832783782,12.356404558110398,1.1791211330926124,
52023e6983,180,1210,8470,84.7,431.0049609856138,0.2163967645525067,12.49192996126177,1.6312468801879343,
52023e6983,180,1211,8477,84.77,430.80569323046774,0.25403510431065873,12.209429974859976,2.443076048342006,
52023e6983,180,1212,8484,84.84,430.5435565839778,0.31903323265828165,11.899642076038072,3.118635029598004,
52023e6983,180,1213,8491,84.91,430.08329218586493,0.2770615846387099,12.007807704237964,2.5336567813287316,
52023e6983,180,1214,8498,84.98,429.85908374398525,0.1875140537039792,11.436943249464319,1.1025173712267107,
52023e6983,180,1215,8505,85.05,429.71046828102646,0.23069868367271965,11.389899242893557,1.213731904046041,
52023e6983,180,1216,8512,85.12,429.4979441572194,0.27019926965124186,11.789049200048922,2.594142274134723,
52023e6983,180,1217,8519,85.19,429.1353852233198,0.15490686804541057,11.674193348891249,1.2478380404042766,
52023e6983,180,1218,8526,85.26,429.0728656670134,0.14715810829422077,11.944901690878917,1.3608408958536213,
52023e6983,180,1219,8533,85.33,428.9765028782608,0.12775633721554694,11.893693473181115,0.8627280255758946,
52023e6983,180,1220,8540,85.4,428.8961952125735,0.6704455983815006,11.914982441478692,2.7631367456210447,
52023e6983,180,1221,8547,85.47,428.75998963292164,0.5114310790671757,15.047405626692026,4.2313961708217525,
52023e6983,180,1222,8554,85.54,427.7303872173008,0.2058138179331605,12.38454512668975,1.873507138422527,
52023e6983,180,1223,8561,85.61,427.6064044214078,0.3090624420712698,12.660978524649488,2.794663242169597,
52023e6983,180,1224,8568,85.68,427.2879508636533,0.35323225621180504,12.193949455941098,3.3336614321743236,
52023e6983,180,1225,8575,85.75,426.82984347351004,0.21734774510902324,12.91896803317427,1.8325305690459956,
52023e6983,180,1226,8582,85.82,426.70874550992977,0.1432093157689339,12.32398154637743,0.9262322276274422,
52023e6983,180,1227,8589,85.89,426.6152336159279,0.39172356749166415,12.516143358692727,3.1510606470060223,
52023e6983,180,1228,8596,85.96,426.0235449471434,0.21999754483087666,13.46172685140797,1.7198878227236838,
52023e6983,180,1229,8603,86.03,425.85385988686863,0.2516103040055098,13.19932222922232,2.4545573227199475,
52023e6983,180,1230,8610,86.1,425.574969355729,0.6167958631648686,12.156821279934702,2.864709426308989,
52023e6983,180,1231,8617,86.17,425.3833564357393,0.7084029018775179,14.607154926365327,1.6403573012576276,
52023e6983,180,1232,8624,86.24,425.27735220841345,0.479118711675898,13.77022560404387,1.5869142257853226,
52023e6983,180,1233,8631,86.31,424.25517295023286,0.568835573270145,13.204611357346062,4.181587346031135,
52023e6983,180,1234,8638,86.38,423.38563782074334,0.4342703391923397,13.428725516939528,0.7954103685538723,
52023e6983,180,1235,8645,86.45,422.76830314537057,0.37657243384561306,12.548246709382704,2.5142179855356734,
52023e6983,180,1236,8652,86.52,422.2035679314256,0.3342375537150208,12.579192207753566,3.1662270168089712,
52023e6983,180,1237,8659,86.59,421.7884090611395,0.16827439262197755,12.591565528382135,1.3520834222124984,
52023e6983,180,1238,8666,86.66,421.6677933420938,0.15425994826691147,12.300293952768719,1.303112149722479,
52023e6983,180,1239,8673,86.73,421.5502406756115,0.27744828592071985,12.421365419026863,1.4911270804445698,
52023e6983,180,1240,8680,86.8,421.2201919593459,0.166065631310518,13.103666168249152,0.6851343900977382,
52023e6983,180,1241,8687,86.87,421.1045318908225,0.2965118466931766,12.611118569261706,2.8639463800498928,
52023e6983,180,1242,8694,86.94,420.6956703160773,0.2398397553109313,12.763772715207448,2.132648107761792,
52023e6983,180,1243,8701,87.01,420.44329412870746,0.10607126448138425,12.525178601784257,0.781681559574128,
52023e6983,180,1244,8708,87.08,420.3893031583362,0.16770443121649548,12.427009795520885,1.6204637709527434,
52023e6983,180,1245,8715,87.15,420.2956290767838,0.13935300384935714,11.985706676117399,1.1631962926118709,
52023e6983,180,1246,8722,87.22,420.2109359986078,0.45118442444982215,11.972394893675327,1.9673414792519954,
52023e6983,180,1247,8729,87.29,420.166582977072,0.5125398220638918,11.61862381775751,1.8213614779018685,
52023e6983,180,1248,8736,87.36,420.1313696031531,0.3411731372175679,11.972198593658426,1.7184017892182832,
52023e6983,180,1249,8743,87.43,419.5742841478679,0.2612501910680794,11.250268556829017,2.6437017544976613,
52023e6983,180,1250,8750,87.5,419.27516396831606,0.5955069505577365,11.550716146244726,2.491220565775542,
52023e6983,180,1251,8757,87.57,419.0428818269977,0.2572063584700488,12.36731946392358,0.6753781132443004,
52023e6983,180,1252,8764,87.64,418.7368671682081,0.15425957553630865,11.984561036085495,1.390263770294325,
52023e6983,180,1253,8771,87.71,418.6156647207778,0.5558280857757562,11.915287956389898,2.8217338474727014,
52023e6983,180,1254,8778,87.78,418.37332345280106,0.5439041813527733,12.984978703150036,1.558079023937204,
52023e6983,180,1255,8785,87.85,418.32268918250145,0.6642664143053082,12.0707645157215,1.8099222374641273,
52023e6983,180,1256,8792,87.92,418.21105915931275,0.3826561022726535,12.544685136354945,2.4348471483656735,
52023e6983,180,1257,8799,87.99,417.53197337896114,0.2569979637279568,12.108233490244926,1.8254938563570804,
52023e6983,180,1258,8806,88.06,417.24308841140055,0.14965668835833149,11.359731206042746,1.01544889911855,
52023e6983,180,1259,8813,88.13,417.17647869299236,0.35949308979485217,11.528481792371089,1.2956526454209292,
52023e6983,180,1260,8820,88.2,417.1751445668917,0.20571491195390018,13.227958184705864,0.9396626360439178,
52023e6983,180,1261,8827,88.27,416.96382258107246,0.14819198798974428,12.358363419681352,1.1010337346518067,
52023e6983,180,1262,8834,88.34,416.885749827906,0.4811299412627994,12.110033685053763,2.1376535816888635,
52023e6983,180,1263,8841,88.41,416.86723177790697,0.5796704732608963,12.866089667403623,0.9795697457837986,
52023e6983,180,1264,8848,88.48,416.8567203999626,0.41464536302040084,12.540301185577277,2.91745795287209,
52023e6983,180,1265,8855,88.55,416.24201964228877,0.2084999240950867,12.386659183014734,0.6008967742771589,
52023e6983,180,1266,8862,88.62,416.0606959151818,0.2139852546387237,11.899262908393734,2.078029873914747,
52023e6983,180,1267,8869,88.69,415.8546495526609,0.39338870367063467,11.738445804396193,1.972063132961967,
52023e6983,180,1268,8876,88.76,415.81827953724917,0.29396396713691697,13.05899755565749,2.3651445504342448,
52023e6983,180,1269,8883,88.83,415.52630231418823,0.2734257686043478,12.230717238704088,2.401169218401474,
52023e6983,180,1270,8890,88.9,415.20066568229373,0.29175964456380693,12.4018916145246,1.3289504545689652,
52023e6983,180,1271,8897,88.97,414.78928406987546,0.13045236765150875,12.649579932963668,1.0076625490816573,
52023e6983,180,1272,8904,89.04,414.7539419735157,0.28438981049916046,12.468301276920037,2.5479183675378496,
52023e6983,180,1273,8911,89.11,414.42836495543855,0.26007721646472554,12.788981429576204,0.8486456991922515,
52023e6983,180,1274,8918,89.18,414.4194018584389,0.2810024574464448,13.118141130849253,2.45414000334699,
52023e6983,180,1275,8925,89.25,414.13043780541693,0.2080751458270257,12.35494499783258,1.5534771639971516,
52023e6983,180,1276,8932,89.32,413.9221245952105,0.28983784487183817,12.382688336853931,1.7050907611834347,
52023e6983,180,1277,8939,89.39,413.60297127750374,0.25536952644290767,12.017263855936513,2.3145906572379302,
52023e6983,180,1278,8946,89.46,413.285660179716,0.11795888327516027,12.2597242992124,0.5577910334088642,
52023e6983,180,1279,8953,89.53,413.2440891384288,0.25718765876973204,11.970172376099386,2.4226709611343353,
52023e6983,180,1280,8960,89.6,412.9357225113436,0.28636518274580725,12.157660629233918,2.864949740729926,
52023e6983,180,1281,8967,89.67,412.65865427236946,0.27191937917517073,12.517580882304605,2.1620447350791623,
52023e6983,180,1282,8974,89.74,412.41425513661807,0.226795746081752,12.08382077427511,1.6125145260259985,
52023e6983,180,1283,8981,89.81,412.1857960731222,0.22692758964751492,12.600908198775384,2.318473301811046,
52023e6983,180,1284,8988,89.88,412.00501698924364,0.7811859279247614,12.446156504018887,2.022505550793395,
52023e6983,180,1285,8995,89.95,411.8330430192102,0.3868477607648794,15.358978353700753,1.5313130143473657,
52023e6983,180,1286,9002,90.02,411.1599501783765,0.33509105189660016,12.825955855609582,3.117709773915889,
52023e6983,180,1287,9009,90.09,410.6482939983168,0.2319096826826522,12.684187114951039,2.2915893663883202,
52023e6983,180,1288,9016,90.16,410.382012315914,0.12695717896684308,12.75837526410324,1.0744109486849764,
52023e6983,180,1289,9023,90.23,410.3468332270948,0.15003322692513316,12.715462033392914,0.7134019001381763,
52023e6983,180,1290,9030,90.3,410.2352862037134,0.5694120810108579,12.50066912129254,2.6083784373464605,
52023e6983,180,1291,9037,90.37,410.1016991338931,0.35752318925686544,13.495913931318293,2.5257607338524157,
52023e6983,180,1292,9044,90.44,409.54029267591926,0.14157996055266736,11.906039076360251,1.0892162758995934,
52023e6983,180,1293,9051,90.51,409.4509750675107,0.5375854521185238,12.07429217036662,2.178761818814697,
52023e6983,180,1294,9058,90.58,409.42714751934074,0.41013731359139977,13.448904244828755,2.7546767510423837,
52023e6983,180,1295,9065,90.65,408.9084669959935,0.3085516345147728,12.672482505977959,2.1303019210787912,
52023e6983,180,1296,9072,90.72,408.604869807905,0.19788635213083158,12.71638019408624,0.6451462016581718,
52023e6983,180,1297,9079,90.79,408.4218216381614,0.2820405729767749,12.735509986846617,2.8389445341544866,
52023e6983,180,1298,9086,90.86,408.13249830864527,0.2815811385130972,13.174176800319488,1.6473992444891574,
52023e6983,180,1299,9093,90.93,407.76695773351116,0.2734189714044222,12.776615389347,1.3370176040689647,
52023e6983,180,1300,9100,91.0,407.7564206931367,0.21018050303228505,13.368388228421061,1.5328967519809769,
52023e6983,180,1301,9107,91.07,407.56028686767525,0.3959204857782416,13.514827728261372,3.2715260335609435,
52023e6983,180,1302,9114,91.14,406.9455944524195,0.4374322897716731,13.002728040900513,4.389832989383549,
52023e6983,180,1303,9121,91.21,406.5410540772851,0.29662704538109225,14.16450025282103,1.0486415299151395,
52023e6983,180,1304,9128,91.28,406.3717428746687,0.32096710718447824,13.109863247284125,1.4579146468275674,
52023e6983,180,1305,9135,91.35,406.0437133538186,0.2650755158750681,13.486212635909084,2.20363996068257,
52023e6983,180,1306,9142,91.42,405.78599486582823,0.28558196619536225,13.053014918747865,2.500414404666392,
52023e6983,180,1307,9149,91.49,405.3752457929892,0.3330578618356852,13.244651695588047,1.1898458891561923,
52023e6983,180,1308,9156,91.56,405.2816112462209,0.3282679307977696,13.295605705312925,2.9347629091150043,
52023e6983,180,1309,9163,91.63,404.96363708277636,0.27737018664706503,13.9116481942272,2.3262388184335117,
52023e6983,180,1310,9170,91.7,404.7172604232661,0.21662278291251086,13.391392574784591,1.9187067658242263,
52023e6983,180,1311,9177,91.77,404.5501966111926,0.28392135672214636,13.971454980090913,2.4820973023559274,
52023e6983,180,1312,9184,91.84,404.2452019795504,0.39345223660020373,13.394363958864453,2.532140367635808,
52023e6983,180,1313,9191,91.91,403.68244279495207,0.21978853297096557,13.38633499181507,1.621044965584418,
52023e6983,180,1314,9198,91.98,403.4942194125068,0.36164806393848375,13.316161043181747,2.6974321913816137,
52023e6983,180,1315,9205,92.05,402.8525721101975,0.3095337132573934,13.774025427092075,2.943269029788148,
52023e6983,180,1316,9212,92.12,402.4048096426521,0.4099917604830946,14.06906012289945,3.7679084659185063,
52023e6983,180,1317,9219,92.19,401.87792801452787,0.19601649438235663,13.790814696762807,0.4452960779201206,
52023e6983,180,1318,9226,92.26,401.7557970394636,0.2941556072176846,13.569515384025514,2.786441686777769,
52023e6983,180,1319,9233,92.33,401.4710016042456,0.7904590059702814,13.55759338902077,3.3077516443877135,
52023e6983,180,1320,9240,92.4,401.42801700546227,0.4980145122106209,15.531575373684754,2.4518020225383106,
52023e6983,180,1321,9247,92.47,400.77109476214093,0.3986434584667403,14.193949842860905,3.0420786324645577,
52023e6983,180,1322,9254,92.54,400.2960597642683,0.31976428458218803,13.850402016126518,1.7043572321913376,
52023e6983,180,1323,9261,92.61,400.02540344084684,0.37663823001657415,13.905256340708751,3.0913841501293837,
52023e6983,180,1324,9268,92.68,399.67049114331144,0.4367926782928497,14.19107393064298,3.5433078324518963,
52023e6983,180,1325,9275,92.75,399.0035264392806,0.3146701195929354,13.882253338788102,2.5999387463236276,
52023e6983,180,1326,9282,92.82,398.5787113573315,0.3409885922227521,14.331825579128616,2.2556164949678372,
52023e6983,180,1327,9289,92.89,398.03839888886756,0.27409485706620484,14.558432460120216,2.655980088507914,
52023e6983,180,1328,9296,92.96,397.65818551245206,0.633268767253035,14.894383094166948,2.6071721990879326,
52023e6983,180,1329,9303,93.03,397.62730634941676,0.42116956183775955,15.873059258253106,1.4687389234684602,
52023e6983,180,1330,9310,93.1,396.80242173533355,0.31997322984430043,14.847013953942978,3.1862078441304407,
52023e6983,180,1331,9317,93.17,396.33621985871014,0.2203591752042865,14.174933561031855,2.00605303838685,
52023e6983,180,1332,9324,93.24,396.13404710963005,0.38351391015325725,14.868046713915623,3.7434651331331454,
52023e6983,180,1333,9331,93.31,395.6199326776692,0.4062715063537811,15.191645063047213,3.5584445689052546,
52023e6983,180,1334,9338,93.38,394.91071651241083,0.259027860096445,14.964554964352162,1.473174907831767,
52023e6983,180,1335,9345,93.45,394.6104996482302,0.369298828861238,15.258516346007466,3.2939524358463137,
52023e6983,180,1336,9352,93.52,394.2355805097231,0.3051250323668967,14.406134270153649,1.735076989234935,
52023e6983,180,1337,9359,93.59,394.0580463508218,0.308113361896396,14.746102852000822,2.2894184884597575,
52023e6983,180,1338,9366,93.66,393.76831496086504,0.24484721607328908,14.013980941715792,2.01605251020973,
52023e6983,180,1339,9373,93.73,393.4979839840891,0.25456123713346734,14.465046055294865,2.1196334054630324,
52023e6983,180,1340,9380,93.8,393.26846975424314,0.3300110184629055,14.165574937351469,2.426344508912039,
52023e6983,180,1341,9387,93.87,393.04122171860115,0.417263272773211,15.196641903816152,1.4610371872999124,
52023e6983,180,1342,9394,93.94,392.499396606265,0.3312821066105901,14.535486427625315,0.9168458509569563,
52023e6983,180,1343,9401,94.01,392.1443027914259,0.286843003847133,14.411833202241661,2.1572433764738395,
52023e6983,180,1344,9408,94.08,391.9534018843615,0.5464376691754499,14.770524748573166,5.281154490927682,
52023e6983,180,1345,9415,94.15,390.7226067597178,0.389267936574259,14.702676713185484,2.0386409175517684,
52023e6983,180,1346,9422,94.22,390.3656866710013,0.2939331552184307,14.377067667182315,0.7474673554188295,
52023e6983,180,1347,9429,94.29,390.2015556918069,0.25530767018334977,14.38669082982791,1.145270363751023,
52023e6983,180,1348,9436,94.36,390.04382079321505,0.1977800527012858,14.209159673670694,1.1038884906492088,
52023e6983,180,1349,9443,94.43,389.9323376261483,0.2571190972693709,14.01146747417903,1.6526281085314363,
52023e6983,180,1350,9450,94.5,389.6142857525857,0.29292637120218984,13.98533977317303,2.027400401774802,
52023e6983,180,1351,9457,94.57,389.326237484878,0.24030389097275423,14.117654768159747,0.7756746959720707,
52023e6983,180,1352,9464,94.64,389.2314401986284,0.2980382774717762,14.698406310245876,1.3707516095359022,
52023e6983,180,1353,9471,94.71,388.9621336279667,0.2253682688452843,13.723707131895528,1.7065215531142937,
52023e6983,180,1354,9478,94.78,388.89152509403414,0.33679804405528796,13.607043967512311,1.1050747914440888,
52023e6983,180,1355,9485,94.85,388.63194392608966,0.2429654901010234,13.617104185472444,0.8343183189241884,
52023e6983,180,1356,9492,94.92,388.4796184766937,0.27430905637236563,13.056113980255411,2.1700757204781476,
52023e6983,180,1357,9499,94.99,388.16527743961,0.30339261747127116,13.041733191527044,2.6903604157373624,
52023e6983,180,1358,9506,95.06,387.754727483595,0.2281334789105318,12.987503400946725,1.5600307109083535,
52023e6983,180,1359,9513,95.13,387.58664967396004,0.5447356679685651,12.930226132217552,5.184653947274586,
52023e6983,180,1360,9520,95.2,386.55684364234884,0.29820135666834235,14.582623434895156,1.18097712330356,
52023e6983,180,1361,9527,95.27,386.3874214072363,0.2210710529274839,12.992436046441854,0.7270179400945572,
52023e6983,180,1362,9534,95.34,386.2437599073101,0.448181830009742,13.202203800585204,4.311822993525828,
52023e6983,180,1363,9541,95.41,385.80497200015463,0.31274121181935116,12.292822791372183,1.2075937961055005,
52023e6983,180,1364,9548,95.48,385.57776779347165,0.3752381827018076,12.039040118350197,2.678208515369308,
52023e6983,180,1365,9555,95.55,385.06726839097934,0.3216760064840565,11.38493938436219,2.665227360581467,
52023e6983,180,1366,9562,95.62,384.6996044864514,0.16001358371492277,11.480406975958061,0.9659532964965774,
52023e6983,180,1367,9569,95.69,384.6180661050999,0.3911022995969032,11.51790607965862,2.9773698160807305,
52023e6983,180,1368,9576,95.76,383.8830813074072,0.4739431221991334,12.57614354418901,1.778600174077953,
52023e6983,180,1369,9583,95.83,382.9024948851664,0.2723040400656193,13.265330453684411,2.351584676351533,
52023e6983,180,1370,9590,95.9,382.54701576521427,0.193557088536186,12.40509125162992,1.2270305792472083,
52023e6983,180,1371,9597,95.97,382.3871005268404,0.21696864270578814,12.594445431906333,2.1246741323973493,
52023e6983,180,1372,9604,96.04,382.20668158829955,0.21098494867110484,11.731440189080788,1.2847115052033735,
52023e6983,180,1373,9611,96.11,382.0817913305803,0.37929238455651143,12.457743492982171,1.7193179373038088,
52023e6983,180,1374,9618,96.18,381.4616017428483,0.3090262541951884,11.70106186275702,2.437631099982024,
52023e6983,180,1375,9625,96.25,381.1521862072377,0.17570095282666232,12.507737605230096,1.364214380274884,
52023e6983,180,1376,9632,96.32,381.05261823095975,0.24323925099744176,11.773859588131552,2.361884527414809,
52023e6983,180,1377,9639,96.39,380.8291868288145,0.29043260378246116,11.78304560246529,2.319008572043239,
52023e6983,180,1378,9646,96.46,380.46374784424734,0.35249216172170883,12.046069333086134,3.4498348978629196,
52023e6983,180,1379,9653,96.53,379.89704334319265,0.2970956876443484,11.738154584148642,2.782800547888042,
52023e6983,180,1380,9660,96.6,379.53383094542113,0.26820332894307974,12.258868267959446,2.4735845866156123,
52023e6983,180,1381,9667,96.67,379.29151675582403,0.31219068801092886,11.695027727030313,2.5352005648781484,
52023e6983,180,1382,9674,96.74,378.91011237881565,0.2204665879435789,11.6937692447385,2.036776288960371,
52023e6983,180,1383,9681,96.81,378.7155477321804,0.21163330079274686,11.747694358406914,1.846969247702473,
52023e6983,180,1384,9688,96.88,378.56248966409584,0.14871709614342765,12.564968478229332,1.2432299404912446,
52023e6983,180,1385,9695,96.95,378.47590555689175,0.18003217491036666,12.41361760410536,1.425977080418103,
52023e6983,180,1386,9702,97.02,378.3108824648947,0.15205180760550438,12.218450365721269,1.4518735386795125,
52023e6983,180,1387,9709,97.09,378.1958277160319,0.2170265401742195,12.472842661248341,1.238644205859078,
52023e6983,180,1388,9716,97.16,377.99552669016975,0.2413920532450733,12.549960219254826,0.9021850101706137,
52023e6983,180,1389,9723,97.23,377.9120300289942,0.3660934502360921,12.235257880297624,2.443273235751937,
52023e6983,180,1390,9730,97.3,377.4124604142663,0.261725073057562,12.21430716967146,2.1243649193482743,
52023e6983,180,1391,9737,97.37,377.2262165764317,0.2285453162539894,11.62576187966277,0.9253580186445929,
52023e6983,180,1392,9744,97.44,377.1783204498449,0.2484279910652187,12.419088063755195,1.2170085910129744,
52023e6983,180,1393,9751,97.51,377.0921566134569,0.24048794441416915,11.859694555373206,1.3710029863447144,
52023e6983,180,1394,9758,97.58,377.07536298644624,0.316987438371148,12.749204255046244,1.4483657689745155,
52023e6983,180,1395,9765,97.65,376.874283283145,0.15582703825661023,12.000223757291039,1.3965327732337924,
52023e6983,180,1396,9772,97.72,376.6530266860404,0.2214884285248523,11.773206793897232,1.2856710213007065,
52023e6983,180,1397,9779,97.79,376.44296659746794,0.40466465969055243,11.743517939488115,3.929517305356398,
52023e6983,180,1398,9786,97.86,375.7409496433848,0.14310179277546228,11.807609064310586,1.0749191969974665,
52023e6983,180,1399,9793,97.93,375.64316335971694,0.1660086135445778,11.801103915050428,1.5251855760665884,
52023e6983,180,1400,9800,98.0,375.51477372612413,0.3438206741801631,11.734301152562798,3.354372613306307,
52023e6983,180,1401,9807,98.07,375.02020736779485,0.26420812293674906,12.254725013808368,2.5187555523321623,
52023e6983,180,1402,9814,98.14,374.66509198422165,0.1428240372241739,12.428275133272226,1.350521124809113,
52023e6983,180,1403,9821,98.21,374.5752663493173,0.486698179626121,12.349824917274615,2.4747385244648483,
52023e6983,180,1404,9828,98.28,374.4508570294361,0.43936338721278906,12.923815326256332,0.8533028371928529,
52023e6983,180,1405,9835,98.35,374.3863655588668,0.3520725596777134,12.487958298007818,2.6863251779979214,
52023e6983,180,1406,9842,98.42,373.76655359286195,0.1943314503997713,12.310231718996508,1.9456078316752994,
52023e6983,180,1407,9849,98.49,373.60237306254135,0.6570725157970384,11.89642398930127,3.245766124413941,
52023e6983,180,1408,9856,98.56,373.3104846967085,0.3754747678594125,14.701447907046585,1.8972528226242176,
52023e6983,180,1409,9863,98.63,373.0096886826542,0.4403575322316423,13.304840205128967,3.4940455536722137,
52023e6983,180,1410,9870,98.7,372.46926918871236,0.3385191902032419,14.163435768090794,1.9148492760521367,
52023e6983,180,1411,9877,98.77,372.44970184591375,0.19019196859246723,14.192651412576046,1.9686869833269647,
52023e6983,180,1412,9884,98.84,372.10867734752844,0.3219419740719635,13.407961654493352,2.985233910732165,
52023e6983,180,1413,9891,98.91,371.6333443324646,0.22675321843699536,12.769138795596024,1.3248906687299327,
52023e6983,180,1414,9898,98.98,371.4553116301152,0.23930473921520218,12.759346477927695,1.6702034295241794,
52023e6983,180,1415,9905,99.05,371.24438512623385,0.22223825604967234,12.854814357283635,1.6590876335237015,
52023e6983,180,1416,9912,99.12,371.1021950458692,0.3249900119460709,12.615555423320744,3.087091504287187,
52023e6983,180,1417,9919,99.19,370.7268703301345,0.1516786096871406,13.062917576021835,1.02013851111134,
52023e6983,180,1418,9926,99.26,370.6686535891863,0.14119061052543988,12.853307085135784,1.019411213069145,
52023e6983,180,1419,9933,99.33,370.5749409174812,0.13517303865523084,12.892594737378058,1.089107914549761,
52023e6983,180,1420,9940,99.4,370.51892991325985,0.2313596415887108,12.741855043680731,2.2554715369720855,
52023e6983,180,1421,9947,99.47,370.3023887565103,0.31713360431325904,13.154172248471795,3.0726725860802584,
52023e6983,180,1422,9954,99.54,369.7872721644316,0.4062188074932831,12.83443632527328,3.4609905366913596,
52023e6983,180,1423,9961,99.61,369.4000606644684,0.2903662330531997,12.432909685319641,1.6669754312131555,
52023e6983,180,1424,9968,99.68,369.1531866472919,0.18805236008123272,11.680534840905892,1.1090687008258497,
52023e6983,180,1425,9975,99.75,369.04675698345847,0.21635579897097687,11.526695116222527,1.9532241727785582,
52023e6983,180,1426,9982,99.82,368.8562320965122,0.28887635632352066,11.366797891150425,2.5798616289166576,
52023e6983,180,1427,9989,99.89,368.4348707278991,0.27614913795264406,12.260353287776312,2.1734794732998304,
52023e6983,180,1428,9996,99.96,368.16569870619384,0.16051390145861674,11.744482643885473,1.3015769325711708,
52023e6983,180,1429,10003,100.03,368.0897134324804,0.38126698075375137,12.21875157627389,2.4439428128745364,
52023e6983,180,1430,10010,100.1,367.6993885773716,0.3344819564836423,11.700526734665708,2.6299978185294783,
52023e6983,180,1431,10017,100.17,367.19498405719673,0.11700616499470348,11.86855383856319,0.4824670238157749,
52023e6983,180,1432,10024,100.24,367.1624031354383,0.13058202559471624,11.750836850796574,0.9559819175011567,
52023e6983,180,1433,10031,100.31,367.1211210299485,0.29350063765783607,11.969792216169365,2.8418717619228424,
52023e6983,180,1434,10038,100.38,366.8716143282177,0.37418324157981225,12.42161074228702,3.410357726643739,
52023e6983,180,1435,10045,100.45,366.56454369565864,0.4259903459067017,11.501601105351687,3.129160649561233,
52023e6983,180,1436,10052,100.52,365.88003687005084,0.31007718734462275,12.141939696384803,2.149675961440602,
52023e6983,180,1437,10059,100.59,365.60987716471016,0.31045751627236184,11.222951016647686,0.8918721410228276,
52023e6983,180,1438,10066,100.66,365.26022357062806,0.26629586821738177,11.654709255859615,2.3238384177918983,
52023e6983,180,1439,10073,100.73,365.0895875677636,0.37009093443830665,11.594882270578161,3.650495746278516,
52023e6983,180,1440,10080,100.8,364.42201628146984,0.29705166778372555,11.893658845283662,2.562495303580809,
52023e6983,180,1441,10087,100.87,364.0257058433745,0.17532658410135224,12.015125099581601,1.571811163831613,
52023e6983,180,1442,10094,100.94,363.90834842131983,0.22260724537815393,12.248172529508224,2.147818757433782,
52023e6983,180,1443,10101,101.01,363.694212845975,0.21993695744645256,12.313320888620456,1.6826168182331467,
52023e6983,180,1444,10108,101.08,363.4812365483669,0.28441010209861134,12.34212317648234,2.8654038576558016,
52023e6983,180,1445,10115,101.15,363.18246524523215,0.15632451489709773,12.386349018354474,0.410175034759864,
52023e6983,180,1446,10122,101.22,363.0909557659649,0.19655181334081298,12.127185890913452,1.831003987816671,
52023e6983,180,1447,10129,101.29,362.9251856676051,0.1960099847813525,12.171149255297285,1.8856927780572876,
52023e6983,180,1448,10136,101.36,362.749575602665,0.6312836299735614,12.17371516748652,3.1915691144933196,
52023e6983,180,1449,10143,101.43,362.21479337823973,0.29115531049345883,12.824180226478173,0.6265089628893797,
52023e6983,180,1450,10150,101.5,361.8090442598877,0.11062335511246751,12.470243537760695,0.8938594786515266,
52023e6983,180,1451,10157,101.57,361.76906516795924,0.1920755483132679,12.192528675944006,1.8356622014361965,
52023e6983,180,1452,10164,101.64,361.60505136770735,0.7679767513845256,12.15240312746062,3.7974969717560985,
52023e6983,180,1453,10171,101.71,361.39001061555086,0.4003844626007452,15.31284273445595,1.5422509487694225,
52023e6983,180,1454,10178,101.78,360.7123572734361,0.3070719480108929,13.063359509622408,3.0247846010331596,
52023e6983,180,1455,10185,101.85,360.3355052716277,0.5565790693680457,13.679092112424112,2.4320422283303946,
52023e6983,180,1456,10192,101.92,360.2983472615727,0.5460564177253104,14.341099317450512,4.900376183218443,
52023e6983,180,1457,10199,101.99,359.43920030420014,0.3270407357603987,13.572091897089992,2.16732038755721,
52023e6983,180,1458,10206,102.06,359.2172311628534,0.38133662070221663,13.820052368331753,3.3254688572421927,
52023e6983,180,1459,10213,102.13,358.74435702559794,0.37379642006454505,13.409877444938196,1.917742699548951,
52023e6983,180,1460,10220,102.2,358.1866119339197,0.2554303398589246,12.997268006895686,1.6234534219777697,
52023e6983,180,1461,10227,102.27,357.99941975219514,0.3899769246139968,13.10267222124403,2.734963684242642,
52023e6983,180,1462,10234,102.34,357.31407028621203,0.618128565194023,12.931592931335754,3.060672104932899,
52023e6983,180,1463,10241,102.41,357.21677385632154,0.6842567394515146,14.496991893717423,1.7651198971508082,
52023e6983,180,1464,10248,102.48,357.1700835998985,0.37994532391484326,12.738325149432415,1.7482793002960408,
52023e6983,180,1465,10255,102.55,356.4605258118135,0.1622410744586023,12.535035120535504,1.5378448446183426,
52023e6983,180,1466,10262,102.62,356.3286342166843,0.30924889726942323,12.075964673748825,0.6299951167015334,
52023e6983,180,1467,10269,102.69,356.0757523532188,0.2094700575180107,11.82441818081959,1.0789463283739027,
52023e6983,180,1468,10276,102.76,355.94998650555965,0.5842515715821169,12.089499813318724,1.7590090290274112,
52023e6983,180,1469,10283,102.83,355.90713572039874,0.3811991383416523,14.648903448708303,2.2542942007731033,
52023e6983,180,1470,10290,102.9,355.36700283711536,0.20547078934097426,13.091781141711467,1.2869014948301172,
52023e6983,180,1471,10297,102.97,355.1939260163234,0.22719650888792922,12.565706446958604,2.1447755373508364,
52023e6983,180,1472,10304,103.04,354.97477325494077,0.3627421020883595,12.394479347057601,3.3183427679052313,
52023e6983,180,1473,10311,103.11,354.44245021989747,0.23747287332658554,12.174073648113183,1.9382009413452865,
52023e6983,180,1474,10318,103.18,354.16146453624407,0.10802756823263535,11.537523627349975,0.6765072828139601,
52023e6983,180,1475,10325,103.25,354.10605175347035,0.29018155631711334,11.524895609852486,2.1311268934907814,
52023e6983,180,1476,10332,103.32,353.7529259743682,0.24548921407249116,11.082762966952993,1.9842422320772395,
52023e6983,180,1477,10339,103.39,353.5157486123624,0.08859741019362552,11.353258487455388,0.5467600948687035,
52023e6983,180,1478,10346,103.46,353.48962771538294,0.2148504360561004,11.140246809946367,1.8693699143028857,
52023e6983,180,1479,10353,103.53,353.2921941768582,0.17501763577720952,11.225238406416189,0.9872090316567849,
52023e6983,180,1480,10360,103.6,353.17607601986793,0.2834158609499401,11.46226861918877,2.793881251766031,
52023e6983,180,1481,10367,103.67,352.7683524774935,0.24500557945347,11.046602558657037,2.3751200297794806,
52023e6983,180,1482,10374,103.74,352.5209499827577,0.20364033744747795,10.794797198859248,1.0664668033201048,
52023e6983,180,1483,10381,103.81,352.3231072967264,0.23424070266637437,10.899091462066039,1.6571511594429562,
52023e6983,180,1484,10388,103.88,352.0582215719556,0.3126453136842862,10.40569030014021,2.7381321865813693,
52023e6983,180,1485,10395,103.95,351.5648074459124,0.07849096944554237,10.638687962054874,0.6101012170075513,
52023e6983,180,1486,10402,104.02,351.5341255113208,0.16329858060402908,10.519846298246916,1.129210613985368,
52023e6983,180,1487,10409,104.09,351.4333862883458,0.20762584721486346,10.694124516850202,2.0699120677328784,
52023e6983,180,1488,10416,104.16,351.2655248651912,0.3224520291913389,10.987710684043439,1.401381467529054,
52023e6983,180,1489,10423,104.23,351.1771416400344,0.14824535162855842,10.786725763727599,0.3512386692363038,
52023e6983,180,1490,10430,104.3,351.0737350832611,0.23013997945220943,10.722305434397763,2.3135107730726534,
52023e6983,180,1491,10437,104.37,350.8300369961675,0.2029524446072739,10.665281648000768,1.9428613108750707,
52023e6983,180,1492,10444,104.44,350.7250363750974,0.18011837270024741,11.212196556970383,1.3746397183810504,
52023e6983,180,1493,10451,104.51,350.59937628352907,0.15438640371113754,10.338632988334725,1.384874509587235,
52023e6983,180,1494,10458,104.58,350.509246714406,0.33849318097007175,10.556957084605926,1.624483293600787,
52023e6983,180,1495,10465,104.65,350.49952645753376,0.20005638168559672,11.237614276558482,0.6759187612289049,
52023e6983,180,1496,10472,104.72,350.33561777591865,0.13013393007270982,10.6572562194332,1.1574887324219616,
52023e6983,180,1497,10479,104.79,350.28193156090106,0.2288010427594411,11.003331509364154,1.8772261376370045,
52023e6983,180,1498,10486,104.86,350.07946505050415,0.23409439436805865,11.016108145363729,1.3282837920437405,
52023e6983,180,1499,10493,104.93,349.9290064153315,0.22976201517301822,10.902504759074786,0.883263996830432,
52023e6983,180,1500,10500,105.0,349.6971453865827,0.23366958100915314,10.743356848184991,2.023746483249119,
52023e6983,180,1501,10507,105.07,349.59092688008946,0.2517692825682787,11.093362437624554,1.8195013894853471,
52023e6983,180,1502,10514,105.14,349.33098189339006,0.19247838542737286,10.356802405906462,1.5771986363509998,
52023e6983,180,1503,10521,105.21,349.271258973884,0.27582342197238996,10.645301300869326,1.5515538455113254,
52023e6983,180,1504,10528,105.28,349.08763585009825,0.30025855238845084,9.885410091222678,2.3523776651384916,
52023e6983,180,1505,10535,105.35,348.7137088974937,0.13141645204684407,9.964214041345137,0.5323552663364429,
52023e6983,180,1506,10542,105.42,348.70135103107793,0.2885067174282631,9.874814995558756,2.3280971011507603,
52023e6983,180,1507,10549,105.49,348.42974324921494,0.09302904630690541,9.931697272402701,0.4441904226800292,
52023e6983,180,1508,10556,105.56,348.3452106567709,0.10102541137143602,9.644080699539542,1.0097559694015275,
52023e6983,180,1509,10563,105.63,348.2963657124505,0.17647942133360162,9.612992521443648,1.4224263318047496,
52023e6983,180,1510,10570,105.7,348.21351560138504,0.2381278585638965,9.663113376995685,2.2248504826253654,
52023e6983,180,1511,10577,105.77,348.0129652829028,0.5507433102726979,9.558260629170931,2.1607665482999483,
52023e6983,180,1512,10584,105.84,347.80597773871153,0.3516554478338103,11.109844509765749,2.0924016649796897,
52023e6983,180,1513,10591,105.91,347.30544162204325,0.18811090515546516,10.447954235588464,1.8185227609171628,
52023e6983,180,1514,10598,105.98,347.19789366060775,0.1816916757663405,10.92770918737159,1.5491510213183417,
52023e6983,180,1515,10605,106.05,347.05440747016627,0.19240492006969043,10.525036897889064,1.3840573510933754,
52023e6983,180,1516,10612,106.12,346.92691837678575,0.14301464829656765,11.107775009987783,1.2476871710042576,
52023e6983,180,1517,10619,106.19,346.88091944623017,0.1547998757748111,10.950916502864633,0.985711005827931,
52023e6983,180,1518,10626,106.26,346.77958740932377,0.15184919939712038,11.104830067655499,1.4403226103784323,
52023e6983,180,1519,10633,106.33,346.742684205893,0.18450710287944447,11.443566755148245,1.585186573348211,
52023e6983,180,1520,10640,106.4,346.67594728532094,0.20681570754444828,11.191722842849087,1.2441475000169402,
52023e6983,180,1521,10647,106.47,346.55955027358385,0.2059843758847122,11.35153437925235,0.47624926138450413,
52023e6983,180,1522,10654,106.54,346.4611741076536,0.17575908899003198,11.170962433274038,1.506625947943692,
52023e6983,180,1523,10661,106.61,346.353940643033,0.3407501133615574,11.143663110613724,2.8656185523528612,
52023e6983,180,1524,10668,106.68,345.850059385254,0.18992986901658832,10.032193940776454,1.7268304453436254,
52023e6983,180,1525,10675,106.75,345.73256931238905,0.20154593939479237,10.28041225246775,1.3136815833452928,
52023e6983,180,1526,10682,106.82,345.57159563035987,0.1416633788511872,10.233406842132215,1.0469714026511567,
52023e6983,180,1527,10689,106.89,345.5035687602497,0.4143415180057201,10.365770560103915,1.873602415776462,
52023e6983,180,1528,10696,106.96,345.48756073332675,0.32034974223682694,11.601561980853834,2.716914644709809,
52023e6983,180,1529,10703,107.03,345.02770919800963,0.234767910012167,10.532635976618478,1.1331219308958669,
52023e6983,180,1530,10710,107.1,344.8113166503066,0.13552303997099494,10.60442915839227,0.7848300846094497,
52023e6983,180,1531,10717,107.17,344.7175161573662,0.45210565988893436,10.486277178284338,2.1366727002875625,
52023e6983,180,1532,10724,107.24,344.6823703731589,0.27600667718532845,11.987286506784095,1.5173871524372278,
52023e6983,180,1533,10731,107.31,344.3569878641097,0.3602503104349354,10.978495030604977,1.646543702941741,
52023e6983,180,1534,10738,107.38,344.3199736211055,0.21523246844097452,11.665124157345673,1.2557729469988483,
52023e6983,180,1535,10745,107.45,344.12538610135584,0.27056126874657105,11.475486842615133,2.2306829967867956,
52023e6983,180,1536,10752,107.52,343.8374837359416,0.16310002232825532,11.648314040799356,1.3524892314548165,
52023e6983,180,1537,10759,107.59,343.7357893355057,0.2683873055352343,11.596852418313203,2.5011655222057443,
52023e6983,180,1538,10766,107.66,343.43532738698707,0.15424272067057768,11.813317993446363,0.5976898024867938,
52023e6983,180,1539,10773,107.73,343.34973019898274,0.31183769298628594,11.519001732304705,2.563849161174324,
52023e6983,180,1540,10780,107.8,342.9084213505577,0.4196502309695727,11.50209484963304,4.2524692437979805,
52023e6983,180,1541,10787,107.87,342.1552550382663,0.2680783434070611,11.239282575294663,2.7166215299842214,
52023e6983,180,1542,10794,107.94,341.8878645200776,0.32721027162073807,11.811272708489309,2.024650244128124,
52023e6983,180,1543,10801,108.01,341.458487031807,0.7691736073312205,10.833385661349691,2.6033959251777476,
52023e6983,180,1544,10808,108.08,341.4336248494731,0.5516304229447301,13.96045596130245,3.4278245639497635,
52023e6983,180,1545,10815,108.15,340.72348484762205,0.3999632149856283,11.781511147116786,2.1546991505980784,
52023e6983,180,1546,10822,108.22,340.18061780168654,0.2590457920809392,11.132121911923637,1.009764878179173,
52023e6983,180,1547,10829,108.29,339.9631847102898,0.23794846596472152,11.063877351051794,1.9758617224965278,
52023e6983,180,1548,10836,108.36,339.7969692622355,0.2639981360259174,11.058493985493788,1.9135893309525733,
52023e6983,180,1549,10843,108.43,339.5687126608925,0.2815422260746849,10.345643280130018,1.9845525174128262,
52023e6983,180,1550,10850,108.5,339.32408699531777,0.2541644795629493,10.511104523825672,1.8296839701820744,
52023e6983,180,1551,10857,108.57,339.0467680048245,0.33927189085349624,10.710091583217475,2.465274078583434,
52023e6983,180,1552,10864,108.64,338.6045023710085,0.20820705479103213,11.261636624309357,1.5758435748629536,
52023e6983,180,1553,10871,108.71,338.4593901740074,0.210241858405802,11.289224866956022,1.892144379160642,
52023e6983,180,1554,10878,108.78,338.28097920358243,0.11098463902472924,10.992578458988516,1.015916111969352,
52023e6983,180,1555,10885,108.85,338.2523114674662,0.2614133118752387,11.241844337655285,1.0721124481682283,
52023e6983,180,1556,10892,108.92,338.08586618923346,0.35290003684411947,11.243880609898563,3.0052752914639718,
52023e6983,180,1557,10899,108.99,337.75353749710183,0.33125157036266895,11.642039446298336,1.2106037721197485,
52023e6983,180,1558,10906,109.06,337.55429041772123,0.33419279117628503,11.612117971864977,2.522312301584552,
52023e6983,180,1559,10913,109.13,337.1351446204836,0.32537383037397205,11.601352940060812,0.8259173605566863,
52023e6983,180,1560,10920,109.2,336.70406186150467,0.1092044626974587,11.170086696937693,0.4303879256019059,
52023e6983,180,1561,10927,109.27,336.66012009054657,0.1946557671295465,11.485254500972873,1.2721329390121765,
52023e6983,180,1562,10934,109.34,336.48808069568037,0.25112330429176294,11.564225659359197,2.43776280635384,
52023e6983,180,1563,10941,109.41,336.28639370782673,0.38724215003397944,11.521179413102256,3.6614783071684314,
52023e6983,180,1564,10948,109.48,335.94241219141696,0.3227740549911731,13.114747231945978,2.3573806287423302,
52023e6983,180,1565,10955,109.55,335.83508147268003,0.3739644255980572,11.46940455351616,1.410524391683109,
52023e6983,180,1566,10962,109.62,335.37313196658164,0.2764730974557053,11.785694932016046,1.7417882985156468,
52023e6983,180,1567,10969,109.69,335.2246502032091,0.2773272104833096,11.107602289386314,2.295317159741064,
52023e6983,180,1568,10976,109.76,335.0947502157576,0.3018536252108438,11.716507847101354,1.084033991899317,
52023e6983,180,1569,10983,109.83,334.97004453797064,0.2849545283109008,10.3879600689215,1.0932052647811719,
52023e6983,180,1570,10990,109.9,334.806366204524,0.3640452016944585,10.779594560252317,2.754407331800254,
52023e6983,180,1571,10997,109.97,334.2698283202834,0.17597850393150025,9.352849494087714,1.6382711871390312,
52023e6983,180,1572,11004,110.04,334.19047932812094,0.19188855139418626,9.64032829480595,1.7940556644141907,
52023e6983,180,1573,11011,110.11,334.0053291805259,0.23521228462471716,9.551219931500833,0.9026741487060124,
52023e6983,180,1574,11018,110.18,333.75111181798025,0.27300538480937087,10.016943927059478,2.7057058815510584,
52023e6983,180,1575,11025,110.25,333.4116550840675,0.5031838973507223,10.413613238407596,2.4631628717881604,
52023e6983,180,1576,11032,110.32,333.3538341066114,0.3220827356219328,11.451862034248256,2.1492364920287756,
52023e6983,180,1577,11039,110.39,333.14154557545396,0.3469571026374856,11.23911782372611,2.6440973087914426,
52023e6983,180,1578,11046,110.46,332.7043449017708,0.26134963947704043,10.28326312330051,1.5403120948526243,
52023e6983,180,1579,11053,110.53,332.3868942697375,0.31150865708298014,10.193122326860115,1.0768000817317025,
52023e6983,180,1580,11060,110.6,332.37453789624266,0.285143339565142,10.622701047660021,2.000982693248562,
52023e6983,180,1581,11067,110.67,332.04008946604296,0.25643974305071016,10.459466579852776,2.2729003645350714,
52023e6983,180,1582,11074,110.74,331.73340460731987,0.25202083508433315,10.062237189136448,1.9860988765509033,
52023e6983,180,1583,11081,110.81,331.49751046213754,0.29798485476547876,10.66547656234876,2.8062601999369075,
52023e6983,180,1584,11088,110.88,331.1237121673961,0.21549518418190025,9.928341955239544,1.8682846293922177,
52023e6983,180,1585,11095,110.95,330.98981622335026,0.38475678095304733,10.728721089061574,2.4168642104973754,
52023e6983,180,1586,11102,111.02,330.72228577518655,0.2939101601612017,10.849844078703034,0.9954136368086143,
52023e6983,180,1587,11109,111.09,330.5770479516059,0.23628020676337003,10.490594904950015,1.2137533772363764,
52023e6983,180,1588,11116,111.16,330.4285108940949,0.18642250047635003,10.4752099887001,1.5426721955486558,
52023e6983,180,1589,11123,111.23,330.3611076813495,0.25316188235437903,10.675231514402387,1.8791860953273338,
52023e6983,180,1590,11130,111.3,330.1509002314193,0.20254440442368704,10.590154949254929,1.0749530367596791,
52023e6983,180,1591,11137,111.37,329.9832715431278,0.5117310499885139,10.521163105870494,1.8910722861918838,
52023e6983,180,1592,11144,111.44,329.9653512044295,0.2863545660352399,12.538347915457416,0.7542572388901657,
52023e6983,180,1593,11151,111.51,329.6160324979753,0.29258352970717116,11.188315567541979,2.832501400362446,
52023e6983,180,1594,11158,111.58,329.22723629398985,0.3790034292983112,10.687268092203968,2.1565343992823123,
52023e6983,180,1595,11165,111.65,328.76120181317447,0.28655990151249494,10.635055022534496,1.9179981381131603,
52023e6983,180,1596,11172,111.72,328.4317169249918,0.12926242637563792,9.829752432794585,1.1466007077538,
52023e6983,180,1597,11179,111.79,328.3583148412407,0.1411936221868611,9.704587313699838,1.2722595334142788,
52023e6983,180,1598,11186,111.86,328.2819321436606,0.3423778132447262,9.976049380456113,3.467040221535281,
52023e6983,180,1599,11193,111.93,327.80004244930154,0.17269005903982457,9.580886284015978,0.7981234877624873,
52023e6983,180,1600,11200,112.0,327.7232903426747,0.20372737034714383,10.00733362519839,1.7258966760655075,
52023e6983,180,1601,11207,112.07,327.5710562713865,0.20727968382302245,9.619045763908069,1.5900350217398567,
52023e6983,180,1602,11214,112.14,327.38266977447046,0.23413548502782175,10.026493677610807,2.1011008788965966,
52023e6983,180,1603,11221,112.21,327.27668835512117,0.22035496412506902,10.124897726746843,1.3183228648391945,
52023e6983,180,1604,11228,112.28,327.1110119163211,0.2644354216618612,9.671110521199646,2.273084266280659,
52023e6983,180,1605,11235,112.35,326.79230334635554,0.2002030999598711,10.189525700059827,1.8704520570883343,
52023e6983,180,1606,11242,112.42,326.5871065642698,0.21997373959161695,9.739696484891363,1.4800534041317641,
52023e6983,180,1607,11249,112.49,326.3429452735126,0.23666986452434138,9.55082178366588,2.1493183576671164,
52023e6983,180,1608,11256,112.56,326.07920899729737,0.16342904462553196,9.62145483559628,1.6281461219928475,
52023e6983,180,1609,11263,112.63,325.96466102026085,0.3334786691507074,9.740816021829845,1.2824303193364506,
52023e6983,180,1610,11270,112.7,325.95516292424753,0.2221712443295301,10.62520969596916,0.9831585030499354,
52023e6983,180,1611,11277,112.77,325.7676012726365,0.14506839306176103,9.97002494985564,1.2375964688400336,
52023e6983,180,1612,11284,112.84,325.67983726793966,0.1742812631958398,9.934662842251537,1.7642752141515228,
52023e6983,180,1613,11291,112.91,325.57790600445435,0.10618455773979449,9.966300300135652,0.8091266352574102,
52023e6983,180,1614,11298,112.98,325.5317346078656,0.10364368348534114,9.930263569204467,1.0264727269466372,
52023e6983,180,1615,11305,113.05,325.47756513149284,0.27054450891519266,9.802723522352835,1.0485380677486673,
52023e6983,180,1616,11312,113.12,325.45549153229774,0.23847243700494605,10.209601561373928,1.9538265466671039,
52023e6983,180,1617,11319,113.19,325.1651733766708,0.1583030034422874,9.902545716506689,1.5861721318789503,
52023e6983,180,1618,11326,113.26,325.0569207687265,0.09345002421841882,10.10246804017051,0.7023295880201914,
52023e6983,180,1619,11333,113.33,325.0173245441035,0.2094062843273885,10.228669141705375,1.9524154681846129,
52023e6983,180,1620,11340,113.4,324.8238528814913,0.1809761450756335,9.74904427571874,1.6822765958147243,
52023e6983,180,1621,11347,113.47,324.6736800251209,0.2731139147963209,9.814649888206146,2.4656690815214897,
52023e6983,180,1622,11354,113.54,324.3579639383671,0.26155880108821145,9.548250786037197,2.2754501176487714,
52023e6983,180,1623,11361,113.61,324.10400654232325,0.18480536610561657,9.871375127741823,0.9808932566580199,
52023e6983,180,1624,11368,113.68,323.96973474691623,0.25526290001643204,9.789240341238363,2.4060269744320424,
52023e6983,180,1625,11375,113.75,323.75295201989195,0.14352950961508415,10.726085359876306,0.8831644009313327,
52023e6983,180,1626,11382,113.82,323.7022789580931,0.169999022957922,10.580453731001816,0.7014149859835271,
52023e6983,180,1627,11389,113.89,323.561164693817,0.1146444182054155,10.3780980466168,0.9853698502979656,
52023e6983,180,1628,11396,113.96,323.5129904508485,0.1467992179772166,10.481731740746225,0.6766705714352742,
52023e6983,180,1629,11403,114.03,323.41363527662685,0.43702438776242536,10.629095338822465,1.3861914405113427,
52023e6983,180,1630,11410,114.1,323.4123338883051,0.3892684938578082,11.47180992300713,3.014563553739101,
52023e6983,180,1631,11417,114.17,322.7361385295539,0.317363890284609,10.47294261272439,1.2764326171201763,
52023e6983,180,1632,11424,114.24,322.71885168043997,0.26289085798074624,10.661494660508186,1.750544308995537,
52023e6983,180,1633,11431,114.31,322.46596519405927,0.3935452255059776,10.271879598215776,3.8619704061342355,
52023e6983,180,1634,11438,114.38,322.02177182634495,0.29181748971854343,11.217592107963306,1.453613277852273,
52023e6983,180,1635,11445,114.45,321.71728171396967,0.17039923519935013,10.280981087282802,1.22400488813668,
52023e6983,180,1636,11452,114.52,321.5914470466686,0.11339266404993643,10.848319280544377,0.28268890406654346,
52023e6983,180,1637,11459,114.59,321.54232669082944,0.5842287907144931,10.802839829384931,2.934196125361015,
52023e6983,180,1638,11466,114.66,321.4543384776471,0.4226100701839876,12.869585985263909,2.1638894422766373,
52023e6983,180,1639,11473,114.73,320.80979305608435,0.29622023315610785,11.530131663607298,2.333253578923238,
52023e6983,180,1640,11480,114.8,320.48197506786903,0.36810266982538886,11.04681927741881,2.6987679144992534,
52023e6983,180,1641,11487,114.87,320.0094523060668,0.22963145378732053,11.279010126026987,2.010719702728717,
52023e6983,180,1642,11494,114.94,319.8283873822611,0.18393546297858918,10.432142881950034,0.4912129677243342,
52023e6983,180,1643,11501,115.01,319.7395219579012,0.12611560203566158,10.72444626157473,0.7734214646909219,
52023e6983,180,1644,11508,115.08,319.69534819928356,0.13257011703041077,10.279483790757226,1.147000215442832,
52023e6983,180,1645,11515,115.15,319.6249758445339,0.41250956376106157,10.078251640187288,2.0318050150694242,
52023e6983,180,1646,11522,115.22,319.5608251828583,0.238678261173961,11.859206460514722,1.1201554587213305,
52023e6983,180,1647,11529,115.29,319.3445029333809,0.5138431842266047,10.863495961624912,2.5060902338207085,
52023e6983,180,1648,11536,115.36,319.30108072796514,0.26080246475048763,11.57806086995035,0.8827118916823177,
52023e6983,180,1649,11543,115.43,318.97104678686804,0.21064735396462872,10.50354867001373,2.1088663702503494,
52023e6983,180,1650,11550,115.5,318.8507845626738,0.36311312504977433,10.733519212936658,1.550853152629988,
52023e6983,180,1651,11557,115.57,318.2329721000133,0.21632976095615264,10.931535498748055,1.9694314877423016,
52023e6983,180,1652,11564,115.64,318.08083649438765,0.3001649022633515,10.768792795891796,2.9321864061879195,
52023e6983,180,1653,11571,115.71,317.78942983693446,0.23977195114505895,10.144386359089646,1.2493849936686707,
52023e6983,180,1654,11578,115.78,317.50701842585244,0.17338996831462977,10.298329893248509,1.7054977564136728,
52023e6983,180,1655,11585,115.85,317.38010555132644,0.18268215391887246,10.230157817779075,1.753828056999825,
52023e6983,180,1656,11592,115.92,317.2445052350158,0.17122963397866173,10.176706403612954,1.1823968728944527,
52023e6983,180,1657,11599,115.99,317.1205881357588,0.11647074515105661,9.773456738619561,0.9699483400160535,
52023e6983,180,1658,11606,116.06,317.07574631499864,0.13369973030606733,10.062853243293866,1.1752273107463755,
52023e6983,180,1659,11613,116.13,317.0124110911717,0.15265303120848397,9.875107727609887,1.4144035884646113,
52023e6983,180,1660,11620,116.2,316.913693254299,0.22181129266836638,9.827770535998935,1.6046072956558506,
52023e6983,180,1661,11627,116.27,316.715471962355,0.22174306343829664,10.216707160210955,0.841576486737444,
52023e6983,180,1662,11634,116.34,316.5801756391548,0.25433756275883446,10.700512105616037,1.7996604265217695,
52023e6983,180,1663,11641,116.41,316.3301546012213,0.21294265338320564,10.424657293605849,2.0222432757897066,
52023e6983,180,1664,11648,116.48,316.16480074422947,0.23010128785057452,10.252308894139569,2.0101182491194556,
52023e6983,180,1665,11655,116.55,315.9811410667813,0.14874292897419153,10.500718868590337,0.9888520441755525,
52023e6983,180,1666,11662,116.62,315.92093133144175,0.12573977321346527,9.935146352992007,0.8837699706546474,
52023e6983,180,1667,11669,116.69,315.8609728505933,0.18790675875301827,9.811421090501836,1.5427177984291895,
52023e6983,180,1668,11676,116.76,315.73822637802414,0.24188352940732066,9.447893207468677,1.6054739755450629,
52023e6983,180,1669,11683,116.83,315.58064262196694,0.20565400252596822,8.999816651248654,1.1014010448856542,
52023e6983,180,1670,11690,116.9,315.4138713234232,0.2486267358442584,8.752709617735485,2.3373914016365425,
52023e6983,180,1671,11697,116.97,315.1140711083191,0.4539477818684278,8.830407957528559,1.5445600922648066,
52023e6983,180,1672,11704,117.04,314.96668745310853,0.23396749864328767,10.068983924356067,1.1008933171517188,
52023e6983,180,1673,11711,117.11,314.71856652643464,0.14610428078449442,9.321766942243777,1.3695629820173323,
52023e6983,180,1674,11718,117.18,314.63673010890767,0.25077685258944044,9.340704815824784,1.3512898406371758,
52023e6983,180,1675,11725,117.25,314.33783637874683,0.15607868582330633,8.743142707154293,1.407960359421454,
52023e6983,180,1676,11732,117.32,314.21331348990026,0.15533410207580106,8.745591196032558,0.6408640057750237,
52023e6983,180,1677,11739,117.39,314.1224717984974,0.1301272086484584,8.91983558712646,1.0754675560236462,
52023e6983,180,1678,11746,117.46,314.04204819087226,0.16929221600395705,8.819386030232721,1.4552424900240053,
52023e6983,180,1679,11753,117.53,313.9331082291901,0.2252625911035467,8.704258355632465,1.0930929551497752,
52023e6983,180,1680,11760,117.6,313.71770405534636,0.1607577808032776,8.483891424224991,1.3462339229202125,
52023e6983,180,1681,11767,117.67,313.6123776778068,0.13179460576201732,8.717793623833126,1.1642269485999097,
52023e6983,180,1682,11774,117.74,313.54274002031514,0.183624224423527,8.425527335205926,1.783040892280027,
52023e6983,180,1683,11781,117.81,313.3924538504851,0.09515958516596942,8.714998758485942,0.5477126320158489,
52023e6983,180,1684,11788,117.88,313.3562185286762,0.10384217132917474,8.294321607305022,0.80939523541547,
52023e6983,180,1685,11795,117.95,313.3035717430896,0.12540208049422338,8.337668031768994,0.4097829913693571,
52023e6983,180,1686,11802,118.02,313.29685678400966,0.24387629305727265,8.223737509541277,1.7203348392113398,
52023e6983,180,1687,11809,118.09,313.08975462417476,0.08987627062676563,8.635426446035588,0.5221030432339508,
52023e6983,180,1688,11816,118.16,313.06613506218173,0.194001512636285,8.253381201078804,1.9015087044872019,
52023e6983,180,1689,11823,118.23,312.8949310256763,0.08731639309035692,8.51087292185873,0.5807354469981263,
52023e6983,180,1690,11830,118.3,312.86256791589307,0.2108942835687223,8.358984632374655,1.8746288937934699,
52023e6983,180,1691,11837,118.37,312.6666354789557,0.13250266542704822,8.235170019511386,0.8200795653932033,
52023e6983,180,1692,11844,118.44,312.5952956685506,0.2657647533451658,8.068212777169101,0.5815187180510016,
52023e6983,180,1693,11851,118.51,312.2607880028357,0.16500354520581317,7.990330005100004,1.2995601643187733,
52023e6983,180,1694,11858,118.58,312.17125912833274,0.1586604496548531,7.798566659193609,1.431832686626598,
52023e6983,180,1695,11865,118.65,312.0680964778863,0.0900365628159877,8.09616807053794,0.7156359885097179,
52023e6983,180,1696,11872,118.72,312.0308429196615,0.15153748401778,7.870180324118793,1.5180849955595865,
52023e6983,180,1697,11879,118.79,311.93126679566507,0.19118524123810324,7.9289336313189915,1.8828235065887755,
52023e6983,180,1698,11886,118.86,311.7930899635167,0.15079338171236795,8.071878867411932,0.9051747078814143,
52023e6983,180,1699,11893,118.93,311.7019545892299,0.1499840988032548,7.582817985144938,0.9646258194779591,
52023e6983,180,1700,11900,119.0,311.6556136870097,0.22699404863877726,8.054936282310267,0.9554692075160226,
52023e6983,180,1701,11907,119.07,311.6207498007068,0.25645932522283726,7.684296955268369,1.0096322597091822,
52023e6983,180,1702,11914,119.14,311.54728137441464,0.15107538558574982,8.574084080611831,2.17928364566003,
52023e6983,180,1703,11921,119.21,311.32431051532933,0.204247698218935,7.331218016066556,1.4813690623614224,
52023e6983,180,1704,11928,119.28,311.222222197949,0.2534332225332374,7.668926971113964,2.150055451122306,
52023e6983,180,1705,11935,119.35,310.9990811422678,0.18025478885811233,7.583414382290314,1.167311250886742,
52023e6983,180,1706,11942,119.42,310.88094191149276,0.13990306797401925,7.3245397316200505,1.1770112085758075,
52023e6983,180,1707,11949,119.49,310.81216086542855,0.20538596221559385,7.652017453011117,1.7469294680741079,
52023e6983,180,1708,11956,119.56,310.63564130270237,0.12950971459522076,7.762893824035933,1.2219031290274647,
52023e6983,180,1709,11963,119.63,310.56891103386545,0.16886821062363014,7.683271829034038,1.6665557703616873,
52023e6983,180,1710,11970,119.7,310.42340897512975,0.11050789274123893,7.7359148811860035,0.8486361869969106,
52023e6983,180,1711,11977,119.77,310.3790628052373,0.21181158368767725,7.738469950105657,1.9327134826124472,
52023e6983,180,1712,11984,119.84,310.2149507141868,0.11369707610142124,7.499060384724543,0.9875551191551644,
52023e6983,180,1713,11991,119.91,310.1681533703743,0.2219244527261047,7.49346523900533,0.9345854751338272,
52023e6983,180,1714,11998,119.98,310.14893620420577,0.1735857741748446,8.168521974389044,0.9681214501038594,
52023e6983,180,1715,12005,120.05,310.01154827587385,0.1389802008930656,7.815727512903874,1.2710124311121713,
52023e6983,180,1716,12012,120.12,309.94175238182515,0.17855221081682726,7.747115829147988,1.7290830065392289,
52023e6983,180,1717,12019,120.19,309.7992916989333,0.09780198540081049,7.625566453660594,0.5017991813570032,
52023e6983,180,1718,12026,120.26,309.754458826123,0.13746689187984218,7.640202990003752,0.8120046792577869,
52023e6983,180,1719,12033,120.33,309.6709864837706,0.21846985778359798,7.447509362900067,2.2130529193816764,
52023e6983,180,1720,12040,120.4,309.4552905183059,0.2453788341802139,7.914019691953646,0.8990449056545187,
52023e6983,180,1721,12047,120.47,309.2607120721617,0.19428583347302353,7.962979252303344,1.3392669374294468,
52023e6983,180,1722,12054,120.54,309.11182206365277,0.43338675131868176,7.621252105873446,2.1459967894354253,
52023e6983,180,1723,12061,120.61,308.9447445756495,0.22682059442032565,8.490673070328077,1.5376369877979825,
52023e6983,180,1724,12068,120.68,308.73083758857183,0.15635242656801002,7.853128350069156,0.9276917377502254,
52023e6983,180,1725,12075,120.75,308.64314000631816,0.07889022734248073,7.981043383611458,0.662961593705666,
52023e6983,180,1726,12082,120.82,308.626428093179,0.08233478168579907,7.909908194407368,0.6751478471606578,
52023e6983,180,1727,12089,120.89,308.59544782222355,0.33908793831755063,7.704645675526682,1.6580894574880334,
52023e6983,180,1728,12096,120.96,308.52895723297183,0.2671771527388799,8.581504013103682,0.2782800757530411,
52023e6983,180,1729,12103,121.03,308.5066072865888,0.23767897205444855,7.7463193247341975,1.9832353915760792,
52023e6983,180,1730,12110,121.1,308.23075770954483,0.10559291780085477,8.036118213934632,1.0327102394542271,
52023e6983,180,1731,12117,121.17,308.18752398019564,0.1500600704270939,8.028539710875354,1.4514042019753102,
52023e6983,180,1732,12124,121.24,308.0981858871962,0.08970767812581348,7.763453647881804,0.7876499879623712,
52023e6983,180,1733,12131,121.31,308.06905289857184,0.19831043924413988,8.033337675864491,1.8874815975529513,
52023e6983,180,1734,12138,121.38,307.88671199083,0.12519678753653776,7.932907313057479,1.1366094978128893,
52023e6983,180,1735,12145,121.45,307.8180868714887,0.14430295617562355,8.062190266020634,1.3898422919539901,
52023e6983,180,1736,12152,121.52,307.7309921541983,0.1063868675582994,8.168511228996467,0.2987132394511418,
52023e6983,180,1737,12159,121.59,307.7114612997141,0.14455242987053096,8.591991148635259,1.240110509359378,
52023e6983,180,1738,12166,121.66,307.6317312539583,0.10405797146837387,8.253449304375872,0.8508253307137531,
52023e6983,180,1739,12173,121.73,307.6030593067494,0.10153697234076105,8.425845351772347,0.6915553869396803,
52023e6983,180,1740,12180,121.8,307.562855168157,0.13246637876786907,8.489876730087317,1.284246680346227,
52023e6983,180,1741,12187,121.87,307.5242705038886,0.2809167198901842,8.486099458902665,2.734890668437814,
52023e6983,180,1742,12194,121.94,307.19550781180476,0.13840678196649422,7.768671567441473,1.3062415967502967,
52023e6983,180,1743,12201,122.01,307.11724326437223,0.126870826431063,7.974635948748687,1.167438049046502,
52023e6983,180,1744,12208,122.08,307.0416755945986,0.05932540828703884,7.721230059753224,0.5012188304160119,
52023e6983,180,1745,12215,122.15,307.0329108702716,0.1576388863598713,7.905825202770992,1.5464241670059318,
52023e6983,180,1746,12222,122.22,306.9268313898524,0.12261601148624737,7.701097278509898,0.32419081659445476,
52023e6983,180,1747,12229,122.29,306.9209508498282,0.18429850037617035,8.080044306634605,1.216885763619202,
52023e6983,180,1748,12236,122.36,306.8102001498486,0.073022968357154,7.906318995965158,0.28688197723086667,
52023e6983,180,1749,12243,122.43,306.79144332935977,0.13118662162754213,7.886992486177626,1.1089843477921872,
52023e6983,180,1750,12250,122.5,306.71873387930384,0.16282440027939296,7.3776711882871515,0.8785990096095029,
52023e6983,180,1751,12257,122.57,306.61648606163726,0.1259720386944374,7.175227045859792,1.1183928312535885,
52023e6983,180,1752,12264,122.64,306.5529554990044,0.14648521993356795,7.167884770843531,1.3221313126618408,
52023e6983,180,1753,12271,122.71,306.50858725465895,0.16309433870292134,7.199072267626643,1.2520873680292477,
52023e6983,180,1754,12278,122.78,306.4413749870841,0.18750890032966205,6.6610934155557775,1.4586752888978443,
52023e6983,180,1755,12285,122.85,306.34953230295406,0.14477262927728032,7.310509482250379,0.8792595493904841,
52023e6983,180,1756,12292,122.92,306.3097103066401,0.18417084483018772,7.091578668226578,1.4636937871416542,
52023e6983,180,1757,12299,122.99,306.22244955241234,0.1524830627509182,7.195585601607583,1.076236071581101,
52023e6983,180,1758,12306,123.06,306.163500270697,0.23250621223774134,6.926899249979543,2.0424510227530908,
52023e6983,180,1759,12313,123.13,305.9906648720542,0.15835418291538123,7.446490375125629,1.2965764954177703,
52023e6983,180,1760,12320,123.2,305.956035786939,0.1528851958616202,6.798556098313581,0.8442769647840054,
52023e6983,180,1761,12327,123.27,305.911736726904,0.1547143492507893,7.530896685675932,0.4228447741585704,
52023e6983,180,1762,12334,123.34,305.9012489062209,0.2310635806959345,7.284169848546257,1.585278498493694,
52023e6983,180,1763,12341,123.41,305.83897132661644,0.25919684784274755,8.212156688908419,1.229209244519559,
52023e6983,180,1764,12348,123.48,305.7618818453235,0.13240942323265817,7.703158449253627,0.8571939998643268,
52023e6983,180,1765,12355,123.55,305.5894063955666,0.10626231019765041,7.338584544776665,1.0580436145098457,
52023e6983,180,1766,12362,123.62,305.5616342730085,0.09275836880664583,7.519840567163635,0.6418425648272598,
52023e6983,180,1767,12369,123.69,305.5386016720258,0.10729769841295225,7.378231871481582,0.8312979001588243,
52023e6983,180,1768,12376,123.76,305.50083533774375,0.15802245810031867,7.329526222148311,1.2736871926769275,
52023e6983,180,1769,12383,123.83,305.42482348543575,0.14049704599226784,7.479928496919213,1.090225164337261,
52023e6983,180,1770,12390,123.9,305.36587353385755,0.29674608499462884,7.214765805696925,0.9156882537743913,
52023e6983,180,1771,12397,123.97,305.31286598178235,0.12773486213295862,7.844166364267113,0.16206190218092673,
52023e6983,180,1772,12404,124.04,305.242159187812,0.17925961924249897,7.356339122675326,1.2771529846334297,
52023e6983,180,1773,12411,124.11,305.1014445435629,0.09335791686030163,6.9681361662803525,0.8322463836158686,
52023e6983,180,1774,12418,124.18,305.0626550609588,0.12238534227470402,6.8575096326837945,1.1785226525903698,
52023e6983,180,1775,12425,124.25,304.99867256405633,0.15273587992907578,7.027059123328228,1.0510291988939624,
52023e6983,180,1776,12432,124.32,304.92052145128014,0.18592112990327136,6.926901100282455,1.1191378801779241,
52023e6983,180,1777,12439,124.39,304.8038243552324,0.12631505618824443,7.206575306777451,1.0144369607829962,
52023e6983,180,1778,12446,124.46,304.7713408896442,0.0794570963590048,6.798647771452872,0.1544108570326041,
52023e6983,180,1779,12453,124.53,304.7552257238375,0.10405546531436939,6.942928203158453,0.3284575493180769,
52023e6983,180,1780,12460,124.6,304.72900910300405,0.11762134135995436,6.633398199420615,0.8225490446380229,
52023e6983,180,1781,12467,124.67,304.70014324417895,0.10056048368396978,7.080278708190926,0.5729256725498904,
52023e6983,180,1782,12474,124.74,304.6668216103209,0.1067054093025191,6.567199442907308,0.6219725489150761,
52023e6983,180,1783,12481,124.81,304.6292489898006,0.1193221523786941,6.80814390760768,0.5167882814523411,
52023e6983,180,1784,12488,124.88,304.5649353649178,0.08595628562385085,6.682813250984129,0.3280597797468787,
52023e6983,180,1785,12495,124.95,304.5634160952102,0.13566620844138358,6.906523169747065,1.0911927452171652,
52023e6983,180,1786,12502,125.02,304.48880001558035,0.14333169892118935,6.901214565542551,1.222500454525836,
52023e6983,180,1787,12509,125.09,304.42535012097665,0.22616723902512373,6.9678184639847744,2.224965751390078,
52023e6983,180,1788,12516,125.16,304.1959704401483,0.13810681583215545,6.818623959262504,1.1517165797595132,
52023e6983,180,1789,12523,125.23,304.135155375582,0.1023683664762144,6.984438087995244,0.48825659654728043,
52023e6983,180,1790,12530,125.3,304.0914454434124,0.1245708486179959,6.9076830261101865,1.184591062712629,
52023e6983,180,1791,12537,125.37,304.01264639985783,0.16529845573687116,7.181607108217088,1.4318883777607576,
52023e6983,180,1792,12544,125.44,303.90949108899144,0.24042664811268302,7.395903772615519,2.4373484043399767,
52023e6983,180,1793,12551,125.51,303.6774596205271,0.07995981624430946,7.115269050957883,0.6493860990977594,
52023e6983,180,1794,12558,125.58,303.6482480854288,0.08167650533084501,7.031749514028171,0.8206910636099387,
52023e6983,180,1795,12565,125.65,303.6183025064414,0.25504211672447813,7.308960136298787,2.4206331018276006,
52023e6983,180,1796,12572,125.72,303.41935668637274,0.1651758817285357,8.113084510659569,1.2933314128053823,
52023e6983,180,1797,12579,125.79,303.3527264466458,0.10287335460154988,7.703573693923416,0.5796352017919425,
52023e6983,180,1798,12586,125.86,303.32157789258684,0.12890575900221926,7.8969894996476,1.1501580476633668,
52023e6983,180,1799,12593,125.93,303.2572053292802,0.11432600083706831,7.4541289584902435,1.0906235639215491,
52023e6983,180,1800,12600,126.0,303.199079447336,0.17630141690750362,7.206265744678582,1.779051852893911,
52023e6983,180,1801,12607,126.07,303.06528296536203,0.13746632134280914,7.137351307448694,0.7532795524857708,
52023e6983,180,1802,12614,126.14,302.9908779036541,0.3535489450791625,6.96647084036001,0.46947926098540144,
52023e6983,180,1803,12621,126.21,302.92678279743313,0.3121064924642361,7.768736736315085,0.6234440126547637,
52023e6983,180,1804,12628,126.28,302.87999040048993,0.1678771005555489,7.231438141906407,0.826557542382981,
52023e6983,180,1805,12635,126.35,302.74986365152114,0.12772755953022666,6.998207455311223,0.9572851604561585,
52023e6983,180,1806,12642,126.42,302.6916419009505,0.31856189815599306,6.765175780795222,1.313351444956101,
52023e6983,180,1807,12649,126.49,302.68259120868487,0.23262396731834872,7.558668741362741,1.562704786697791,
52023e6983,180,1808,12656,126.56,302.53003738634163,0.16393636099269135,7.104843754982613,1.1174464848702252,
52023e6983,180,1809,12663,126.63,302.4723963657704,0.1709926503665974,7.09697093614029,1.436577117441756,
52023e6983,180,1810,12670,126.7,302.42633305907117,0.1835281099980583,6.944034891864975,1.243989355986191,
52023e6983,180,1811,12677,126.77,302.32235760527755,0.10684073902703238,6.972715433632225,0.5310102040867799,
52023e6983,180,1812,12684,126.84,302.3208337211458,0.18247828994320717,6.949984790247082,1.3817578500826133,
52023e6983,180,1813,12691,126.91,302.1982115699145,0.2612198875335805,6.920511408685479,2.493689135010392,
52023e6983,180,1814,12698,126.98,301.9508529988952,0.1325133930102367,6.549631331888134,1.0424139315632268,
52023e6983,180,1815,12705,127.05,301.8779524070101,0.13457503000219273,6.449228269230308,1.3364927164418927,
52023e6983,180,1816,12712,127.12,301.81640706552423,0.15534589929618842,6.367434111149753,1.02846031354172,
52023e6983,180,1817,12719,127.19,301.75671016548705,0.12317502832698095,6.716239183005511,0.5516556084912004,
52023e6983,180,1818,12726,127.26,301.71946777850076,0.1469186612451793,6.356933740980599,1.2690011147077356,
52023e6983,180,1819,12733,127.33,301.6309152272339,0.17721348318083943,6.5752852258996315,1.6769541447296192,
52023e6983,180,1820,12740,127.4,301.52408452161205,0.09945917732712935,6.500992614379397,0.8597431813887438,
52023e6983,180,1821,12747,127.47,301.4931489418183,0.07348979397340002,6.417475289238339,0.5173925091663555,
52023e6983,180,1822,12754,127.54,301.4825266369796,0.15558032808042857,6.391494518760209,0.8789132881348235,
52023e6983,180,1823,12761,127.61,301.39752457700854,0.10325455114816923,6.485285936387145,0.45571222529017436,
52023e6983,180,1824,12768,127.68,301.34919454389615,0.12187123539158097,6.24517947574363,1.025595428345431,
52023e6983,180,1825,12775,127.75,301.2744206277731,0.07339640880380773,6.243876039967786,0.6702708316123245,
52023e6983,180,1826,12782,127.82,301.2578606121293,0.17172764195236168,6.311370260232546,1.5094342504095308,
52023e6983,180,1827,12789,127.89,301.1412219411205,0.15305052983093306,6.521313795703076,1.430927083033723,
52023e6983,180,1828,12796,127.96,301.05959689078355,0.13824379846728196,6.64777009220923,0.9911961114911071,
52023e6983,180,1829,12803,128.03,300.975942810942,0.11429373299854394,6.483766482819862,1.1334484309975714,
52023e6983,180,1830,12810,128.1,300.9146531961937,0.09408307170374323,6.2977422744182325,0.8302088459485262,
52023e6983,180,1831,12817,128.17,300.884457633099,0.1751632757132946,6.270995613389098,1.5002903665821754,
52023e6983,180,1832,12824,128.24,300.753774825613,0.1119575698240231,6.389004136884013,0.9480814288174335,
52023e6983,180,1833,12831,128.31,300.69190368646167,0.11316758570063468,6.479906918802204,0.6778752916763298,
52023e6983,180,1834,12838,128.38,300.6346698879132,0.17061794230917549,6.50922559903421,0.7505181591045341,
52023e6983,180,1835,12845,128.45,300.6337659239741,0.19295965897123643,6.8943634918242545,0.916176988543101,
52023e6983,180,1836,12852,128.52,300.4543404916166,0.15604408157387842,6.6709630373304325,1.386573316865793,
52023e6983,180,1837,12859,128.59,300.3610642240801,0.1381670278621241,6.636359789505536,1.3123463545477918,
52023e6983,180,1838,12866,128.66,300.26670280333275,0.17290953032708045,6.603060216706563,1.1494080802870765,
52023e6983,180,1839,12873,128.73,300.125180632921,0.08649121073017775,6.506449981111203,0.7556169283638412,
52023e6983,180,1840,12880,128.8,300.09220004457137,0.1304939971662785,6.640504544356561,0.6397626821489587,
52023e6983,180,1841,12887,128.87,300.01181943372825,0.19120384370150334,6.613770522184974,1.7896975462647426,
52023e6983,180,1842,12894,128.94,299.88421841218775,0.10322681361198337,7.195471833993121,0.6282526162978493,
52023e6983,180,1843,12901,129.01,299.85021071165903,0.17335148314529256,6.84820944466922,1.4507499021864338,
52023e6983,180,1844,12908,129.08,299.7153118340485,0.18064046815132886,7.3294563628734455,1.4217763111064732,
52023e6983,180,1845,12915,129.15,299.5640435791179,0.2469898750940682,6.969459217826768,1.0797046197503428,
52023e6983,180,1846,12922,129.22,299.5580933413053,0.1823483938768567,7.9851444947704655,1.2454242751746107,
52023e6983,180,1847,12929,129.29,299.43806450465553,0.11533503184689559,7.232553681828094,1.0043755312011413,
52023e6983,180,1848,12936,129.36,299.3717443726001,0.14498995331288853,7.192674172100031,1.452970378212718,
52023e6983,180,1849,12943,129.43,299.3035499563663,0.10292240184013439,7.2945625443029005,0.7505448983361207,
52023e6983,180,1850,12950,129.5,299.26519552353244,0.30748476092300925,7.318243978014594,0.745190698296677,
52023e6983,180,1851,12957,129.57,299.25943214843977,0.1806736424909843,7.310462419200068,0.9515183127924838,
52023e6983,180,1852,12964,129.64,299.12197107130874,0.07968369374471787,7.202417884617376,0.3371970852527679,
52023e6983,180,1853,12971,129.71,299.10571676634834,0.10479910191707836,6.997413090642063,0.842050194114146,
52023e6983,180,1854,12978,129.78,299.0710191302753,0.13529882411867766,7.077855916114097,1.1533149188076741,
52023e6983,180,1855,12985,129.85,299.0047075385806,0.19322271293643073,6.972694394797017,1.791189562242528,
52023e6983,180,1856,12992,129.92,298.86715151501005,0.1193882018693779,7.235558623224274,1.0302785956910974,
52023e6983,180,1857,12999,129.99,298.8102886476638,0.19522747058345477,7.084027543629215,1.5713219278044934,
52023e6983,180,1858,13006,130.06,298.6433140768879,0.11308353116308331,6.973679218521797,0.8763738930327273,
52023e6983,180,1859,13013,130.13,298.5900172403657,0.13150932868334192,6.713876569618103,0.9468627402679409,
52023e6983,180,1860,13020,130.2,298.52782184668473,0.14302578662908272,6.890619329101828,1.2043931230358371,
52023e6983,180,1861,13027,130.27,298.464574643437,0.11848793757492768,6.306320889998373,1.0440010798379098,
52023e6983,180,1862,13034,130.34,298.4070541460293,0.06314496590935674,6.352715383229091,0.5634068547990555,
52023e6983,180,1863,13041,130.41,298.39218126350784,0.12132513252810904,6.281150643703218,0.8080390372823079,
52023e6983,180,1864,13048,130.48,298.32134534452246,0.17259424703894424,6.5505565586519365,1.5382419547178394,
52023e6983,180,1865,13055,130.55,298.20248276046914,0.07637282181721955,6.545922063441449,0.5007271373583088,
52023e6983,180,1866,13062,130.62,298.1775302897174,0.14168802609057826,6.4751061552069125,1.3191515740006556,
52023e6983,180,1867,13069,130.69,298.09812223664017,0.10817910895351143,6.68404127633856,0.935656718323498,
52023e6983,180,1868,13076,130.76,298.05420175101534,0.05887236060552064,6.426469848044995,0.4391494592226109,
52023e6983,180,1869,13083,130.83,298.04223861767827,0.13864653813167105,6.481278214378435,0.30250270477572844,
52023e6983,180,1870,13090,130.9,297.95578677909083,0.11375966541440452,6.351265327429584,1.1033407799295023,
52023e6983,180,1871,13097,130.97,297.8933157361761,0.33296622240456997,6.373388222834148,1.4376676514242175,
52023e6983,180,1872,13104,131.04,297.81835616137147,0.16085767100241583,8.178748000202427,1.016059581813161,
52023e6983,180,1873,13111,131.11,297.6900578790208,0.1800123699206628,7.074089649542057,1.4769934245631315,
52023e6983,180,1874,13118,131.18,297.5474886529201,0.29945789118604843,7.199431504162926,1.4087439400884545,
52023e6983,180,1875,13125,131.25,297.5119747325508,0.16311181272139436,7.5504920963351605,0.691221516073801,
52023e6983,180,1876,13132,131.32,297.3775003218884,0.1746596871635379,6.970550520709234,1.6767528731706585,
52023e6983,180,1877,13139,131.39,297.2348881181503,0.15143340417239445,6.783501652461291,0.13361897943213555,
52023e6983,180,1878,13146,131.46,297.1524702366034,0.1398552580857882,6.8736621033413465,1.3096547017924982,
52023e6983,180,1879,13153,131.53,297.0907739390947,0.10282833395328778,6.781597970725924,0.807998110448193,
52023e6983,180,1880,13160,131.6,297.0611291758299,0.08753994908817586,6.752144368089708,0.7044299163167365,
52023e6983,180,1881,13167,131.67,297.04936284100364,0.08419747426865876,6.6070630097621805,0.42969917770817206,
52023e6983,180,1882,13174,131.74,297.027786076452,0.09274603610242371,6.631582072766359,0.7942745312488229,
52023e6983,180,1883,13181,131.81,296.98673551928357,0.15088384403289898,6.485721243784865,1.334352518398188,
52023e6983,180,1884,13188,131.88,296.8951897043298,0.08515543133191499,6.836307688899772,0.8277041942622934,
52023e6983,180,1885,13195,131.95,296.8656850276324,0.18909637985990638,6.570454987322068,1.227304404707991,
52023e6983,180,1886,13202,132.02,296.7135363265341,0.38963611640954193,6.790675017678427,1.9661969803902037,
52023e6983,180,1887,13209,132.09,296.6901311044433,0.2676645982442143,7.515907387393797,1.3386884743584138,
52023e6983,180,1888,13216,132.16,296.4801238352337,0.1658364416766269,7.2920235299081355,0.9123611891116166,
52023e6983,180,1889,13223,132.23,296.41911139600865,0.18265858879282743,6.800965823822828,1.3793406820789764,
52023e6983,180,1890,13230,132.3,296.3214737376532,0.17759466834858922,7.099960879337238,1.0964362474794274,
52023e6983,180,1891,13237,132.37,296.2196214303251,0.13747730327673618,6.862272233269169,0.8478650847299147,
52023e6983,180,1892,13244,132.44,296.14517793693574,0.1556291959649291,6.867699880020948,1.281115538836894,
52023e6983,180,1893,13251,132.51,296.0600596743828,0.16827305425642025,6.774147736627821,1.3905775987000464,
52023e6983,180,1894,13258,132.58,295.919439676289,0.1718107183004631,6.690951322717684,1.5405173010584177,
52023e6983,180,1895,13265,132.65,295.81410830368304,0.4561996390753848,7.106302308607683,1.0641408359670317,
52023e6983,180,1896,13272,132.72,295.7450343978432,0.2786825484696836,7.426405069328492,1.9085889748682774,
52023e6983,180,1897,13279,132.79,295.42099597968866,0.1321570160530891,7.124892220645647,0.9744232568657373,
52023e6983,180,1898,13286,132.86,295.33990261352534,0.13036218182569945,6.593045615784296,0.8908796028630627,
52023e6983,180,1899,13293,132.93,295.2790642947627,0.25654947612335544,6.796810326639516,2.305761427981628,
52023e6983,180,1900,13300,133.0,295.0073695232003,0.18814420445539723,6.4993656526106385,1.6840269938060826,
52023e6983,180,1901,13307,133.07,294.850086594636,0.08722642050909414,6.041560363257584,0.7399492006504019,
52023e6983,180,1902,13314,133.14,294.8136583123776,0.18578727707592296,6.09234357628478,1.7552329247450773,
52023e6983,180,1903,13321,133.21,294.64168349687935,0.07172359155750767,6.13348261425305,0.6455249433243098,
52023e6983,180,1904,13328,133.28,294.61920786930773,0.30459206424575797,6.126178844649476,1.481728136464433,
52023e6983,180,1905,13335,133.35,294.5911216241854,0.20139251581937953,6.794237649570158,1.128589398024547,
52023e6983,180,1906,13342,133.42,294.4021882753536,0.1781048511038281,6.196962529515716,1.008094933118707,
52023e6983,180,1907,13349,133.49,294.24980365622474,0.1710858121562056,6.376129577085685,1.7378908573483784,
52023e6983,180,1908,13356,133.56,294.1235589142741,0.24902476723255365,5.996525133355139,1.144253971501812,
52023e6983,180,1909,13363,133.63,294.1100110515402,0.1659447279256524,6.253456260648896,0.9506373530567749,
52023e6983,180,1910,13370,133.7,293.97599967618953,0.24433328356082637,6.074461607278946,1.1281123004439764,
52023e6983,180,1911,13377,133.77,293.9755099075115,0.14986801161357044,6.285372123391724,0.36378642636594966,
52023e6983,180,1912,13384,133.84,293.8940657234809,0.12782728402955243,5.9797088975819195,0.9120244557647839,
52023e6983,180,1913,13391,133.91,293.81313611312925,0.14357617094865138,5.870224476488195,0.8283764311442505,
52023e6983,180,1914,13398,133.98,293.71219192087915,0.1070978503363597,5.734319159074183,0.93670931730753,
52023e6983,180,1915,13405,134.05,293.6747907433546,0.09139970904176997,5.519157657481421,0.8145151111646458,
52023e6983,180,1916,13412,134.12,293.6438640709742,0.06773873048247742,5.759643397053969,0.5203897398261013,
52023e6983,180,1917,13419,134.19,293.62970827763314,0.12459625417608278,5.7379648950103,0.7533626110895681,
52023e6983,180,1918,13426,134.26,293.559645340696,0.11991245607383781,5.736763173489944,0.8173542906026977,
52023e6983,180,1919,13433,134.33,293.5096742351773,0.17501319723622125,5.748549204183765,1.7365274005109743,
52023e6983,180,1920,13440,134.4,293.37871593231495,0.06330302762628177,5.7158221872766966,0.11067218651185941,
52023e6983,180,1921,13447,134.47,293.3654073608255,0.11354763303937222,5.707042990047772,1.0967796904552634,
52023e6983,180,1922,13454,134.54,293.3280183607874,0.08920763196399425,5.5037716820519655,0.7586934528015201,
52023e6983,180,1923,13461,134.61,293.2993456344474,0.1371582547439213,5.52682449495285,0.7524448685321002,
52023e6983,180,1924,13468,134.68,293.22546765880674,0.07153386579302759,5.373571384821939,0.5838230578768937,
52023e6983,180,1925,13475,134.75,293.2025854329849,0.08518718701228901,5.397212242330118,0.8393338726717928,
52023e6983,180,1926,13482,134.82,293.1723187564534,0.11827907758624492,5.474002727595749,1.1364676744864814,
52023e6983,180,1927,13489,134.89,293.11620042873176,0.09884612346897237,5.379509941657268,0.8724352501897525,
52023e6983,180,1928,13496,134.96,293.07615879824164,0.07673231668371332,5.317145545137728,0.46395820424921835,
52023e6983,180,1929,13503,135.03,293.051426159322,0.0972512096259924,5.418528281962303,0.6958262847461739,
52023e6983,180,1930,13510,135.1,293.0057836813769,0.1106611869977165,5.439266397045338,0.8962654896524357,
52023e6983,180,1931,13517,135.17,292.9441760683462,0.09100219347258869,5.7511139237081075,0.9013571796543345,
52023e6983,180,1932,13524,135.24,292.9156537761394,0.09142246395888166,5.786966322492414,0.8996155566969609,
52023e6983,180,1933,13531,135.31,292.881587842064,0.11731063461075357,5.8724001510122665,1.0384109916690258,
52023e6983,180,1934,13538,135.38,292.81734792245913,0.3826166225083049,5.7744291956343154,1.9018931806640422,
52023e6983,180,1935,13545,135.45,292.69379092759993,0.23720711944414286,6.588390607437359,1.8180697622102833,
52023e6983,180,1936,13552,135.52,292.51745785043573,0.17658453107602037,5.728383381433974,1.5373969014576292,
52023e6983,180,1937,13559,135.59,292.4099620795527,0.08514236426124297,5.575967162048719,0.4314647953170451,
52023e6983,180,1938,13566,135.66,292.39031337538904,0.3899631980979402,5.432664451036304,1.8942995858979776,
52023e6983,180,1939,13573,135.73,292.30625801442073,0.2086196992508478,7.2401292763549705,1.3544709030637911,
52023e6983,180,1940,13580,135.8,292.12490948600333,0.17475479654988066,6.014277924395702,0.4849079839963598,
52023e6983,180,1941,13587,135.87,292.02227831728123,0.16347617526013228,6.181869467470335,1.3966281333139108,
52023e6983,180,1942,13594,135.94,291.9351784489409,0.20904569325203207,6.39811900813048,1.146379348413064,
52023e6983,180,1943,13601,136.01,291.78409337627227,0.15334467966726886,6.0372525166290565,0.8244684998677405,
52023e6983,180,1944,13608,136.08,291.6905386259889,0.13475766903931338,5.997288400022627,1.1959479697160094,
52023e6983,180,1945,13615,136.15,291.63497711856104,0.18158612145227757,5.8051382122670905,1.5262743012715694,
52023e6983,180,1946,13622,136.22,291.50556192933766,0.10309486699450748,5.989205370088568,0.7691002815389827,
52023e6983,180,1947,13629,136.29,291.4626644201154,0.09400327807958721,5.825257020239202,0.7907215181987309,
52023e6983,180,1948,13636,136.36,291.4255002797516,0.15334800278017907,5.772884034925381,1.5370556190114923,
52023e6983,180,1949,13643,136.43,291.3298638825872,0.11176015632045154,5.868915921734616,1.0007293983741805,
52023e6983,180,1950,13650,136.5,291.2902180107522,0.12893007500880532,5.656777474825633,1.1217197229963418,
52023e6983,180,1951,13657,136.57,291.23965677886866,0.14637308981738703,5.817537521009156,1.3709586723195795,
52023e6983,180,1952,13664,136.64,291.1620825414329,0.1675217054280792,5.458529099102441,1.098963411376999,
52023e6983,180,1953,13671,136.71,291.0561704430802,0.09466292448365987,5.68412733350919,0.7177708353582066,
52023e6983,180,1954,13678,136.78,291.0242570155459,0.06068897997001728,5.40971985244629,0.3958537144690837,
52023e6983,180,1955,13685,136.85,291.0068785436152,0.1123271355880486,5.475890692306284,1.0564361528726804,
52023e6983,180,1956,13692,136.92,290.9628363804965,0.13469597221731625,5.789544408719179,0.6689305624023644,
52023e6983,180,1957,13699,136.99,290.89498446326377,0.14095455393612855,5.743870243475666,1.241670565599344,
52023e6983,180,1958,13706,137.06,290.82868538286016,0.16629656255155295,5.866055108902554,1.3262568076804957,
52023e6983,180,1959,13713,137.13,290.6951023466059,0.16873518654417258,5.705390818763058,1.6283375050778113,
52023e6983,180,1960,13720,137.2,290.60543214677193,0.1403401829668892,5.902352517098458,1.3316638934010305,
52023e6983,180,1961,13727,137.27,290.5472564171001,0.1134869301880354,5.4933125811116295,0.4000834158625432,
52023e6983,180,1962,13734,137.34,290.48353450546057,0.11948942621712133,5.503877591215798,1.1652282263342801,
52023e6983,180,1963,13741,137.41,290.42507303704724,0.09510082656714347,5.362039363681028,0.5132871813673099,
52023e6983,180,1964,13748,137.48,290.38719865966704,0.1542555278446289,5.255026097450357,0.5946802540414222,
52023e6983,180,1965,13755,137.55,290.37633121911597,0.31102248875535626,5.481527016864408,0.938542816154547,
52023e6983,180,1966,13762,137.62,290.31846735566825,0.1259284083520008,5.823614952432926,0.20356722386047413,
52023e6983,180,1967,13769,137.69,290.2418602984965,0.3567709636590745,5.384299478528603,1.7377986743455853,
52023e6983,180,1968,13776,137.76,290.15343925920564,0.16020260830078917,6.402591670811513,0.6392779412182165,
52023e6983,180,1969,13783,137.83,290.0479232667329,0.10291208186180595,5.400571356403792,0.757465039153949,
52023e6983,180,1970,13790,137.9,290.0010324459769,0.11498025576779868,5.433132199872744,1.1465284457522653,
52023e6983,180,1971,13797,137.97,289.94078983825204,0.06676801381675604,5.514770720918111,0.5713599588513912,
52023e6983,180,1972,13804,138.04,289.9191702474574,0.1363016076357741,5.530005763270517,0.9546742274907274,
52023e6983,180,1973,13811,138.11,289.8405865964218,0.09613354270799694,5.547882030787372,0.7944298511115874,
52023e6983,180,1974,13818,138.18,289.794634548495,0.14011028605672726,5.428197585243932,1.391555236833328,
52023e6983,180,1975,13825,138.25,289.73329805033035,0.07956430706485491,5.206039683095296,0.568999273169004,
52023e6983,180,1976,13832,138.32,289.7201966696461,0.07481567694902651,5.140423602277302,0.1997791767422212,
52023e6983,180,1977,13839,138.39,289.70542528151833,0.109799081094804,5.023668417515857,0.9779554995914912,
52023e6983,180,1978,13846,138.46,289.65395206605405,0.1319524314447198,5.340128337917515,1.0633460862394353,
52023e6983,180,1979,13853,138.53,289.574555593026,0.12041709066009955,5.477342979444465,1.0592252092149248,
52023e6983,180,1980,13860,138.6,289.5107407938135,0.1093122872171572,5.481100293782717,1.1049702169075246,
52023e6983,180,1981,13867,138.67,289.4622852394211,0.21409061387150274,5.091564739270848,1.028912693128243,
52023e6983,180,1982,13874,138.74,289.44435650082033,0.11754483094592226,5.669149713672751,0.6133479458018823,
52023e6983,180,1983,13881,138.81,289.3752442214747,0.08831100382213422,5.457748539061884,0.8814845797322596,
52023e6983,180,1984,13888,138.88,289.34857972976863,0.15168448000925538,5.43692069700403,1.4077861603034028,
52023e6983,180,1985,13895,138.95,289.23047339512425,0.17065083458586056,5.363456390360909,0.6890268767505094,
52023e6983,180,1986,13902,139.02,289.2287936250628,0.10371728099319508,5.9502316366012575,0.6942594414989128,
52023e6983,180,1987,13909,139.09,289.1805062114292,0.134698544664376,5.611820610110158,1.361892674005199,
52023e6983,180,1988,13916,139.16,289.1066341941727,0.09454999864692201,5.682086765290753,0.21909201845569806,
52023e6983,180,1989,13923,139.23,289.0625229635048,0.09215038158318248,5.4610167356349795,0.8141469402919153,
52023e6983,180,1990,13930,139.3,289.0249327838122,0.08574626596188735,5.4992172000098805,0.5804937601747464,
52023e6983,180,1991,13937,139.37,288.9952880878123,0.11551957514726771,5.534361800381939,1.1499155241293673,
52023e6983,180,1992,13944,139.44,288.94403665958555,0.06451551150865802,5.446156072958097,0.4622863561124065,
52023e6983,180,1993,13951,139.51,288.929025675599,0.0781944869212523,5.481512322445684,0.7491652622972574,
52023e6983,180,1994,13958,139.58,288.90409675364504,0.17295454763808402,5.440092615258068,1.620655555734899,
52023e6983,180,1995,13965,139.65,288.81653734357775,0.08721324435773353,5.6442883150844745,0.4145646306730103,
52023e6983,180,1996,13972,139.72,288.795321059193,0.08655542245528612,5.199694517337644,0.7747681436700011,
52023e6983,180,1997,13979,139.79,288.7620967494921,0.06921246937761712,5.313848645891756,0.6547145000104299,
52023e6983,180,1998,13986,139.86,288.7426261514099,0.10317901050568172,5.184483930608143,0.8063961180377303,
52023e6983,180,1999,13993,139.93,288.6892125125779,0.16932012285839285,5.324957695305664,1.4719781497328923,
52023e6983,180,2000,14000,140.0,288.6031100090332,0.17436507111660182,5.680206990456777,1.5516861934187614,
52023e6983,180,2001,14007,140.07,288.4993909445632,0.1388457628683162,5.1977768518345675,1.2450087180851777,
52023e6983,180,2002,14014,140.14,288.4466814130063,0.14098682947202837,5.3328441410383896,1.1461264379581295,
52023e6983,180,2003,14021,140.21,288.3905460537808,0.09003443262265239,5.378574410320251,0.49980075495756504,
52023e6983,180,2004,14028,140.28,288.3585505226611,0.13314032594088654,5.2445814091417615,1.0286805226239122,
52023e6983,180,2005,14035,140.35,288.2893106986963,0.1146611483632351,5.334598913406515,1.050351648957782,
52023e6983,180,2006,14042,140.42,288.2403537003821,0.13563612061783759,5.145455063932726,0.9541339528559005,
52023e6983,180,2007,14049,140.49,288.1575242510917,0.23637423260647844,5.191260888807955,1.1675631413751888,
52023e6983,180,2008,14056,140.56,288.1520728043009,0.21963758788243412,5.510854182011675,1.6565383306729924,
52023e6983,180,2009,14063,140.63,287.9589209780943,0.08847319563862995,4.8834394516734285,0.5007877535364825,
52023e6983,180,2010,14070,140.7,287.92668294152566,0.12511741402333415,4.776349370691745,1.2409153155920278,
52023e6983,180,2011,14077,140.77,287.85046280977105,0.10540969545730354,4.960067912481942,0.9978732507212891,
52023e6983,180,2012,14084,140.84,287.81220663835086,0.17620830388073871,5.039324189245742,1.400747695269658,
52023e6983,180,2013,14091,140.91,287.6928685131402,0.13588932809389698,5.123149443062359,1.251098328714601,
52023e6983,180,2014,14098,140.98,287.652691994002,0.14265434236999824,5.139369509455554,0.7611219154215367,
52023e6983,180,2015,14105,141.05,287.5987111146986,0.13282344685762618,5.390491214970461,0.9721335166644866,
52023e6983,180,2016,14112,141.12,287.5535609259303,0.12665302658362265,5.307648748405311,0.9038564172676685,
52023e6983,180,2017,14119,141.19,287.5205504619847,0.15981873726076684,5.480903607234025,1.278431432363333,
52023e6983,180,2018,14126,141.26,287.44894424573965,0.09928850390339758,5.0382204548653275,0.515087328573368,
52023e6983,180,2019,14133,141.33,287.4231554702191,0.12215513266909103,5.235259360314945,0.5020081698753406,
52023e6983,180,2020,14140,141.4,287.3823599122673,0.09751872292290327,4.911746344485364,0.6868675442177222,
52023e6983,180,2021,14147,141.47,287.3436176846185,0.08212403639322222,4.809092982281409,0.450561465827572,
52023e6983,180,2022,14154,141.54,287.32582018686105,0.141361566191018,4.752099258457347,1.1889315011541066,
52023e6983,180,2023,14161,141.61,287.234004697055,0.052108017119035524,4.8965592309708565,0.4535886700353592,
52023e6983,180,2024,14168,141.68,287.22195916142067,0.040120510297091204,4.906941022480076,0.3377264054798061,
52023e6983,180,2025,14175,141.75,287.2144507649773,0.12008695859892098,4.961488059621713,1.1901451133185632,
52023e6983,180,2026,14182,141.82,287.17118174723043,0.10578970183442722,4.834499712734108,0.8483355793816946,
52023e6983,180,2027,14189,141.89,287.1390968694799,0.07602267183360346,4.708550302291491,0.5754568993187644,
52023e6983,180,2028,14196,141.96,287.1151527381044,0.10129240317485036,4.669306163653726,0.8671936534674921,
52023e6983,180,2029,14203,142.03,287.06572393802645,0.07173501053112355,4.820582720122572,0.6485998770571644,
52023e6983,180,2030,14210,142.1,287.046791395698,0.07949856296713416,4.77978168599411,0.6578774559399633,
52023e6983,180,2031,14217,142.17,287.0174271373309,0.0909023134232998,4.794854943907227,0.8745954052770726,
52023e6983,180,2032,14224,142.24,286.98411578140696,0.06979908362910378,4.746605547844399,0.39297569274975014,
52023e6983,180,2033,14231,142.31,286.9655380480712,0.19576470211842317,4.57181693354687,0.9635286560487981,
52023e6983,180,2034,14238,142.38,286.96446039818744,0.10765152817733821,5.036826205206727,0.17994075295409598,
52023e6983,180,2035,14245,142.45,286.913023658712,0.20916984546622872,4.653928606177371,0.6912918826767481,
52023e6983,180,2036,14252,142.52,286.9054403461409,0.14272468949410003,5.324434085681917,0.7794817393288339,
52023e6983,180,2037,14259,142.59,286.8271189727445,0.11479810353575524,4.646589957239927,1.0710800687757034,
52023e6983,180,2038,14266,142.66,286.77550862516614,0.05399318727654716,4.783755497070777,0.3303332360712213,
52023e6983,180,2039,14273,142.73,286.76665252969667,0.07003096558722141,4.710138433861318,0.6099921000522514,
52023e6983,180,2040,14280,142.8,286.7433416004958,0.10034156740600428,4.731276079538385,1.0003643753541676,
52023e6983,180,2041,14287,142.87,286.69198621715566,0.1457995250424763,4.569253693363994,1.3494337440868134,
52023e6983,180,2042,14294,142.94,286.6011126554154,0.06985253644819213,4.867445166209373,0.6289647508047016,
52023e6983,180,2043,14301,143.01,286.5868057185202,0.059167285925716455,4.561784407566001,0.49313222355375674,
52023e6983,180,2044,14308,143.08,286.5740765245352,0.0360990135763892,4.7218298317967315,0.2443450910244776,
52023e6983,180,2045,14315,143.15,286.56932921896146,0.11340852842023492,4.601837773233033,1.0602552691259914,
52023e6983,180,2046,14322,143.22,286.53072643449144,0.11521598709125254,4.762714051989378,0.2312706715648162,
52023e6983,180,2047,14329,143.29,286.49839903778104,0.10848721339627729,4.83680606747051,0.7067690580591505,
52023e6983,180,2048,14336,143.36,286.458364384228,0.07523836016631338,4.715299759987372,0.2703260111655525,
52023e6983,180,2049,14343,143.43,286.440780899907,0.12060922517284686,4.7192395861418674,1.059163044067066,
52023e6983,180,2050,14350,143.5,286.3737418859395,0.05838912885202854,4.731612943073245,0.4796295531406827,
52023e6983,180,2051,14357,143.57,286.3609262839698,0.07327988001844164,4.709083552077687,0.6781735673294831,
52023e6983,180,2052,14364,143.64,286.337793820971,0.09450174609796784,4.771893759968017,0.8952676354728407,
52023e6983,180,2053,14371,143.71,286.3062778660778,0.10546792727403449,5.035601268503262,1.0191879610828152,
52023e6983,180,2054,14378,143.78,286.2567211444701,0.08104234177411322,4.8368821652967915,0.760724820977518,
52023e6983,180,2055,14385,143.85,286.23374425690616,0.07876544225321032,4.84131605564995,0.7478384078161207,
52023e6983,180,2056,14392,143.92,286.2092628140768,0.14275948060236587,4.945258440577664,1.3520733863815282,
52023e6983,180,2057,14399,143.99,286.1174599556931,0.08902258947015985,4.920738581112153,0.8074677928451784,
52023e6983,180,2058,14406,144.06,286.08229569958695,0.07115009877312149,4.841520160142694,0.29015489047329257,
52023e6983,180,2059,14413,144.13,286.08224549943964,0.04054347983121219,4.828241795095313,0.08206555282100965,
52023e6983,180,2060,14420,144.2,286.07391790625235,0.11792392571206439,4.845336803944379,0.9470569354808921,
52023e6983,180,2061,14427,144.27,286.0175115396098,0.08056851527185674,4.760741669189565,0.7720919834455302,
52023e6983,180,2062,14434,144.34,285.9931099150929,0.06292997107942022,4.851107001370625,0.5059629093029869,
52023e6983,180,2063,14441,144.41,285.9759323401223,0.24528990881943202,4.721605863282052,1.2075849534051388,
52023e6983,180,2064,14448,144.48,285.9754927072377,0.15810735782149637,5.102125057174619,0.892764143318856,
52023e6983,180,2065,14455,144.55,285.8616869933441,0.11483271195073676,4.4497978412951475,0.9466516132420374,
52023e6983,180,2066,14462,144.62,285.81586967416706,0.0658791647307659,4.637768336819891,0.46983996526528365,
52023e6983,180,2067,14469,144.69,285.79856233810017,0.2611479187421929,4.53515615002819,1.2807463721897245,
52023e6983,180,2068,14476,144.76,285.76648316549733,0.13813229490247775,5.170940468406243,0.7853402935584511,
52023e6983,180,2069,14483,144.83,285.68241034389445,0.12153456766050225,4.602446359876691,1.1703731315694221,
52023e6983,180,2070,14490,144.9,285.622575322788,0.05906031663751806,4.85407458934986,0.5408955560759278,
52023e6983,180,2071,14497,144.97,285.6109442107383,0.07637265981672117,4.668927508318468,0.6397393474840435,
52023e6983,180,2072,14504,145.04,285.585219108137,0.1352325808759942,4.679149347555623,0.5910783619076083,
52023e6983,180,2073,14511,145.11,285.58327992289196,0.1560382837017267,4.790751473778487,1.3273529687548435,
52023e6983,180,2074,14518,145.18,285.5027793027422,0.08669926989621614,4.846167837115502,0.6228616020036762,
52023e6983,180,2075,14525,145.25,285.48054624291495,0.051264451510531744,4.778819359664633,0.30847922334259537,
52023e6983,180,2076,14532,145.32,285.4761722881144,0.07301534542954746,4.664883325302878,0.682141920193382,
52023e6983,180,2077,14539,145.39,285.45161621178136,0.08555430873059579,4.764638035770412,0.660008410203335,
52023e6983,180,2078,14546,145.46,285.4254523558021,0.0698968514119813,4.804728003105933,0.5221147014637089,
52023e6983,180,2079,14553,145.53,285.4155617593254,0.10580714113365995,4.618842060552356,0.9369899801499819,
52023e6983,180,2080,14560,145.6,285.35996155528744,0.05578972374111947,4.484577738447403,0.5274957984826372,
52023e6983,180,2081,14567,145.67,285.3473073082963,0.06234002735895927,4.4683856459308515,0.6022083918037361,
52023e6983,180,2082,14574,145.74,285.331345956669,0.04536311606485342,4.478353470079057,0.4311573108753538,
52023e6983,180,2083,14581,145.81,285.32283138850266,0.14109546253302394,4.541222275380617,0.5277097433430138,
52023e6983,180,2084,14588,145.88,285.3211928042971,0.09574549699046575,4.646505349102509,0.4134751476047274,
52023e6983,180,2085,14595,145.95,285.2778369713336,0.03110021479472307,4.4676563345096385,0.2402141434106294,
52023e6983,180,2086,14602,146.02,285.2741661196346,0.046005644989259985,4.415836472690346,0.33126156618627206,
52023e6983,180,2087,14609,146.09,285.2638200850979,0.1155111119302745,4.401900197848899,1.1407204616393831,
52023e6983,180,2088,14616,146.16,285.2053905414565,0.0792756404166445,4.634496444230898,0.6793774932348489,
52023e6983,180,2089,14623,146.23,285.1760381189371,0.2007227123832494,4.748321336228396,1.7101850521458049,
52023e6983,180,2090,14630,146.3,284.99437148817225,0.09172455109045552,4.981393327804516,0.645633840941729,
52023e6983,180,2091,14637,146.37,284.9579089582259,0.09290061749895222,4.679295149066335,0.7189641545278672,
52023e6983,180,2092,14644,146.44,284.9218629005327,0.11708217300971172,4.690406444920216,1.118430298076396,
52023e6983,180,2093,14651,146.51,284.867721552724,0.13186404145917371,4.73549446349141,1.2852280349451155,
52023e6983,180,2094,14658,146.58,284.81274431032045,0.11516786335061081,4.38392208893952,0.9491164680675789,
52023e6983,180,2095,14665,146.65,284.75549708964803,0.036517195901383415,4.40236269616798,0.22317325148609862,
52023e6983,180,2096,14672,146.72,284.7496252602523,0.10904434070673827,4.349621185414903,1.0613220276945097,
52023e6983,180,2097,14679,146.79,284.69447737524956,0.06453535060410016,4.393368981524694,0.621335438983182,
52023e6983,180,2098,14686,146.86,284.67456652312836,0.12141059004346014,4.468048456609088,1.1179746002661275,
52023e6983,180,2099,14693,146.93,284.61154511796667,0.08497222682981759,4.573665592917048,0.7499980595432687,
52023e6983,180,2100,14700,147.0,284.5803458647932,0.09504904886526913,4.5667182926781855,0.8269480547081616,
52023e6983,180,2101,14707,147.07,284.54091101641484,0.11337854946906553,4.63893172236475,1.082068419260122,
52023e6983,180,2102,14714,147.14,284.48230885167766,0.10132633833657839,4.473071509429974,0.7403788821098334,
52023e6983,180,2103,14721,147.21,284.4410357506267,0.05052430065854401,4.340126021113033,0.3919892887811389,
52023e6983,180,2104,14728,147.28,284.4300290289,0.09756472973480246,4.341754449183113,0.9413516289504608,
52023e6983,180,2105,14735,147.35,284.38525728662717,0.07811321542480477,4.232437589884199,0.591975839704073,
52023e6983,180,2106,14742,147.42,284.35655669153226,0.12551106518404934,4.1834114312041715,1.1653792805882601,
52023e6983,180,2107,14749,147.49,284.2855343040907,0.10143757329083178,4.2760850491402005,0.46838946061397213,
52023e6983,180,2108,14756,147.56,284.2472125987312,0.07416904002809062,4.127406598799717,0.644605117007504,
52023e6983,180,2109,14763,147.63,284.2306897265458,0.09572513497964846,4.265888158276534,0.9492354409466504,
52023e6983,180,2110,14770,147.7,284.2022889783356,0.05050208593692033,4.199838322613313,0.19548592388508906,
52023e6983,180,2111,14777,147.77,284.1944726339084,0.18944130270708073,4.251036404953605,0.9525160417877063,
52023e6983,180,2112,14784,147.84,284.18506752494926,0.1668866378578091,4.943621163621643,1.4889606332356946,
52023e6983,180,2113,14791,147.91,284.10133969789604,0.10559682895405162,4.687344623545563,0.6789704715768137,
52023e6983,180,2114,14798,147.98,284.06205617159344,0.18300706538125233,4.451563997949916,0.8330798096287819,
52023e6983,180,2115,14805,148.05,284.057646835288,0.13734034420160496,5.0669050503496855,0.6385382440546435,
52023e6983,180,2116,14812,148.12,283.9688690180732,0.10158907966707158,4.597200539961494,0.9565031520797953,
52023e6983,180,2117,14819,148.19,283.9219273831883,0.1409323754649192,4.659457014890703,1.3072215038308768,
52023e6983,180,2118,14826,148.26,283.83181281959656,0.12584605858051018,4.896479597760044,0.9489145677738486,
52023e6983,180,2119,14833,148.33,283.77449958609117,0.0743958567654925,4.912189543755345,0.3782876506693786,
52023e6983,180,2120,14840,148.4,283.7554752890471,0.09534566301846174,5.011502997214889,0.9081062837175582,
52023e6983,180,2121,14847,148.47,283.7181831451319,0.10638192088394989,4.950700080574433,0.9499187380731299,
52023e6983,180,2122,14854,148.54,283.6642766963788,0.046573662827099994,4.943436919042722,0.39030677941863307,
52023e6983,180,2123,14861,148.61,283.65408875129134,0.10438096108168587,4.857558146824402,0.8809150621820347,
52023e6983,180,2124,14868,148.68,283.60400874643574,0.13394797137648773,4.921302311772728,1.1259485410600198,
52023e6983,180,2125,14875,148.75,283.5354679322318,0.08567783032151557,5.180097047115222,0.7869576707814165,
52023e6983,180,2126,14882,148.82,283.5017523506735,0.0712935087690894,4.899655907577733,0.5888218410659289,
52023e6983,180,2127,14889,148.89,283.48012460852755,0.09328470498738038,4.97313527140758,0.9374521595111104,
52023e6983,180,2128,14896,148.96,283.44784232512154,0.17308144568539713,5.134407071935026,0.5941339635384498,
52023e6983,180,2129,14903,149.03,283.4422931546441,0.2996435155028418,5.119923530162427,1.1201231621549175,
52023e6983,180,2130,14910,149.1,283.4190398268346,0.3352977557490904,5.336395712595616,1.1084622785868716,
52023e6983,180,2131,14917,149.17,283.40676176106575,0.1719485206135067,5.371198083198097,0.16538327132314795,
52023e6983,180,2132,14924,149.24,283.27191182528736,0.10478697864880965,4.70487211109268,0.7909248970977717,
52023e6983,180,2133,14931,149.31,283.2375342787745,0.12532948792596035,4.743182522546325,1.027530822879111,
52023e6983,180,2134,14938,149.38,283.1683332617003,0.12529051158975474,4.580351440750684,0.5098317574993945,
52023e6983,180,2135,14945,149.45,283.1616310527844,0.15029443860558114,4.9231493934251,0.38907096680620756,
52023e6983,180,2136,14952,149.52,283.1556380390107,0.13321924726192572,4.6616811844368184,0.9319921132475215,
52023e6983,180,2137,14959,149.59,283.10022061535955,0.1277602974300171,4.824126191940498,0.7821566599566421,
52023e6983,180,2138,14966,149.66,283.02928785505037,0.09748432786583808,4.683843167395668,0.9496072771728941,
52023e6983,180,2139,14973,149.73,282.9812050083845,0.13928502876329785,4.746591495526352,0.6358401957324972,
52023e6983,180,2140,14980,149.8,282.9792288733003,0.2084726779656447,4.615907440247196,0.5674043983690857,
52023e6983,180,2141,14987,149.87,282.9718650104775,0.13491920107854397,5.086317984649842,0.9094984602059667,
52023e6983,180,2142,14994,149.94,282.9004140662498,0.07524615677531107,5.02564085231621,0.3225825967970812,
52023e6983,180,2143,15001,150.01,282.87872048462646,0.05930509023094894,4.881349607046981,0.5535513110408864,
52023e6983,180,2144,15008,150.08,282.866484315917,0.15348642448970098,4.9178743892335905,1.4613368289389934,
52023e6983,180,2145,15015,150.15,282.7591950623037,0.10925978313890172,4.712086465068731,1.0790738566009257,
52023e6983,180,2146,15022,150.22,282.7219866654361,0.10366876733866287,4.609062167455663,0.7467470681274799,
52023e6983,180,2147,15029,150.29,282.6829039992337,0.09815712649918674,4.63554495533582,0.9494085114652908,
52023e6983,180,2148,15036,150.36,282.6640542024431,0.09332956455925967,4.6887695547023895,0.7227231431035823,
52023e6983,180,2149,15043,150.43,282.6514538327865,0.1278299408613257,4.678572274930835,0.8267791691857211,
52023e6983,180,2150,15050,150.5,282.62080034318274,0.13026855327779763,4.981311632441084,0.9077578949396867,
52023e6983,180,2151,15057,150.57,282.6139803788572,0.16311338801896347,5.047963843019646,0.9936589719734885,
52023e6983,180,2152,15064,150.64,282.5460449487272,0.1750373501039217,5.218727765499622,1.427955843380129,
52023e6983,180,2153,15071,150.71,282.5179346870031,0.09737099889922415,6.025804497108329,0.9209299747121602,
52023e6983,180,2154,15078,150.78,282.4309801305052,0.072374246954541,5.159873782001678,0.5583374398385296,
52023e6983,180,2155,15085,150.85,282.41159002172236,0.08930993174213314,5.245383214253272,0.7935973020251781,
52023e6983,180,2156,15092,150.92,282.376717429133,0.06487231664189798,4.928860314937177,0.47579406035497723,
52023e6983,180,2157,15099,150.99,282.35785459972976,0.1014150025280835,4.992022142431115,0.943691144826748,
52023e6983,180,2158,15106,151.06,282.31853620211416,0.12249522330671829,5.250530799930309,1.212239512218836,
52023e6983,180,2159,15113,151.13,282.2657651330995,0.15176921286183095,5.022358660823013,1.348422690306551,
52023e6983,180,2160,15120,151.2,282.1551810472353,0.10665789578755361,5.2028438915352755,1.0452503542311478,
52023e6983,180,2161,15127,151.27,282.0980060139623,0.1171908386648263,5.274539647865196,1.071229062150051,
52023e6983,180,2162,15134,151.34,282.04022946400977,0.28403644865140937,5.303030356552666,1.3519205243888839,
52023e6983,180,2163,15141,151.41,282.02281701926904,0.16993616464039374,6.342862159204917,0.34022535375560187,
52023e6983,180,2164,15148,151.48,281.92106799510805,0.33896347548745026,5.745155116356893,0.8059352755326681,
52023e6983,180,2165,15155,151.55,281.9089250140889,0.1886208623062078,5.803421599111617,0.7359572637633908,
52023e6983,180,2166,15162,151.62,281.7318669603663,0.08291299807573918,5.06677074180302,0.5369764883231762,
52023e6983,180,2167,15169,151.69,281.7081469086303,0.04738523732537694,4.880022955296525,0.31643520460712066,
52023e6983,180,2168,15176,151.76,281.69731853376584,0.08451580686964787,4.859014220415765,0.5070535619530833,
52023e6983,180,2169,15183,151.83,281.66218588074264,0.10250776506151604,4.808577557656511,0.8670144709746599,
52023e6983,180,2170,15190,151.9,281.61399746079366,0.11353481554780061,4.895698477081864,1.123288419807972,
52023e6983,180,2171,15197,151.97,281.5549298498573,0.10209184476338375,4.910418577946313,1.0258808318694435,
52023e6983,180,2172,15204,152.04,281.502711891386,0.07263495454178012,4.964309878944426,0.5114667463794704,
52023e6983,180,2173,15211,152.11,281.4774880774959,0.09456447497769165,5.027068696733589,0.8975597802622601,
52023e6983,180,2174,15218,152.18,281.4501487865418,0.14963230018827162,5.0996177388329205,1.4557862686974805,
52023e6983,180,2175,15225,152.25,281.37811141670215,0.10130620392062611,5.320225089074957,0.6151448308320632,
52023e6983,180,2176,15232,152.32,281.3476557414392,0.1049282757560946,5.221370288315234,0.9277277171756547,
52023e6983,180,2177,15239,152.39,281.2931086337554,0.23421670885419388,5.1884991372695115,1.008018987118284,
52023e6983,180,2178,15246,152.46,281.28374817314153,0.16750957087002435,5.618812585009395,1.140565849104439,
52023e6983,180,2179,15253,152.53,281.1548351194034,0.06475612537579162,5.252186182677182,0.2321505210617316,
52023e6983,180,2180,15260,152.6,281.1471787749892,0.12438694770673556,5.270135047645331,0.8846950507915358,
52023e6983,180,2181,15267,152.67,281.0805648734314,0.0750611985867717,4.968124806859812,0.4916227697052171,
52023e6983,180,2182,15274,152.74,281.0568350064084,0.0701611416382928,4.913557349029723,0.6366506949130503,
52023e6983,180,2183,15281,152.81,281.03228334870903,0.06491166203574648,5.008782003307666,0.5382263653687913,
52023e6983,180,2184,15288,152.88,281.01145007715996,0.2245614702194814,5.025751632941355,1.1264655591528108,
52023e6983,180,2185,15295,152.95,281.0091719957867,0.1530401217798895,6.051809981523822,1.1004351508273766,
52023e6983,180,2186,15302,153.02,280.919626230099,0.11114065657758292,5.1693071445446765,0.8024809440771167,
52023e6983,180,2187,15309,153.09,280.8715589472008,0.17752549684939428,5.277298961489636,1.258053264340828,
52023e6983,180,2188,15316,153.16,280.743246943714,0.11387412319922709,5.179875942045103,0.26019062960658884,
52023e6983,180,2189,15323,153.23,280.6939384447096,0.09063355760729389,4.995993518013924,0.607862789110769,
52023e6983,180,2190,15330,153.3,280.668478166972,0.1452466587133793,5.058160165334379,1.3848744693809372,
52023e6983,180,2191,15337,153.37,280.5812469507769,0.13021589745489925,4.978118891020989,1.226705699412128,
52023e6983,180,2192,15344,153.44,280.497126460228,0.18092050219118047,4.712672898122459,0.7880636137412466,
52023e6983,180,2193,15351,153.51,280.46167069669497,0.07248600070916521,5.307384422844099,0.33367606454588583,
52023e6983,180,2194,15358,153.58,280.43971735652974,0.08797032536464978,5.1456631585935,0.8181635935193379,
52023e6983,180,2195,15365,153.65,280.4079469678057,0.1273256291899763,5.270092536045951,1.2491584354432714,
52023e6983,180,2196,15372,153.72,280.3475825419063,0.15431272638114613,5.48521236568666,0.9416461123970132,
52023e6983,180,2197,15379,153.79,280.2661573099941,0.10724077699110961,5.253266857339517,1.0228415972521676,
52023e6983,180,2198,15386,153.86,280.21753358527025,0.0824681339386252,5.02724323098998,0.7271760715500731,
52023e6983,180,2199,15393,153.93,280.1883702565873,0.1238123421529408,4.969395730569985,1.1209868008100266,
52023e6983,180,2200,15400,154.0,280.12067864825644,0.04800577260210006,4.940874860980315,0.3240080384655693,
52023e6983,180,2201,15407,154.07,280.1104841779528,0.1362487285930236,4.854904564707759,1.3695658651060851,
52023e6983,180,2202,15414,154.14,280.0524721459781,0.13600511897624762,4.962149356631889,0.994794620273708,
52023e6983,180,2203,15421,154.21,279.98748499839365,0.07926185218305415,4.954277049301097,0.21157580382010738,
52023e6983,180,2204,15428,154.28,279.9553424195292,0.10303025146452593,5.0181285226874,0.879944041852799,
52023e6983,180,2205,15435,154.35,279.9155096062883,0.058859981662681915,4.990583175601328,0.4641379002089826,
52023e6983,180,2206,15442,154.42,279.9054896112879,0.10407725463598153,4.9547577561750495,0.7875720099576436,
52023e6983,180,2207,15449,154.49,279.85703129474877,0.09805965244538893,4.915019881906369,0.9758313383953604,
52023e6983,180,2208,15456,154.56,279.81870202298285,0.09930685479346966,4.786217408267853,0.8440089467345055,
52023e6983,180,2209,15463,154.63,279.79050085549034,0.12309508460112811,4.82879258396383,1.081551890105733,
52023e6983,180,2210,15470,154.7,279.75180345188136,0.08803792060423375,4.895113038215572,0.44049007969622384,
52023e6983,180,2211,15477,154.77,279.7331480096583,0.10533514118007654,4.711140965035013,0.8938353303684625,
52023e6983,180,2212,15484,154.84,279.68391854005415,0.11866559871144122,4.941834299525839,1.1586050112100983,
52023e6983,180,2213,15491,154.91,279.6293194872782,0.12374182987347089,4.651087690006613,1.0842219479460304,
52023e6983,180,2214,15498,154.98,279.57447812353615,0.2077123205264415,4.915700538748109,0.6997977849855163,
52023e6983,180,2215,15505,155.05,279.5701597304316,0.11479226757975704,4.896994592185804,0.23572503223269461,
52023e6983,180,2216,15512,155.12,279.51305158845446,0.08966270426739428,4.75286385394471,0.6366881817268486,
52023e6983,180,2217,15519,155.19,279.4823440609249,0.14663101679635945,4.674569149882649,1.3127006575564608,
52023e6983,180,2218,15526,155.26,279.380321048963,0.10206778973717047,4.943117521014627,0.49941006574794594,
52023e6983,180,2219,15533,155.33,279.33782541714334,0.09558920473203741,4.589988689012258,0.8666963576242565,
52023e6983,180,2220,15540,155.4,279.298267129122,0.040175799982714415,4.771292619888756,0.3740281224495489,
52023e6983,180,2221,15547,155.47,279.2928432828615,0.0916809022337367,4.7520710623425275,0.8429362940207783,
52023e6983,180,2222,15554,155.54,279.2502068898177,0.10544997855349397,4.603791960527094,0.8350811111073706,
52023e6983,180,2223,15561,155.61,279.1978367245867,0.10251456717618336,4.567694500162448,1.0144848663632895,
52023e6983,180,2224,15568,155.68,279.15507545684557,0.1058652593828288,4.6231430603283945,0.9920281289143912,
52023e6983,180,2225,15575,155.75,279.12096874297555,0.10689687932285849,4.571165076341161,0.9236632050760083,
52023e6983,180,2226,15582,155.82,279.0754363223885,0.10818429636647559,4.422524440846673,1.0225377129659516,
52023e6983,180,2227,15589,155.89,279.02069526504187,0.22544354723232207,4.53812904447948,1.1470777199407096,
52023e6983,180,2228,15596,155.96,278.9906006808789,0.20062203116793853,4.827652640706676,0.35450114867715166,
52023e6983,180,2229,15603,156.03,278.98951842454187,0.10715143587801025,4.618104266350632,0.34538713391168385,
52023e6983,180,2230,15610,156.1,278.9341923649566,0.25358138157523613,4.478377786891855,1.2710622766473085,
52023e6983,180,2231,15617,156.17,278.9124651771019,0.27282393480090483,5.436416752543976,0.7468993714924591,
52023e6983,180,2232,15624,156.24,278.91168252332506,0.20728208239326187,5.082848635250423,1.3930308938186802,
52023e6983,180,2233,15631,156.31,278.73357331420766,0.11344599267088776,5.372914011592464,1.1160817579711848,
52023e6983,180,2234,15638,156.38,278.6753716581549,0.10647838429631849,5.06925905434958,1.0409460661442609,
52023e6983,180,2235,15645,156.45,278.63613456568845,0.10895800329537787,4.963534170744903,0.9882488735174253,
52023e6983,180,2236,15652,156.52,278.59109067772755,0.10459706253590714,4.9400924113355105,0.9482219280003357,
52023e6983,180,2237,15659,156.59,278.5444077022163,0.1145242599966373,4.916872081778087,1.0742416957702974,
52023e6983,180,2238,15666,156.66,278.4884846498968,0.09175267322997249,4.974579148693346,0.896124041696814,
52023e6983,180,2239,15673,156.73,278.4573998305781,0.1414078599776637,5.173458909637455,1.0932814288847568,
52023e6983,180,2240,15680,156.8,278.3692028924371,0.07390800405699072,5.363494002164189,0.6567550636792188,
52023e6983,180,2241,15687,156.87,278.34524410941265,0.08879505213051586,5.42493495086888,0.8861826371887237,
52023e6983,180,2242,15694,156.94,278.3113459724074,0.07499865410982574,5.395523541144771,0.5537106012437173,
52023e6983,180,2243,15701,157.01,278.2884000950346,0.20424722519877347,5.383202575346745,0.8175493797598108,
52023e6983,180,2244,15708,157.08,278.27102039873836,0.21983978111097968,5.742883958143632,0.7304574951639825,
52023e6983,180,2245,15715,157.15,278.255761670217,0.13910103312319336,5.613294788755662,0.7667469901998363,
52023e6983,180,2246,15722,157.22,278.16734045664924,0.11155684353372453,5.349645684599046,0.3606539429371834,
52023e6983,180,2247,15729,157.29,278.1161344677936,0.2414601955012339,5.389139062944794,1.1654061623241672,
52023e6983,180,2248,15736,157.36,278.1056468214925,0.26474432378159624,5.609502412908181,0.7449750091314571,
52023e6983,180,2249,15743,157.43,278.1022344371425,0.18425525802627182,5.374960459438347,1.2728376859403738,
52023e6983,180,2250,15750,157.5,277.9596427798773,0.13708341901265036,5.149898873748811,1.3089225469278267,
52023e6983,180,2251,15757,157.57,277.8661940033449,0.13902807888956625,5.1137526652781835,1.3534339165049991,
52023e6983,180,2252,15764,157.64,277.76849531581973,0.14889619271960786,5.1791832144255,1.508073015200254,
52023e6983,180,2253,15771,157.71,277.6960908377114,0.13694259692155655,5.635504754811945,0.4716536967803857,
52023e6983,180,2254,15778,157.78,277.6302357952271,0.10503032598993212,5.345698748561801,0.9513959841415147,
52023e6983,180,2255,15785,157.85,277.58820003108605,0.3037957337639374,5.490902896353438,1.2921562199842644,
52023e6983,180,2256,15792,157.92,277.5253236405282,0.1474471306479336,6.202458024146341,0.8189348608992087,
52023e6983,180,2257,15799,157.99,277.42248798933656,0.12940989450916848,5.782669511053729,1.251515962534502,
52023e6983,180,2258,15806,158.06,277.35590806184,0.24851922453709532,5.52275838607162,1.1964098690527671,
52023e6983,180,2259,15813,158.13,277.3354012231437,0.15160731945741657,5.693201601443092,1.1811742562224188,
52023e6983,180,2260,15820,158.2,277.2200792743505,0.10612750377019801,5.184531255462718,0.8372428807829037,
52023e6983,180,2261,15827,158.27,277.16804213489917,0.255930826486142,5.656182569190947,1.083391394582869,
52023e6983,180,2262,15834,158.34,277.1582623846451,0.3087968990712751,5.855751907431902,0.9216478657578794,
52023e6983,180,2263,15841,158.41,277.1489580156067,0.23004230440007925,6.615206533036713,1.704461617827732,
52023e6983,180,2264,15848,158.48,276.9062062929086,0.05976668333172051,5.650620336676506,0.2459111980822502,
52023e6983,180,2265,15855,158.55,276.88876356972645,0.1109147508094461,5.673158593451767,0.7415221518367769,
52023e6983,180,2266,15862,158.62,276.83240504941836,0.14324584259431625,5.604460380462141,1.45578327462383,
52023e6983,180,2267,15869,158.69,276.7496044189281,0.11204601409737362,5.559747656773864,0.9891042977342833,
52023e6983,180,2268,15876,158.76,276.6984100846583,0.07961993639283244,5.395307977228112,0.7383259679296101,
52023e6983,180,2269,15883,158.83,276.684226347437,0.09794909757305438,5.502110508860753,0.8596296541414332,
52023e6983,180,2270,15890,158.9,276.6356906207365,0.09550231976288781,5.206224281031634,0.9713167046917986,
52023e6983,180,2271,15897,158.97,276.5966110236156,0.13825454695584471,5.299054505144585,1.0254165815490948,
52023e6983,180,2272,15904,159.04,276.51065758378974,0.09549921265795025,5.385499242486307,0.5575327859471967,
52023e6983,180,2273,15911,159.11,276.4703117900148,0.08848295151352992,5.3316388643414685,0.8613306065232915,
52023e6983,180,2274,15918,159.18,276.4335473384687,0.12981151887369602,5.373623978163067,1.2137022019589756,
52023e6983,180,2275,15925,159.25,276.37801511018387,0.0828184951008109,5.4152211618633155,0.7580379472189612,
52023e6983,180,2276,15932,159.32,276.35965446595225,0.36470767349120053,5.163767859322295,1.3930852486187586,
52023e6983,180,2277,15939,159.39,276.35350376740854,0.2778776851610019,7.018275159755582,1.8925201429152805,
52023e6983,180,2278,15946,159.46,276.048448681949,0.12923252417121875,5.682918306433288,0.8892037906572852,
52023e6983,180,2279,15953,159.53,275.98618531492036,0.14480934054283162,5.7878296430880285,1.3723698875163381,
52023e6983,180,2280,15960,159.6,275.92619530153127,0.10823955859900226,5.844377164264203,1.0010956446269539,
52023e6983,180,2281,15967,159.67,275.8868122116064,0.08241430078045156,5.567378686607007,0.7138601783708335,
52023e6983,180,2282,15974,159.74,275.8534844742829,0.13965716522725785,5.5740091965294525,0.9993455449284201,
52023e6983,180,2283,15981,159.81,275.7803423841432,0.4466142334634587,5.268473582570581,2.0096408921906956,
52023e6983,180,2284,15988,159.88,275.5812138414718,0.15354200006928043,6.707413475228851,0.6580128248780766,
52023e6983,180,2285,15995,159.95,275.4625562131294,0.08881186696383642,5.7613650284227695,0.8213556038486306,
52023e6983,180,2286,16002,160.02,275.43862725379284,0.07614478499412057,5.842927887431816,0.5408567179813296,
52023e6983,180,2287,16009,160.09,275.4131837321487,0.10328899061869243,5.701275524349083,1.0027852508814157,
52023e6983,180,2288,16016,160.16,275.3927378320503,0.093770066514165,6.103445864842877,0.5383479123974998,
52023e6983,180,2289,16023,160.23,275.3721579713511,0.18325251838459633,5.9022023800869245,0.7562566119550934,
52023e6983,180,2290,16030,160.3,275.23575720931865,0.07917508153843782,5.831998124560026,0.566062629367263,
52023e6983,180,2291,16037,160.37,275.21865264630486,0.14651430113790462,5.507399480861266,1.4686111330093197,
52023e6983,180,2292,16044,160.44,275.1394137608631,0.1281886332159704,5.493720123052959,0.8160371515768665,
52023e6983,180,2293,16051,160.51,275.0675110159789,0.09207429559577796,5.313972944142201,0.6141720716917789,
52023e6983,180,2294,16058,160.58,275.0272535061983,0.09451607288558175,5.365953400210982,0.9371697845095649,
52023e6983,180,2295,16065,160.65,274.99168338869094,0.07519452139657726,5.36088305286729,0.6755297848217791,
52023e6983,180,2296,16072,160.72,274.9633937450765,0.2873601554974623,5.5555186860361445,0.7187393978662092,
52023e6983,180,2297,16079,160.79,274.93572099120297,0.17482336992114672,6.104650711194423,0.6759624773788261,
52023e6983,180,2298,16086,160.86,274.7993084391225,0.3261475074047316,5.638384835690712,1.5238007815668502,
52023e6983,180,2299,16093,160.93,274.79848898086567,0.207136178382679,6.2822664450945584,1.1894248089347355,
52023e6983,180,2300,16100,161.0,274.60986919171324,0.11424024630464322,5.301989748968237,0.9934945029872849,
52023e6983,180,2301,16107,161.07,274.55622482479043,0.13910606857590604,5.292402991335212,1.356508021143747,
52023e6983,180,2302,16114,161.14,274.4813426851173,0.11636847736890998,5.448118970833928,1.0479237111673747,
52023e6983,180,2303,16121,161.21,274.4233535055293,0.06824745490972364,5.333119841525638,0.34581755547549137,
52023e6983,180,2304,16128,161.28,274.4072976393349,0.25662634264806133,5.420227496843627,0.9847423523241309,
52023e6983,180,2305,16135,161.35,274.40299337157796,0.19287005710620375,6.1261342775517305,1.3064522063879098,
52023e6983,180,2306,16142,161.42,274.3274849658207,0.18607275176825824,6.2117516347100175,1.4683242685629299,
52023e6983,180,2307,16149,161.49,274.2409356224747,0.16999376599358917,5.542122935794859,0.9079633568773916,
52023e6983,180,2308,16156,161.56,274.1202079411915,0.08444859398489471,5.746652932268493,0.6691572118052679,
52023e6983,180,2309,16163,161.63,274.08680926673463,0.18096968222544768,5.697411347521117,0.782884662695961,
52023e6983,180,2310,16170,161.7,274.06799987589227,0.08775081545167294,6.0040231142714795,0.5062158869992605,
52023e6983,180,2311,16177,161.77,274.0307798693725,0.11032215675001963,5.796840631608926,1.0241297861647973,
52023e6983,180,2312,16184,161.84,273.97413469064475,0.15603512820431004,5.601468842017504,0.6486489697800178,
52023e6983,180,2313,16191,161.91,273.9663372084576,0.17170232860696408,5.730717605553982,1.4716386909602572,
52023e6983,180,2314,16198,161.98,273.8892027112765,0.1553577777047315,6.396371932162655,0.9063172111578479,
52023e6983,180,2315,16205,162.05,273.8350531588271,0.12551506941220253,5.910801606758885,0.29659125780051787,
52023e6983,180,2316,16212,162.12,273.80886456285805,0.14133795333132756,6.275328151501374,0.6726376289132272,
52023e6983,180,2317,16219,162.19,273.7390810200845,0.1455746305926049,5.929657660303682,1.0082807113630416,
52023e6983,180,2318,16226,162.26,273.648453730412,0.08142389600721525,6.127052670846802,0.24770333781283174,
52023e6983,180,2319,16233,162.33,273.6249579554567,0.16953139426016892,6.012376976646975,1.656902593493502,
52023e6983,180,2320,16240,162.4,273.4984295732744,0.09556820381676813,6.030710125804381,0.8261302168653731,
52023e6983,180,2321,16247,162.47,273.4636318152156,0.1390544350789055,5.558632565176846,1.2766952220461145,
52023e6983,180,2322,16254,162.54,273.39366701572663,0.11972366024290446,5.558023938240469,1.0325441866371443,
52023e6983,180,2323,16261,162.61,273.3329075995359,0.10945412313582162,5.472964721800002,1.0494726191631647,
52023e6983,180,2324,16268,162.68,273.2827759880852,0.1299373192087878,5.37634312659301,1.016965559926263,
52023e6983,180,2325,16275,162.75,273.2152386625115,0.0857887552869732,5.40095776256637,0.3726628351229062,
52023e6983,180,2326,16282,162.82,273.19056691207373,0.13753352832466686,5.455584612088997,0.6244527971246642,
52023e6983,180,2327,16289,162.89,273.09828797889725,0.11096817647901114,5.682088742615749,0.7537259396851649,
52023e6983,180,2328,16296,162.96,273.0505252462976,0.07398881022398424,5.383283611914875,0.15236999680286428,
52023e6983,180,2329,16303,163.03,273.0316748090622,0.12943889935112973,5.524868027782089,1.12144275789747,
52023e6983,180,2330,16310,163.1,272.97367074268453,0.05646538250974932,5.509414306508059,0.34756161551453646,
52023e6983,180,2331,16317,163.17,272.9679120702188,0.07412191771419045,5.311396763621503,0.6071763837596962,
52023e6983,180,2332,16324,163.24,272.9544646497171,0.10126590836797275,5.404158748034166,0.757529010436695,
52023e6983,180,2333,16331,163.31,272.91516648012976,0.22552791934116023,5.163504419409383,0.8996711437713159,
52023e6983,180,2334,16338,163.38,272.8777063867128,0.2984873568105408,5.579547135193672,1.138963057144896,
52023e6983,180,2335,16345,163.45,272.7849382168812,0.1367886951504081,5.561009854260266,0.8968310771319075,
52023e6983,180,2336,16352,163.52,272.69976982874994,0.16169480243321077,5.281666144938148,0.6003808454897858,
52023e6983,180,2337,16359,163.59,272.6834410309074,0.09924031094670985,5.29437988292632,0.7286206869410459,
52023e6983,180,2338,16366,163.66,272.65138859146896,0.20722465215441588,5.2312453921983275,0.8553648729293322,
52023e6983,180,2339,16373,163.73,272.642840676355,0.2765689322191647,5.586569000455624,0.7310158194449261,
52023e6983,180,2340,16380,163.8,272.6095695146494,0.15348561826346868,5.558058887334741,1.18751307470601,
52023e6983,180,2341,16387,163.87,272.5132460119282,0.14890423088706548,5.086042041627121,1.0049555989720433,
52023e6983,180,2342,16394,163.94,272.4054680504607,0.06658305903860558,5.355038123628039,0.4844018704920392,
52023e6983,180,2343,16401,164.01,272.3904187815742,0.13617507275895435,5.116234606958692,1.302292747519366,
52023e6983,180,2344,16408,164.08,272.3148673967917,0.0941573810961398,5.030241352476044,0.8922999742719321,
52023e6983,180,2345,16415,164.15,272.2732229802069,0.10934774165243007,4.990603685911212,1.0262716261709837,
52023e6983,180,2346,16422,164.22,272.2185349529451,0.09126412875429872,4.786074693780994,0.7275231436843032,
52023e6983,180,2347,16429,164.29,272.1847783801653,0.1426991045633372,5.13641312746692,1.4382751277927668,
52023e6983,180,2348,16436,164.36,272.11853206231746,0.13591285141647405,5.062293462610199,1.0263884886700823,
52023e6983,180,2349,16443,164.43,272.05970503251433,0.08344171562158988,5.321453858022527,0.5765445136681485,
52023e6983,180,2350,16450,164.5,272.0383688183586,0.09950486834269445,5.192929353937385,0.943319672684945,
52023e6983,180,2351,16457,164.57,271.9947391713697,0.15898350420885385,5.2779091821784645,0.7922817572816292,
52023e6983,180,2352,16464,164.64,271.9917932342736,0.10858928714836324,5.085049577731794,0.6728740828218819,
52023e6983,180,2353,16471,164.71,271.9353197342588,0.07432842426910717,5.05099075269778,0.6314098182652059,
52023e6983,180,2354,16478,164.78,271.9117113927451,0.11185042773133012,5.20992650761242,0.1662203451595442,
52023e6983,180,2355,16485,164.85,271.9087970388165,0.11354491534133193,5.228742630662417,0.311958040644087,
52023e6983,180,2356,16492,164.92,271.86138741621653,0.16259599765486388,5.19430972450416,0.8464602380603149,
52023e6983,180,2357,16499,164.99,271.7677127679301,0.11406061011708103,5.425043719362397,0.8773113144433418,
52023e6983,180,2358,16506,165.06,271.7186376918682,0.11321633534183714,5.34737541310099,0.4788107157607692,
52023e6983,180,2359,16513,165.13,271.716699203972,0.08986871441751389,5.342204952703576,0.7763868588215682,
52023e6983,180,2360,16520,165.2,271.6857367343355,0.05914520439539093,5.227874600030438,0.3856065392395166,
52023e6983,180,2361,16527,165.27,271.66811307999916,0.10763425291930463,5.120487851195925,1.0400633671502666,
52023e6983,180,2362,16534,165.34,271.6320999531907,0.1323744312556995,5.298566545345819,1.3149806068009766,
52023e6983,180,2363,16541,165.41,271.5773034427614,0.11594295978230265,5.182735558286424,0.8113650793346964,
52023e6983,180,2364,16548,165.48,271.52421848787134,0.06626777687030959,5.017273559136283,0.42553709281793667,
52023e6983,180,2365,16555,165.55,271.50824720664673,0.09172707887043768,4.9917882660933115,0.7572029422113239,
52023e6983,180,2366,16562,165.62,271.48565378697793,0.08161028133578736,5.112345704794909,0.6627616233081891,
52023e6983,180,2367,16569,165.69,271.4592228023045,0.09291442626984096,4.9304640760182,0.8414971281882795,
52023e6983,180,2368,16576,165.76,271.4192272636143,0.3089478676085405,4.9676431172969,1.1853819811610096,
52023e6983,180,2369,16583,165.83,271.41209089836843,0.24231323146060055,6.211655706907975,1.2968853364865056,
52023e6983,180,2370,16590,165.9,271.2517804273458,0.19744850695775154,5.600862658469715,0.9898049428861764,
52023e6983,180,2371,16597,165.97,271.13259893571546,0.12269265636646247,5.172990155833956,0.8854856582767107,
52023e6983,180,2372,16604,166.04,271.1067304155753,0.15148076956785753,5.322648626669745,0.5923108878698796,
52023e6983,180,2373,16611,166.11,271.01711561792814,0.06752545152167005,5.180925641799128,0.38447693565582786,
52023e6983,180,2374,16618,166.18,271.0040590965557,0.09979334877756525,5.292154698769487,0.9253678426847962,
52023e6983,180,2375,16625,166.25,270.95424627404776,0.20016775093211522,5.000184664271288,0.9084250829301856,
52023e6983,180,2376,16632,166.32,270.90094085108797,0.09750404503223781,5.1223967290872885,0.3395707724148988,
52023e6983,180,2377,16639,166.39,270.8619831369888,0.12437645202251581,5.005118445946728,1.2093730870859247,
52023e6983,180,2378,16646,166.46,270.8033354161265,0.07251171552113524,5.145471355750028,0.6817409648916319,
52023e6983,180,2379,16653,166.53,270.78124524030045,0.10622087893993382,5.078451678707638,0.5602483862198222,
52023e6983,180,2380,16660,166.6,270.72701589896315,0.07838315260815995,4.97739392291044,0.6905025189607685,
52023e6983,180,2381,16667,166.67,270.69673257912035,0.11947722352402905,4.861166002190918,1.193107332795264,
52023e6983,180,2382,16674,166.74,270.62873835902036,0.3760498863701519,4.697703627194847,1.4312659721183687,
52023e6983,180,2383,16681,166.81,270.5631752714817,0.2156473882831232,5.496742670395931,1.7205193429285939,
52023e6983,180,2384,16688,166.88,270.39531283208305,0.1326261685286833,5.0159116876452154,0.9237258468797046,
52023e6983,180,2385,16695,166.95,270.3446865534118,0.12742335909835315,5.074027109169245,1.2212757447166833,
52023e6983,180,2386,16702,167.02,270.29592326679597,0.08917762420212653,5.024563879693949,0.39482613831579927,
52023e6983,180,2387,16709,167.09,270.2724277774487,0.0744835924953163,4.854815304944972,0.6183446492677888,
52023e6983,180,2388,16716,167.16,270.2496089543932,0.10279370302031539,4.921627353256049,0.7884464794706416,
52023e6983,180,2389,16723,167.23,270.2002220933418,0.07401251157337053,4.727109133610846,0.3406926339599992,
52023e6983,180,2390,16730,167.3,270.1981057482707,0.2799296093764512,4.778563861442147,0.9474151805966088,
52023e6983,180,2391,16737,167.37,270.12666301082686,0.20148789057201807,5.109315928999529,0.32344809569779787,
52023e6983,180,2392,16744,167.44,270.1087055431977,0.1441315028385178,4.6781915032277315,0.967070707737577,
52023e6983,180,2393,16751,167.51,270.00826395315903,0.16460777392860268,4.597205598066613,0.8068480521720969,
52023e6983,180,2394,16758,167.58,269.99518011260744,0.09498277597716254,4.633255808443486,0.44473525733913505,
52023e6983,180,2395,16765,167.65,269.96530800356,0.09903131144805695,4.430175025543706,0.9075368008416067,
52023e6983,180,2396,16772,167.72,269.92385404916377,0.1081139088804184,4.370918734695733,0.4987643603968578,
52023e6983,180,2397,16779,167.79,269.8700553998967,0.0793660153084356,4.212247612773372,0.6334208197135401,
52023e6983,180,2398,16786,167.86,269.8465172723573,0.11977308675519449,4.37956547514899,1.066922292248348,
52023e6983,180,2399,16793,167.93,269.7891585710956,0.08716689796947029,4.4415221796837905,0.6411438095587565,
52023e6983,180,2400,16800,168.0,269.7572215298937,0.08536858172026712,4.375590943932606,0.6544453522072894,
52023e6983,180,2401,16807,168.07,269.7340962621517,0.06181717347373411,4.586073004595602,0.4763773990666657,
52023e6983,180,2402,16814,168.14,269.72094505023165,0.3424729920113379,4.522027719369702,1.7186464691921588,
52023e6983,180,2403,16821,168.21,269.65030423153144,0.21349836707940173,5.563936370896352,1.6011390120182916,
52023e6983,180,2404,16828,168.28,269.507921815501,0.1956578054826197,5.0176703165187835,1.6246537414084203,
52023e6983,180,2405,16835,168.35,269.4189317546154,0.13042734117035043,4.724937295248348,0.5624879472493646,
52023e6983,180,2406,16842,168.42,269.38271608324897,0.15000935352136302,4.885184335225188,1.08580127156407,
52023e6983,180,2407,16849,168.49,269.3237226771181,0.10805183961355831,4.824498341718816,0.4847991939758234,
52023e6983,180,2408,16856,168.56,269.3083486646046,0.13908054529903927,4.771912899379227,0.9598559459397658,
52023e6983,180,2409,16863,168.63,269.2388126823712,0.15205467939191142,4.750664975683504,1.2562186681334377,
52023e6983,180,2410,16870,168.7,269.134116598469,0.09651350304852414,4.571724765556115,0.8359025618685789,
52023e6983,180,2411,16877,168.77,269.09000580661217,0.06384956826822773,4.535926700529496,0.57176323062016,
52023e6983,180,2412,16884,168.84,269.0695731164572,0.09445061279350984,4.528199202171539,0.6698391657591127,
52023e6983,180,2413,16891,168.91,269.03689667887016,0.1606391885804122,4.56257704485432,1.3475580155816282,
52023e6983,180,2414,16898,168.98,268.9108877463884,0.20810587516235488,4.793623856922733,0.6029404068837918,
52023e6983,180,2415,16905,169.05,268.8715743291269,0.12183573126736855,4.943055075355582,0.6535653572833483,
52023e6983,180,2416,16912,169.12,268.8143269191581,0.07918479177291984,4.98534771612131,0.726760391338128,
52023e6983,180,2417,16919,169.19,268.78399712547605,0.07124962540839724,4.703222103064622,0.5548028774505572,
52023e6983,180,2418,16926,169.26,268.76156634213766,0.03539396255267028,4.4601177365243805,0.023376560454037677,
52023e6983,180,2419,16933,169.33,268.7570610134139,0.08181187171032812,4.4498360424816745,0.752805141418474,
52023e6983,180,2420,16940,169.4,268.72454765943917,0.15489123573080743,4.433397657075861,1.2408957248435073,
52023e6983,180,2421,16947,169.47,268.609000888994,0.09505577184735561,4.096328115631086,0.8461641387824699,
52023e6983,180,2422,16954,169.54,268.56876186426035,0.07743804621942009,4.01304773328264,0.716951726208985,
52023e6983,180,2423,16961,169.61,268.544671063054,0.07538003829242777,4.026644874980212,0.5381447641691668,
52023e6983,180,2424,16968,169.68,268.52011141421207,0.07845334260790096,4.035269122663192,0.7758492207481309,
52023e6983,180,2425,16975,169.75,268.4970763341501,0.062011239578501666,4.0736889521426605,0.44531750936746906,
52023e6983,180,2426,16982,169.82,268.48772815142166,0.046611882023313796,4.222000584406394,0.3034485401334714,
52023e6983,180,2427,16989,169.89,268.4800545437148,0.0939101808385365,4.1553052960234185,0.8923913512901046,
52023e6983,180,2428,16996,169.96,268.4461510628626,0.13875421554097234,4.000868622908523,1.0427394257439944,
52023e6983,180,2429,17003,170.03,268.35459251707164,0.10481949483738794,4.045637031945222,0.9136885629055289,
52023e6983,180,2430,17010,170.1,268.3087468172589,0.09235970934710522,4.21738521841826,0.5324440386797222,
52023e6983,180,2431,17017,170.17,268.27673169158595,0.06887092565359658,4.464390423170105,0.5439359710903114,
52023e6983,180,2432,17024,170.24,268.2606445502705,0.08134121700215413,4.276045642900562,0.7597046755365291,
52023e6983,180,2433,17031,170.31,268.2362964230829,0.13496694952573826,4.3894394673958335,0.8536709879216596,
52023e6983,180,2434,17038,170.38,268.1540217913592,0.08108530826747222,4.389389636957631,0.36711488707434553,
52023e6983,180,2435,17045,170.45,268.1374198806009,0.0889804329070081,4.4251959772956715,0.7725835613804742,
52023e6983,180,2436,17052,170.52,268.11829015675335,0.08166904748715548,4.266367311939202,0.5679429430778745,
52023e6983,180,2437,17059,170.59,268.0919685962124,0.17349549646737536,4.118211365367567,0.7122553207787384,
52023e6983,180,2438,17066,170.66,268.07959851021195,0.12248276821509502,4.369764888728561,0.986400588128224,
52023e6983,180,2439,17073,170.73,268.0098912100642,0.08312614475710393,4.195049128861315,0.7648664997577121,
52023e6983,180,2440,17080,170.8,267.9828219018845,0.13475761042286083,4.157920118469021,1.22501129327658,
52023e6983,180,2441,17087,170.87,267.9089677503269,0.08980508868144751,4.156491006674414,0.8082286427926642,
52023e6983,180,2442,17094,170.94,267.8808954715901,0.039787498631429656,4.202333953208795,0.24830766524076997,
52023e6983,180,2443,17101,171.01,267.874908558182,0.05684357973599896,4.0958914743652715,0.2632888482303878,
52023e6983,180,2444,17108,171.08,267.87436684021407,0.07313727822903493,4.155026799837508,0.703871282525071,
52023e6983,180,2445,17115,171.15,267.85321093096354,0.07850920790322821,4.034465101499387,0.39170393511513074,
52023e6983,180,2446,17122,171.22,267.825431180078,0.14421944088757524,4.059134615805063,0.569184901984336,
52023e6983,180,2447,17129,171.29,267.8209342778324,0.08830062098281385,4.158739443692038,0.24212425077260596,
52023e6983,180,2448,17136,171.36,267.78832329897097,0.03623466624277611,4.17524355108616,0.27737548950543306,
52023e6983,180,2449,17143,171.43,267.7820132950385,0.12462917534248891,4.028436959194992,0.6320632715840184,
52023e6983,180,2450,17150,171.5,267.7787957001443,0.12216869521850493,4.178686299967402,1.0180043780940546,
52023e6983,180,2451,17157,171.57,267.7142564752954,0.08203929089303368,4.0792751848047795,0.708502698965575,
52023e6983,180,2452,17164,171.64,267.682831466667,0.08647749387444285,4.066562675693578,0.8146685867144072,
52023e6983,180,2453,17171,171.71,267.65198556178154,0.04047595478670252,4.06407744896603,0.17304648074902204,
52023e6983,180,2454,17178,171.78,267.6458571683805,0.08890827516233107,4.069113639573945,0.8506048631334396,
52023e6983,180,2455,17185,171.85,267.6054354728584,0.07303089578633598,4.179880684667881,0.25529295881084013,
52023e6983,180,2456,17192,171.92,267.5833507068034,0.11709271478060512,4.334562585158181,0.7393484003492595,
52023e6983,180,2457,17199,171.99,267.52124129611025,0.11388746435192966,4.003613343805163,1.1469024968496284,
52023e6983,180,2458,17206,172.06,267.4673974668485,0.11748573165542929,4.0060607978074705,1.1032950315731573,
52023e6983,180,2459,17213,172.13,267.4089557663555,0.08493802500252504,4.1455963301853265,0.5683737322900472,
52023e6983,180,2460,17220,172.2,267.3784922605155,0.06954326486346125,4.080260673580513,0.6167906052334182,
52023e6983,180,2461,17227,172.27,267.3538051364782,0.040184824314147584,3.9872225982409857,0.3793016708217988,
52023e6983,180,2462,17234,172.34,267.3483991039485,0.06633127785853973,4.042610612868831,0.48572100938997426,
52023e6983,180,2463,17241,172.41,267.3279270361135,0.1038838706500496,4.074691879104729,1.0124176605354152,
52023e6983,180,2464,17248,172.48,267.28195510098453,0.04700374819892645,4.377728485480023,0.4107336503108852,
52023e6983,180,2465,17255,172.55,267.27340604850855,0.1400983335216413,4.162630488814411,0.5995012455532163,
52023e6983,180,2466,17262,172.62,267.27149271205286,0.15374508312183605,4.335094261855364,1.1891781971063549,
52023e6983,180,2467,17269,172.69,267.163805991816,0.14593072371033064,4.209382526045984,1.4418254530696446,
52023e6983,180,2468,17276,172.76,267.0559727776466,0.06425085447605379,4.154951115540806,0.5117599883645204,
52023e6983,180,2469,17283,172.83,267.0398835354817,0.07183079675285854,4.198777848771437,0.5697588252248733,
52023e6983,180,2470,17290,172.9,267.0233715126069,0.09608083565964005,4.323501636672772,0.7658587775064654,
52023e6983,180,2471,17297,172.97,266.9836693049385,0.1323299769504488,4.257422442412549,1.327220113571863,
52023e6983,180,2472,17304,173.04,266.9144621336778,0.09313374650307298,4.0661808674531095,0.7834673261268602,
52023e6983,180,2473,17311,173.11,266.88138847193846,0.12458662425306846,4.064583741639381,1.0269907936746214,
52023e6983,180,2474,17318,173.18,266.83853794594734,0.11268834770938149,4.230982455620438,0.7021184995692861,
52023e6983,180,2475,17325,173.25,266.80648553607665,0.10680437885604627,3.9745808462467207,0.7299024249974443,
52023e6983,180,2476,17332,173.32,266.7613129294072,0.06346135024373929,3.79635125399036,0.06675618363514595,
52023e6983,180,2477,17339,173.39,266.74802222167125,0.034729461884031344,3.703102646064123,0.14846917117474479,
52023e6983,180,2478,17346,173.46,266.7426439308951,0.09303920242774182,3.6966456853998526,0.9334848361633533,
52023e6983,180,2479,17353,173.53,266.7046723541613,0.0862513758371191,3.624592020524601,0.8070079898780863,
52023e6983,180,2480,17360,173.6,266.6688841612173,0.023002201178662425,3.590511034997576,0.20240638810879727,
52023e6983,180,2481,17367,173.67,266.6666788827536,0.05095007238505462,3.600525778682089,0.10695409648778152,
52023e6983,180,2482,17374,173.74,266.657940748005,0.10037376395684394,3.64304933445299,0.758856355746479,
52023e6983,180,2483,17381,173.81,266.6129266973365,0.052762222998768725,3.870698530046617,0.4383158748174318,
52023e6983,180,2484,17388,173.88,266.6063738857404,0.11515290487533984,3.694604333074156,1.0894908163356785,
52023e6983,180,2485,17395,173.95,266.54735376191263,0.08298146797692735,3.7406513019073357,0.749804425641112,
52023e6983,180,2486,17402,174.02,266.53202898772065,0.07822659345556689,3.7502524579917487,0.5849359354331279,
52023e6983,180,2487,17409,174.09,266.5080298908961,0.14380587414602325,3.639392868605037,0.5345744805577537,
52023e6983,180,2488,17416,174.16,266.49788241191095,0.16112418876594992,4.054709186548857,0.5849276189359286,
52023e6983,180,2489,17423,174.23,266.49466766857176,0.17104448258392935,3.936485284558258,0.22806474185363923,
52023e6983,180,2490,17430,174.3,266.49123465503493,0.09684518389983152,4.003575209722505,0.4425488000265409,
52023e6983,180,2491,17437,174.37,266.44682091706295,0.0711614546051585,3.7897900100462483,0.6661619458445981,
52023e6983,180,2492,17444,174.44,266.42085977826395,0.08840652533098863,3.695796533187994,0.70630885278384,
52023e6983,180,2493,17451,174.51,266.396119409272,0.08274339732505039,3.726154644929135,0.72582771791354,
52023e6983,180,2494,17458,174.58,266.3747866955373,0.055772102167593006,3.754076828414044,0.3945906368662033,
52023e6983,180,2495,17465,174.65,266.36571815596375,0.07469965580420546,3.773664502257981,0.5373603009501335,
52023e6983,180,2496,17472,174.72,266.34358778243785,0.05528995441649857,3.711682612598579,0.4822810589223695,
52023e6983,180,2497,17479,174.79,266.3286653354935,0.09529398672504895,3.6499098831866283,0.8672248635144281,
52023e6983,180,2498,17486,174.86,266.2950478295687,0.09065025774793276,3.843267960008162,0.8944424982042819,
52023e6983,180,2499,17493,174.93,266.26513796082486,0.04665072776230163,3.8272227160002923,0.2640706959496417,
52023e6983,180,2500,17500,175.0,266.2573447065633,0.0885016791394806,3.8580404294656088,0.8595122736338087,
52023e6983,180,2501,17507,175.07,266.2243320789082,0.05626566870009238,4.076274199909757,0.5547107424187455,
52023e6983,180,2502,17514,175.14,266.2144303416276,0.12474460222614807,4.111252891604428,1.1047742599024628,
52023e6983,180,2503,17521,175.21,266.1445309938797,0.055557223764152924,4.243569134753929,0.16074788310184873,
52023e6983,180,2504,17528,175.28,266.13511264815753,0.0951955320799586,4.203979977136839,0.8953764648373377,
52023e6983,180,2505,17535,175.35,266.10981638301445,0.06864145161814736,4.368349623035933,0.41236090767385236,
52023e6983,180,2506,17542,175.42,266.0911825737056,0.06924577844883245,4.21192907123414,0.5757542210034623,
52023e6983,180,2507,17549,175.49,266.07098057198067,0.09102301134375801,4.1212982427631655,0.8034390199462783,
52023e6983,180,2508,17556,175.56,266.03220723704027,0.055555772945695664,4.048982466671757,0.4832617801719678,
52023e6983,180,2509,17563,175.63,266.01846950358464,0.046537393239990434,4.021878698666114,0.10553534504304911,
52023e6983,180,2510,17570,175.7,266.0101782359895,0.06831156119744158,4.103708331970759,0.5893154986523977,
52023e6983,180,2511,17577,175.77,265.9917617828826,0.13369841079936504,4.03438523869177,1.3641192888212508,
52023e6983,180,2512,17584,175.84,265.90735452049296,0.11803741649167816,3.9977465067607496,0.8064837258132809,
52023e6983,180,2513,17591,175.91,265.843844938854,0.060294900584808485,4.12234784054355,0.33367521335663286,
52023e6983,180,2514,17598,175.98,265.8286657211959,0.0829908469557553,4.1138921195069535,0.8031931648215088,
52023e6983,180,2515,17605,176.05,265.79719486062857,0.06192343086432434,4.151210050412062,0.4312266497771744,
52023e6983,180,2516,17612,176.12,265.77893955071784,0.12280253110935647,4.138842042828932,1.1896489615742223,
52023e6983,180,2517,17619,176.19,265.7374505725763,0.10437506311445129,4.39756407776524,0.5282288002080467,
52023e6983,180,2518,17626,176.26,265.7183677047907,0.1010138566526365,4.035287714326437,0.20934719482153666,
52023e6983,180,2519,17633,176.33,265.67804896302243,0.16158644077450787,4.071895210933531,1.170663164165094,
52023e6983,180,2520,17640,176.4,265.5479537136122,0.09277549341986607,4.239899707133265,0.8431183468688073,
52023e6983,180,2521,17647,176.47,265.51458178785424,0.0973529773838508,4.103756928402953,0.7433827538029368,
52023e6983,180,2522,17654,176.54,265.4717500646477,0.05511071015142915,4.0446264714540145,0.531528968909111,
52023e6983,180,2523,17661,176.61,265.45679817754836,0.06379696813206033,4.1433429386344525,0.21388126308090744,
52023e6983,180,2524,17668,176.68,265.4377725315537,0.09051258877688687,4.073947431073067,0.6111536885177052,
52023e6983,180,2525,17675,176.75,265.41268381681505,0.05044688939007633,3.9875844961089744,0.3016743437030258,
52023e6983,180,2526,17682,176.82,265.4064233389238,0.08389917569991776,3.9681681418677126,0.730656419933317,
52023e6983,180,2527,17689,176.89,265.37461681930495,0.09393463078605509,3.9882429764046767,0.29079256566048817,
52023e6983,180,2528,17696,176.96,265.33783429362484,0.12334463109910417,3.937192448642965,1.2322807800685993,
52023e6983,180,2529,17703,177.03,265.2682400233099,0.0797760823105155,3.9438064422955463,0.5947450195957371,
52023e6983,180,2530,17710,177.1,265.24147360352384,0.06811570456687438,4.00349486761772,0.5523242183517884,
52023e6983,180,2531,17717,177.17,265.2196573542181,0.0998052907434934,4.049747834272242,0.9815894785087276,
52023e6983,180,2532,17724,177.24,265.1725798453988,0.08892419602856613,3.9647155677559835,0.8309134274598192,
52023e6983,180,2533,17731,177.31,265.1417596785728,0.08646086041143879,3.7840380620135607,0.51900899714778,
52023e6983,180,2534,17738,177.38,265.1058660364382,0.21425209899830433,3.6491278297982133,1.0357900725661373,
52023e6983,180,2535,17745,177.45,265.03892671923575,0.14322216706411897,4.293952105776977,0.5555114606944155,
52023e6983,180,2536,17752,177.52,265.0355064670611,0.09397802317530188,4.070834364760158,0.637771145516443,
52023e6983,180,2537,17759,177.59,265.003162856883,0.11735983104270471,3.870048830394323,0.3954818333585629,
52023e6983,180,2538,17766,177.66,264.99710777769377,0.13943376281492606,4.201787048171331,1.2804427708193507,
52023e6983,180,2539,17773,177.73,264.9384923733513,0.06585785744521247,3.8143628219420727,0.30144846297340966,
52023e6983,180,2540,17780,177.8,264.9256110601728,0.09879006219107367,3.770270953763887,0.8850334358442662,
52023e6983,180,2541,17787,177.87,264.8818803149331,0.061711417907434236,3.6486353289746067,0.5460105516904846,
52023e6983,180,2542,17794,177.94,264.8656910952445,0.03557414173641786,3.5559930912162665,0.2177934906586278,
52023e6983,180,2543,17801,178.01,264.86064813706344,0.17275861125087005,3.6041341449727655,0.8685047871082945,
52023e6983,180,2544,17808,178.08,264.8564730221378,0.11310458504051084,3.965716185397535,0.536800657882448,
52023e6983,180,2545,17815,178.15,264.7965867998436,0.08635576574689895,3.6421513520842526,0.8008332433685422,
52023e6983,180,2546,17822,178.22,264.7645182287959,0.08578848513174547,3.692106757544942,0.6064734278836379,
52023e6983,180,2547,17829,178.29,264.73034575736693,0.04578386041970317,3.5356701377097264,0.43915437508689553,
52023e6983,180,2548,17836,178.36,264.7235768186889,0.047303104717983095,3.5327161194058725,0.32147005577188215,
52023e6983,180,2549,17843,178.43,264.71499641775137,0.08436411624661345,3.7002672921390274,0.7172709406277117,
52023e6983,180,2550,17850,178.5,264.68137950844437,0.06608971582643007,3.6925761178591756,0.6389719469069866,
52023e6983,180,2551,17857,178.57,264.66511045874967,0.10967878289658689,3.7548285468202223,1.0559876749323467,
52023e6983,180,2552,17864,178.64,264.61093207140425,0.09902986953461244,3.6275403865424907,0.779801653096372,
52023e6983,180,2553,17871,178.71,264.5724404465407,0.06120192404127743,3.616619793859401,0.4113121700623766,
52023e6983,180,2554,17878,178.78,264.56256255612135,0.08136770135955917,3.5245194582376103,0.24245577974681778,
52023e6983,180,2555,17885,178.85,264.56116176030497,0.08712790116164504,3.5751356081632,0.508439255428764,
52023e6983,180,2556,17892,178.92,264.535660217016,0.04052953356352446,3.6694337469105203,0.24525738922334206,
52023e6983,180,2557,17899,178.99,264.5307508101859,0.10025663919144587,3.561285806319098,0.4611973553091784,
52023e6983,180,2558,17906,179.06,264.48607808043755,0.044712049658199395,3.6799871250812624,0.13384114003321163,
52023e6983,180,2559,17913,179.13,264.4859897867184,0.07268663400597897,3.6394838836024,0.6988745968650305,
52023e6983,180,2560,17920,179.2,264.4705158317503,0.054645867335624224,3.9938706430627624,0.41087442088690806,
52023e6983,180,2561,17927,179.27,264.45597551046365,0.10646952524401031,3.775544861293999,0.8200952960104223,
52023e6983,180,2562,17934,179.34,264.40021166227206,0.04251822536868133,3.945849518922941,0.35529695043382253,
52023e6983,180,2563,17941,179.41,264.3909408916476,0.08903995412963238,3.8756891812610625,0.8036604047216124,
52023e6983,180,2564,17948,179.48,264.3664969864251,0.05853006779211128,3.8574409494850768,0.448788161292545,
52023e6983,180,2565,17955,179.55,264.3528140267539,0.11611626012205432,3.7852668902195057,0.49062140439228313,
52023e6983,180,2566,17962,179.62,264.2962128402866,0.11886892990253282,4.040947193714875,1.1303787913195777,
52023e6983,180,2567,17969,179.69,264.2466034737689,0.09982978192906496,4.026429548975298,0.9262421442858408,
52023e6983,180,2568,17976,179.76,264.1960406015935,0.0521056273723264,4.0096631934170315,0.21876458922237918,
52023e6983,180,2569,17983,179.83,264.18233976238514,0.06641213044923945,3.879340199020769,0.34785260720256866,
52023e6983,180,2570,17990,179.9,264.16247451496434,0.1319006991181624,3.7917749892588026,1.3419161732314175,
52023e6983,180,2571,17997,179.97,264.11085896472866,,4.016950000476409,0.9650892881518321,
5a82b8e6bf,180,0,0,0.0,2727010.761415566,317.0088977827056,10212.732359910277,1416.0583479223951,"ProjectedCommonDirectionsConfig(subspace_frac_grads=0.02, subspace_frac_updates=0.02, subspace_frac_random=0.01, direction_str=sd, random_proj=True, random_proj_dim_frac=0.03, ensemble=haar, inner_use_full_grad=True, orth_P_k=True, beta=0.001, tau=0.5, c_const=inf, N_try=200, alpha_max=100, p_const=1)"
5a82b8e6bf,180,1,7,0.07,2614763.555962923,403.3897278027233,9687.6069513464,1249.4603491600747,
5a82b8e6bf,180,2,14,0.14,2296249.2600815096,403.5135840142886,8673.003939999524,1535.621534409097,
5a82b8e6bf,180,3,21,0.21,2040788.2356211157,731.9977248047992,7957.088184850211,3047.4562357742097,
5a82b8e6bf,180,4,28,0.28,1282176.3029328126,407.5263166234922,5001.161062774018,374.2543453621728,
5a82b8e6bf,180,5,35,0.35,1132091.4043506524,314.54129315687385,5641.459201516366,586.8378543998554,
5a82b8e6bf,180,6,42,0.42,1038357.8199244379,277.8649407978981,4562.444608826922,634.5336403470642,
5a82b8e6bf,180,7,49,0.49,909989.9602586272,207.76424715519346,4799.673152651436,573.1470861251936,
5a82b8e6bf,180,8,56,0.56,839243.1014725724,95.90988327403802,4004.994248146235,229.76291961367582,
5a82b8e6bf,180,9,63,0.63,826044.3012755406,177.36071160857819,4229.019178057444,848.910550047528,
5a82b8e6bf,180,10,70,0.7,776753.3044595515,184.67458065585987,3786.7700649471462,483.81940376731,
5a82b8e6bf,180,11,77,0.77,711814.1975935695,88.78871153314006,3745.3228152817323,367.9093981023681,
5a82b8e6bf,180,12,84,0.84,696231.5087838395,90.24649207114538,3635.3061063487944,448.46060534169203,
5a82b8e6bf,180,13,91,0.91,680926.1273563935,144.66722437646564,3529.412866352998,700.7329588573306,
5a82b8e6bf,180,14,98,0.98,636999.0751781693,106.24140388649928,3360.0060615426555,337.6671648516536,
5a82b8e6bf,180,15,105,1.05,612550.0603445206,173.38366864228482,3295.638630367988,852.5788612957678,
5a82b8e6bf,180,16,112,1.12,570665.2479606584,201.22808585543066,2985.565439572094,905.152331646782,
5a82b8e6bf,180,17,119,1.19,492352.83152373665,130.20029120622567,2743.0870892790554,256.6911458455082,
5a82b8e6bf,180,18,126,1.26,459223.99481505394,167.92197390756024,2515.9501596887894,804.8695366061088,
5a82b8e6bf,180,19,133,1.33,419483.90500252903,82.54060443141742,2507.624029486039,87.05748907368543,
5a82b8e6bf,180,20,140,1.4,408926.37853246694,68.13386956518744,2401.820404124675,318.32017967848515,
5a82b8e6bf,180,21,147,1.47,402359.50778442615,123.53171973835141,2401.298958013622,600.4648266400449,
5a82b8e6bf,180,22,154,1.54,369253.53498810745,97.50807386714935,2334.110365407671,463.2323218770511,
5a82b8e6bf,180,23,161,1.61,346766.27059562504,76.49037337107134,2172.2022209094634,225.79734133843917,
5a82b8e6bf,180,24,168,1.68,337479.253619285,164.67783493743622,2130.783213738728,419.4335027942064,
5a82b8e6bf,180,25,175,1.75,286979.45605507185,65.24967325963112,1899.1273702998856,200.47640922446658,
5a82b8e6bf,180,26,182,1.82,280585.1829284529,60.41951194392852,1839.967422280846,217.20554399499127,
5a82b8e6bf,180,27,189,1.89,274136.65841440106,37.47477140420768,1817.1583023355404,117.89863924072648,
5a82b8e6bf,180,28,196,1.96,271185.08732834767,52.907755795066194,1809.5717892846242,252.78528273843267,
5a82b8e6bf,180,29,203,2.03,266725.491326924,51.01713299345424,1789.3598389397234,245.79805301948926,
5a82b8e6bf,180,30,210,2.1,263111.3898240565,79.0394178679829,1777.3735226324131,361.264816568342,
5a82b8e6bf,180,31,217,2.17,254999.33023546694,77.47587591450733,1717.244276154586,136.40528282454898,
5a82b8e6bf,180,32,224,2.24,243420.03542684406,48.13823701392948,1650.583019739046,204.2458485375904,
5a82b8e6bf,180,33,231,2.31,239545.74513564198,83.36277496595326,1615.7199298642693,335.41639388317896,
5a82b8e6bf,180,34,238,2.38,225082.9746005996,57.869321763070644,1544.4949014943409,201.62059869458776,
5a82b8e6bf,180,35,245,2.45,218664.05798609904,96.10008895056767,1516.5746916583655,312.6727270008181,
5a82b8e6bf,180,36,252,2.52,200210.86909259128,56.87882313244673,1478.442450531061,261.5231064942523,
5a82b8e6bf,180,37,259,2.59,193574.47584240648,36.30453926392547,1392.1800337000952,109.94956286881389,
5a82b8e6bf,180,38,266,2.66,190437.08282529248,68.40476985951219,1366.9184207769306,341.8020505477498,
5a82b8e6bf,180,39,273,2.73,181443.31898408086,34.482193716756534,1277.8279005006818,148.57762259299668,
5a82b8e6bf,180,40,280,2.8,178779.0329573824,104.86644727460589,1239.360959709939,230.97730493513941,
5a82b8e6bf,180,41,287,2.87,177924.18568089686,77.39415472152626,1274.7155486753416,209.96296104785569,
5a82b8e6bf,180,42,294,2.94,167678.65403975372,47.21147144374418,1267.4310394607767,181.1472295078065,
5a82b8e6bf,180,43,301,3.01,164225.76708355328,36.949805842250285,1217.0949452572625,143.24219096651137,
5a82b8e6bf,180,44,308,3.08,161658.4752305045,52.14545611599074,1229.7918872613925,251.7959086736411,
5a82b8e6bf,180,45,315,3.15,156317.79259236084,35.25835087319442,1246.4925307883996,165.040311635562,
5a82b8e6bf,180,46,322,3.22,154134.73731516165,24.612007137404614,1209.2942849540693,52.28934953913626,
5a82b8e6bf,180,47,329,3.29,153286.66496804447,38.7408978933063,1241.3192626563048,187.51741257386337,
5a82b8e6bf,180,48,336,3.36,149831.10839530997,69.86451448401861,1192.08261128539,269.4093920802362,
5a82b8e6bf,180,49,343,3.43,140109.46031727787,42.83628956881673,1045.771802709665,80.47394019194132,
5a82b8e6bf,180,50,350,3.5,136213.7548247706,42.73042713366652,1059.7998736413035,194.089014010333,
5a82b8e6bf,180,51,357,3.57,134493.88274907018,56.514822830114426,1052.7917285314104,142.82685280595697,
5a82b8e6bf,180,52,364,3.64,127639.3713346017,53.57296698415942,1043.5085790061214,143.90303484752175,
5a82b8e6bf,180,53,371,3.71,123591.09771249213,55.520445307306,1020.7163906471917,190.9525259039335,
5a82b8e6bf,180,54,378,3.78,119467.09802951483,36.45858593259835,1054.2581210622725,140.93799491404835,
5a82b8e6bf,180,55,385,3.85,117668.65191926066,36.09835262181913,1037.8953116011946,87.49368586107104,
5a82b8e6bf,180,56,392,3.92,116203.78643148967,28.42937866648749,1045.4791557954095,67.45752284887539,
5a82b8e6bf,180,57,399,3.99,114556.68716693482,43.70663516924061,1007.7073099769825,195.03920471300407,
5a82b8e6bf,180,58,406,4.06,110066.61592808503,19.453720705121544,982.2035724938241,95.31404598586296,
5a82b8e6bf,180,59,413,4.13,109160.90527602583,45.629559730017135,971.7243633149808,212.1659698867579,
5a82b8e6bf,180,60,420,4.2,104909.40115088384,99.94420387262245,933.0853152904679,243.31326604645741,
5a82b8e6bf,180,61,427,4.27,104499.87121714206,61.339657675994744,1024.4289431739119,132.45979674452292,
5a82b8e6bf,180,62,434,4.34,96735.5705679501,36.741922708400544,906.4711056944817,148.6072741819427,
5a82b8e6bf,180,63,441,4.41,93766.69108278048,19.35439983180078,882.1327997841819,81.8314081561576,
5a82b8e6bf,180,64,448,4.48,93137.5219552217,32.933805512921325,897.3937709183982,153.61250029925287,
5a82b8e6bf,180,65,455,4.55,90767.89257656732,104.29293057244726,848.2678539086841,247.0487941289308,
5a82b8e6bf,180,66,462,4.62,90307.35757559168,59.9489211536146,878.2735944099353,180.84798350404915,
5a82b8e6bf,180,67,469,4.69,83601.29919208048,31.990437705674907,787.8324268156933,100.81204144892789,
5a82b8e6bf,180,68,476,4.76,81590.92245394779,26.68080968873896,763.459298297891,133.44177843456634,
5a82b8e6bf,180,69,483,4.83,79858.06949559855,26.030907203192974,768.9490034508206,122.70861505670483,
5a82b8e6bf,180,70,490,4.9,78541.35946129564,36.43474974271763,744.218590768604,173.82013730162555,
5a82b8e6bf,180,71,497,4.97,75326.09936901301,17.83568902013589,738.1866475206975,26.89439337264477,
5a82b8e6bf,180,72,504,5.04,74845.65234512358,45.04923591364183,738.2409903242665,108.72671223629095,
5a82b8e6bf,180,73,511,5.11,74754.90976652023,44.18885980822548,717.9023790754105,195.84186461904073,
5a82b8e6bf,180,74,518,5.18,71743.21705102736,24.793867658014335,753.8489276463924,86.498106750546,
5a82b8e6bf,180,75,525,5.25,70715.63790415577,34.10200648517071,704.4875708144427,63.56659846304142,
5a82b8e6bf,180,76,532,5.32,69241.50219997227,32.16579544296954,719.1338999123294,81.31609638298268,
5a82b8e6bf,180,77,539,5.39,67375.9889044647,32.84921444046789,681.7083216746099,139.7264626762106,
5a82b8e6bf,180,78,546,5.46,65994.77981871528,30.83678082657069,711.4565452727246,114.64121620223783,
5a82b8e6bf,180,79,553,5.53,64505.69570331458,21.640023835082943,644.8917225310912,59.82429755648749,
5a82b8e6bf,180,80,560,5.6,63900.15396182779,18.05640558400994,663.4225972136525,40.61822837277368,
5a82b8e6bf,180,81,567,5.67,63055.0149875438,31.853537334028864,663.1644694084383,154.53066418194706,
5a82b8e6bf,180,82,574,5.74,61930.18572371689,32.2704291350328,627.3220646958137,119.40019186470275,
5a82b8e6bf,180,83,581,5.81,59474.63424660121,52.78457807545208,634.183180155627,131.26227196029342,
5a82b8e6bf,180,84,588,5.88,59223.63116177945,34.82532119474065,666.0458855688137,112.87094938149603,
5a82b8e6bf,180,85,595,5.95,57206.12976582075,35.2037668207405,632.5927550645229,143.52646429054164,
5a82b8e6bf,180,86,602,6.02,54447.507492489895,20.770110735933237,652.7941821682296,100.83830193134155,
5a82b8e6bf,180,87,609,6.09,53645.55655327486,27.401342189075997,633.6745017253758,64.50366637346177,
5a82b8e6bf,180,88,616,6.16,52256.991529135885,30.852826775420315,640.9262672278408,153.48771950473238,
5a82b8e6bf,180,89,623,6.23,50417.1375450959,26.268522408280983,601.7738323660762,109.89411237221218,
5a82b8e6bf,180,90,630,6.3,49609.21094398959,19.75747471884815,605.9888554837078,67.3487274947837,
5a82b8e6bf,180,91,637,6.37,48656.62092709026,27.332840115513577,605.5427161071219,132.3164971403777,
5a82b8e6bf,180,92,644,6.44,47306.71698038604,17.1929884648576,589.4579888608206,61.57497297735026,
5a82b8e6bf,180,93,651,6.51,46746.07811572628,25.133504497120875,574.2462163802031,102.84195884936337,
5a82b8e6bf,180,94,658,6.58,45445.08001689498,23.410476087703177,595.5430429700873,103.81912570698319,
5a82b8e6bf,180,95,665,6.65,44400.54626686637,28.235872905961994,580.4435125926184,140.52590154122618,
5a82b8e6bf,180,96,672,6.72,42621.639792600465,10.781293412544791,565.9341109303001,34.42389702544265,
5a82b8e6bf,180,97,679,6.79,42573.91390948721,38.49197581736825,558.4789591643167,191.93581382893697,
5a82b8e6bf,180,98,686,6.86,39466.91562527041,28.276929773729094,530.3229432999683,136.86835930711308,
5a82b8e6bf,180,99,693,6.93,37815.84830851772,16.95049721951,530.6154866516288,72.71427732454025,
5a82b8e6bf,180,100,700,7.0,37159.699565735566,13.708274926907103,490.09744320888154,27.666885833626225,
5a82b8e6bf,180,101,707,7.07,37131.52621477855,15.26826514445803,491.83518863621725,61.572826465507305,
5a82b8e6bf,180,102,714,7.14,36697.515679936514,19.011707423874117,486.46061389831874,57.02042936606558,
5a82b8e6bf,180,103,721,7.21,36158.0922033834,16.69277241277336,459.3079586307976,68.7902985833462,
5a82b8e6bf,180,104,728,7.28,35712.828247655496,36.22168701650753,467.187391231064,85.36495032000151,
5a82b8e6bf,180,105,735,7.35,35681.575154875994,28.490601469203302,470.49990123248705,74.6442805175252,
5a82b8e6bf,180,106,742,7.42,34149.25278616108,16.527026190467925,427.54270149098625,73.37189453679981,
5a82b8e6bf,180,107,749,7.49,33809.098692777705,29.85366962978854,431.22596155265376,56.739059384261,
5a82b8e6bf,180,108,756,7.56,32028.50339553126,24.424148596571417,378.81399775121247,113.32305777445538,
5a82b8e6bf,180,109,763,7.63,31089.705312462174,16.75958045413829,373.738731036902,64.77713478709478,
5a82b8e6bf,180,110,770,7.7,30473.12102962626,9.75513377000115,364.29100714657227,30.010945636907643,
5a82b8e6bf,180,111,777,7.77,30352.926704938258,13.71723611824864,364.7602425078531,45.696668831025505,
5a82b8e6bf,180,112,784,7.84,30107.746286193,13.32277189095936,364.26667684863145,47.35335652508659,
5a82b8e6bf,180,113,791,7.91,29823.500629024376,15.368892620915851,359.67324579712374,63.97689988997038,
5a82b8e6bf,180,114,798,7.98,29440.552300296284,19.006078724577783,382.7524448661635,88.84494895579915,
5a82b8e6bf,180,115,805,8.05,29113.147302465026,20.370780712324297,352.8806423495608,49.29364721549362,
5a82b8e6bf,180,116,812,8.12,28423.463815771716,13.494932879910177,389.30203174389106,51.18379260103917,
5a82b8e6bf,180,117,819,8.19,28291.77191021599,13.066707522287444,373.1100441897964,40.080867873143596,
5a82b8e6bf,180,118,826,8.26,28245.797410356467,21.676985977920026,388.0445120233886,103.43654739362046,
5a82b8e6bf,180,119,833,8.33,27645.05721107256,15.280372806298697,375.54071035986215,42.30998523905746,
5a82b8e6bf,180,120,840,8.4,27450.658175394245,14.92478322080325,371.55567845927,23.71258460234607,
5a82b8e6bf,180,121,847,8.47,27298.025935786976,13.51517099592212,380.3429981033138,42.62611033877598,
5a82b8e6bf,180,122,854,8.54,26930.478594317618,16.79414399412477,361.95060335759035,43.61674800270972,
5a82b8e6bf,180,123,861,8.61,26539.494253843593,18.856127038110756,362.9959887697309,76.25404610853771,
5a82b8e6bf,180,124,868,8.68,26379.402736013773,15.740652106949812,367.38185118447893,46.01597846579572,
5a82b8e6bf,180,125,875,8.75,25940.50152163719,11.679581703744924,349.3939584179552,43.03668144832349,
5a82b8e6bf,180,126,882,8.82,25680.692260307227,10.726230554256292,351.03962468206066,29.68429956962255,
5a82b8e6bf,180,127,889,8.89,25641.963716050832,11.362845840097823,343.87738066467887,33.5469286943352,
5a82b8e6bf,180,128,896,8.96,25456.536591359825,38.17484864567157,342.4162850599705,88.41404733662205,
5a82b8e6bf,180,129,903,9.03,25150.317688098057,27.86331533571689,370.70009649458234,78.31864129212201,
5a82b8e6bf,180,130,910,9.1,23815.725050312238,15.094853365466847,327.8683156906231,27.412019010080414,
5a82b8e6bf,180,131,917,9.17,23541.09567039596,19.8998091991516,307.2038805393342,55.459629750201216,
5a82b8e6bf,180,132,924,9.24,22989.94657775539,11.1677371270929,296.127608466939,40.267011452651005,
5a82b8e6bf,180,133,931,9.31,22868.34736320439,11.494326633675959,292.43854679779,53.980912902089095,
5a82b8e6bf,180,134,938,9.38,22534.55763552049,16.578903140846613,271.48889992575886,80.01185977037304,
5a82b8e6bf,180,135,945,9.45,21974.003191202562,6.265298873094677,296.76352826538385,13.397856375131077,
5a82b8e6bf,180,136,952,9.52,21881.126813825776,8.693411135144972,278.17990989956326,38.55051833137781,
5a82b8e6bf,180,137,959,9.59,21738.917664332705,13.068139571676936,268.5404273202773,51.30176912907068,
5a82b8e6bf,180,138,966,9.66,21491.796095903675,13.304494594519399,285.38820249908355,22.87396980795536,
5a82b8e6bf,180,139,973,9.73,21392.687386619178,8.292519089353512,280.56458116722547,12.452364834417056,
5a82b8e6bf,180,140,980,9.8,21218.89682127425,8.184044309374528,275.0984711628328,27.127692802548346,
5a82b8e6bf,180,141,987,9.87,21113.13509079287,5.802367618692208,272.0648591625523,17.401007039415155,
5a82b8e6bf,180,142,994,9.94,21050.64520368682,23.107140659248355,273.04807922503693,41.46431714769742,
5a82b8e6bf,180,143,1001,10.01,20887.911353282703,11.007442534984246,287.70128968883785,21.177218119832965,
5a82b8e6bf,180,144,1008,10.08,20566.669758599957,4.592850802749477,265.0139400156029,17.267365752108073,
5a82b8e6bf,180,145,1015,10.15,20524.154517469324,14.554903265875067,267.8153910187753,54.734137528365565,
5a82b8e6bf,180,146,1022,10.22,20140.395579493543,10.309830519126391,271.9725365764024,38.61907734922546,
5a82b8e6bf,180,147,1029,10.29,19980.33066416727,12.912910563059569,267.3649210998918,52.18220788443865,
5a82b8e6bf,180,148,1036,10.36,19781.494523839818,10.383812800091404,281.41032305267987,35.399543431241824,
5a82b8e6bf,180,149,1043,10.43,19761.193908505713,18.649609711769223,277.16055237308296,78.80824362398494,
5a82b8e6bf,180,150,1050,10.5,19114.74609129361,8.912944541526677,286.40812504883723,24.991500243664206,
5a82b8e6bf,180,151,1057,10.57,19004.958045803505,14.159724746325335,278.16200297166387,70.57694855260695,
5a82b8e6bf,180,152,1064,10.64,18760.98645589201,15.536968238668974,303.7305651071177,75.47012433194735,
5a82b8e6bf,180,153,1071,10.71,18125.135791221666,7.53750945164744,272.1964510255423,36.65153508281972,
5a82b8e6bf,180,154,1078,10.78,17987.196897982765,13.054865581756317,275.14312615148896,40.335836217812194,
5a82b8e6bf,180,155,1085,10.85,17716.730884104465,15.881398331689597,248.4292808807109,28.011905071349364,
5a82b8e6bf,180,156,1092,10.92,17172.46311944285,5.526116312419584,240.25663280216585,20.264795752125824,
5a82b8e6bf,180,157,1099,10.99,17121.084815637085,11.967323964540087,234.4087447891997,59.69046473510486,
5a82b8e6bf,180,158,1106,11.06,16835.191854882094,14.369530925393697,233.20795848057048,58.12445622507633,
5a82b8e6bf,180,159,1113,11.13,16584.802420602635,18.516682690617035,241.60116837637355,86.6196662420395,
5a82b8e6bf,180,160,1120,11.2,16225.842401433849,14.566080256177557,238.26912302426408,40.053331496488774,
5a82b8e6bf,180,161,1127,11.27,15997.197655970409,7.8776648917549705,235.37724053093228,11.563035446292877,
5a82b8e6bf,180,162,1134,11.34,15785.97493782898,11.294938777422328,229.3969595117932,36.12070719946625,
5a82b8e6bf,180,163,1141,11.41,15753.29362028367,11.147009803240422,230.0163185805631,37.77226473499516,
5a82b8e6bf,180,164,1148,11.48,15556.53913770508,14.101568725844137,229.40020141467033,40.86305649211102,
5a82b8e6bf,180,165,1155,11.55,15357.50405389744,10.91098548378239,229.1823336391787,22.141385482593975,
5a82b8e6bf,180,166,1162,11.62,15311.284587671744,10.587686713843354,235.63794564939587,39.3232460666348,
5a82b8e6bf,180,167,1169,11.69,15117.016304138499,6.760235853854456,214.58509293221852,25.32030223469415,
5a82b8e6bf,180,168,1176,11.76,15060.312358926929,10.03984542603234,201.3203133724553,48.6027951387135,
5a82b8e6bf,180,169,1183,11.83,14868.73823667624,4.937911673609364,208.11829386917967,14.660979184438578,
5a82b8e6bf,180,170,1190,11.9,14803.287395243502,5.679529659960677,200.8954684225403,28.582720755363788,
5a82b8e6bf,180,171,1197,11.97,14718.194022804046,9.311215537104392,205.17586265122205,46.755271602943516,
5a82b8e6bf,180,172,1204,12.04,14644.562056768313,9.938427400478329,214.51837421203504,33.05166985593402,
5a82b8e6bf,180,173,1211,12.11,14473.262274323808,6.322056414516514,198.62902487886024,12.658428358203192,
5a82b8e6bf,180,174,1218,12.18,14415.299201737213,12.436836719304065,213.01103412728864,62.29499862840922,
5a82b8e6bf,180,175,1225,12.25,14392.268643972417,13.272684728601316,228.7525093718191,37.28894853716419,
5a82b8e6bf,180,176,1232,12.32,14285.661962578713,12.662322331033083,205.5078912884819,36.02277227514196,
5a82b8e6bf,180,177,1239,12.39,14057.77097868981,10.207338083413774,196.8929847778314,45.82303605967575,
5a82b8e6bf,180,178,1246,12.46,13910.387945268156,7.012625247094621,203.97385338845794,27.201838393601886,
5a82b8e6bf,180,179,1253,12.53,13782.603376088377,6.262269887594167,190.2426334119298,16.09541600841798,
5a82b8e6bf,180,180,1260,12.6,13699.246832140041,7.197207172876854,192.70870509232236,31.424122400352505,
5a82b8e6bf,180,181,1267,12.67,13616.990515986947,5.369401712325294,203.64014423014254,22.22630911215253,
5a82b8e6bf,180,182,1274,12.74,13562.921537079364,7.825145543673621,192.75817146897643,17.253895309867367,
5a82b8e6bf,180,183,1281,12.81,13558.041670512912,9.32097018725034,194.9209961980864,31.074555858288342,
5a82b8e6bf,180,184,1288,12.88,13401.829273771504,9.130144271498938,187.79261640099938,41.93351569095277,
5a82b8e6bf,180,185,1295,12.95,13226.674231250558,5.915575371191653,188.67299861508747,26.593457494211357,
5a82b8e6bf,180,186,1302,13.02,13148.05344752274,10.837520339802772,200.9520562242249,7.064061814164258,
5a82b8e6bf,180,187,1309,13.09,13146.98573369806,21.715632409684577,198.48542319979714,47.28193732489598,
5a82b8e6bf,180,188,1316,13.16,13081.024007459568,26.729365388213118,214.15536669147153,23.01678368095632,
5a82b8e6bf,180,189,1323,13.23,12982.44242047178,13.269087224909601,206.2518498834949,36.80288575306672,
5a82b8e6bf,180,190,1330,13.3,12581.382720619536,6.456348785039671,188.50774663834216,24.324447837889913,
5a82b8e6bf,180,191,1337,13.37,12484.542097824395,6.923495271039044,180.9418860078156,29.592077910767692,
5a82b8e6bf,180,192,1344,13.44,12455.545510184696,7.065190841472927,175.53389632437586,26.928129539968474,
5a82b8e6bf,180,193,1351,13.51,12352.022335218397,5.754255337854986,171.46615449211916,25.946161964098245,
5a82b8e6bf,180,194,1358,13.58,12278.142291162258,9.89314581209403,171.9531994232084,19.71294171574209,
5a82b8e6bf,180,195,1365,13.65,12233.600945659453,9.35062595794931,189.79955926754354,32.109793961442556,
5a82b8e6bf,180,196,1372,13.72,12112.905498270684,7.380584498620876,180.64655894785514,8.535194561017535,
5a82b8e6bf,180,197,1379,13.79,12044.466800607526,8.63164318656196,179.7549446313276,34.14532181990481,
5a82b8e6bf,180,198,1386,13.86,11836.237465788035,5.269216273783134,185.18091181145667,11.572611177091293,
5a82b8e6bf,180,199,1393,13.93,11810.202938499213,6.242385153310816,191.23668101126881,22.52466337143868,
5a82b8e6bf,180,200,1400,14.0,11746.790972649493,6.208859686100187,188.08520789575098,24.43855348803212,
5a82b8e6bf,180,201,1407,14.07,11679.766027888832,4.377562445513226,183.43915327573296,13.80381528963935,
5a82b8e6bf,180,202,1414,14.14,11656.49143861661,12.689401783844112,184.95172147522914,57.206526446143805,
5a82b8e6bf,180,203,1421,14.21,11505.700916696449,11.016595622019754,198.6685344047705,32.222443653449794,
5a82b8e6bf,180,204,1428,14.28,11293.79827848376,7.991065495226637,186.57862735551092,19.67800249527668,
5a82b8e6bf,180,205,1435,14.35,11181.58204515218,8.819413613006157,200.76305982331405,39.60711754092565,
5a82b8e6bf,180,206,1442,14.42,11090.949743001842,6.856247511596719,190.20307172917268,19.075087984009368,
5a82b8e6bf,180,207,1449,14.49,11051.51275784781,8.543615425998077,201.64702466741605,25.363276453670032,
5a82b8e6bf,180,208,1456,14.56,11047.988097004134,7.894999614421849,189.877892560044,8.03978484808776,
5a82b8e6bf,180,209,1463,14.63,10973.800210512116,6.044219371608807,198.53333514905088,9.318750776868871,
5a82b8e6bf,180,210,1470,14.7,10959.991852022502,8.303754551880747,190.63080331333805,33.72663799968582,
5a82b8e6bf,180,211,1477,14.77,10836.215108102,11.198236180876663,197.9036063750744,51.130206614843786,
5a82b8e6bf,180,212,1484,14.84,10592.261753732368,10.418193421466015,182.17734691149155,31.72650375536689,
5a82b8e6bf,180,213,1491,14.91,10457.238984768828,5.633798001903428,188.2810477089293,17.83364496726383,
5a82b8e6bf,180,214,1498,14.98,10409.579147152588,4.8008615652326485,184.94177624436443,16.330177620897768,
5a82b8e6bf,180,215,1505,15.05,10350.920571453937,7.072619003676028,177.50148919285897,33.92850055086392,
5a82b8e6bf,180,216,1512,15.12,10324.779778011909,8.924880096064248,168.81194189762178,35.35491681520521,
5a82b8e6bf,180,217,1519,15.19,10292.855120534137,4.68567887255287,180.4170927197651,19.619178031263555,
5a82b8e6bf,180,218,1526,15.26,10200.319651897782,3.1364923741572674,165.88057398805472,25.852795445652045,
5a82b8e6bf,180,219,1533,15.33,10152.831635631655,3.945853999163527,166.81296692473555,18.654315203965883,
5a82b8e6bf,180,220,1540,15.4,10128.528569686821,6.040596568893097,162.9621418427973,28.182129327485324,
5a82b8e6bf,180,221,1547,15.47,10043.586115293188,6.835783824207402,163.2398648302896,29.567784046142787,
5a82b8e6bf,180,222,1554,15.54,10006.96533057661,6.515350429203261,162.8932028561252,18.817147421644698,
5a82b8e6bf,180,223,1561,15.61,9943.020026976914,8.620915713009826,160.83898803100223,32.135844295431475,
5a82b8e6bf,180,224,1568,15.68,9926.221951112506,7.354722330070787,171.9041864168947,24.46441472057726,
5a82b8e6bf,180,225,1575,15.75,9854.400558567984,6.969080439203969,156.17060820138383,17.899088692465003,
5a82b8e6bf,180,226,1582,15.82,9845.918472204094,4.013564293615446,165.83088639295613,5.688282259761511,
5a82b8e6bf,180,227,1589,15.89,9760.154914778337,4.066675617179125,157.71892413957926,9.963143635772285,
5a82b8e6bf,180,228,1596,15.96,9746.619862836229,2.0857580157471145,155.53629161852433,9.502231912804463,
5a82b8e6bf,180,229,1603,16.03,9724.601200959218,3.0217219265365793,155.68358525165888,9.456335548830834,
5a82b8e6bf,180,230,1610,16.1,9704.553916603245,5.204106621192971,155.33044165386556,23.669884583859705,
5a82b8e6bf,180,231,1617,16.17,9666.857630972585,2.509838287297653,154.36009706164054,15.799447326337395,
5a82b8e6bf,180,232,1624,16.24,9634.671142118059,9.66331612676019,155.03017495569281,21.86229919524132,
5a82b8e6bf,180,233,1631,16.31,9528.242149677959,6.343504342459289,163.12644339319164,22.59561953238593,
5a82b8e6bf,180,234,1638,16.38,9490.761728128708,2.8451762762551756,161.26141361751138,8.98721539253066,
5a82b8e6bf,180,235,1645,16.45,9454.548292184061,3.2343262484397193,159.10137934722886,32.7174378584553,
5a82b8e6bf,180,236,1652,16.52,9403.216152355211,1.8991402122358034,156.28832252883743,16.11641771878747,
5a82b8e6bf,180,237,1659,16.59,9380.82979175438,10.357466330237498,156.91656750249996,24.156370045787895,
5a82b8e6bf,180,238,1666,16.66,9185.500677143697,6.230269472317478,149.11432030931056,25.303187109760838,
5a82b8e6bf,180,239,1673,16.73,9075.012407749246,7.202184418785019,158.01874377147357,34.55730599715912,
5a82b8e6bf,180,240,1680,16.8,8990.32274157439,6.83618969548083,158.8051856134328,30.64961781088268,
5a82b8e6bf,180,241,1687,16.87,8899.33446511786,7.9673485663396955,150.9141963843448,28.994371158182414,
5a82b8e6bf,180,242,1694,16.94,8810.423888153668,5.439095866482906,149.63453815781358,12.713341596533827,
5a82b8e6bf,180,243,1701,17.01,8793.729274455243,8.105173964385909,149.84474364159144,9.626991083903082,
5a82b8e6bf,180,244,1708,17.08,8789.823957714483,11.63948894351869,155.37739775430242,41.757499393857856,
5a82b8e6bf,180,245,1715,17.15,8694.065566441679,5.720042770015205,164.94513569303905,41.46919496535301,
5a82b8e6bf,180,246,1722,17.22,8550.202181397726,5.086828592940885,144.7617612201358,25.481634555676433,
5a82b8e6bf,180,247,1729,17.29,8530.659854908956,2.676587370948415,141.9528681815392,21.96496619940584,
5a82b8e6bf,180,248,1736,17.36,8496.195991435607,5.552909027467583,140.89302312519726,27.383895081542843,
5a82b8e6bf,180,249,1743,17.43,8468.089323315568,5.002304726520347,144.36713542214144,13.046633845012549,
5a82b8e6bf,180,250,1750,17.5,8443.679657935429,2.7011257464091383,138.757139685853,15.278966581194531,
5a82b8e6bf,180,251,1757,17.57,8414.751565059367,2.3440741158841254,138.81500969307388,19.13749164919423,
5a82b8e6bf,180,252,1764,17.64,8389.160786433817,4.458063945988935,131.61296908648526,18.13312527370952,
5a82b8e6bf,180,253,1771,17.71,8374.14988752621,3.353416860112035,150.60842962084317,25.40110975608231,
5a82b8e6bf,180,254,1778,17.78,8331.656841412538,6.0554012338825745,141.21009873647688,29.558062536866778,
5a82b8e6bf,180,255,1785,17.85,8297.411734341438,8.52497588639089,153.89349781071542,31.820565081864615,
5a82b8e6bf,180,256,1792,17.92,8256.061305721829,10.051792379318156,150.4637282289374,31.090399977182194,
5a82b8e6bf,180,257,1799,17.99,8242.33926809535,5.563431377994181,159.58778384184728,42.22981283981315,
5a82b8e6bf,180,258,1806,18.06,8052.12389576649,5.766432106781706,145.08420034777936,18.5244341059668,
5a82b8e6bf,180,259,1813,18.13,8009.699767103303,7.624427137474252,139.32586033454152,37.29508335191916,
5a82b8e6bf,180,260,1820,18.2,7997.546965985633,8.283798831280233,163.1275276902324,23.343992104189955,
5a82b8e6bf,180,261,1827,18.27,7959.66960563233,4.846155876028801,143.62838925420664,25.048870878969165,
5a82b8e6bf,180,262,1834,18.34,7853.417328745429,5.684890889334296,151.2337042412017,24.827169330333973,
5a82b8e6bf,180,263,1841,18.41,7821.107675055263,2.6221912774387266,153.7848064135185,10.156278577425232,
5a82b8e6bf,180,264,1848,18.48,7784.40590395107,4.016924058324011,155.73072980976175,14.939857937317065,
5a82b8e6bf,180,265,1855,18.55,7754.766550886507,4.006820422327466,156.29422788278174,36.117371790281624,
5a82b8e6bf,180,266,1862,18.62,7688.234386613367,4.869056408952953,153.68761966505417,18.416618456088923,
5a82b8e6bf,180,267,1869,18.69,7670.936784963325,6.284580451119737,151.622591603136,23.472058417171752,
5a82b8e6bf,180,268,1876,18.76,7636.079404043186,3.2365330475972973,148.18038725334293,19.30149151802233,
5a82b8e6bf,180,269,1883,18.83,7581.654117322431,5.174680873697361,147.7659209788556,23.802339516175316,
5a82b8e6bf,180,270,1890,18.9,7563.242644397039,3.216651457600169,153.4509244690575,22.85032172143489,
5a82b8e6bf,180,271,1897,18.97,7512.478637087825,6.46543180905345,147.5248974796545,23.726432513385753,
5a82b8e6bf,180,272,1904,19.04,7478.831700428301,3.2081803198360244,151.74634247053064,15.67072409773662,
5a82b8e6bf,180,273,1911,19.11,7424.78966811981,3.3268352485509696,142.80671485618532,12.137692389225611,
5a82b8e6bf,180,274,1918,19.18,7411.056090261543,3.1859403691507233,143.51256375290285,10.980758399169094,
5a82b8e6bf,180,275,1925,19.25,7410.068009345828,5.504771257997349,145.6404956671154,21.49814441670283,
5a82b8e6bf,180,276,1932,19.32,7407.414399635726,12.116242754546514,144.03201242817843,48.79380839636422,
5a82b8e6bf,180,277,1939,19.39,7356.159639563569,8.692136363000543,165.67528073708007,5.821720264081832,
5a82b8e6bf,180,278,1946,19.46,7242.222082815704,7.765002997506234,136.6567974525218,28.384175237574244,
5a82b8e6bf,180,279,1953,19.53,7121.486470158843,8.122125778441912,134.34357154090188,40.11005830553335,
5a82b8e6bf,180,280,1960,19.6,6997.999135956041,5.716136891989787,136.43185204261184,22.759775824805175,
5a82b8e6bf,180,281,1967,19.67,6952.902591438482,4.440957902807343,132.62908883360888,10.389256923894067,
5a82b8e6bf,180,282,1974,19.74,6947.228865959198,7.015595753745457,133.0343269809092,29.419631852152296,
5a82b8e6bf,180,283,1981,19.81,6911.764030534666,9.243565769128981,138.09422229724672,18.835138163520522,
5a82b8e6bf,180,284,1988,19.88,6884.0330909719405,9.022589650382184,139.69179749396565,25.327752914816823,
5a82b8e6bf,180,285,1995,19.95,6802.590395746477,7.4222541007216565,134.32364665232663,14.187793994297284,
5a82b8e6bf,180,286,2002,20.02,6766.204553136484,7.944141001258003,132.87087715304565,29.39016360725458,
5a82b8e6bf,180,287,2009,20.09,6756.382364000708,5.026816373666332,140.63929498601806,20.288720205561752,
5a82b8e6bf,180,288,2016,20.16,6665.835628326854,4.356093909255027,121.0189088052983,16.7391774062435,
5a82b8e6bf,180,289,2023,20.23,6655.424615863062,2.23502368556393,131.57629785584334,11.562749571882087,
5a82b8e6bf,180,290,2030,20.3,6630.324433333347,3.215773530349677,122.13687538119939,14.065577765464743,
5a82b8e6bf,180,291,2037,20.37,6629.950868414995,2.9311163073040722,121.1445376472802,22.65860591835498,
5a82b8e6bf,180,292,2044,20.44,6593.574722229413,4.1573551373537265,120.8217704680254,39.03109199233246,
5a82b8e6bf,180,293,2051,20.51,6521.535257354648,1.5150587775078115,131.1714052230164,6.665780188376301,
5a82b8e6bf,180,294,2058,20.58,6510.514171762333,3.67639840172196,127.27733312315796,17.71634150772141,
5a82b8e6bf,180,295,2065,20.65,6485.9666306956515,5.2126439773499715,123.5379445602246,13.589535564609243,
5a82b8e6bf,180,296,2072,20.72,6439.321335548848,5.247117802334863,121.53499794774669,24.138765736778048,
5a82b8e6bf,180,297,2079,20.79,6399.040247045435,2.4366566198928465,123.65874968883527,17.207607993347352,
5a82b8e6bf,180,298,2086,20.86,6372.548923522791,3.0822799747595315,118.05961088733346,14.362124780709584,
5a82b8e6bf,180,299,2093,20.93,6359.78917505226,3.223120820139137,121.04506571365833,14.124590135610505,
5a82b8e6bf,180,300,2100,21.0,6343.833222779853,3.511435458330768,122.97003784832474,33.363759504085785,
5a82b8e6bf,180,301,2107,21.07,6280.154249569024,1.4811617649747897,109.53736502728047,10.701263461209237,
5a82b8e6bf,180,302,2114,21.14,6270.35909930859,1.1811228512073892,107.03846823911414,8.55841785625774,
5a82b8e6bf,180,303,2121,21.21,6264.505105914768,2.9282758203826478,106.53932482211694,22.900694204049294,
5a82b8e6bf,180,304,2128,21.28,6225.925611942857,1.7213396408753114,111.56788473350292,15.046061913422474,
5a82b8e6bf,180,305,2135,21.35,6212.63658099911,4.187000382380748,116.91037145359974,13.239577553093161,
5a82b8e6bf,180,306,2142,21.42,6211.702578769665,5.855561201260849,123.99664138188406,25.575715216296384,
5a82b8e6bf,180,307,2149,21.49,6180.926631340234,3.321501702048386,128.4247398916541,17.422543524040996,
5a82b8e6bf,180,308,2156,21.56,6133.032902722041,4.459184619061846,122.62723971108719,20.62822567670771,
5a82b8e6bf,180,309,2163,21.63,6119.66731008762,4.594340889597412,117.58753240306834,14.073566520885041,
5a82b8e6bf,180,310,2170,21.7,6114.275765979601,3.1046194404059797,123.63161385939792,14.514260910374771,
5a82b8e6bf,180,311,2177,21.77,6074.329944298141,3.8667144187850777,120.85872454036212,16.584107077806255,
5a82b8e6bf,180,312,2184,21.84,6059.921682380143,4.875431550083968,127.22101618778754,16.71167222178978,
5a82b8e6bf,180,313,2191,21.91,6056.9438511050985,5.50853007493665,116.96484878641822,17.216367408253515,
5a82b8e6bf,180,314,2198,21.98,6001.592614870813,2.2982798821144215,122.48841819068899,5.671577903240403,
5a82b8e6bf,180,315,2205,22.05,5992.822803256992,6.204172582621531,119.48048881157801,29.624555619038414,
5a82b8e6bf,180,316,2212,22.12,5981.8591323202,10.97276244379269,124.99247000729272,25.828678315383144,
5a82b8e6bf,180,317,2219,22.19,5900.443710613404,7.020488982997294,115.68054270584962,17.842267984257848,
5a82b8e6bf,180,318,2226,22.26,5823.254007334207,6.007990745490324,118.42680541827163,23.47248651103509,
5a82b8e6bf,180,319,2233,22.33,5753.30446151772,8.86922531722345,115.22905412596576,20.023701366154846,
5a82b8e6bf,180,320,2240,22.4,5704.875563927938,5.106605141313403,121.02266009873799,14.592929641626117,
5a82b8e6bf,180,321,2247,22.47,5673.1198683002185,3.1237396064519767,109.75812516713034,8.614554249227464,
5a82b8e6bf,180,322,2254,22.54,5653.415351474363,1.6726850473200903,112.90255543209307,12.164013953217124,
5a82b8e6bf,180,323,2261,22.61,5641.176017930044,4.428656436472617,111.02715096831842,19.385631889865667,
5a82b8e6bf,180,324,2268,22.68,5617.219984831412,3.713339702133245,112.51339423419856,13.356303378510301,
5a82b8e6bf,180,325,2275,22.75,5609.396362765505,5.098319669868139,116.91969433578845,22.063871490935416,
5a82b8e6bf,180,326,2282,22.82,5565.06988545895,5.465317161102279,114.57895833655475,21.67837008652957,
5a82b8e6bf,180,327,2289,22.89,5549.776101505139,7.326762834434328,120.24432357231538,28.085259174411288,
5a82b8e6bf,180,328,2296,22.96,5527.765161359887,8.274252816341209,119.82149776453767,25.981050181011472,
5a82b8e6bf,180,329,2303,23.03,5481.691497967951,8.570071065523182,117.24501742569697,32.04853435931607,
5a82b8e6bf,180,330,2310,23.1,5429.034589946295,6.24063640704411,117.64833220289599,11.907581366030058,
5a82b8e6bf,180,331,2317,23.17,5378.199347207821,3.6280869031346707,111.33824580620511,9.415342651059285,
5a82b8e6bf,180,332,2324,23.24,5359.74845461673,2.651771794158109,112.01515216087441,9.731365899223707,
5a82b8e6bf,180,333,2331,23.31,5351.895149356521,6.2195841177881865,108.99961818138887,23.703020457065524,
5a82b8e6bf,180,334,2338,23.38,5330.751782727887,3.4703669766104928,111.52507978113344,16.423345225190552,
5a82b8e6bf,180,335,2345,23.45,5276.391356040532,1.870727959658032,101.99377860049893,17.126982121288865,
5a82b8e6bf,180,336,2352,23.52,5264.234647535936,1.3738913411397722,102.43238480730423,12.094329043352788,
5a82b8e6bf,180,337,2359,23.59,5255.144417518267,4.7466449227474445,100.72438557494884,22.53796476263066,
5a82b8e6bf,180,338,2366,23.66,5231.167970057702,7.166897721200969,108.07714092462571,22.235974773771254,
5a82b8e6bf,180,339,2373,23.73,5197.063362652671,8.871260827964278,111.0118051019343,25.591078737873676,
5a82b8e6bf,180,340,2380,23.8,5143.816693049381,6.957287029179772,117.31728364314802,19.00075385635658,
5a82b8e6bf,180,341,2387,23.87,5104.56805450503,3.2438484837471098,110.59355855506102,15.31601057431695,
5a82b8e6bf,180,342,2394,23.94,5052.812263403788,2.247607763165049,102.57481774334333,20.910065989604362,
5a82b8e6bf,180,343,2401,24.01,5027.465784520828,0.8382270798778761,100.1774728980283,8.392773462962966,
5a82b8e6bf,180,344,2408,24.08,5023.96077355767,2.4638646044502597,100.93854160664165,10.21076532559167,
5a82b8e6bf,180,345,2415,24.15,5020.741618376402,2.532733710834995,104.60137903666215,8.18829825229638,
5a82b8e6bf,180,346,2422,24.22,5015.252003740076,2.147501829853901,99.6868003560529,12.202375493493209,
5a82b8e6bf,180,347,2429,24.29,4993.534498889657,4.678573525830999,103.53611413696726,17.447351356332195,
5a82b8e6bf,180,348,2436,24.36,4964.175694956661,4.340663881744012,103.75298949925153,12.378051392412905,
5a82b8e6bf,180,349,2443,24.43,4942.567768844732,4.383491488740628,101.34557911146516,15.843872710005728,
5a82b8e6bf,180,350,2450,24.5,4931.8136524296915,4.815620645849505,93.74746773019159,15.279231092791271,
5a82b8e6bf,180,351,2457,24.57,4917.692905352972,2.717991594180771,99.32196900884719,19.25881804166712,
5a82b8e6bf,180,352,2464,24.64,4881.263520535135,4.586589814805347,88.43220344314051,23.42546697557132,
5a82b8e6bf,180,353,2471,24.71,4867.755531553861,2.4533509314023596,99.3086555072025,10.916482168988264,
5a82b8e6bf,180,354,2478,24.78,4840.943403967663,1.4385990714478238,92.2283412279533,11.775156464731475,
5a82b8e6bf,180,355,2485,24.85,4831.395693141708,1.6567435250133837,92.81629605330376,5.925253443640359,
5a82b8e6bf,180,356,2492,24.92,4828.782902319678,2.3410391790484097,96.31544887326287,8.794635461371394,
5a82b8e6bf,180,357,2499,24.99,4822.454545345778,3.126081277659212,94.78799174148006,14.110246920135902,
5a82b8e6bf,180,358,2506,25.06,4819.17110827928,4.770423670938111,98.81323311353535,19.86817622291869,
5a82b8e6bf,180,359,2513,25.13,4817.763395142798,5.28448777182518,97.58743749945305,8.096677330450872,
5a82b8e6bf,180,360,2520,25.2,4800.401843886328,6.140240590529849,100.50270642447293,18.195098984182113,
5a82b8e6bf,180,361,2527,25.27,4766.08768685278,7.900168192662194,95.92505469075753,28.105468810854425,
5a82b8e6bf,180,362,2534,25.34,4734.3185187857625,6.510605369633155,109.65459637691613,15.152225009947763,
5a82b8e6bf,180,363,2541,25.41,4721.9189752625925,3.1613785492604674,97.23283608496193,11.68525216600384,
5a82b8e6bf,180,364,2548,25.48,4667.137939942238,4.0823389122719345,90.17625414101686,41.68331647734338,
5a82b8e6bf,180,365,2555,25.55,4596.391254406061,2.8528056077933845,87.68906665338734,12.391251182316456,
5a82b8e6bf,180,366,2562,25.62,4594.162376405901,1.60517224952281,86.82459091187864,9.954451239966133,
5a82b8e6bf,180,367,2569,25.69,4582.396489483774,1.5546928960746709,83.61889226772799,13.954197982385775,
5a82b8e6bf,180,368,2576,25.76,4571.338392239347,3.4015132963494623,87.47472210171799,15.487401545731807,
5a82b8e6bf,180,369,2583,25.83,4557.957797068971,2.2392359099775914,87.70865578431984,18.4164391433195,
5a82b8e6bf,180,370,2590,25.9,4534.943947052417,2.130597680540861,90.67887476925334,10.095674066557024,
5a82b8e6bf,180,371,2597,25.97,4529.026259925923,5.280683910979889,90.75194110186747,24.989270694412017,
5a82b8e6bf,180,372,2604,26.04,4495.9006134839265,4.756394399868586,92.60995184758792,15.211159146017936,
5a82b8e6bf,180,373,2611,26.11,4487.137001098307,2.9092038913430702,93.70706295006055,16.57301336147182,
5a82b8e6bf,180,374,2618,26.18,4451.3805879368265,1.8403359257622671,86.33291212750945,16.335801835436524,
5a82b8e6bf,180,375,2625,26.25,4436.373575261576,1.5832379987675838,86.81927273402597,5.709610800145809,
5a82b8e6bf,180,376,2632,26.32,4435.862317041487,3.778927178314954,89.15845757823033,14.845820170448004,
5a82b8e6bf,180,377,2639,26.39,4423.998442753872,4.3875755695227765,90.77796018904994,16.8824993572817,
5a82b8e6bf,180,378,2646,26.46,4422.073142845614,2.8558733329534967,97.57854751189947,21.62493810096986,
5a82b8e6bf,180,379,2653,26.53,4389.563310088666,4.878589737577867,88.51838933819157,23.11854643586377,
5a82b8e6bf,180,380,2660,26.6,4363.525332192871,3.375023286654407,89.62791959778916,24.589843260674673,
5a82b8e6bf,180,381,2667,26.67,4318.865593809001,2.6134871705150196,86.39723480710653,20.566306296309573,
5a82b8e6bf,180,382,2674,26.74,4298.622133609905,2.387636168138049,91.14063048926542,14.64189030534577,
5a82b8e6bf,180,383,2681,26.81,4270.892244155534,2.883772707035253,87.06449695215382,12.967322353877524,
5a82b8e6bf,180,384,2688,26.88,4260.874211694259,4.379969036435568,92.44588107927852,20.965537874748513,
5a82b8e6bf,180,385,2695,26.95,4228.918302051945,3.749252903937924,87.08186248315386,16.62690334276221,
5a82b8e6bf,180,386,2702,27.02,4224.376475148611,2.607261302160329,92.91507711915357,16.932504453474177,
5a82b8e6bf,180,387,2709,27.09,4197.914935310287,2.673971889382749,81.71668448414135,10.204183559030161,
5a82b8e6bf,180,388,2716,27.16,4193.103215689012,1.956277746908371,83.4196983086896,15.990019104860599,
5a82b8e6bf,180,389,2723,27.23,4174.208659169695,1.630225601127824,84.2959018929212,12.877061142404564,
5a82b8e6bf,180,390,2730,27.3,4160.8005986735525,4.274798020385043,86.0174704110395,21.863013219092853,
5a82b8e6bf,180,391,2737,27.37,4149.842006276959,2.4257121633132415,91.00611955728044,15.68395700085502,
5a82b8e6bf,180,392,2744,27.44,4124.489146409508,1.8095020074939228,82.63757410853749,15.479031329352285,
5a82b8e6bf,180,393,2751,27.51,4109.524233220629,1.9494156082829948,83.01833872401583,17.48333095779153,
5a82b8e6bf,180,394,2758,27.58,4092.2564975277905,0.7933308504155084,81.59943340526374,2.9769674412339993,
5a82b8e6bf,180,395,2765,27.65,4089.642112018718,2.781799986174563,81.98936681373918,28.368330237436897,
5a82b8e6bf,180,396,2772,27.72,4056.74528852271,1.1621786017878377,86.0652668813159,6.9123235889998105,
5a82b8e6bf,180,397,2779,27.79,4049.7182334304744,3.4092800970592534,82.2364446395934,10.797635537970194,
5a82b8e6bf,180,398,2786,27.86,4045.7278136091813,5.397891814170502,92.49044142442197,19.9032998870934,
5a82b8e6bf,180,399,2793,27.93,4030.290036496139,4.8854460744866754,94.4730281299504,13.057924948840022,
5a82b8e6bf,180,400,2800,28.0,4028.0614943695964,6.6209475327687874,99.29938264297522,22.567283106744483,
5a82b8e6bf,180,401,2807,28.07,4013.270513731507,6.378266312004579,95.7094175563686,15.656934406058015,
5a82b8e6bf,180,402,2814,28.14,3968.3634092261887,2.9104274041936398,97.04986785855118,17.293852325798692,
5a82b8e6bf,180,403,2821,28.21,3937.5206287676915,2.5870625383545662,91.7210873248652,13.21883999421471,
5a82b8e6bf,180,404,2828,28.28,3911.4394347632533,2.222594475707705,86.80927580610135,4.614959942655557,
5a82b8e6bf,180,405,2835,28.35,3908.4544491604634,3.642836053898736,88.08900656776126,14.61403706935932,
5a82b8e6bf,180,406,2842,28.42,3905.047411803204,3.4547044957915025,90.28580315504537,6.747286887697631,
5a82b8e6bf,180,407,2849,28.49,3898.6700615196637,2.013634857098551,87.3916788553846,12.965150045674312,
5a82b8e6bf,180,408,2856,28.56,3882.15695206835,2.1307735947186037,87.28371554281166,21.32464497928614,
5a82b8e6bf,180,409,2863,28.63,3861.5000091070706,3.431000674164557,89.81246473451162,17.246792652411607,
5a82b8e6bf,180,410,2870,28.7,3848.715938443625,1.8940497436009982,89.17104184298923,11.146973679861425,
5a82b8e6bf,180,411,2877,28.77,3829.800854270305,2.305974231037771,88.63344388488682,10.802686024838119,
5a82b8e6bf,180,412,2884,28.84,3829.3830964170743,2.163548831594261,88.54611851967881,9.987317311257762,
5a82b8e6bf,180,413,2891,28.91,3806.6425131688106,1.6847559906962009,84.32964904091956,14.233459078903453,
5a82b8e6bf,180,414,2898,28.98,3795.0642419353276,0.7446237058757506,83.6034664800898,5.451058590777075,
5a82b8e6bf,180,415,2905,29.05,3792.509087077347,6.080583298817406,83.31974569869936,30.026039821080275,
5a82b8e6bf,180,416,2912,29.12,3791.6282582484473,3.2541449763797345,92.75906829551386,10.168538658015969,
5a82b8e6bf,180,417,2919,29.19,3739.734575603085,1.4876131313419707,76.82224423786577,10.227574351879102,
5a82b8e6bf,180,418,2926,29.26,3729.1996454574487,3.9434643454011185,79.737923553223,19.749858660303467,
5a82b8e6bf,180,419,2933,29.33,3723.9192093204592,2.2306663154125723,92.17503202980325,10.43130945180369,
5a82b8e6bf,180,420,2940,29.4,3701.141697127994,3.115726385313763,81.56821902783282,13.024822378023034,
5a82b8e6bf,180,421,2947,29.47,3700.373921350607,2.404670878812457,84.19597410883964,14.893758448533111,
5a82b8e6bf,180,422,2954,29.54,3679.737375492249,1.2550485357445358,72.83387465177098,9.223967495912067,
5a82b8e6bf,180,423,2961,29.61,3673.3691401728784,0.7401158422349964,75.64022038447258,5.123790111199568,
5a82b8e6bf,180,424,2968,29.68,3671.776433467187,1.6251254054648405,75.81169411500105,15.784538238663815,
5a82b8e6bf,180,425,2975,29.75,3658.5695021503143,1.6165268879643502,75.78487487184759,14.953577817688979,
5a82b8e6bf,180,426,2982,29.82,3648.5213551123243,1.581557427937338,73.08237983085324,13.086190348390211,
5a82b8e6bf,180,427,2989,29.89,3638.6531408997703,1.4269393614727819,75.76693142540323,13.814059294717259,
5a82b8e6bf,180,428,2996,29.96,3630.9668789116113,1.3512946858954287,79.19134761070002,10.295740006138942,
5a82b8e6bf,180,429,3003,30.03,3625.231107678902,0.919423715161872,76.5592051887926,6.334602741276102,
5a82b8e6bf,180,430,3010,30.1,3621.81266302487,1.7828240744546897,77.7018507830858,17.902417393154003,
5a82b8e6bf,180,431,3017,30.17,3608.993819019593,3.6729920112826884,77.3927866552858,16.415142538223307,
5a82b8e6bf,180,432,3024,30.24,3592.1093426792563,3.1445249830088122,79.93804003988323,12.256840644710657,
5a82b8e6bf,180,433,3031,30.31,3577.3465065956348,3.1800571850004182,78.1015657574452,13.813203553544266,
5a82b8e6bf,180,434,3038,30.38,3575.8764324189274,1.6887986391159848,82.15674021865276,6.343651879296204,
5a82b8e6bf,180,435,3045,30.45,3561.688639763172,3.182290632115932,76.5250045290511,11.968786881100572,
5a82b8e6bf,180,436,3052,30.52,3555.2103495327915,2.2645759763622197,82.7767642742427,17.35741496475847,
5a82b8e6bf,180,437,3059,30.59,3529.831194774361,1.7794132642838,75.61515548634524,1.7338903341163536,
5a82b8e6bf,180,438,3066,30.66,3524.97527874583,0.99045167200633,78.6008716664247,9.100320068516687,
5a82b8e6bf,180,439,3073,30.73,3520.647561739049,3.064877877090287,77.50605426119654,12.120558272763953,
5a82b8e6bf,180,440,3080,30.8,3505.933073803603,4.131171678568695,81.37011021662082,18.829984028474318,
5a82b8e6bf,180,441,3087,30.87,3494.818379744239,3.7747469559229034,83.47135728108199,10.951416465973422,
5a82b8e6bf,180,442,3094,30.94,3493.7557731601046,2.805254580782049,83.8149161130126,20.298947913096914,
5a82b8e6bf,180,443,3101,31.01,3469.495171335262,1.6267322419827521,76.85535757995376,12.91204275805427,
5a82b8e6bf,180,444,3108,31.08,3455.9488330480744,3.521942158092519,71.43470754421531,15.584682746097945,
5a82b8e6bf,180,445,3115,31.15,3452.388508305195,1.9688549576605088,79.0192413168628,9.986820215340567,
5a82b8e6bf,180,446,3122,31.22,3435.1940653129823,1.2166549956418125,70.63145694005676,11.488204525549385,
5a82b8e6bf,180,447,3129,31.29,3427.9658826771206,2.226887952015455,71.95686917999564,9.793721813268816,
5a82b8e6bf,180,448,3136,31.36,3425.4245888043183,4.942231854415833,76.39628911489407,22.85391557748062,
5a82b8e6bf,180,449,3143,31.43,3420.3554619071333,3.723353150184173,85.28593844793444,21.883411555160674,
5a82b8e6bf,180,450,3150,31.5,3365.8535940848633,1.5727557415428195,71.28901904265581,13.417808176989492,
5a82b8e6bf,180,451,3157,31.57,3358.037543901077,1.582373423545363,69.52367833621227,12.381428708937024,
5a82b8e6bf,180,452,3164,31.64,3350.5637431960954,1.9435293267051976,70.37445609384186,17.561633361356545,
5a82b8e6bf,180,453,3171,31.71,3332.6798465015067,1.6119111449876247,70.45636156359,4.073479304297051,
5a82b8e6bf,180,454,3178,31.78,3321.453144726792,3.6015104359774592,71.13443701134612,17.540451824719383,
5a82b8e6bf,180,455,3185,31.85,3312.586571410014,4.295789196131724,74.40337235790537,12.052407723142931,
5a82b8e6bf,180,456,3192,31.92,3308.604377874292,2.4203363913339286,81.59385787643903,17.700293913881673,
5a82b8e6bf,180,457,3199,31.99,3280.1603848579607,1.867838671110823,72.76340321973954,6.82906887888469,
5a82b8e6bf,180,458,3206,32.06,3277.3569974066877,2.407711477170794,75.92141675196042,19.960030828798136,
5a82b8e6bf,180,459,3213,32.13,3252.311796161057,0.4658834884898791,69.96563242399655,0.5453158310303541,
5a82b8e6bf,180,460,3220,32.2,3251.319912414079,1.378107267389295,69.14493050469689,13.6373996320762,
5a82b8e6bf,180,461,3227,32.27,3242.3958608838157,1.4315429270141642,69.10260541047703,14.560336784844162,
5a82b8e6bf,180,462,3234,32.34,3232.3415436376163,0.23751175890659498,66.28528923321234,1.0990549411921984,
5a82b8e6bf,180,463,3241,32.41,3232.103178140747,4.239038951094995,66.02354505576763,21.133479979090332,
5a82b8e6bf,180,464,3248,32.48,3230.8860842140434,2.4844367479699496,78.65307116548217,10.237374422262857,
5a82b8e6bf,180,465,3255,32.55,3203.422829993,2.8145736353200843,68.47590350305445,7.366910632683797,
5a82b8e6bf,180,466,3262,32.62,3196.910513136026,1.7838599571448779,70.02215508182496,7.4647441544761195,
5a82b8e6bf,180,467,3269,32.69,3187.1930634024743,1.39990953153781,67.65007681351457,10.193910083042445,
5a82b8e6bf,180,468,3276,32.76,3180.6562899118794,0.604086441186844,68.37651922089003,2.0149745785644178,
5a82b8e6bf,180,469,3283,32.83,3179.7304119353334,0.8737046096953132,66.07410457726384,7.7810608210721695,
5a82b8e6bf,180,470,3290,32.9,3177.0336004385363,0.8251407797133131,68.33803057335577,7.363597890052942,
5a82b8e6bf,180,471,3297,32.97,3176.1103200311354,1.6914801795631642,67.28139344879914,10.64673922524212,
5a82b8e6bf,180,472,3304,33.04,3162.4628670766965,1.3097601788624595,69.59466643549035,8.117063983208418,
5a82b8e6bf,180,473,3311,33.11,3157.651682785282,1.924507953417513,70.3610148578156,8.794273233808408,
5a82b8e6bf,180,474,3318,33.18,3140.869868376023,1.4386347858612678,69.8659023305872,14.400382566782673,
5a82b8e6bf,180,475,3325,33.25,3132.2683474165856,0.6218198126709416,66.16870160902306,3.6180622304407284,
5a82b8e6bf,180,476,3332,33.32,3130.4634732080735,2.039913703171317,67.08025655182739,8.951893856821535,
5a82b8e6bf,180,477,3339,33.39,3126.9634514221866,3.2303654460094493,67.85231627588038,13.45894604566402,
5a82b8e6bf,180,478,3346,33.46,3115.4222591575835,1.801839877843419,67.6010477436842,11.615944106917953,
5a82b8e6bf,180,479,3353,33.53,3100.1514261577477,1.0416745047932767,66.12161646868417,8.703833764241198,
5a82b8e6bf,180,480,3360,33.6,3095.536046540326,2.4924401061125314,65.95838348793473,11.63348835661508,
5a82b8e6bf,180,481,3367,33.67,3094.3931035767446,1.619557957844852,70.02286313827616,9.992280957559494,
5a82b8e6bf,180,482,3374,33.74,3083.025185392952,1.3756430792278163,69.57547051858297,11.835538758215227,
5a82b8e6bf,180,483,3381,33.81,3076.8442298750892,2.1223982599556757,66.77336493170961,19.309128767650943,
5a82b8e6bf,180,484,3388,33.88,3059.313292335547,1.5929881825751275,66.01724468238345,13.264928205451916,
5a82b8e6bf,180,485,3395,33.95,3052.9907168411473,1.4834081388202212,63.892844605691,12.979407075699806,
5a82b8e6bf,180,486,3402,34.02,3045.7839246057015,1.4207928441226634,65.61297350721767,12.6037822675414,
5a82b8e6bf,180,487,3409,34.09,3037.544675098856,1.7126072760683893,63.73685457004395,13.624921575570557,
5a82b8e6bf,180,488,3416,34.16,3023.703267913386,0.6907040691905945,62.11498229526677,2.608172447894544,
5a82b8e6bf,180,489,3423,34.23,3021.8048562988547,2.404619959072427,62.64603786823903,11.384656916559784,
5a82b8e6bf,180,490,3430,34.3,3021.4465371904193,2.3210323368381385,67.6325757679192,3.4806742977522074,
5a82b8e6bf,180,491,3437,34.37,3020.1163531292214,4.124562915166613,63.27412656386176,17.61325671518255,
5a82b8e6bf,180,492,3444,34.44,3016.412380631345,2.112408280709497,73.3771899211161,9.970932448542136,
5a82b8e6bf,180,493,3451,34.51,2996.7661580878826,1.0502382075305492,64.05626918757521,5.967779238825985,
5a82b8e6bf,180,494,3458,34.58,2991.4487251360943,1.2601191627995068,61.589364797318304,12.348047186730838,
5a82b8e6bf,180,495,3465,34.65,2986.8482346349074,0.905745879431906,63.29567010364065,2.7929747638543176,
5a82b8e6bf,180,496,3472,34.72,2983.367475154213,1.070322457171951,61.89936027896746,9.130136139506952,
5a82b8e6bf,180,497,3479,34.79,2978.886269725812,1.3734258242292003,67.07486471259092,6.573050710224371,
5a82b8e6bf,180,498,3486,34.86,2978.1107530647378,1.0778759532136337,63.58295810594393,8.21119736264447,
5a82b8e6bf,180,499,3493,34.93,2973.1514990052997,1.2767366443707915,66.14899296476017,12.149081874725889,
5a82b8e6bf,180,500,3500,35.0,2964.895702850416,1.219704339943335,66.47368312909471,7.2237443739747125,
5a82b8e6bf,180,501,3507,35.07,2958.0701826565996,1.2827167485083317,68.50603805933328,6.371263906544195,
5a82b8e6bf,180,502,3514,35.14,2957.739615208164,2.900134920194688,69.6159101163596,13.513764648412439,
5a82b8e6bf,180,503,3521,35.21,2953.445570469722,1.810159606896009,77.23947669726147,14.976006459706904,
5a82b8e6bf,180,504,3528,35.28,2939.71218299346,1.9686040860664047,70.84783506708433,18.97841223417072,
5a82b8e6bf,180,505,3535,35.35,2924.5440211915216,2.6712125505210835,68.53498617687308,11.043323106585383,
5a82b8e6bf,180,506,3542,35.42,2923.2902458607537,1.4895381063669033,67.72654407349128,7.397083234852961,
5a82b8e6bf,180,507,3549,35.49,2912.7323740916327,3.008316050470129,66.81660768751695,11.695109721641023,
5a82b8e6bf,180,508,3556,35.56,2910.8223204421347,3.3117891716227295,72.612321160805,8.751383185241188,
5a82b8e6bf,180,509,3563,35.63,2908.2298397065347,2.0002382304401634,67.50191388247768,9.317708851414594,
5a82b8e6bf,180,510,3570,35.7,2889.170326884938,2.2065287724833107,65.41607694103685,10.37991217574968,
5a82b8e6bf,180,511,3577,35.77,2886.792724388055,2.4187428812882796,64.00219744697517,8.05639677304002,
5a82b8e6bf,180,512,3584,35.84,2881.0571581675,1.3284304250102317,62.118715177128124,8.5314852067667,
5a82b8e6bf,180,513,3591,35.91,2873.731205871757,1.0358375832164157,61.80449371949418,6.625176242678722,
5a82b8e6bf,180,514,3598,35.98,2869.5438950938074,0.7584242824082744,60.51958147776044,6.889147760525821,
5a82b8e6bf,180,515,3605,36.05,2866.6132455736374,2.5804390010040406,60.97691197828454,12.695274232942097,
5a82b8e6bf,180,516,3612,36.12,2865.6574097221796,1.5180137754638918,70.05651567886878,3.57401928458041,
5a82b8e6bf,180,517,3619,36.19,2856.038668957808,0.7224245499765797,63.19405793353601,6.672351018697335,
5a82b8e6bf,180,518,3626,36.26,2854.5232152670155,0.860419271561325,63.56266818135863,8.289784408761937,
5a82b8e6bf,180,519,3633,36.33,2851.044737622405,1.1556462879697655,62.6277701692007,11.250180856755781,
5a82b8e6bf,180,520,3640,36.4,2847.36841841034,1.769282078840419,63.45116150464819,16.874778085792226,
5a82b8e6bf,180,521,3647,36.47,2834.1626957182434,1.2590713011297876,65.63454645659937,10.441809841575855,
5a82b8e6bf,180,522,3654,36.54,2828.315000415587,0.6169374857083284,66.06124863637831,4.188928043150759,
5a82b8e6bf,180,523,3661,36.61,2827.003502569538,2.3444584691600108,67.20505415955259,10.621987108103022,
5a82b8e6bf,180,524,3668,36.68,2826.969606490849,1.6469863184609397,72.07843489037451,7.780696540148749,
5a82b8e6bf,180,525,3675,36.75,2813.1022242385257,1.5081103418356732,69.74613705751224,9.457047200539945,
5a82b8e6bf,180,526,3682,36.82,2803.429908510888,1.1855106393728168,72.91134379302994,9.48608744591046,
5a82b8e6bf,180,527,3689,36.89,2797.9874825098327,1.3808087674991067,68.26981572483388,5.183362882079368,
5a82b8e6bf,180,528,3696,36.96,2797.7335218488,1.7906983265764491,70.2391460565772,16.01700055992129,
5a82b8e6bf,180,529,3703,37.03,2782.3724039013073,1.1420747056413063,67.17475742438654,10.102060049612497,
5a82b8e6bf,180,530,3710,37.1,2777.8410348727452,1.0038470236051875,65.89220255537,8.910064530595566,
5a82b8e6bf,180,531,3717,37.17,2773.9391238195863,1.0924098178425843,67.0849512467919,10.05473908310549,
5a82b8e6bf,180,532,3724,37.24,2768.1107754582135,1.0345187209239028,67.49681679860461,1.4639188825782283,
5a82b8e6bf,180,533,3731,37.31,2763.218478536349,1.386629979507754,63.2162458289731,13.580793387190834,
5a82b8e6bf,180,534,3738,37.38,2754.16876472461,1.872996715358452,64.12782954440829,18.985940474342346,
5a82b8e6bf,180,535,3745,37.45,2740.365446433527,2.9832655948467446,61.11906855661019,8.816899251249168,
5a82b8e6bf,180,536,3752,37.52,2737.629673377232,2.110982267805444,66.82294979947181,14.924907726856599,
5a82b8e6bf,180,537,3759,37.59,2716.4429807710894,0.8739744002949695,61.74048736573101,8.115893518993966,
5a82b8e6bf,180,538,3766,37.66,2712.5337309642223,0.792063815410736,61.33899075558208,7.994453849337359,
5a82b8e6bf,180,539,3773,37.73,2709.4948174999345,0.3468217290315421,61.11622649142576,2.814349438344259,
5a82b8e6bf,180,540,3780,37.8,2708.9525934938474,1.184772091091691,60.83026729672,3.8610155864310483,
5a82b8e6bf,180,541,3787,37.87,2708.8535643066966,1.2889563734034721,61.296106095832535,5.971832090004832,
5a82b8e6bf,180,542,3794,37.94,2701.5600791919514,2.9242784857988293,60.98708427677712,14.186653314648387,
5a82b8e6bf,180,543,3801,38.01,2697.7911660679215,3.496890915535708,64.480825424031,12.168064858808439,
5a82b8e6bf,180,544,3808,38.08,2697.5462421310162,3.8085051098453806,67.95990251574001,13.982057431806384,
5a82b8e6bf,180,545,3815,38.15,2682.599358950611,3.3422003491840258,65.59225036848296,9.725735335123451,
5a82b8e6bf,180,546,3822,38.22,2679.9664455919456,1.9581700342302264,66.4466516995688,13.57503871886572,
5a82b8e6bf,180,547,3829,38.29,2663.7061852104493,0.9948078050454736,61.57083330091258,7.769424616215123,
5a82b8e6bf,180,548,3836,38.36,2659.013630034853,0.6561602534310595,60.580967936813884,6.160404333554159,
5a82b8e6bf,180,549,3843,38.43,2657.555159671381,1.5324464084565677,60.2836189487296,13.54125054608615,
5a82b8e6bf,180,550,3850,38.5,2646.228560292061,0.8969855601973628,58.11980722037345,8.975260096767506,
5a82b8e6bf,180,551,3857,38.57,2643.1772426576113,1.1386887338204643,57.494301143257196,10.968665876872713,
5a82b8e6bf,180,552,3864,38.64,2636.9312402623486,1.413006592119834,57.93398904728745,3.105187219765424,
5a82b8e6bf,180,553,3871,38.71,2635.9862002150408,1.0735339422880203,55.73664668304707,9.189732630935062,
5a82b8e6bf,180,554,3878,38.78,2631.2423576533924,2.7834565905811397,56.56154585145892,9.988634356062013,
5a82b8e6bf,180,555,3885,38.85,2625.8072598287745,3.0037993011819273,58.14219728863711,10.25440567084651,
5a82b8e6bf,180,556,3892,38.92,2623.459251002505,2.539092874996804,58.39617061800938,21.323530497374815,
5a82b8e6bf,180,557,3899,38.99,2597.314754473788,1.546316586475539,58.04839233511728,10.719581831186428,
5a82b8e6bf,180,558,3906,39.06,2585.3446492787175,0.6538418366748706,59.557196842216186,4.901316390241756,
5a82b8e6bf,180,559,3913,39.13,2583.4097476179863,1.7012647856557437,59.03132449476422,15.969660185539537,
5a82b8e6bf,180,560,3920,39.2,2570.338002943618,1.330739579232438,60.99800983586081,13.133605468822207,
5a82b8e6bf,180,561,3927,39.27,2563.0556670002034,1.6117589498949456,61.93528225323553,15.978429221211949,
5a82b8e6bf,180,562,3934,39.34,2556.6252398901565,1.3309208619136568,57.5240803941623,10.444575480567073,
5a82b8e6bf,180,563,3941,39.41,2551.060458794185,1.0405585950714191,58.135327647136876,3.347302666404821,
5a82b8e6bf,180,564,3948,39.48,2547.346528755126,1.786147806145701,56.827434661164794,7.5642926725398,
5a82b8e6bf,180,565,3955,39.55,2546.8785677061455,3.3942934241990788,59.13172231519002,13.752113732633534,
5a82b8e6bf,180,566,3962,39.62,2541.8718403681264,1.8818574269416526,64.26246780387777,14.058962742791277,
5a82b8e6bf,180,567,3969,39.69,2525.0883510662206,2.7631389953805296,62.308655683971445,12.76204273129385,
5a82b8e6bf,180,568,3976,39.76,2519.924313525776,3.2360941539548165,62.48117497810962,1.5115334754954957,
5a82b8e6bf,180,569,3983,39.83,2511.2643795468693,2.036398317187602,63.548950834882795,14.847215838676552,
5a82b8e6bf,180,570,3990,39.9,2500.6222068851375,1.315665732570892,61.805929977376145,7.166985591917084,
5a82b8e6bf,180,571,3997,39.97,2495.8025120733314,1.8656032867814074,59.34035626388023,15.911853481654324,
5a82b8e6bf,180,572,4004,40.04,2478.295869746267,0.876482307787635,60.30833677882553,6.125591291281099,
5a82b8e6bf,180,573,4011,40.11,2474.491489798194,1.9513259196350343,60.240397438912346,5.402721382831767,
5a82b8e6bf,180,574,4018,40.18,2471.616042169817,1.253921410565349,65.24754532554047,8.368720152877819,
5a82b8e6bf,180,575,4025,40.25,2464.5296188638963,1.5616845185099117,61.57083113837347,7.244910200224382,
5a82b8e6bf,180,576,4032,40.32,2462.7863508308064,1.7232203933734385,66.73746218936098,15.11677958617185,
5a82b8e6bf,180,577,4039,40.39,2450.7544054521677,2.426995642780003,63.34540952095193,7.127897307518721,
5a82b8e6bf,180,578,4046,40.46,2449.85473839752,1.5182837411981684,65.63157461953857,3.378844559949388,
5a82b8e6bf,180,579,4053,40.53,2442.3122484413216,0.9452678875695055,62.68717193115002,8.08173490647682,
5a82b8e6bf,180,580,4060,40.6,2439.0113914149197,1.4572490604675712,63.5134622933816,12.293680007014794,
5a82b8e6bf,180,581,4067,40.67,2430.5686234093764,1.3008861605394133,64.71169470836746,12.413924879875786,
5a82b8e6bf,180,582,4074,40.74,2422.4925082218365,3.3500942340258546,63.99734301721351,16.77265424047403,
5a82b8e6bf,180,583,4081,40.81,2421.9046134729333,2.062605250569965,75.97516411606186,11.777188344316516,
5a82b8e6bf,180,584,4088,40.88,2403.1243604815954,1.2788946463106428,63.84332770217218,10.643884608364104,
5a82b8e6bf,180,585,4095,40.95,2398.4642686155225,1.5543654414581047,62.90033725011602,13.766865348839197,
5a82b8e6bf,180,586,4102,41.02,2390.5704062507752,1.7719967276034123,63.21484519114428,16.49111216760383,
5a82b8e6bf,180,587,4109,41.09,2378.315277593893,1.1087529572079498,59.13020376423289,7.5459471230789426,
5a82b8e6bf,180,588,4116,41.16,2373.647357715529,0.9676774549435879,58.044854305804684,7.725634193096212,
5a82b8e6bf,180,589,4123,41.23,2369.6222865369245,0.67411451157506,56.70144895203473,5.106955792217092,
5a82b8e6bf,180,590,4130,41.3,2367.8615885885083,2.429558405401886,56.45871628679589,9.622995212141431,
5a82b8e6bf,180,591,4137,41.37,2365.6064843856734,1.5062763793923761,63.10469276341999,10.781944497712024,
5a82b8e6bf,180,592,4144,41.44,2354.8825265965365,0.9775445041105854,58.3004554002597,8.875617116293355,
5a82b8e6bf,180,593,4151,41.51,2350.9006643675393,1.0989596547783325,58.64748251963465,10.807664660852199,
5a82b8e6bf,180,594,4158,41.58,2345.4099313684223,0.4640463775848894,55.855862833146574,3.704196821298876,
5a82b8e6bf,180,595,4165,41.65,2344.355929858298,0.9026056799059597,56.074576393771714,7.790235638567615,
5a82b8e6bf,180,596,4172,41.72,2341.2927259604703,1.8614287167238415,55.79755626127083,17.89079067403191,
5a82b8e6bf,180,597,4179,41.79,2323.848933580807,0.6692308673460191,57.68305936372358,3.229205609119218,
5a82b8e6bf,180,598,4186,41.86,2321.857830722432,1.1876508744602081,56.48872601530761,9.3093455161358,
5a82b8e6bf,180,599,4193,41.93,2315.2202363653823,0.4400724091045032,61.126576821727376,3.701820541782651,
5a82b8e6bf,180,600,4200,42.0,2314.494423593259,2.071897338238225,60.146227056225065,10.306419006986497,
5a82b8e6bf,180,601,4207,42.07,2313.4546442190044,1.5349888947467552,63.89580180282553,10.04325523568107,
5a82b8e6bf,180,602,4214,42.14,2303.43448009916,2.2104988699021533,60.11221750912419,20.547560271597575,
5a82b8e6bf,180,603,4221,42.21,2279.6134658562137,1.4458725574144713,62.09681874188382,6.290054161242721,
5a82b8e6bf,180,604,4228,42.28,2269.908207750275,1.0540801753001385,62.143532650179566,7.613722208866719,
5a82b8e6bf,180,605,4235,42.35,2264.5837636702345,1.0579277625714787,60.84143515509232,9.7658806035842,
5a82b8e6bf,180,606,4242,42.42,2259.3077335764133,1.5072466291381286,59.11405466242204,10.559321532653975,
5a82b8e6bf,180,607,4249,42.49,2248.8458521162493,1.1816069010920895,63.647079347710424,7.029942129038773,
5a82b8e6bf,180,608,4256,42.56,2243.8662582149796,1.1616129183932336,60.835747756046615,9.947753866275916,
5a82b8e6bf,180,609,4263,42.63,2238.037286518482,1.2769295542559558,60.891917412666764,11.428616593424783,
5a82b8e6bf,180,610,4270,42.7,2230.0195422747015,0.8747438136255345,56.89749633307691,7.425906490759886,
5a82b8e6bf,180,611,4277,42.77,2227.29913564574,0.904507253413717,57.18240221653083,8.430402516587755,
5a82b8e6bf,180,612,4284,42.84,2225.082850473836,1.750975610076232,57.97174634071736,16.7881913659744,
5a82b8e6bf,180,613,4291,42.91,2211.524377433287,2.188201743527735,56.8794385350514,7.248060318100616,
5a82b8e6bf,180,614,4298,42.98,2211.193774122498,1.2572256575188405,61.85616966978145,6.970140314267762,
5a82b8e6bf,180,615,4305,43.05,2205.563671110284,0.7096585794126494,58.69968743504417,3.172313787685394,
5a82b8e6bf,180,616,4312,43.12,2204.6840160419533,1.410724882745482,57.89605786225285,13.380511808233768,
5a82b8e6bf,180,617,4319,43.19,2196.487221659456,1.2343221928160852,58.727348298295574,11.639078714812054,
5a82b8e6bf,180,618,4326,43.26,2190.966572927942,0.8454114280700737,58.17218259277065,5.32518716852366,
5a82b8e6bf,180,619,4333,43.33,2187.748293344375,0.526551823054002,59.404549405110345,5.143772019518479,
5a82b8e6bf,180,620,4340,43.4,2186.610489890508,1.1208171677012906,58.52331479576428,7.08905477371605,
5a82b8e6bf,180,621,4347,43.47,2182.4471998373174,0.915853835458867,59.29127011704469,5.78388465177553,
5a82b8e6bf,180,622,4354,43.54,2179.1397155750747,1.1618463703943647,60.014951533353134,11.231777988805234,
5a82b8e6bf,180,623,4361,43.61,2173.367638080382,0.889155482006901,59.22457307810827,8.360362119852764,
5a82b8e6bf,180,624,4368,43.68,2170.0848522172428,0.7515512552696264,57.199377514417726,6.767827438751455,
5a82b8e6bf,180,625,4375,43.75,2167.769247778231,1.538756272806665,57.22144559086354,14.655768255167041,
5a82b8e6bf,180,626,4382,43.82,2156.441141638246,0.8158507154552663,58.440139128992506,7.055471983692422,
5a82b8e6bf,180,627,4389,43.89,2153.1916058084125,1.168093654916328,57.80534704892033,5.859332100678068,
5a82b8e6bf,180,628,4396,43.96,2152.7976410845413,0.5922466571066999,59.719686613079666,2.6041537346124826,
5a82b8e6bf,180,629,4403,44.03,2151.139536346435,1.2234251811102637,58.603151111099606,11.982924883977793,
5a82b8e6bf,180,630,4410,44.1,2143.5919964417767,1.1312515184793726,57.6053725969057,7.94069140473728,
5a82b8e6bf,180,631,4417,44.17,2137.7326717162696,0.7008682539500121,57.60789678781108,6.277858340161892,
5a82b8e6bf,180,632,4424,44.24,2135.5432143253565,1.2330007033753037,57.01890500975878,5.059436465823928,
5a82b8e6bf,180,633,4431,44.31,2134.414682440544,1.5717760535337502,54.316306680593584,9.883648217961966,
5a82b8e6bf,180,634,4438,44.38,2124.4745403350885,1.287234123597074,53.401786109067004,12.67647969822835,
5a82b8e6bf,180,635,4445,44.45,2117.282538535103,1.1672638579857715,53.64079589855082,11.459772592453266,
5a82b8e6bf,180,636,4452,44.52,2111.327728141985,0.624788202783493,53.44226253576179,5.873179831153275,
5a82b8e6bf,180,637,4459,44.59,2109.5845384082213,1.26014058101986,52.217848923356144,11.902413933047029,
5a82b8e6bf,180,638,4466,44.66,2102.6534583809744,0.9982799808804705,50.57394989054968,9.015569693746514,
5a82b8e6bf,180,639,4473,44.73,2098.3195492201617,1.3603475207044324,50.859665973828314,8.178585753096836,
5a82b8e6bf,180,640,4480,44.8,2090.71100941891,0.714558692059095,51.21509801789287,6.462180244981335,
5a82b8e6bf,180,641,4487,44.87,2088.3516997251454,0.3363963850569523,50.90316671683865,2.7419340638554988,
5a82b8e6bf,180,642,4494,44.94,2087.8918396334884,1.6567948856244217,50.368668818267416,10.589256800233022,
5a82b8e6bf,180,643,4501,45.01,2079.317122809957,1.0440057792554622,48.40888975025835,4.208193738961059,
5a82b8e6bf,180,644,4508,45.08,2074.7277907721896,1.8881375258391802,47.57411250243793,8.652270158688074,
5a82b8e6bf,180,645,4515,45.15,2074.408577423874,1.2901986830441712,55.00436268408127,4.124687839581142,
5a82b8e6bf,180,646,4522,45.22,2067.765988923045,1.1145756022854194,49.06984855067942,10.526719282161594,
5a82b8e6bf,180,647,4529,45.29,2063.1763398378594,1.5925238035665428,49.904042630709014,15.186194519817919,
5a82b8e6bf,180,648,4536,45.36,2051.111889589128,1.214852668934737,49.391343239669126,11.60581732843671,
5a82b8e6bf,180,649,4543,45.43,2045.1725080890283,1.7259687453330015,52.19963220056345,7.394635366745463,
5a82b8e6bf,180,650,4550,45.5,2044.1447003192875,1.2690990382144844,50.70519575053565,10.184594483827864,
5a82b8e6bf,180,651,4557,45.57,2035.8701174056798,1.132296338310126,52.853770580021944,10.83325065341152,
5a82b8e6bf,180,652,4564,45.64,2030.4992799540858,1.077334243829207,51.111197124862116,9.698760688426491,
5a82b8e6bf,180,653,4571,45.71,2026.917750020698,0.8084121531922183,52.96327684693155,6.693789153721344,
5a82b8e6bf,180,654,4578,45.78,2024.3729949313731,2.463406894473031,51.266214644779154,8.849127467826877,
5a82b8e6bf,180,655,4585,45.85,2023.7596391111113,3.1304915759593643,57.69846684074995,3.204682043143101,
5a82b8e6bf,180,656,4592,45.92,2017.1318899559055,3.0892894936458903,55.16574078626491,10.11544056693138,
5a82b8e6bf,180,657,4599,45.99,2013.6581469063644,3.6236620041287106,57.94788319627362,13.061074486221726,
5a82b8e6bf,180,658,4606,46.06,2010.9709401985594,2.0989698963367474,61.34572512336245,13.90449332397396,
5a82b8e6bf,180,659,4613,46.13,1992.5786363792079,2.740846859537561,56.4689545239648,9.788719132692476,
5a82b8e6bf,180,660,4620,46.2,1986.450876344413,1.9654049008976633,58.292466303756996,12.699211759369119,
5a82b8e6bf,180,661,4627,46.27,1967.8104341041662,1.3109045248020146,51.99903454351058,12.398741189826048,
5a82b8e6bf,180,662,4634,46.34,1960.5582547362478,0.878116516014892,50.463890683982434,7.877193884445903,
5a82b8e6bf,180,663,4641,46.41,1957.0198727765774,1.327476327296831,52.01654524143499,13.248332378881072,
5a82b8e6bf,180,664,4648,46.48,1948.5770088307445,2.5356787743393063,52.29570030353839,11.843203167538142,
5a82b8e6bf,180,665,4655,46.55,1945.6603977582238,1.3661771146809951,60.92034845133799,5.869548824643166,
5a82b8e6bf,180,666,4662,46.62,1936.4159620302341,1.3040324104246952,56.27149995547164,11.880518705563116,
5a82b8e6bf,180,667,4669,46.69,1928.445276926294,0.6027551731632289,53.13880999695614,5.507366688377295,
5a82b8e6bf,180,668,4676,46.76,1926.5688153708286,1.1861084076920654,54.15310937597225,7.25382216457272,
5a82b8e6bf,180,669,4683,46.83,1920.3668558053332,1.1523190472542848,52.71325233162661,4.984558167042854,
5a82b8e6bf,180,670,4690,46.9,1919.92637592068,0.8236330575604645,55.283181002459195,5.744504040108886,
5a82b8e6bf,180,671,4697,46.97,1917.271558733376,0.38559698389049557,53.3628272172272,3.3595240059792557,
5a82b8e6bf,180,672,4704,47.04,1916.6638555367126,1.4562743164278087,53.061191257313986,12.548688064744505,
5a82b8e6bf,180,673,4711,47.11,1907.1945935697318,1.066006294635495,55.75365221036512,5.773974732356497,
5a82b8e6bf,180,674,4718,47.18,1902.8881550036156,1.0158728380796982,56.53814646749364,6.972792488200015,
5a82b8e6bf,180,675,4725,47.25,1898.95000415116,0.8755027605367293,55.658236982938185,6.398796611258612,
5a82b8e6bf,180,676,4732,47.32,1895.6530792288654,1.0509232213075725,54.50210639172866,8.706160953919678,
5a82b8e6bf,180,677,4739,47.39,1891.5837035856246,2.6490519477058125,53.113231430583554,13.478934166555915,
5a82b8e6bf,180,678,4746,47.46,1888.182555842066,2.0520999158347926,63.32322434883624,11.384589059993498,
5a82b8e6bf,180,679,4753,47.53,1871.98472916646,0.9013291525560555,51.55415682937935,6.596587792987084,
5a82b8e6bf,180,680,4760,47.6,1868.0281807532385,0.990820793572154,51.921438851031155,3.6359701341848605,
5a82b8e6bf,180,681,4767,47.67,1867.9359454000917,1.2406960465869066,53.59988891929578,3.3326350143326837,
5a82b8e6bf,180,682,4774,47.74,1867.5495594591112,2.7241692425557003,51.31079937213946,13.1934659716963,
5a82b8e6bf,180,683,4781,47.81,1864.7870239165582,3.289526795574042,58.668931292911125,10.372930793581396,
5a82b8e6bf,180,684,4788,47.88,1864.0459151425218,2.374776004879514,60.349792289319396,17.399356788890078,
5a82b8e6bf,180,685,4795,47.95,1838.0404731057276,1.2719048741508414,55.83669967871039,11.64831018880507,
5a82b8e6bf,180,686,4802,48.02,1831.1215559670422,0.9016509847720295,56.306719058192506,6.778122950628492,
5a82b8e6bf,180,687,4809,48.09,1828.2001130977449,1.4644483800026307,56.23425944904066,14.340968397154876,
5a82b8e6bf,180,688,4816,48.16,1820.7320860914103,1.370697560330678,58.21316531486102,10.110496786756652,
5a82b8e6bf,180,689,4823,48.23,1818.3293699265753,1.164822636359229,59.613521619699526,5.955250840524119,
5a82b8e6bf,180,690,4830,48.3,1815.840447752005,1.1348268527944918,56.75369628604773,7.835259240603783,
5a82b8e6bf,180,691,4837,48.37,1810.0877424473429,1.1307273976587249,56.62075701263067,10.64589128603554,
5a82b8e6bf,180,692,4844,48.44,1805.194545759767,0.5368894533444848,56.218622751369274,1.1109078479102241,
5a82b8e6bf,180,693,4851,48.51,1804.6252528481227,3.5849684587322357,56.29719741264447,17.679334438190807,
5a82b8e6bf,180,694,4858,48.58,1799.9883277458998,2.1013923970823933,64.71704091097466,14.457762333150466,
5a82b8e6bf,180,695,4865,48.65,1784.9231769899493,1.9860962988552855,57.268035888867914,12.019792830234952,
5a82b8e6bf,180,696,4872,48.72,1772.8428252167632,1.0446902463092558,52.51596620917032,3.5502186673771594,
5a82b8e6bf,180,697,4879,48.79,1769.4066749138326,1.0974789033682881,50.521366051887654,5.654534781340237,
5a82b8e6bf,180,698,4886,48.86,1764.186198728421,0.6198142027265618,49.99757786859232,4.098889590104851,
5a82b8e6bf,180,699,4893,48.93,1763.3831471192746,0.6165204341321278,49.288602414191296,3.3157565391102053,
5a82b8e6bf,180,700,4900,49.0,1762.2539035683176,0.43169214385188676,49.80734482587768,2.9303351492549488,
5a82b8e6bf,180,701,4907,49.07,1761.8330697974575,0.4091298124623815,49.25017710181212,2.6136220083430866,
5a82b8e6bf,180,702,4914,49.14,1761.1962869844822,1.2845220033587585,49.54949309477506,8.75075013142333,
5a82b8e6bf,180,703,4921,49.21,1755.7601406437727,2.3853117746983856,50.93263315431726,10.679645250780725,
5a82b8e6bf,180,704,4928,49.28,1754.5918182663258,1.1928199343521348,53.525595062525085,4.742272197583453,
5a82b8e6bf,180,705,4935,49.35,1748.2454201513963,0.8984640508164861,51.10556019770001,7.341061084810424,
5a82b8e6bf,180,706,4942,49.42,1744.7436642325044,2.091084397523874,51.094776077824584,10.1442048371876,
5a82b8e6bf,180,707,4949,49.49,1743.021023580445,1.2755762762524667,55.200191682313545,6.14179763581577,
5a82b8e6bf,180,708,4956,49.56,1736.398816404467,1.2719433116477192,52.78066219444932,12.68912275918117,
5a82b8e6bf,180,709,4963,49.63,1731.803311558406,1.421603653729102,53.121565166967116,6.64921840323004,
5a82b8e6bf,180,710,4970,49.7,1722.0524625779544,0.7092552149537518,46.81576685133636,6.4410135016606365,
5a82b8e6bf,180,711,4977,49.77,1719.6327671877002,1.1989796566520894,48.57849059706607,11.841537070960387,
5a82b8e6bf,180,712,4984,49.84,1713.5906431671679,2.0579607640901783,49.071238550352106,8.977745288328165,
5a82b8e6bf,180,713,4991,49.91,1711.0131920248093,2.6628686459467548,49.27341869458666,11.554962914146685,
5a82b8e6bf,180,714,4998,49.98,1710.4235045498588,2.794263063781925,57.31191470754591,3.8202900844750256,
5a82b8e6bf,180,715,5005,50.05,1709.140517699779,1.8717425873296083,48.619073159395015,13.4553253589605,
5a82b8e6bf,180,716,5012,50.12,1695.347641273323,1.0267886256599177,45.462349973084514,8.455968732504706,
5a82b8e6bf,180,717,5019,50.19,1690.4221970615297,1.0928069004670122,46.09899560622958,9.079382083835302,
5a82b8e6bf,180,718,5026,50.26,1684.4775964628238,1.671790302917015,45.88126385249444,8.023478323863095,
5a82b8e6bf,180,719,5033,50.33,1684.1306719655086,1.1230156547763588,50.5686974936884,6.890463622264786,
5a82b8e6bf,180,720,5040,50.4,1678.7038521952502,1.543612682126397,47.55543709316752,15.692755133252511,
5a82b8e6bf,180,721,5047,50.47,1670.336899375968,1.18520448446434,49.45562636656446,6.163756790024311,
5a82b8e6bf,180,722,5054,50.54,1664.5672209838015,1.4929685770896164,48.13664796417805,13.268468159054041,
5a82b8e6bf,180,723,5061,50.61,1652.962433978724,1.7681039431104708,48.67640182210749,5.015943718540399,
5a82b8e6bf,180,724,5068,50.68,1652.4715833570306,1.2130209799670877,50.179640745016314,9.006283421818909,
5a82b8e6bf,180,725,5075,50.75,1647.7743781798574,1.2513403664427387,47.48861742066402,10.836510189313488,
5a82b8e6bf,180,726,5082,50.82,1643.7619687813446,1.9107527535970414,47.30678274084278,7.118698363686586,
5a82b8e6bf,180,727,5089,50.89,1643.0051935064496,1.3311619439025266,46.652967709914336,8.598098315639241,
5a82b8e6bf,180,728,5096,50.96,1637.9445273183123,1.1094625684578092,47.397748851242326,7.322014060408978,
5a82b8e6bf,180,729,5103,51.03,1632.1197836398007,0.9123950564953999,44.125546913598484,8.755006879307135,
5a82b8e6bf,180,730,5110,51.1,1628.5825323095546,0.7131227492897064,46.438436032145994,5.846831359515393,
5a82b8e6bf,180,731,5117,51.17,1626.2961458868538,1.1141864553878817,45.61103544114611,9.099989670225042,
5a82b8e6bf,180,732,5124,51.24,1623.7826692809033,1.2335408581155738,45.51585809125228,8.494853808348896,
5a82b8e6bf,180,733,5131,51.31,1621.4665141605788,1.3335994130563882,46.00457009545946,10.1812797732964,
5a82b8e6bf,180,734,5138,51.38,1618.9779068271018,1.0065367284077975,45.23657606296767,5.314947284195643,
5a82b8e6bf,180,735,5145,51.45,1618.0739178370713,1.2260753628866432,44.60777333310096,8.271791409674767,
5a82b8e6bf,180,736,5152,51.52,1615.4422526854808,1.146272520418156,44.41220641178651,8.438539613812175,
5a82b8e6bf,180,737,5159,51.59,1613.6237628130698,1.0130572857978337,44.89512555241056,6.601727941095549,
5a82b8e6bf,180,738,5166,51.66,1612.3409364458946,1.0522602908020198,43.84701995484983,7.217970060753675,
5a82b8e6bf,180,739,5173,51.73,1609.388717207559,1.0058399307639687,44.47961025375708,2.6836625022827367,
5a82b8e6bf,180,740,5180,51.8,1607.840108075285,1.1960404815751016,44.59390962164037,7.70305220032609,
5a82b8e6bf,180,741,5187,51.87,1605.5891169366027,0.872793584348582,43.93906204027718,3.130643153853775,
5a82b8e6bf,180,742,5194,51.94,1604.7522448221805,1.3046498161742832,43.463984276418834,9.507194579192364,
5a82b8e6bf,180,743,5201,52.01,1602.2351097224062,1.247521630504606,44.38766371344958,6.44091991717756,
5a82b8e6bf,180,744,5208,52.08,1601.765555443945,1.340806879413404,44.660115372296346,4.341688328331481,
5a82b8e6bf,180,745,5215,52.15,1601.5597176921199,1.3554981875612486,45.01218885699735,1.4676770228087206,
5a82b8e6bf,180,746,5222,52.22,1600.6929799094562,1.397182184605541,46.453739498555805,5.120453747651445,
5a82b8e6bf,180,747,5229,52.29,1599.698498986141,1.711975807616853,46.23607991306787,11.982302767454895,
5a82b8e6bf,180,748,5236,52.36,1597.6060698838548,1.8263735758965687,52.099635820735294,5.415487118501418,
5a82b8e6bf,180,749,5243,52.43,1597.4231827043116,1.983999968584556,47.2831581513705,8.82962718819601,
5a82b8e6bf,180,750,5250,52.5,1590.7705901207776,2.1716106670644018,52.234274230837286,14.839869893663867,
5a82b8e6bf,180,751,5257,52.57,1586.501195003381,1.9772548294334915,48.98139582677475,10.452865337511216,
5a82b8e6bf,180,752,5264,52.64,1578.737562345365,1.6514161947007722,51.46266967463948,2.8990608112546448,
5a82b8e6bf,180,753,5271,52.71,1575.537074359259,1.8772630013316722,46.70087635004952,11.200800791478574,
5a82b8e6bf,180,754,5278,52.78,1569.4185036042509,1.742763925102993,51.21322340735132,6.322767475461209,
5a82b8e6bf,180,755,5285,52.85,1569.2809427379657,1.7663494700602174,48.24229457138342,3.4139190524603804,
5a82b8e6bf,180,756,5292,52.92,1565.1842169043964,1.8773599974405086,51.215721351750034,8.542998660089543,
5a82b8e6bf,180,757,5299,52.99,1564.356137368669,2.3224688312597688,51.168030099946726,11.84350285650699,
5a82b8e6bf,180,758,5306,53.06,1557.0708410122152,2.58603201469132,55.53794524192164,6.766795134937731,
5a82b8e6bf,180,759,5313,53.13,1554.1429518694783,2.43914478892638,55.664377744912144,9.164722136145935,
5a82b8e6bf,180,760,5320,53.2,1549.6179717645182,1.13372072079259,58.45828113724206,8.084902036795727,
5a82b8e6bf,180,761,5327,53.27,1536.6699381207748,1.6947429615179406,48.97791971464027,17.208814493943652,
5a82b8e6bf,180,762,5334,53.34,1525.1327926407887,0.5962597902477311,47.031474589913884,4.294616111503738,
5a82b8e6bf,180,763,5341,53.41,1523.9329915124056,0.976580012196978,45.5140541796218,9.308893337343594,
5a82b8e6bf,180,764,5348,53.48,1519.3243547148854,1.3616967760513448,47.02422079820089,9.208232504197017,
5a82b8e6bf,180,765,5355,53.55,1511.7817471481337,0.6993349699416166,47.23348850459219,5.380635780855731,
5a82b8e6bf,180,766,5362,53.62,1509.3992128521932,2.3510422719409534,46.63950289873557,11.713644269991708,
5a82b8e6bf,180,767,5369,53.69,1505.9785125084986,1.2284279269078238,50.12949906249761,7.870123232867849,
5a82b8e6bf,180,768,5376,53.76,1498.413904799804,1.9463429057022952,46.110695496869596,5.558540348467443,
5a82b8e6bf,180,769,5383,53.83,1496.7879753663963,1.310459887654265,48.16121730010077,7.115638634999975,
5a82b8e6bf,180,770,5390,53.9,1491.6733747397145,1.5120848123569532,44.880113012280965,11.1307730448082,
5a82b8e6bf,180,771,5397,53.97,1481.2682602962989,0.806156771971594,44.67365561866377,4.474619279044081,
5a82b8e6bf,180,772,5404,54.04,1479.1501253281865,1.0172933856147535,45.519359558607015,9.134298244211847,
5a82b8e6bf,180,773,5411,54.11,1473.9396236718126,0.8537944422116917,45.95338974228565,6.081995176965224,
5a82b8e6bf,180,774,5418,54.18,1471.255828355786,0.6226305321374425,45.63253167010951,5.3369521096905475,
5a82b8e6bf,180,775,5425,54.25,1469.727474067305,0.9015575777947922,45.285376592873035,8.98628430147443,
5a82b8e6bf,180,776,5432,54.32,1467.4158453297089,0.49502148071045743,45.09006655799045,2.8034110935410363,
5a82b8e6bf,180,777,5439,54.39,1466.759314021356,0.7165214684748002,44.088560851894556,6.9848433698064785,
5a82b8e6bf,180,778,5446,54.46,1465.2974065335804,1.1958871720475799,45.52993511701528,9.801330215549715,
5a82b8e6bf,180,779,5453,54.53,1460.6748500744666,1.1136022197021624,46.34717854696411,10.023877377158893,
5a82b8e6bf,180,780,5460,54.6,1456.1719349410876,1.3167544915894944,44.70134471004011,13.006311702123652,
5a82b8e6bf,180,781,5467,54.67,1451.638759770186,1.3649362477757137,46.99591896451702,5.050212638584888,
5a82b8e6bf,180,782,5474,54.74,1449.1324993189785,1.221772886788035,44.60814801058677,2.71165616296077,
5a82b8e6bf,180,783,5481,54.81,1447.927407380993,1.1779983363242335,46.259118126211796,6.659532326344447,
5a82b8e6bf,180,784,5488,54.88,1447.087947128678,1.5346771124739473,46.24428417745137,10.248815432396825,
5a82b8e6bf,180,785,5495,54.95,1442.9433761223438,0.7026240159481019,45.72667497639783,7.3915109774315155,
5a82b8e6bf,180,786,5502,55.02,1438.4073729676231,0.813228019730316,42.361475362298904,4.842369857754157,
5a82b8e6bf,180,787,5509,55.09,1435.3935363068651,0.925273693568182,41.293652636039376,7.25399922412139,
5a82b8e6bf,180,788,5516,55.16,1432.66547055201,0.9945611356405145,42.45675283722985,6.822369827390906,
5a82b8e6bf,180,789,5523,55.23,1428.254856731485,1.5800121215835403,42.20634913764962,15.964064120299902,
5a82b8e6bf,180,790,5530,55.3,1417.6270044640435,0.6718161217060821,45.75178193052344,2.9992763172761085,
5a82b8e6bf,180,791,5537,55.37,1416.158911386259,0.8537864968124549,43.4741548560509,7.742055068925284,
5a82b8e6bf,180,792,5544,55.44,1414.7574630187091,1.1837027188459803,45.794774809427985,10.626264402054817,
5a82b8e6bf,180,793,5551,55.51,1410.4498317712496,1.500660483292627,42.98662041296688,11.642394252367628,
5a82b8e6bf,180,794,5558,55.58,1401.3811216085849,0.9071877326910016,44.643523436055375,6.907906937190656,
5a82b8e6bf,180,795,5565,55.65,1397.8356662477463,0.7106822605565362,44.264330368184574,6.48193645690329,
5a82b8e6bf,180,796,5572,55.72,1396.1082988722758,0.9651156606026018,44.85214562080975,9.08049657220844,
5a82b8e6bf,180,797,5579,55.79,1392.627961498559,0.7357390663259281,42.9875130427352,5.681605472598963,
5a82b8e6bf,180,798,5586,55.86,1390.3478972724208,1.033611254749607,41.951309198303896,8.69601233417193,
5a82b8e6bf,180,799,5593,55.93,1386.320388891992,1.0943252608016232,42.77275391907233,7.930310704049392,
5a82b8e6bf,180,800,5600,56.0,1381.0886263283755,0.8777545673916115,40.4273016188937,8.160493224572658,
5a82b8e6bf,180,801,5607,56.07,1378.317447122744,0.7253852702413716,39.99824988960949,6.420808166857315,
5a82b8e6bf,180,802,5614,56.14,1376.8148074620406,0.688464112849699,40.404617419697495,4.94103208845613,
5a82b8e6bf,180,803,5621,56.21,1375.3439227592517,0.5132966765297835,40.819289784413115,4.194052900156556,
5a82b8e6bf,180,804,5628,56.28,1374.2881310561947,0.9744837669786349,40.08513755360619,9.208344074938848,
5a82b8e6bf,180,805,5635,56.35,1371.3651196038732,0.991875294807076,40.40693149295298,4.940516532949561,
5a82b8e6bf,180,806,5642,56.42,1368.4180345746693,0.5988875062518121,41.27722620454235,2.08610506856385,
5a82b8e6bf,180,807,5649,56.49,1368.1534890826817,0.951564183657998,41.59293760683405,6.168512317325913,
5a82b8e6bf,180,808,5656,56.56,1365.3003639052945,0.5167265557745817,41.10126067957816,2.7209995813308216,
5a82b8e6bf,180,809,5663,56.63,1364.811658693354,0.27098088201820286,40.865862091030614,4.607327752637766,
5a82b8e6bf,180,810,5670,56.7,1364.08364495383,0.5733015325580934,40.62455095795939,5.765618045252134,
5a82b8e6bf,180,811,5677,56.77,1362.876561908467,0.45689230225262517,40.58666143329623,3.816174158924405,
5a82b8e6bf,180,812,5684,56.84,1362.2656665719314,0.5371738950058059,40.64610539792801,4.57904200126161,
5a82b8e6bf,180,813,5691,56.91,1361.392099294779,0.6831946891004359,41.45077012456786,6.1043619528589455,
5a82b8e6bf,180,814,5698,56.98,1360.134618893975,0.8541872620756921,41.97970937647992,6.443025434543511,
5a82b8e6bf,180,815,5705,57.05,1357.0800779923363,0.7861611201230733,40.9135399289934,6.058362961759062,
5a82b8e6bf,180,816,5712,57.12,1354.6611618099007,0.6689801349474274,41.69503586497903,6.06175659503756,
5a82b8e6bf,180,817,5719,57.19,1352.7749965843147,1.0678234014527535,42.05609929383558,9.765523471214408,
5a82b8e6bf,180,818,5726,57.26,1351.0667741748823,0.8508546526258979,42.66881593499149,3.282194942727848,
5a82b8e6bf,180,819,5733,57.33,1349.8818176495263,0.9468298271532504,42.121567598631955,6.246310021265177,
5a82b8e6bf,180,820,5740,57.4,1347.826905838267,1.3588341976491545,43.9525436682765,9.267777382910273,
5a82b8e6bf,180,821,5747,57.47,1342.2280270776093,1.3303159735078842,44.176616855182864,11.805763368079523,
5a82b8e6bf,180,822,5754,57.54,1336.7513883304578,0.8437355980794045,40.76187992419608,3.270338417750712,
5a82b8e6bf,180,823,5761,57.61,1334.075154734749,0.7972800107482433,40.924259169882816,7.695831596932786,
5a82b8e6bf,180,824,5768,57.68,1332.0694022015941,0.7860947379501664,39.524920656996976,7.038333960758312,
5a82b8e6bf,180,825,5775,57.75,1330.1588616134247,0.5954314566778373,41.393078202861155,4.59262450657483,
5a82b8e6bf,180,826,5782,57.82,1329.0546474276327,0.5868218566188731,41.74073625594475,4.209423290753488,
5a82b8e6bf,180,827,5789,57.89,1328.0670697999049,1.2031995775524855,41.710291247796164,8.050734432733337,
5a82b8e6bf,180,828,5796,57.96,1321.1165191393434,0.7974572681322599,42.66152599886214,5.71406442168818,
5a82b8e6bf,180,829,5803,58.03,1319.1130298451787,0.8887923448886624,39.56225569068222,8.546098326744751,
5a82b8e6bf,180,830,5810,58.1,1317.0973325319662,0.7715206210880884,38.90161602321579,6.030392034198921,
5a82b8e6bf,180,831,5817,58.17,1314.2079802928706,0.8341855152490137,37.694254620847325,6.79633078090379,
5a82b8e6bf,180,832,5824,58.24,1312.3197315640102,0.8971276323351042,39.73316789367564,3.9915202477521547,
5a82b8e6bf,180,833,5831,58.31,1309.6108922612225,0.5945599111216996,39.19543604652494,2.5976931935104415,
5a82b8e6bf,180,834,5838,58.38,1308.707232680809,0.4200875101936975,40.198229339190576,2.5489559414088387,
5a82b8e6bf,180,835,5845,58.45,1308.1763274640455,0.9934553241951601,39.821579293168654,8.047428710855913,
5a82b8e6bf,180,836,5852,58.52,1306.3506426134436,1.0951849204119584,42.7552989510817,5.871137991616676,
5a82b8e6bf,180,837,5859,58.59,1304.4704972567813,1.2969845346882243,38.712817701336014,6.075872397525949,
5a82b8e6bf,180,838,5866,58.66,1299.2348690529489,0.8725645563121887,41.47060207940334,3.537381812191668,
5a82b8e6bf,180,839,5873,58.73,1297.739041491514,1.2574945450594568,39.41124412037846,7.66126742405144,
5a82b8e6bf,180,840,5880,58.8,1294.6145246623175,1.2302855656853249,38.139312656863346,10.15727217380105,
5a82b8e6bf,180,841,5887,58.87,1292.824469805746,1.4233703796286115,40.74124643196892,8.70013279478281,
5a82b8e6bf,180,842,5894,58.94,1289.6152566427425,1.4966928097714094,42.55317205918875,7.3183865722018036,
5a82b8e6bf,180,843,5901,59.01,1287.3412490501748,0.9031871572882584,44.894095669943596,10.176198114332335,
5a82b8e6bf,180,844,5908,59.08,1279.968076454063,0.568924271335626,39.1287316506869,2.213309453342153,
5a82b8e6bf,180,845,5915,59.15,1279.12012682441,0.765684199531703,39.398411398551524,3.3571960300853787,
5a82b8e6bf,180,846,5922,59.22,1277.2521318824265,0.5721207722882665,39.17292682942675,4.278305295357926,
5a82b8e6bf,180,847,5929,59.29,1276.4758050550795,0.6081241673825093,39.77648335897463,4.755448643444802,
5a82b8e6bf,180,848,5936,59.36,1275.8491744380053,0.712370059079223,39.28921198624569,5.591787388265695,
5a82b8e6bf,180,849,5943,59.43,1274.8935826141656,0.5884623155403059,39.789921508710954,3.341969790213181,
5a82b8e6bf,180,850,5950,59.5,1274.1131227286817,0.9353428791449621,39.34701650897953,7.377522538398951,
5a82b8e6bf,180,851,5957,59.57,1269.9008173984173,0.8923201639623034,39.030492089988606,5.2599537817499735,
5a82b8e6bf,180,852,5964,59.64,1266.0125925579919,1.4249772734288697,38.6177153968069,6.717618445205181,
5a82b8e6bf,180,853,5971,59.71,1265.6379853699536,0.843673029375091,42.19421537235523,4.649450971028203,
5a82b8e6bf,180,854,5978,59.78,1262.5603351773025,0.671861355790848,38.182052844411814,6.265403956151145,
5a82b8e6bf,180,855,5985,59.85,1260.8708950536934,1.9576812283566432,37.68967502227799,9.380589161045314,
5a82b8e6bf,180,856,5992,59.92,1257.702478792757,1.0635912301654893,41.33890343792727,8.629323781915932,
5a82b8e6bf,180,857,5999,59.99,1252.9689552218372,0.7958077151768921,39.31214425835391,6.8166060047375945,
5a82b8e6bf,180,858,6006,60.06,1250.0695280637608,0.9765686595165972,37.213805296285415,9.712726851903843,
5a82b8e6bf,180,859,6013,60.13,1246.491378870187,0.7510698219266763,39.70582318612389,6.572208001109914,
5a82b8e6bf,180,860,6020,60.2,1244.5644424527784,0.8631877512470623,38.400800162352816,8.187775250811445,
5a82b8e6bf,180,861,6027,60.27,1242.5102212192498,1.1485951874337752,40.92518216847299,8.518508990587902,
5a82b8e6bf,180,862,6034,60.34,1238.8337422727495,0.7897683691695276,38.87606633775485,3.042167509797006,
5a82b8e6bf,180,863,6041,60.41,1237.7012863265375,0.6110611713109676,39.76828190701204,1.7858096744146854,
5a82b8e6bf,180,864,6048,60.48,1236.5174819333756,0.7566788376709573,38.00177652811214,5.658233357430791,
5a82b8e6bf,180,865,6055,60.55,1234.0281704123493,0.5122953849156224,38.55033800251279,4.630605200685619,
5a82b8e6bf,180,866,6062,60.62,1232.8705538622623,0.43226500860534534,38.46110169581824,3.4392116909567334,
5a82b8e6bf,180,867,6069,60.69,1232.3067326636337,0.664254142863651,39.007812918870094,5.8533726032330025,
5a82b8e6bf,180,868,6076,60.76,1231.1438209399337,1.3646274987861213,38.11096094170681,6.914286421859648,
5a82b8e6bf,180,869,6083,60.83,1224.9986131570276,1.0381103033409278,37.84289492939749,7.124534195976989,
5a82b8e6bf,180,870,6090,60.9,1221.3475625741753,0.8863348463211772,36.07274734521122,7.225329904493008,
5a82b8e6bf,180,871,6097,60.97,1218.638654609301,0.8351939592983793,36.93441542512999,7.4623714719482965,
5a82b8e6bf,180,872,6104,61.04,1216.3957688511384,1.6037617035096379,37.187937498589875,7.770043273643189,
5a82b8e6bf,180,873,6111,61.11,1215.707298715453,0.9430723118475556,40.03348166852177,4.269753025960818,
5a82b8e6bf,180,874,6118,61.18,1211.675507680818,0.7767155545694392,38.14439228376944,7.474893484466134,
5a82b8e6bf,180,875,6125,61.25,1210.1164131243802,1.0084487376966818,37.97359245394173,9.951518133199627,
5a82b8e6bf,180,876,6132,61.32,1207.840388117146,0.9774963453879228,39.32305352301038,2.787849978652779,
5a82b8e6bf,180,877,6139,61.39,1205.7448534049774,0.7548373683018943,37.788441064719194,3.8473018071616973,
5a82b8e6bf,180,878,6146,61.46,1205.5171808169816,0.841768325184941,39.22863266988783,2.469303252637979,
5a82b8e6bf,180,879,6153,61.53,1204.1867827323774,0.842057246301437,37.73924861734708,5.407102612647274,
5a82b8e6bf,180,880,6160,61.6,1203.118785144828,0.9444664360078859,39.50985914724457,1.7984936787293406,
5a82b8e6bf,180,881,6167,61.67,1202.662312945774,1.1871040714699703,38.59707670531294,4.5981006477078985,
5a82b8e6bf,180,882,6174,61.74,1198.5193810830726,1.1369309897890925,39.88809397550627,9.9436129016192,
5a82b8e6bf,180,883,6181,61.81,1195.3825729763385,1.0974206812172904,40.09142252013761,6.541120045175414,
5a82b8e6bf,180,884,6188,61.88,1191.4639225286091,1.1102919579055557,41.196886449450865,5.384107949455472,
5a82b8e6bf,180,885,6195,61.95,1185.849345610504,0.8397056779310882,40.06074752381656,6.541362016120946,
5a82b8e6bf,180,886,6202,62.02,1183.5371506779231,0.5749692569665524,39.3052290538989,3.7141995331002846,
5a82b8e6bf,180,887,6209,62.09,1181.964867821678,1.3596851214739614,39.369585771269165,8.96261428617611,
5a82b8e6bf,180,888,6216,62.16,1176.0578387370665,0.9118986358492985,35.07530984744022,8.231300990484634,
5a82b8e6bf,180,889,6223,62.23,1173.338519983346,0.48941349254151983,35.91186768320782,2.80284694555751,
5a82b8e6bf,180,890,6230,62.3,1172.7775964195976,1.0674027036842415,34.485325354350216,5.9906239860529515,
5a82b8e6bf,180,891,6237,62.37,1167.863648452866,1.1577843078404049,33.97666648126687,8.266066185838337,
5a82b8e6bf,180,892,6244,62.44,1163.3516856192248,0.890709155851115,34.37136102694998,7.684938890740832,
5a82b8e6bf,180,893,6251,62.51,1160.4522286263102,0.4223957446840262,34.05257064257831,2.00036859344462,
5a82b8e6bf,180,894,6258,62.58,1160.1576128173547,0.7335871649459587,34.59529350520589,6.674470174888982,
5a82b8e6bf,180,895,6265,62.65,1158.4459101460418,0.592802668578243,35.48816335160832,4.668934669437503,
5a82b8e6bf,180,896,6272,62.72,1157.700910690554,0.5389605484270987,34.758555632091564,2.9355940121417006,
5a82b8e6bf,180,897,6279,62.79,1156.8125904968379,0.5549041211429311,35.19861308813698,4.866585515242545,
5a82b8e6bf,180,898,6286,62.86,1155.6911995514133,0.9888337327094413,35.23494082469093,10.025281956479251,
5a82b8e6bf,180,899,6293,62.93,1152.8166766157576,0.9186775070352712,35.61754707950775,7.631019680483024,
5a82b8e6bf,180,900,6300,63.0,1151.740390383476,0.9664245091494121,36.50527391111014,5.479714237237574,
5a82b8e6bf,180,901,6307,63.07,1149.6074729587267,0.8365169923484801,34.83954719382381,6.259222169817921,
5a82b8e6bf,180,902,6314,63.14,1148.7145608953786,0.9742483759173969,36.292503850886206,3.6329460539677823,
5a82b8e6bf,180,903,6321,63.21,1145.814574751467,1.0171475833321824,35.91732222603931,8.387231749756376,
5a82b8e6bf,180,904,6328,63.28,1143.4632106339984,0.9919554810395743,39.14830384895198,4.554703715515421,
5a82b8e6bf,180,905,6335,63.35,1141.6809256210477,0.8570641646441256,36.30237710230777,3.95469048504737,
5a82b8e6bf,180,906,6342,63.42,1140.0816403902681,0.9730803743943429,36.535404584612095,6.8569380859663545,
5a82b8e6bf,180,907,6349,63.49,1135.4583934686239,0.5960372791062394,34.962791807461194,4.454917927578005,
5a82b8e6bf,180,908,6356,63.56,1134.0885982203204,0.7215334449923373,36.6944989062383,6.029156828662648,
5a82b8e6bf,180,909,6363,63.63,1131.9795503079856,0.5272847329179673,37.17521036287611,3.627353899130415,
5a82b8e6bf,180,910,6370,63.7,1131.2607311717834,0.7582642956458119,37.20393743487384,6.498422802712959,
5a82b8e6bf,180,911,6377,63.77,1129.6751173822206,0.7823953089552542,38.83583061272141,3.6616190342171007,
5a82b8e6bf,180,912,6384,63.84,1128.4968707844457,0.6856901750401662,35.4849632951989,4.948281500388809,
5a82b8e6bf,180,913,6391,63.91,1126.2836124290252,0.8686208525898566,36.285201217105474,5.831272943621385,
5a82b8e6bf,180,914,6398,63.98,1123.7688663251108,1.0447978936313,36.218766693911896,9.005780550447039,
5a82b8e6bf,180,915,6405,64.05,1120.840665030837,0.6655120141165698,37.934295879802654,3.1214626323468195,
5a82b8e6bf,180,916,6412,64.12,1120.0919516658666,0.6142310613481838,36.67351809071687,3.70886040770475,
5a82b8e6bf,180,917,6419,64.19,1119.5380829726682,0.6654203567048758,36.612209791251445,4.97677495590651,
5a82b8e6bf,180,918,6426,64.26,1118.6818858098632,0.5782464434295007,35.708498102362036,3.1368586373040683,
5a82b8e6bf,180,919,6433,64.33,1117.967034717966,0.6230564809543144,36.987889108036285,4.315594508843499,
5a82b8e6bf,180,920,6440,64.4,1116.4768268050539,0.5009142814081327,37.01258930732632,4.646350227892418,
5a82b8e6bf,180,921,6447,64.47,1115.2718970126768,0.9410773850025143,37.230162821889685,9.132624922817632,
5a82b8e6bf,180,922,6454,64.54,1111.534433449842,0.9165994948767708,38.155680520019246,8.688805986285072,
5a82b8e6bf,180,923,6461,64.61,1108.5234865184295,0.6270283306961826,37.15060795090396,5.610972871479641,
5a82b8e6bf,180,924,6468,64.68,1107.006800769628,1.0168428153320093,35.8203821262902,6.678537287714021,
5a82b8e6bf,180,925,6475,64.75,1103.081057747976,0.5635336646102472,35.99338272541009,4.505639811560884,
5a82b8e6bf,180,926,6482,64.82,1102.2049715350006,1.0032234889943097,36.63595405798222,8.938068201346857,
5a82b8e6bf,180,927,6489,64.89,1098.880207868627,0.7098409451380935,37.87153682995875,6.051436602120988,
5a82b8e6bf,180,928,6496,64.96,1096.9757020458426,0.5544643200483304,37.1118245832706,3.9598948976492387,
5a82b8e6bf,180,929,6503,65.03,1095.7310702607476,1.0508342558258197,37.31123899456248,9.123808120554115,
5a82b8e6bf,180,930,6510,65.1,1090.546697115712,0.6687071649905695,36.66671570987686,4.96782844419856,
5a82b8e6bf,180,931,6517,65.17,1088.4797100078981,0.6881128350247893,37.47270639417998,6.682857980072882,
5a82b8e6bf,180,932,6524,65.24,1086.17881590034,0.3975053263429182,35.98028452584749,3.9639495156001656,
5a82b8e6bf,180,933,6531,65.31,1085.9568877332856,0.9043856673558156,37.65063946807512,7.951602867684168,
5a82b8e6bf,180,934,6538,65.38,1083.7907956505621,1.3869190422506692,35.84860851094302,13.13513113275325,
5a82b8e6bf,180,935,6545,65.45,1076.0059860751808,0.6178985314160742,36.46310142845843,2.5825293690324047,
5a82b8e6bf,180,936,6552,65.52,1075.5102661854944,1.0057969493939296,35.166041607097824,9.354272735111625,
5a82b8e6bf,180,937,6559,65.59,1074.8892006985736,1.2691063171796377,38.807383863042794,9.208024658150523,
5a82b8e6bf,180,938,6566,65.66,1073.0623062203285,0.6807059691098892,34.55033726498897,4.329383987876349,
5a82b8e6bf,180,939,6573,65.73,1068.6239125009436,0.675358041680574,34.55757905623297,6.187960945343355,
5a82b8e6bf,180,940,6580,65.8,1066.7792261157615,0.7834858485886631,33.84634865071933,6.541730392200657,
5a82b8e6bf,180,941,6587,65.87,1064.6732939428405,0.7613289356447515,34.14390229822304,6.0909560006366315,
5a82b8e6bf,180,942,6594,65.94,1062.5936423009275,0.6871969813876582,32.90822563076603,5.573392693812488,
5a82b8e6bf,180,943,6601,66.01,1061.2169335536057,0.780343674806689,36.47719653917945,5.799876176853002,
5a82b8e6bf,180,944,6608,66.08,1058.7599122892082,0.546454070440003,33.70461715898637,4.645994356541314,
5a82b8e6bf,180,945,6615,66.15,1057.3428839296603,0.3773898033509095,34.00368078065408,3.035247523721732,
5a82b8e6bf,180,946,6622,66.22,1056.9562823002366,0.3759805896011201,33.81382078555895,2.9885024827925353,
5a82b8e6bf,180,947,6629,66.29,1056.2388217871721,0.5847521841664972,33.85535874901424,5.739712483865845,
5a82b8e6bf,180,948,6636,66.36,1054.9643443353607,0.4270915587703725,32.902704301349736,2.9915065855923753,
5a82b8e6bf,180,949,6643,66.43,1054.2157818910555,0.6642466876280506,33.65137910358916,4.792497211270487,
5a82b8e6bf,180,950,6650,66.5,1052.1627586994252,0.4994338680044247,36.112324614152605,4.020378578604153,
5a82b8e6bf,180,951,6657,66.57,1051.2366645139084,0.65983653760582,36.22740203779795,6.469366792428202,
5a82b8e6bf,180,952,6664,66.64,1049.8537768243655,0.6172893487348678,35.22570275696175,4.3921961366633635,
5a82b8e6bf,180,953,6671,66.71,1048.5063053480176,0.9410096575281648,35.76509720782127,2.921633420171526,
5a82b8e6bf,180,954,6678,66.78,1048.2520646389253,1.145553772472172,37.25916795646768,10.026360385433279,
5a82b8e6bf,180,955,6685,66.85,1044.0159393138986,0.751919355967374,34.10991350032641,5.2204603663108085,
5a82b8e6bf,180,956,6692,66.92,1042.949142376682,1.2231587436409093,35.40793454143895,9.474447638008236,
5a82b8e6bf,180,957,6699,66.99,1041.6081440201826,1.0729137579471504,38.27168456918222,2.2866694527842335,
5a82b8e6bf,180,958,6706,67.06,1040.5150430984504,1.2039361619844549,35.139082394056956,4.796933584325055,
5a82b8e6bf,180,959,6713,67.13,1038.8633534834335,1.0770129174362495,37.36102754970106,3.224908088074231,
5a82b8e6bf,180,960,6720,67.2,1038.399724078688,1.080774457959165,35.331719496817634,3.3223369133560774,
5a82b8e6bf,180,961,6727,67.27,1037.6787756275169,1.2288899925270422,36.228559733730954,8.195389548578246,
5a82b8e6bf,180,962,6734,67.34,1034.2348538952251,0.9056375437960121,31.662518333241337,6.422425012180115,
5a82b8e6bf,180,963,6741,67.41,1033.4621740818857,0.7950230556879724,33.287324220018945,3.984523770587801,
5a82b8e6bf,180,964,6748,67.48,1032.9097998178524,0.8498920629626783,30.940240753733757,3.280532954196968,
5a82b8e6bf,180,965,6755,67.55,1032.0840794832875,0.8020972703961774,33.51485784739012,5.126696023973463,
5a82b8e6bf,180,966,6762,67.62,1031.3755261506367,0.9705620585927032,30.89529615705773,5.464754758253434,
5a82b8e6bf,180,967,6769,67.69,1028.5234765925472,0.7864962758242053,32.38968570093362,5.629585762363097,
5a82b8e6bf,180,968,6776,67.76,1027.5650596913931,0.71634429795745,32.597996338944775,3.799648110129587,
5a82b8e6bf,180,969,6783,67.83,1027.3995225006015,0.7083283309970186,32.077783682201144,1.785525079710438,
5a82b8e6bf,180,970,6790,67.9,1027.232255402774,1.0970382808239156,32.57037109988626,7.443846335931305,
5a82b8e6bf,180,971,6797,67.97,1023.644233006888,0.7432791492227938,31.70511233200427,3.744848923520203,
5a82b8e6bf,180,972,6804,68.04,1022.6087486195283,0.5995598525308915,32.09323379863426,2.1854662819706467,
5a82b8e6bf,180,973,6811,68.11,1022.5719746850112,0.8589346995146463,31.3660615206907,3.3107971075540363,
5a82b8e6bf,180,974,6818,68.18,1021.0067727933913,0.9494707713408994,32.69536071735786,8.478670155071384,
5a82b8e6bf,180,975,6825,68.25,1018.9830829432588,0.9144921117245461,33.17642377724128,7.244304536382663,
5a82b8e6bf,180,976,6832,68.32,1016.3301293721304,0.881265441821627,32.50858760701622,7.249153265488136,
5a82b8e6bf,180,977,6839,68.39,1013.8954266515912,0.6705891586466122,35.4594154947268,4.9925917028877125,
5a82b8e6bf,180,978,6846,68.46,1012.726352258569,0.6747208806523909,33.790208239142885,5.11128676770404,
5a82b8e6bf,180,979,6853,68.53,1011.842739297224,0.6820466652608006,33.95694085423298,2.5026673897150182,
5a82b8e6bf,180,980,6860,68.6,1010.3346804064697,0.6358663221685767,33.386866781010546,3.6805361456085164,
5a82b8e6bf,180,981,6867,68.67,1008.8020824567506,0.5308480265038893,32.66773146359131,4.9419947237272215,
5a82b8e6bf,180,982,6874,68.74,1008.1097675392278,0.6023466226302949,33.491992289929705,4.245320399460678,
5a82b8e6bf,180,983,6881,68.81,1006.5712854076686,0.3978512958517649,32.95321288545366,3.7441433074072683,
5a82b8e6bf,180,984,6888,68.88,1005.8764517434738,0.7473610942015775,33.785058731128906,7.494105559663716,
5a82b8e6bf,180,985,6895,68.95,1003.1847022302973,0.604718391533874,33.044374697397366,4.992129574164897,
5a82b8e6bf,180,986,6902,69.02,1001.8494407826516,0.5493893390969723,34.18769727612215,4.786510064426687,
5a82b8e6bf,180,987,6909,69.09,1001.0299779866534,0.6573638091306365,33.40311768117492,4.866428345452631,
5a82b8e6bf,180,988,6916,69.16,1000.4850756804599,0.789017915309706,35.098074588223746,5.263730956767622,
5a82b8e6bf,180,989,6923,69.23,998.8617416376793,0.8468648935913503,33.763249605073725,4.617282323992146,
5a82b8e6bf,180,990,6930,69.3,996.9495547866577,0.7547159598109222,33.23788802119986,5.576550809335141,
5a82b8e6bf,180,991,6937,69.37,995.9929029048175,0.8850330526366745,33.373223798755944,6.358497519816414,
5a82b8e6bf,180,992,6944,69.44,993.9675462290626,1.0945289005611363,32.84639561453788,7.602621343465662,
5a82b8e6bf,180,993,6951,69.51,991.4187107886136,0.7330089648972088,33.19802520644068,3.225577389485067,
5a82b8e6bf,180,994,6958,69.58,990.4029863577945,0.6788480044628097,31.641166240969387,2.0579444121014343,
5a82b8e6bf,180,995,6965,69.65,989.2493088508311,0.8482954371676626,33.24157813319545,4.119860071869105,
5a82b8e6bf,180,996,6972,69.72,988.2366598455972,0.9639306070002673,35.034801016987295,7.335562670463722,
5a82b8e6bf,180,997,6979,69.79,986.5303575262459,1.038632912046412,33.91363594216593,7.382545558827588,
5a82b8e6bf,180,998,6986,69.86,985.1888766304269,1.0148245236288755,35.43987954317047,4.323692998116069,
5a82b8e6bf,180,999,6993,69.93,984.1674633140013,0.5147666093564588,35.14643549363974,3.237562551699032,
5a82b8e6bf,180,1000,7000,70.0,981.4711169705379,1.6394620315908677,32.25068726953611,7.211168375633972,
5a82b8e6bf,180,1001,7007,70.07,980.5900717909774,1.033677221734469,35.52117069123972,6.054711830444505,
5a82b8e6bf,180,1002,7014,70.14,977.1081793880315,0.8047366087559292,30.801555409673337,5.792344545602049,
5a82b8e6bf,180,1003,7021,70.21,976.0812950107502,0.8729645335725612,32.61977810645295,5.439608100871815,
5a82b8e6bf,180,1004,7028,70.28,974.8134036086766,0.8113936029461288,30.175436252715205,4.024129268450455,
5a82b8e6bf,180,1005,7035,70.35,973.5164964870779,0.8508816232114698,31.44598655418603,5.839262849976646,
5a82b8e6bf,180,1006,7042,70.42,971.9901074172386,0.7143279209400707,30.030174530605954,4.361569955103229,
5a82b8e6bf,180,1007,7049,70.49,970.8743584325183,0.7182092054403438,28.51818017271768,4.370306306967877,
5a82b8e6bf,180,1008,7056,70.56,969.0201450306412,1.693616822564708,29.597836468460926,7.526570234924056,
5a82b8e6bf,180,1009,7063,70.63,968.7490322356864,0.9394405800666079,34.50542233541364,2.7533676632493487,
5a82b8e6bf,180,1010,7070,70.7,964.5574256873451,0.7005966896654261,30.9203898225763,5.76812510549476,
5a82b8e6bf,180,1011,7077,70.77,963.2406883255819,0.3773206686206773,30.02966813870926,1.2172117651131344,
5a82b8e6bf,180,1012,7084,70.84,962.9741086148184,0.8567371694061509,29.414866412588218,8.271934885089268,
5a82b8e6bf,180,1013,7091,70.91,960.0313468321567,0.4697923955582337,29.528464171450697,2.295351471432917,
5a82b8e6bf,180,1014,7098,70.98,959.594904454241,0.47214400802832623,28.03010963656638,3.689557092571497,
5a82b8e6bf,180,1015,7105,71.05,958.816127440054,0.8838853355900774,28.157013383018057,8.175996971706857,
5a82b8e6bf,180,1016,7112,71.12,957.6339456562102,0.7009790208603687,30.29165743501147,3.0592842399607925,
5a82b8e6bf,180,1017,7119,71.19,956.9895161456192,0.5561562790197631,27.951831461149435,2.5354947032676813,
5a82b8e6bf,180,1018,7126,71.26,956.4507997024272,0.736836509786907,28.834491025678126,6.809426834202859,
5a82b8e6bf,180,1019,7133,71.33,954.7100336643902,0.5934187954189627,30.42883355631373,4.531087557342519,
5a82b8e6bf,180,1020,7140,71.4,953.1564499512622,0.7597966947190725,29.537250233370536,7.22773510311324,
5a82b8e6bf,180,1021,7147,71.47,950.70119759856,0.6155753691218624,29.605526202663956,5.493516743265912,
5a82b8e6bf,180,1022,7154,71.54,949.6634484886055,0.7620034591064073,30.397889663590487,5.16763799360382,
5a82b8e6bf,180,1023,7161,71.61,947.1772536864422,0.36410561478374975,29.6942611514971,2.869602315135815,
5a82b8e6bf,180,1024,7168,71.68,946.720065353205,0.8621375100245372,30.207149055554012,8.345779901069024,
5a82b8e6bf,180,1025,7175,71.75,943.7385635025221,0.889834298789335,31.82964592096445,8.49812949112517,
5a82b8e6bf,180,1026,7182,71.82,941.569659679599,0.7154401675874239,30.058416110109935,5.94607136576119,
5a82b8e6bf,180,1027,7189,71.89,939.0646324965583,0.26544746185781376,29.077420132192774,0.6153000759188838,
5a82b8e6bf,180,1028,7196,71.96,938.9135244329036,0.7914476770401364,29.15083310679985,7.817686776794461,
5a82b8e6bf,180,1029,7203,72.03,937.9281881601447,0.7424320897840151,32.83090913401223,5.090837294962275,
5a82b8e6bf,180,1030,7210,72.1,936.7691102821726,0.6422354289964654,28.89154202772461,1.7890101853855154,
5a82b8e6bf,180,1031,7217,72.17,935.5903534997241,0.7787867540667964,31.030977578719476,6.312028280959288,
5a82b8e6bf,180,1032,7224,72.24,933.846478469829,0.44533319198068294,29.584761169835055,2.591134766303394,
5a82b8e6bf,180,1033,7231,72.31,933.487135141747,0.6017133270000009,30.282237694021333,4.939686167027552,
5a82b8e6bf,180,1034,7238,72.38,932.6396139606296,0.46260529552284957,29.80653665238404,3.411449590077358,
5a82b8e6bf,180,1035,7245,72.45,932.2060202623449,1.1784335448545207,30.22175350532873,6.237570397289237,
5a82b8e6bf,180,1036,7252,72.52,927.5149290251669,0.5282035948445385,30.93377631083664,2.9262041477293015,
5a82b8e6bf,180,1037,7259,72.59,926.4268316719815,0.41557633603339805,29.31988271584241,3.559772491927126,
5a82b8e6bf,180,1038,7266,72.66,925.897211945564,0.5668973973619206,29.620814823178055,4.799447180755175,
5a82b8e6bf,180,1039,7273,72.73,925.2168496634769,0.9711697954705495,30.082083424568776,5.916312711539058,
5a82b8e6bf,180,1040,7280,72.8,923.644145613614,0.8765237197077806,32.84164250985711,4.652448035673414,
5a82b8e6bf,180,1041,7287,72.87,922.2228701757272,0.6621895332228127,30.069721599412215,2.792365077817838,
5a82b8e6bf,180,1042,7294,72.94,921.277455146294,0.5877122151313418,31.123608059297247,3.902850766122926,
5a82b8e6bf,180,1043,7301,73.01,920.7696686904136,0.6801454049495881,29.556333208068423,5.49460212517871,
5a82b8e6bf,180,1044,7308,73.08,919.8727586059482,0.9244184492208699,31.718416293582443,5.950997776258251,
5a82b8e6bf,180,1045,7315,73.15,918.8377728736856,1.0426017082636725,32.262816894254726,4.151155934018766,
5a82b8e6bf,180,1046,7322,73.22,916.0864438515872,0.7163093334462053,31.238183429153185,2.8721713001082954,
5a82b8e6bf,180,1047,7329,73.29,915.5327631880406,0.7754938016606701,32.630535522657595,5.910753966518187,
5a82b8e6bf,180,1048,7336,73.36,913.8819048709533,0.5988188824664642,30.625999131220116,3.0910550462702995,
5a82b8e6bf,180,1049,7343,73.43,912.5887423255142,0.7666872966559258,30.9964937849822,6.681183780451781,
5a82b8e6bf,180,1050,7350,73.5,910.2849000644849,0.91642035756138,29.276099665362324,7.91545944141524,
5a82b8e6bf,180,1051,7357,73.57,906.1524739010458,0.5583377622259739,30.43326411126264,2.298414246594252,
5a82b8e6bf,180,1052,7364,73.64,905.0608644413813,0.6521159371417987,30.90365662536675,5.786872194318523,
5a82b8e6bf,180,1053,7371,73.71,904.0966490651795,0.8714566897773222,31.334277377693542,5.576679929756002,
5a82b8e6bf,180,1054,7378,73.78,900.8702100371789,0.3914080029538022,30.99324841845652,2.8004050164799694,
5a82b8e6bf,180,1055,7385,73.85,900.3879291288459,0.6083518000084318,31.533852186650687,4.1119909744114045,
5a82b8e6bf,180,1056,7392,73.92,898.6301306393096,0.41735964764821143,31.250896124279837,3.655459753739246,
5a82b8e6bf,180,1057,7399,73.99,897.7944198380707,0.5094949532131746,31.006838542680963,4.9995578600867265,
5a82b8e6bf,180,1058,7406,74.06,897.0214468577426,0.5434580787590741,31.052625497448535,5.185639261582775,
5a82b8e6bf,180,1059,7413,74.13,895.7075216882193,0.48995655316849557,31.095332031661822,4.370475238458741,
5a82b8e6bf,180,1060,7420,74.2,895.303510896715,0.8326523819857227,31.66043238120008,6.2016329347927925,
5a82b8e6bf,180,1061,7427,74.27,892.8919134141685,1.0009295748747022,32.05039756124606,8.991424777765047,
5a82b8e6bf,180,1062,7434,74.34,889.7297766601588,0.5515813939728349,32.640560453467366,3.170253237009129,
5a82b8e6bf,180,1063,7441,74.41,888.9815839656471,0.592902746538124,32.45139025836931,3.900735072716281,
5a82b8e6bf,180,1064,7448,74.48,888.5646258948277,0.8236097448254381,33.80690449512078,4.2412559630812785,
5a82b8e6bf,180,1065,7455,74.55,887.7187415208342,1.1713562693878672,32.21022735637895,9.958191347490569,
5a82b8e6bf,180,1066,7462,74.62,883.5998594678264,0.7741833160458658,33.57565287639223,4.6432388779832126,
5a82b8e6bf,180,1067,7469,74.69,882.8079780181068,1.110477506839977,32.371844428095024,8.916882793912867,
5a82b8e6bf,180,1068,7476,74.76,879.7947954089145,1.0332394526675228,33.751818176352295,6.177874341878291,
5a82b8e6bf,180,1069,7483,74.83,877.1320859471149,1.1887978565817403,30.611414172204444,8.742551303968863,
5a82b8e6bf,180,1070,7490,74.9,871.1273284247568,0.6656936813572317,30.209843453735786,5.837512036750994,
5a82b8e6bf,180,1071,7497,74.97,869.6142642352477,0.623766824895787,28.14548271130638,5.444448605163293,
5a82b8e6bf,180,1072,7504,75.04,867.9945933165762,0.6686333268179446,29.092143325229966,4.2851453365472425,
5a82b8e6bf,180,1073,7511,75.11,866.4746102189366,0.4400367551434716,28.574671005709998,3.798606727292614,
5a82b8e6bf,180,1074,7518,75.18,865.9077397372097,0.6016068853125937,27.860092653778747,5.022069222829046,
5a82b8e6bf,180,1075,7525,75.25,864.9629479133819,0.9116290299309744,29.167094061746603,6.1909644618022615,
5a82b8e6bf,180,1076,7532,75.32,862.1748604155473,0.6257923003169398,28.26430050541117,5.26607380992411,
5a82b8e6bf,180,1077,7539,75.39,860.6513223006814,0.5129855235299194,28.213278278571078,4.801814905365458,
5a82b8e6bf,180,1078,7546,75.46,859.4753126024422,0.4444854318282872,28.0540528579225,4.394804261311312,
5a82b8e6bf,180,1079,7553,75.53,858.731139459767,0.39047764602383433,27.877719995207354,1.3681500555789856,
5a82b8e6bf,180,1080,7560,75.6,858.1617667376506,0.3788424294019314,27.906157190562705,3.234086653041345,
5a82b8e6bf,180,1081,7567,75.67,857.6867295043767,0.32962172231601355,27.50511970402333,2.7359125633888275,
5a82b8e6bf,180,1082,7574,75.74,857.37251933483,0.5156240254040836,28.105405401776583,5.129261980708757,
5a82b8e6bf,180,1083,7581,75.81,856.5005197388854,1.0862098331053978,27.597723234500908,10.84506571647407,
5a82b8e6bf,180,1084,7588,75.88,852.3107323904613,0.7031089789581314,29.720866167229595,5.133141496090148,
5a82b8e6bf,180,1085,7595,75.95,850.8735383653097,0.4960361690121695,28.273290463470605,2.923866307012975,
5a82b8e6bf,180,1086,7602,76.02,850.2964062317561,0.9266400004995784,28.36570963862327,3.3105928943365406,
5a82b8e6bf,180,1087,7609,76.09,847.1391457988046,0.7383831374981265,27.818698046696735,5.037466662399115,
5a82b8e6bf,180,1088,7616,76.16,845.1998904763658,1.1716661871651695,29.148997578071373,4.783786346276116,
5a82b8e6bf,180,1089,7623,76.23,845.1693899016223,0.7385072396016996,30.673454440461747,5.12185817816558,
5a82b8e6bf,180,1090,7630,76.3,842.8735298379567,0.4939319369748371,28.69489653563745,4.60412999953435,
5a82b8e6bf,180,1091,7637,76.37,841.9939836064663,0.5690442140154058,28.996649968926324,5.494323775518903,
5a82b8e6bf,180,1092,7644,76.44,840.8977938711186,0.49789169043467035,28.112315742799076,4.225950651347939,
5a82b8e6bf,180,1093,7651,76.51,840.1630012786068,1.0335286093911211,29.09590926646381,8.941196763611837,
5a82b8e6bf,180,1094,7658,76.58,836.9960623615647,0.5727675949150217,32.925901926380284,2.4061358414099914,
5a82b8e6bf,180,1095,7665,76.65,835.8086020049603,0.797331203492057,29.992451197835358,7.806829735751721,
5a82b8e6bf,180,1096,7672,76.72,832.5493963407894,0.2798834342288539,32.17985276536975,1.308619484852305,
5a82b8e6bf,180,1097,7679,76.79,832.1526401842959,0.47982534306226116,31.620501758041268,4.43008829945999,
5a82b8e6bf,180,1098,7686,76.86,831.2112284368775,0.8172755474486356,30.864296413817307,7.4484857292373094,
5a82b8e6bf,180,1099,7693,76.93,829.0431751088985,0.41301498612237325,29.24150618070454,2.2587327640150545,
5a82b8e6bf,180,1100,7700,77.0,828.372828908817,0.6098309102954496,28.742631258228585,2.3996855715703527,
5a82b8e6bf,180,1101,7707,77.07,827.063124195906,0.6652316998469858,30.317404645972136,4.3849890045800395,
5a82b8e6bf,180,1102,7714,77.14,825.9138491011548,0.990515213672893,29.204990618500325,7.903678440444777,
5a82b8e6bf,180,1103,7721,77.21,825.2080706188782,0.9936823109791173,27.873575159512527,6.1562099532064,
5a82b8e6bf,180,1104,7728,77.28,823.7834660091983,0.8202744984915675,26.98539798309857,2.5584010120795306,
5a82b8e6bf,180,1105,7735,77.35,822.7645270945482,1.0062980155467784,25.62456785582427,4.0227261687755025,
5a82b8e6bf,180,1106,7742,77.42,820.1704446111426,0.7276529530491445,26.513475137814506,2.508061914365625,
5a82b8e6bf,180,1107,7749,77.49,819.7928273555838,0.6661141532678749,25.204111666067043,2.2310655304012847,
5a82b8e6bf,180,1108,7756,77.56,819.5992967157606,0.7948947351361275,27.250718996367308,5.33099585057244,
5a82b8e6bf,180,1109,7763,77.63,819.5744952146059,0.9779264962549704,26.023258807078083,4.454894350653928,
5a82b8e6bf,180,1110,7770,77.7,819.0443287967852,0.5576558489593211,29.189251016210658,6.315123879483879,
5a82b8e6bf,180,1111,7777,77.77,816.1989975015767,0.6059217662958665,24.18220202724427,3.494829037467562,
5a82b8e6bf,180,1112,7784,77.84,814.4821606378483,0.4998305033859367,25.7247806824995,4.208213198152886,
5a82b8e6bf,180,1113,7791,77.91,813.7407620369249,0.3648871069328852,26.388895014632638,1.8285659547454964,
5a82b8e6bf,180,1114,7798,77.98,813.4705583039222,0.6092205054292108,26.058347975510035,5.689127762660622,
5a82b8e6bf,180,1115,7805,78.05,812.3460136857625,0.7976772604824668,27.618213835220576,7.122447170282272,
5a82b8e6bf,180,1116,7812,78.12,810.8903489548101,0.6937528670411763,27.23152351603422,4.7938927709141055,
5a82b8e6bf,180,1117,7819,78.19,809.1063744619214,0.34760027677642286,26.040847971106245,2.5407973717495325,
5a82b8e6bf,180,1118,7826,78.26,808.8718526091433,0.7898304982819145,26.842650590492774,3.5532379167996626,
5a82b8e6bf,180,1119,7833,78.33,808.6131412243161,0.5692477668420504,26.72826672407353,2.669916456247851,
5a82b8e6bf,180,1120,7840,78.4,807.568721017555,0.6155438274559969,26.8465987312671,4.855536678671561,
5a82b8e6bf,180,1121,7847,78.47,806.2317899680796,0.4838534841009149,25.722028967082867,3.7732791179925367,
5a82b8e6bf,180,1122,7854,78.54,805.4474167095873,0.417817842402573,25.720450694527013,3.83685287047086,
5a82b8e6bf,180,1123,7861,78.61,804.8658972656996,0.47894650087797663,25.107114377492405,3.9701883087854295,
5a82b8e6bf,180,1124,7868,78.68,804.1454633678898,0.5977202620841052,25.033707124855436,4.470261167399717,
5a82b8e6bf,180,1125,7875,78.75,802.6413911474749,0.4510915213551915,24.75762780421639,4.104947419402179,
5a82b8e6bf,180,1126,7882,78.82,801.6674268559998,0.43045896134292966,25.213248996124022,3.8794471194382982,
5a82b8e6bf,180,1127,7889,78.89,800.8094653067166,0.40132330148021605,25.48975289480459,3.8746393437539624,
5a82b8e6bf,180,1128,7896,78.96,800.099560343192,0.1584434596423456,25.51945006560005,1.4004149331164852,
5a82b8e6bf,180,1129,7903,79.03,799.994497841202,0.4462817994531905,25.14369274453951,4.442555110481963,
5a82b8e6bf,180,1130,7910,79.1,799.0724449849575,0.49578719217515144,24.41279634498525,4.925531455569132,
5a82b8e6bf,180,1131,7917,79.17,798.1059286430625,0.4483278484541789,25.51254376885021,4.399813650228178,
5a82b8e6bf,180,1132,7924,79.24,797.5098418968959,0.47096730988318797,25.788573622433105,3.417961544846138,
5a82b8e6bf,180,1133,7931,79.31,796.5211513839258,0.2986969074829094,25.10742440422673,2.578775125238542,
5a82b8e6bf,180,1134,7938,79.38,796.0942414461653,0.46060953956473766,25.617459737903193,4.30574259273199,
5a82b8e6bf,180,1135,7945,79.45,795.0977902511007,0.3756239583211035,25.669170746000518,2.8530684036614145,
5a82b8e6bf,180,1136,7952,79.52,794.7277483771633,0.34264994322271064,25.78239679025952,2.1450232280701633,
5a82b8e6bf,180,1137,7959,79.59,794.4353635986761,0.25442065166154343,24.793436050478444,0.9645806962085338,
5a82b8e6bf,180,1138,7966,79.66,794.3058240027409,0.3749788829383885,25.300273799718227,3.367252182342772,
5a82b8e6bf,180,1139,7973,79.73,793.815135643637,0.35741885814313873,24.31819672726526,3.2551714252208366,
5a82b8e6bf,180,1140,7980,79.8,793.4033253716215,0.5297518632136766,24.924772883393416,4.917541565654116,
5a82b8e6bf,180,1141,7987,79.87,792.3726026865875,0.6708580973878462,25.689538298110858,5.994270731684555,
5a82b8e6bf,180,1142,7994,79.94,790.8740653664743,0.4341687925315203,24.337773734883974,2.598647908245766,
5a82b8e6bf,180,1143,8001,80.01,790.6175959659098,0.4074107745578098,24.636961373120478,1.7394446768408867,
5a82b8e6bf,180,1144,8008,80.08,790.1989430543546,0.37420940050946544,23.998059281735646,2.0135353544272574,
5a82b8e6bf,180,1145,8015,80.15,789.9008258129832,0.4127488459800208,24.470416805916162,3.124823249195963,
5a82b8e6bf,180,1146,8022,80.22,789.6196254085515,0.48618096016931833,24.388563956441693,3.7636430813642674,
5a82b8e6bf,180,1147,8029,80.29,789.349846729336,0.4993659615734915,23.730375601955817,3.2009937749992736,
5a82b8e6bf,180,1148,8036,80.36,788.8835015256371,0.43166825780467666,23.223692936438866,2.583861322318361,
5a82b8e6bf,180,1149,8043,80.43,788.6231680394395,0.9644081057311833,23.099091770242076,8.737614423253065,
5a82b8e6bf,180,1150,8050,80.5,784.7129832006326,0.43976374146084446,23.984275960100984,1.9238895186286746,
5a82b8e6bf,180,1151,8057,80.57,784.3965596588736,0.5609692823667536,23.215610736040137,4.447109735873529,
5a82b8e6bf,180,1152,8064,80.64,783.5982391222371,0.5373463100547502,23.915654469376143,2.2624239368537196,
5a82b8e6bf,180,1153,8071,80.71,783.0437485717254,0.4497155790378376,23.783149556719522,2.053493756733359,
5a82b8e6bf,180,1154,8078,80.78,782.3899874177843,0.4380916891897918,23.644800295448544,3.2163265525056106,
5a82b8e6bf,180,1155,8085,80.85,781.7889731652631,0.5383598800230138,23.484546463163316,4.738415276401134,
5a82b8e6bf,180,1156,8092,80.92,780.7517232192769,0.4267492135356255,23.3265909099398,1.4728701891902063,
5a82b8e6bf,180,1157,8099,80.99,780.0997633391171,0.6572738202826899,23.59222164494099,6.6489505752014955,
5a82b8e6bf,180,1158,8106,81.06,777.9762639889727,0.49964147903391093,23.453781809748065,4.602504143553145,
5a82b8e6bf,180,1159,8113,81.13,776.7722537755755,1.3598348355610133,24.64818873221263,6.499616014974582,
5a82b8e6bf,180,1160,8120,81.2,775.609625833713,0.7713636845059741,28.45049670405466,4.680420435260337,
5a82b8e6bf,180,1161,8127,81.27,774.1267664553933,0.7389056553432174,26.863542432656843,5.17005633988174,
5a82b8e6bf,180,1162,8134,81.34,772.7362862228684,0.5570458588809393,26.699587162743757,3.6457601344014177,
5a82b8e6bf,180,1163,8141,81.41,771.7399054790094,0.3626396066301951,25.797838396891535,1.2474797684972105,
5a82b8e6bf,180,1164,8148,81.48,771.4128084875905,0.5367013297859329,25.428704365414404,4.4202494405193,
5a82b8e6bf,180,1165,8155,81.55,770.7216450077499,0.4450989956644359,25.02320487672559,3.9360445274160596,
5a82b8e6bf,180,1166,8162,81.62,770.1618797290147,0.5994042208038747,25.04791297837144,4.658989848922738,
5a82b8e6bf,180,1167,8169,81.69,768.7206582276212,0.593884195660289,24.584549967810545,5.329447220161025,
5a82b8e6bf,180,1168,8176,81.76,767.8046815772527,0.7744676272066711,25.316114149819445,6.960524242834997,
5a82b8e6bf,180,1169,8183,81.83,766.2837696852588,0.6105514399408686,25.592153308444928,3.3313283702389183,
5a82b8e6bf,180,1170,8190,81.9,765.4294679499382,0.6315533578115631,24.725193960204834,5.1256051096343045,
5a82b8e6bf,180,1171,8197,81.97,764.0535013111355,0.4563219824807368,23.935488538929874,2.969546099725406,
5a82b8e6bf,180,1172,8204,82.04,763.2743048552417,0.21142180047552595,23.329701084670894,1.4005301920795297,
5a82b8e6bf,180,1173,8211,82.11,763.1342369569608,0.32152431581942986,23.23709849180858,2.52018690249672,
5a82b8e6bf,180,1174,8218,82.18,762.8426938824402,0.2143701554750505,23.686164974304063,1.1969621834413806,
5a82b8e6bf,180,1175,8225,82.25,762.6690763784584,0.4774302890081281,23.52917951432677,4.562113154892563,
5a82b8e6bf,180,1176,8232,82.32,761.625294263295,0.32098619963439784,24.73450838005812,3.019617715202093,
5a82b8e6bf,180,1177,8239,82.39,761.3450910215212,0.49798227071439444,24.517427173102732,4.752409204640138,
5a82b8e6bf,180,1178,8246,82.46,760.3282307200824,0.6482173482281589,25.69412696310971,6.540389519497019,
5a82b8e6bf,180,1179,8253,82.53,758.8172253896419,0.46663923815641395,25.6332495116823,3.345200446560444,
5a82b8e6bf,180,1180,8260,82.6,757.8806709989162,0.4867117257041093,25.5450809745898,4.380119744986961,
5a82b8e6bf,180,1181,8267,82.67,756.9971602656235,0.6442082344150865,24.41576065858755,6.217964123427736,
5a82b8e6bf,180,1182,8274,82.74,755.4728615830843,0.7842638693082591,24.69071122325323,6.244460491172758,
5a82b8e6bf,180,1183,8281,82.81,752.9488916991942,0.5271200102753298,23.681947783699876,4.872026573172947,
5a82b8e6bf,180,1184,8288,82.88,751.7474080003669,0.2332014077922185,23.62527636337844,1.7536152949196346,
5a82b8e6bf,180,1185,8295,82.95,751.6454943589786,0.4292496208392865,23.673833753908745,3.919295450738769,
5a82b8e6bf,180,1186,8302,83.02,750.9928880665248,0.6332550424225099,22.93376249355885,5.875157226750651,
5a82b8e6bf,180,1187,8309,83.09,749.6407101342318,0.3470993964934182,23.536724511957193,2.8611056866801086,
5a82b8e6bf,180,1188,8316,83.16,749.1561602579816,0.9855674376473285,22.744362944303774,4.870900587465822,
5a82b8e6bf,180,1189,8323,83.23,749.076512085409,0.8005960317461673,28.594752757170728,2.2969252038732337,
5a82b8e6bf,180,1190,8330,83.3,746.9199341284565,0.372256348671412,26.124800529168798,2.2209036897646706,
5a82b8e6bf,180,1191,8337,83.37,746.7040861084938,0.642711221138003,26.56847625811499,4.9309034078811536,
5a82b8e6bf,180,1192,8344,83.44,745.4910482437609,0.5738976630226448,25.459607464036697,4.864699320017427,
5a82b8e6bf,180,1193,8351,83.51,744.3339038325666,0.6710166609445727,24.890573580392648,4.1093867548926,
5a82b8e6bf,180,1194,8358,83.58,742.4379235794202,0.35827105000046416,25.28232947920138,2.5153962536884804,
5a82b8e6bf,180,1195,8365,83.65,742.0385207307326,0.5663975693114255,24.83971716221525,1.7366880267047595,
5a82b8e6bf,180,1196,8372,83.72,741.0543713961337,0.4863404583040412,24.638233247141958,2.579942615481996,
5a82b8e6bf,180,1197,8379,83.79,740.20238437804,0.7425884881799955,24.42371733960393,7.332937621975746,
5a82b8e6bf,180,1198,8386,83.86,737.7519227525515,0.2454587151524442,23.446894010230004,1.810691420336627,
5a82b8e6bf,180,1199,8393,83.93,737.4941719015782,0.446610013909451,23.34143240194106,4.483543503626453,
5a82b8e6bf,180,1200,8400,84.0,736.4755872414287,0.5489081947388278,23.402462462665774,5.552436539982303,
5a82b8e6bf,180,1201,8407,84.07,735.2152380470056,0.3072134725174455,22.397686149307926,2.0119151083611615,
5a82b8e6bf,180,1202,8414,84.14,734.8504207612649,0.7131988609271273,22.66062206190054,2.5846051481055716,
5a82b8e6bf,180,1203,8421,84.21,734.8200770225591,0.612109977280547,23.210599229623025,5.343053995746718,
5a82b8e6bf,180,1204,8428,84.28,733.1867442569322,0.5460317957062994,22.538550048808705,5.440594521287236,
5a82b8e6bf,180,1205,8435,84.35,732.3671977099984,0.40045898187764306,23.883998063467143,2.733946712494233,
5a82b8e6bf,180,1206,8442,84.42,732.1745358101809,0.5629582323145518,23.0046162561473,3.399769380754791,
5a82b8e6bf,180,1207,8449,84.49,731.203487703676,0.6119163124735935,24.36904660260793,5.360421100084695,
5a82b8e6bf,180,1208,8456,84.56,729.8362488800672,0.3940754959596018,22.936382626837794,3.29036844969441,
5a82b8e6bf,180,1209,8463,84.63,729.2372001719866,0.45816918226111447,23.286007044687715,4.599698228057027,
5a82b8e6bf,180,1210,8470,84.7,728.240365336295,0.38529378111797224,22.733380789346498,3.6275237755299767,
5a82b8e6bf,180,1211,8477,84.77,727.8565878015547,0.5055923140303488,22.83019310015372,2.8570122345895936,
5a82b8e6bf,180,1212,8484,84.84,726.9480515691203,0.41521238288131906,22.214828232302004,3.3753931042594956,
5a82b8e6bf,180,1213,8491,84.91,726.4933443207683,0.39431344956927195,23.822869093908487,1.903173380518178,
5a82b8e6bf,180,1214,8498,84.98,725.843172281013,0.48331508516433286,22.902563880475522,3.619046441499445,
5a82b8e6bf,180,1215,8505,85.05,724.9616263030123,0.6666605665227934,23.25139964681997,6.239909624334256,
5a82b8e6bf,180,1216,8512,85.12,723.4480023612855,0.29184271009346757,22.354901343145507,1.4364610941630858,
5a82b8e6bf,180,1217,8519,85.19,723.21474030233,0.49033233849720675,21.788966310100857,4.76069021020228,
5a82b8e6bf,180,1218,8526,85.26,722.1369080678624,0.49561914118120737,21.670685276658862,4.710284993240317,
5a82b8e6bf,180,1219,8533,85.33,721.0029284391144,0.6349560126948346,21.883109252760747,6.114001440967496,
5a82b8e6bf,180,1220,8540,85.4,719.0219414142744,0.2605653818032739,22.212393395583867,1.3900125269898618,
5a82b8e6bf,180,1221,8547,85.47,718.7288274749723,0.4571964178065019,22.44208894705995,4.091630784603851,
5a82b8e6bf,180,1222,8554,85.54,717.674159636919,0.5091050151933573,21.770599245303757,4.047848283128092,
5a82b8e6bf,180,1223,8561,85.61,716.614970259844,0.5955102839588975,23.3299438562557,5.974088836569981,
5a82b8e6bf,180,1224,8568,85.68,716.0204621902346,0.6350002330810978,24.091478372154512,4.585814619655407,
5a82b8e6bf,180,1225,8575,85.75,714.4185445130365,0.37938990394733674,22.61023144646662,2.173183176021424,
5a82b8e6bf,180,1226,8582,85.82,713.9596043828531,0.21364844409657374,24.078738713181085,1.5236702062389427,
5a82b8e6bf,180,1227,8589,85.89,713.7784406652314,0.6248009264895503,23.479243134365163,6.123623553660369,
5a82b8e6bf,180,1228,8596,85.96,711.9192986684194,0.3120467154527938,22.266710785812208,2.7505162040386457,
5a82b8e6bf,180,1229,8603,86.03,711.6356483136275,0.4258108439403385,22.668060396775903,3.587922454927223,
5a82b8e6bf,180,1230,8610,86.1,711.2603423666762,0.4448588501395736,22.289855524304816,3.286311883933705,
5a82b8e6bf,180,1231,8617,86.17,710.6269399614735,0.36304987171579867,21.962725315386887,3.213409375219652,
5a82b8e6bf,180,1232,8624,86.24,710.3515432911033,0.5462084876636943,22.467970690512104,4.935868048363665,
5a82b8e6bf,180,1233,8631,86.31,709.8194892998558,0.6543463033340697,23.28468234618324,6.069022030556442,
5a82b8e6bf,180,1234,8638,86.38,709.326395568795,0.6574177588798459,24.2312414973165,3.2992683270415055,
5a82b8e6bf,180,1235,8645,86.45,708.6342901873164,0.6645629586674279,23.700939331313826,4.261347593418145,
5a82b8e6bf,180,1236,8652,86.52,707.546528160628,0.7294443198442988,24.17919735975685,6.869231040173417,
5a82b8e6bf,180,1237,8659,86.59,706.2447735759233,0.6440058778081474,23.700298690775337,4.294904329568678,
5a82b8e6bf,180,1238,8666,86.66,705.9543927782445,0.655377225169261,22.533449377634614,4.09802899334599,
5a82b8e6bf,180,1239,8673,86.73,705.7108132709544,0.766822190789237,23.806603648417944,5.2583485455331,
5a82b8e6bf,180,1240,8680,86.8,705.0343333856644,0.9490806470109739,23.111581580827796,6.164412050411598,
5a82b8e6bf,180,1241,8687,86.87,704.6314825710806,0.5506776765536712,27.40970304878888,6.391627247957533,
5a82b8e6bf,180,1242,8694,86.94,701.7252053066824,0.2503594019247889,21.543409094879294,1.7593971804697393,
5a82b8e6bf,180,1243,8701,87.01,701.5100063624693,0.37990810524590024,21.766127416582517,3.7312248137243142,
5a82b8e6bf,180,1244,8708,87.08,700.9135257705432,0.34054420855527184,21.532970775372025,3.121412136701077,
5a82b8e6bf,180,1245,8715,87.15,700.5194180540678,0.5189358723394897,21.145923743848737,5.051762817572093,
5a82b8e6bf,180,1246,8722,87.22,699.2751711060827,0.4021799071694319,21.635701079921322,3.494069730807501,
5a82b8e6bf,180,1247,8729,87.29,698.8274404908708,0.41703115856830564,21.60251075750182,3.6502821776207295,
5a82b8e6bf,180,1248,8736,87.36,698.1348134215906,0.3694857677592516,22.151956285705356,2.8654420917832653,
5a82b8e6bf,180,1249,8743,87.43,697.6937045007309,0.4750822649860926,22.661249237670404,1.3929802911828189,
5a82b8e6bf,180,1250,8750,87.5,697.0920330011502,0.7795533104982084,24.20087087422619,5.771834038133446,
5a82b8e6bf,180,1251,8757,87.57,694.1996642191043,0.5800003526041031,23.17305005524159,5.604777968176507,
5a82b8e6bf,180,1252,8764,87.64,693.0979266137152,0.9352134375476516,24.63382797412242,3.1286578033459156,
5a82b8e6bf,180,1253,8771,87.71,691.4929346130278,0.6952673721399706,24.02231808528512,4.139936056721965,
5a82b8e6bf,180,1254,8778,87.78,690.2570631500208,0.9440572484369028,23.662086415973068,6.535237664969997,
5a82b8e6bf,180,1255,8785,87.85,687.537139281633,0.7799310699401392,23.672778256311638,4.80670807489723,
5a82b8e6bf,180,1256,8792,87.92,685.900872241087,0.5452789130058585,22.97210090372335,4.342774770267432,
5a82b8e6bf,180,1257,8799,87.99,685.0676344026245,0.5452039117385864,22.644176430888326,4.224502059113601,
5a82b8e6bf,180,1258,8806,88.06,684.2424667208247,1.3538645441611075,23.16896829875043,4.6920407947721285,
5a82b8e6bf,180,1259,8813,88.13,683.9139678285588,0.8066366112194813,27.98873118887211,4.753162587056214,
5a82b8e6bf,180,1260,8820,88.2,681.188479247057,0.402768962295805,24.848428007513462,3.2386968214621015,
5a82b8e6bf,180,1261,8827,88.27,680.9248176999538,0.4591114746839585,24.46277080946194,2.227641330284041,
5a82b8e6bf,180,1262,8834,88.34,680.3988943695094,0.521858342838067,25.355067443792016,2.096131090766335,
5a82b8e6bf,180,1263,8841,88.41,679.7286499051072,0.29418096777043823,23.971557801843527,1.9847363705403482,
5a82b8e6bf,180,1264,8848,88.48,679.4218026243607,0.25615978288213886,24.04692691132038,2.287483355602473,
5a82b8e6bf,180,1265,8855,88.55,679.2282234971653,0.4526183248108652,23.729190647348535,4.4009341065606975,
5a82b8e6bf,180,1266,8862,88.62,678.2904230835916,0.3614147975630304,24.023520214942383,3.5864221587447855,
5a82b8e6bf,180,1267,8869,88.69,677.7097333407895,0.3401584257404747,23.961323530719667,3.2993078259776945,
5a82b8e6bf,180,1268,8876,88.76,677.1906869172166,0.33686955896441206,24.903720166505984,3.1246322754659395,
5a82b8e6bf,180,1269,8883,88.83,676.6269435071864,0.5119347289903327,23.619217419357124,4.972579337647222,
5a82b8e6bf,180,1270,8890,88.9,675.9012450057935,0.44895765150003214,24.659572384936304,3.6234811328875223,
5a82b8e6bf,180,1271,8897,88.97,675.1797371807195,0.7332660220621112,23.767274289945483,5.794295508512908,
5a82b8e6bf,180,1272,8904,89.04,673.1719065073196,0.33505460807374,24.330739116154295,2.44487158747653,
5a82b8e6bf,180,1273,8911,89.11,672.7878463282088,0.32499993873994515,23.94233470314681,3.127495005535065,
5a82b8e6bf,180,1274,8918,89.18,672.4655156974906,0.29046296820326983,23.096533881862598,1.7045502704561695,
5a82b8e6bf,180,1275,8925,89.25,672.1151621859775,0.8515918920647384,22.865139488457185,5.682669965531586,
5a82b8e6bf,180,1276,8932,89.32,670.142785424023,0.5371647524519401,21.65300758772937,2.445519293169473,
5a82b8e6bf,180,1277,8939,89.39,669.3561497229472,0.6259202846797397,22.154629557507775,2.6079021644018177,
5a82b8e6bf,180,1278,8946,89.46,667.9901425848886,0.42897556306150886,22.284452772448116,3.554354527018013,
5a82b8e6bf,180,1279,8953,89.53,667.3129976916043,0.9239354944574232,22.862589152032804,4.401368109178532,
5a82b8e6bf,180,1280,8960,89.6,666.8923584333178,0.575617326667428,24.648682519585726,2.1885565261359194,
5a82b8e6bf,180,1281,8967,89.67,665.7457985250619,0.45461001620275104,22.12491632956375,3.3911768556818735,
5a82b8e6bf,180,1282,8974,89.74,664.714255059593,0.5721055469097498,21.516649147576477,4.857724694689709,
5a82b8e6bf,180,1283,8981,89.81,663.3275800554625,0.6299600506262537,21.840828220694892,6.213427713573133,
5a82b8e6bf,180,1284,8988,89.88,661.5121720263294,0.25521206924013123,21.476172697116258,1.7154542780789663,
5a82b8e6bf,180,1285,8995,89.95,661.2285566260163,0.3258160258399065,21.471471212040946,2.672724563499965,
5a82b8e6bf,180,1286,9002,90.02,660.8120761896974,0.4516968249886521,21.102535911368754,2.46009723751384,
5a82b8e6bf,180,1287,9009,90.09,659.995925934349,0.39380245440225514,20.72522438456202,3.7691786487000103,
5a82b8e6bf,180,1288,9016,90.16,659.3052972013568,0.2195181782535848,19.976286700394006,2.026252365074484,
5a82b8e6bf,180,1289,9023,90.23,659.2648604266194,0.4194419168550936,20.278506806801335,3.4627523970247394,
5a82b8e6bf,180,1290,9030,90.3,658.826640716236,0.4299300344783708,20.172405287912415,1.6895234684057685,
5a82b8e6bf,180,1291,9037,90.37,658.0306218309495,0.23817081676880486,20.11144387062288,1.5165863739749892,
5a82b8e6bf,180,1292,9044,90.44,657.8196471538716,0.29423197360748454,20.515073650464437,2.245452810425304,
5a82b8e6bf,180,1293,9051,90.51,657.4312461160122,0.3601024550224546,20.2536217024964,3.6430186515711944,
5a82b8e6bf,180,1294,9058,90.58,656.9702017615335,0.4607270255746378,20.474479463470264,4.581243972957971,
5a82b8e6bf,180,1295,9065,90.65,656.3620100214913,0.6794291990140736,20.261837434784077,5.918657810889303,
5a82b8e6bf,180,1296,9072,90.72,655.0782714446916,0.700925813453743,22.24525307484521,6.430750098568561,
5a82b8e6bf,180,1297,9079,90.79,653.4667551310354,0.5312578638346827,20.654911566257745,4.297730931802913,
5a82b8e6bf,180,1298,9086,90.86,652.6034855831859,0.6045910724591405,22.21681325221609,5.4107032283242456,
5a82b8e6bf,180,1299,9093,90.93,652.3215498799037,0.6753823576312541,22.282299084274502,2.227856819255671,
5a82b8e6bf,180,1300,9100,91.0,651.2262008321972,0.7813503262096035,22.478331881294498,6.081059493646156,
5a82b8e6bf,180,1301,9107,91.07,649.5070883865106,0.7167158809563688,22.012091720229034,2.93139159718712,
5a82b8e6bf,180,1302,9114,91.14,647.6606683287582,0.3215606964713451,22.068400250083382,1.4445805325016936,
5a82b8e6bf,180,1303,9121,91.21,647.3501387141569,0.5520209473235057,21.983501350072693,3.9483025841777706,
5a82b8e6bf,180,1304,9128,91.28,646.7171404028396,0.667284885143325,22.683827435746473,5.411980675739955,
5a82b8e6bf,180,1305,9135,91.35,646.0169562962109,0.6473154012629736,22.72502110435011,2.9944821975982356,
5a82b8e6bf,180,1306,9142,91.42,644.840217409489,0.5296470944835275,22.66325074278476,2.326359383288059,
5a82b8e6bf,180,1307,9149,91.49,644.2131771734383,0.5053766866761756,22.09130503068899,3.676311171162599,
5a82b8e6bf,180,1308,9156,91.56,643.8774955984007,0.5965620682663209,22.411803437050136,2.549335265514993,
5a82b8e6bf,180,1309,9163,91.63,642.9300226602402,0.5136640165507286,21.544833938216595,3.483350827554291,
5a82b8e6bf,180,1310,9170,91.7,642.1228566515124,0.41167469987130706,22.193101507337715,2.6854247895248524,
5a82b8e6bf,180,1311,9177,91.77,641.9706817582231,0.569411965287648,21.11348589068591,4.308369414982408,
5a82b8e6bf,180,1312,9184,91.84,640.8496812294442,0.34449736403339043,21.7610808162516,2.3918336146904697,
5a82b8e6bf,180,1313,9191,91.91,640.5422068243605,0.3666830249499638,20.56140433641507,3.308464999977975,
5a82b8e6bf,180,1314,9198,91.98,640.1413467557601,0.6329633199104082,20.53303578722936,5.934602426675109,
5a82b8e6bf,180,1315,9205,92.05,638.4455013896516,0.4528443496273868,20.53182244045618,2.4100471691588377,
5a82b8e6bf,180,1316,9212,92.12,637.7270082717782,0.27790628492388886,21.01462882180792,2.038502379769929,
5a82b8e6bf,180,1317,9219,92.19,637.5275280681506,0.4943933072484782,20.278753086681306,2.110573081098629,
5a82b8e6bf,180,1318,9226,92.26,637.4800864174467,0.4407475647120349,20.943447546205377,3.957377191465375,
5a82b8e6bf,180,1319,9233,92.33,636.5247188785835,0.3125478976086604,20.196109203011716,2.3243500948576674,
5a82b8e6bf,180,1320,9240,92.4,636.2518051681253,0.4319314201031045,19.96714230553247,3.572177041179693,
5a82b8e6bf,180,1321,9247,92.47,635.5923533369395,0.27515344111729656,20.41833315678408,2.292573092934855,
5a82b8e6bf,180,1322,9254,92.54,635.2412288596249,0.3966361055907229,20.15061069920517,3.575980940279877,
5a82b8e6bf,180,1323,9261,92.61,634.6447868747628,0.7499975300820426,21.395571163203087,7.3667253304674585,
5a82b8e6bf,180,1324,9268,92.68,632.010877602501,0.402970474448632,21.286083438252668,3.729633804829103,
5a82b8e6bf,180,1325,9275,92.75,631.1941658236226,0.3729595713291893,21.618205901796745,3.2022521541805453,
5a82b8e6bf,180,1326,9282,92.82,630.4990862885414,1.059191189083661,22.72232592034895,3.323765157432721,
5a82b8e6bf,180,1327,9289,92.89,629.9331885177892,1.5144405490996917,26.53814337459504,6.507882349796043,
5a82b8e6bf,180,1328,9296,92.96,629.59826464104,0.8671241448575169,26.651837333538914,4.259296238060237,
5a82b8e6bf,180,1329,9303,93.03,626.2563974375544,0.5395355748887455,24.550376196772984,5.371662110407106,
5a82b8e6bf,180,1330,9310,93.1,624.9645214338186,0.7565586504035676,22.34096036102776,6.716969458839508,
5a82b8e6bf,180,1331,9317,93.17,622.7603497821298,0.4141342123611177,20.518191011945174,3.612348302526409,
5a82b8e6bf,180,1332,9324,93.24,622.2390265404334,0.5313086713919993,20.422193348152025,4.926272166918341,
5a82b8e6bf,180,1333,9331,93.31,621.2912002584425,0.5141913670785395,19.467942012870868,3.0028914553102886,
5a82b8e6bf,180,1334,9338,93.38,620.0408257921495,0.39059159108469677,20.10724067202555,3.8597976462666552,
5a82b8e6bf,180,1335,9345,93.45,619.3627262775266,0.40153202352296424,20.184894075311018,3.712843108460846,
5a82b8e6bf,180,1336,9352,93.52,618.7098373031715,0.41826177432861084,19.948303730431146,3.8620889175757145,
5a82b8e6bf,180,1337,9359,93.59,617.9810797424317,0.3387292243652763,19.420351677505334,3.1682394913151106,
5a82b8e6bf,180,1338,9366,93.66,617.445028784642,0.4112852217231476,19.105251987096448,3.9067620683094786,
5a82b8e6bf,180,1339,9373,93.73,616.869411376158,0.41299860340829336,19.476292921123346,3.0664717708522238,
5a82b8e6bf,180,1340,9380,93.8,616.371864818916,0.3154033500800857,19.935202011571757,2.71617717479397,
5a82b8e6bf,180,1341,9387,93.87,616.049696251183,0.5603891624202606,18.537127584455636,5.342244032721473,
5a82b8e6bf,180,1342,9394,93.94,614.8831893581057,0.2638210651515908,19.780673498521033,1.779675119855225,
5a82b8e6bf,180,1343,9401,94.01,614.6561146576656,0.4781688229553498,18.476438613432506,4.502162342973607,
5a82b8e6bf,180,1344,9408,94.08,613.8112815581728,0.3999299962268676,18.969497610148746,3.7895772681806528,
5a82b8e6bf,180,1345,9415,94.15,613.3276351136287,0.29637177667300885,18.38959519090108,2.10407122532247,
5a82b8e6bf,180,1346,9422,94.22,613.125512508419,0.2877248370961502,19.38667089617821,2.323045481410312,
5a82b8e6bf,180,1347,9429,94.29,612.9810933963137,0.3258984399765266,18.61606788581002,2.774334182151369,
5a82b8e6bf,180,1348,9436,94.36,612.5368238860656,0.40553207633843197,19.66682559880019,3.2139290037533397,
5a82b8e6bf,180,1349,9443,94.43,611.9568252915875,0.436993235868863,19.263330900348226,2.9378460366727532,
5a82b8e6bf,180,1350,9450,94.5,611.2906829211861,0.53789435671004,20.22638936606864,4.599910260445701,
5a82b8e6bf,180,1351,9457,94.57,610.325886402927,0.3559227758576918,21.252330778714807,2.7000396756035934,
5a82b8e6bf,180,1352,9464,94.64,609.9037325466129,0.30860916096932955,21.544732745394157,2.087046953529948,
5a82b8e6bf,180,1353,9471,94.71,609.6222341994084,0.6560154324984906,20.825909758589383,3.508504436958305,
5a82b8e6bf,180,1354,9478,94.78,607.7657751282451,0.5580830617772403,18.530209126805467,4.8549549564287435,
5a82b8e6bf,180,1355,9485,94.85,606.5403087132944,0.30041068015434225,17.82329838345503,2.663638141811692,
5a82b8e6bf,180,1356,9492,94.92,606.2800983995688,0.3085973348416735,17.77438509948537,2.2770163585377277,
5a82b8e6bf,180,1357,9499,94.99,605.884462325936,0.7843335811896888,18.112367641339766,3.768925104059977,
5a82b8e6bf,180,1358,9506,95.06,605.6308844760835,0.4706486904132075,18.870117676112947,2.8217259252762705,
5a82b8e6bf,180,1359,9513,95.13,604.91970255272,0.2783417886603968,18.93802219669082,1.466100584873554,
5a82b8e6bf,180,1360,9520,95.2,604.6305272249338,0.3067586212285475,18.205031701661472,2.9065597258608395,
5a82b8e6bf,180,1361,9527,95.27,604.2821513140459,0.7519268203584721,18.113624530125062,7.619288627282342,
5a82b8e6bf,180,1362,9534,95.34,602.089442122588,0.44808151278464936,18.9266533483109,3.1709630833292946,
5a82b8e6bf,180,1363,9541,95.41,601.1210016475735,0.37901023027754216,18.574986442083578,2.730746037481284,
5a82b8e6bf,180,1364,9548,95.48,600.6477823807903,0.27930273381106546,19.21587016563293,2.238654778364241,
5a82b8e6bf,180,1365,9555,95.55,600.34033228982,0.8875530509261307,19.483692297367977,4.209364019169604,
5a82b8e6bf,180,1366,9562,95.62,600.2516172154419,0.9639441675813576,23.512186871691362,7.304425616306298,
5a82b8e6bf,180,1367,9569,95.69,597.410997137744,0.5824215067296548,20.41965984577651,3.061445125372311,
5a82b8e6bf,180,1368,9576,95.76,596.4486026465703,0.4461029552049306,20.292472776317958,0.7073488536694573,
5a82b8e6bf,180,1369,9583,95.83,595.6006293159176,0.33149619019340876,19.904712758804678,2.7861506425743756,
5a82b8e6bf,180,1370,9590,95.9,595.2150962729294,0.38606489710720915,19.236747463646342,2.3098738587949126,
5a82b8e6bf,180,1371,9597,95.97,594.6480806324071,0.18331640157714077,19.243324487546673,1.4354126738030528,
5a82b8e6bf,180,1372,9604,96.04,594.558060008081,0.26798102197663115,18.968697074872473,1.578640608915209,
5a82b8e6bf,180,1373,9611,96.11,594.4055177009508,0.7716062936799313,19.421327323185935,3.0330891826500284,
5a82b8e6bf,180,1374,9618,96.18,594.3682795517011,0.5311337167850034,19.438331797398742,1.699948852772356,
5a82b8e6bf,180,1375,9625,96.25,593.2563358353194,0.6512103720866347,19.03713104366327,3.813975219960949,
5a82b8e6bf,180,1376,9632,96.32,591.6164155868261,0.4354904550515739,18.973942905114747,4.096076261293298,
5a82b8e6bf,180,1377,9639,96.39,590.8069329668886,0.3782570704942292,18.738879522142945,3.430214920690547,
5a82b8e6bf,180,1378,9646,96.46,590.2747977668079,0.19979647841849682,19.114379855810913,1.2454112851978567,
5a82b8e6bf,180,1379,9653,96.53,590.187479667189,0.4841143601861988,18.78008044896785,3.9302362397634663,
5a82b8e6bf,180,1380,9660,96.6,589.2073684735126,0.38716926771392807,20.064638799988558,2.738329512324537,
5a82b8e6bf,180,1381,9667,96.67,588.7999050106733,0.4183643934491677,19.936356261622326,3.26652937409479,
5a82b8e6bf,180,1382,9674,96.74,588.3650019838872,0.4686919614475849,20.933971035834666,2.827124080938371,
5a82b8e6bf,180,1383,9681,96.81,587.7377509425069,0.3579478472641017,19.46393752333263,2.505972916421882,
5a82b8e6bf,180,1384,9688,96.88,587.2050278282376,0.19407935957959258,19.776503057028087,1.579195140378629,
5a82b8e6bf,180,1385,9695,96.95,587.0903635371805,0.3784669844678695,19.51833527961132,3.0495314346221876,
5a82b8e6bf,180,1386,9702,97.02,586.3819358711869,0.28978768295120466,19.721793384146725,1.990796452085505,
5a82b8e6bf,180,1387,9709,97.09,586.0124131947191,0.21208122000086557,19.900592332724674,1.9303838036414598,
5a82b8e6bf,180,1388,9716,97.16,585.836008606952,0.25631690955367237,19.460881065961107,2.3923666933063608,
5a82b8e6bf,180,1389,9723,97.23,585.5025023927917,1.0209039704509677,19.68224418799604,4.477729295817177,
5a82b8e6bf,180,1390,9730,97.3,585.4316788009129,0.61326451890289,20.572388316558914,2.9084721717288513,
5a82b8e6bf,180,1391,9737,97.37,584.0639258867278,0.3293562468931032,19.295863730633048,2.030187142425001,
5a82b8e6bf,180,1392,9744,97.44,583.6987022346688,0.8155856987025463,18.907995687286572,3.2303262592125255,
5a82b8e6bf,180,1393,9751,97.51,583.6678505583837,0.5472725425140015,20.264953304559935,3.2709217021739083,
5a82b8e6bf,180,1394,9758,97.58,582.5067003804531,0.29553315930215956,19.248808396295512,0.8669659594692574,
5a82b8e6bf,180,1395,9765,97.65,582.0737077629412,0.9037884738596998,18.91212793195825,4.484313366290389,
5a82b8e6bf,180,1396,9772,97.72,581.7075680116632,0.7282651411483412,21.01327195853507,4.088487139953765,
5a82b8e6bf,180,1397,9779,97.79,579.2923910628465,0.30960278027665444,20.781609878479976,2.5357020512468584,
5a82b8e6bf,180,1398,9786,97.86,578.9242634318143,0.2694058264840841,20.057277183229072,1.561360120256801,
5a82b8e6bf,180,1399,9793,97.93,578.7352467002539,0.4212823051554471,20.040049548750947,3.719092163152788,
5a82b8e6bf,180,1400,9800,98.0,578.0919115407461,0.45782925163166094,19.63410826848628,4.312518809061737,
5a82b8e6bf,180,1401,9807,98.07,577.3964214611167,0.28547804381838304,21.264144765432583,2.2899683791302263,
5a82b8e6bf,180,1402,9814,98.14,577.0559904512152,0.28814051739292174,20.681571943180536,2.4697989456824088,
5a82b8e6bf,180,1403,9821,98.21,576.7403058180874,0.23566645938853056,21.306173237156155,1.0423781858734997,
5a82b8e6bf,180,1404,9828,98.28,576.6011436959774,0.20216206511096768,20.883683256001785,1.1038275239773467,
5a82b8e6bf,180,1405,9835,98.35,576.4602333016276,0.6493833803812495,20.875567930337297,6.414623772015396,
5a82b8e6bf,180,1406,9842,98.42,575.3203558864354,0.5024233434134752,20.80455977155587,2.494418306518897,
5a82b8e6bf,180,1407,9849,98.49,574.9157242892096,0.46151285849906115,19.5725997128601,2.1114502020810817,
5a82b8e6bf,180,1408,9856,98.56,574.3954020992481,0.6654546329122142,19.844596089173564,5.842358631241352,
5a82b8e6bf,180,1409,9863,98.63,573.9738864509178,0.39312228666939225,21.863443034034365,5.759229025769799,
5a82b8e6bf,180,1410,9870,98.7,572.4668156214428,1.0281721716540309,19.56588816817029,4.7532523204761095,
5a82b8e6bf,180,1411,9877,98.77,572.2495849538278,0.8226282562140093,21.223985373568254,3.900686833043943,
5a82b8e6bf,180,1412,9884,98.84,569.5295161139231,0.2877155274761874,18.991451624961933,1.759266384769944,
5a82b8e6bf,180,1413,9891,98.91,569.3738485310597,0.3232036636901413,18.73475794847797,1.5215712899573561,
5a82b8e6bf,180,1414,9898,98.98,568.9962531189053,0.4474275710118076,19.006779806459033,3.9720255989122233,
5a82b8e6bf,180,1415,9905,99.05,568.3144413624348,0.33355630356847926,19.483460629438106,2.5353222276205845,
5a82b8e6bf,180,1416,9912,99.12,567.9557231937254,0.2975388583548876,19.08818181700886,1.3538216521868331,
5a82b8e6bf,180,1417,9919,99.19,567.5551858560423,0.3012665646909468,19.197738073535856,2.6023890600042177,
5a82b8e6bf,180,1418,9926,99.26,567.161560836199,0.34513628436047955,19.405191300954673,3.3089200732264614,
5a82b8e6bf,180,1419,9933,99.33,566.7067406462207,0.47638520524530364,19.51352276978046,4.772392344849332,
5a82b8e6bf,180,1420,9940,99.4,566.1720495588759,0.3537117693314819,19.86674714331865,2.39839431908734,
5a82b8e6bf,180,1421,9947,99.47,565.7731737227733,0.3649306061811267,19.34621700111885,3.194303105684128,
5a82b8e6bf,180,1422,9954,99.54,565.1961855097642,0.41052964850846413,19.514141054293653,3.9255892528756138,
5a82b8e6bf,180,1423,9961,99.61,564.42807108093,0.6499043591461906,19.461767205373295,3.1007370213627263,
5a82b8e6bf,180,1424,9968,99.68,564.3961721484078,0.4855429046593011,20.21882227192701,2.5495884623961427,
5a82b8e6bf,180,1425,9975,99.75,563.4393783165397,0.4236029127460473,20.22422062445471,4.229507516908703,
5a82b8e6bf,180,1426,9982,99.82,562.6393929732519,0.16767446917106724,20.464480625870806,1.6660963983296342,
5a82b8e6bf,180,1427,9989,99.89,562.5455121788137,0.9272587977219582,20.350244465803783,4.066456378980165,
5a82b8e6bf,180,1428,9996,99.96,562.5246881933236,0.6076151540713659,21.29172849472646,3.2681640403869494,
5a82b8e6bf,180,1429,10003,100.03,560.8267830370349,0.5166344453207297,20.61900544515779,4.172937339303073,
5a82b8e6bf,180,1430,10010,100.1,559.7101035374819,0.32753112659496886,20.462767234944344,1.244096069282545,
5a82b8e6bf,180,1431,10017,100.17,559.2448190491036,0.16325125381714795,19.92647717861762,1.2950700396753307,
5a82b8e6bf,180,1432,10024,100.24,559.1146013813499,0.5214310081895058,20.256370214887372,5.298626375772185,
5a82b8e6bf,180,1433,10031,100.31,558.3682308745813,0.5244213755876284,20.33349845098423,4.873980432328249,
5a82b8e6bf,180,1434,10038,100.38,557.8169531709428,0.385077811389694,21.000658158018453,2.15094780321752,
5a82b8e6bf,180,1435,10045,100.45,557.4916706170662,0.27802519632822986,19.99737523130334,1.6082792141894073,
5a82b8e6bf,180,1436,10052,100.52,557.3547694583679,0.42147856436598025,20.384045072431167,3.362672211054126,
5a82b8e6bf,180,1437,10059,100.59,557.0592572334207,0.3660501414721172,20.945486907913637,1.4127627775009324,
5a82b8e6bf,180,1438,10066,100.66,556.8692892596516,0.4686371809935136,20.421969249723965,3.1117999381301575,
5a82b8e6bf,180,1439,10073,100.73,555.9533443875646,0.2087262963750107,20.16375837108566,1.545825142337659,
5a82b8e6bf,180,1440,10080,100.8,555.8555691876154,0.33919733575517214,19.87359395706633,2.684277604731162,
5a82b8e6bf,180,1441,10087,100.87,555.5049484952688,0.35851196025564824,19.831978497602154,2.944303453602385,
5a82b8e6bf,180,1442,10094,100.94,555.0937260365524,0.3157269109280188,18.73660856537412,2.472216325995999,
5a82b8e6bf,180,1443,10101,101.01,554.7240102799213,0.3571407996168541,19.106255037274046,3.362739104368105,
5a82b8e6bf,180,1444,10108,101.08,554.2749124046707,0.2678209947322749,17.99538582070129,2.2472345737827037,
5a82b8e6bf,180,1445,10115,101.15,553.9217741650002,0.277899092708922,18.46948055414107,2.7656160165226242,
5a82b8e6bf,180,1446,10122,101.22,553.6517933849957,0.3197666506396272,19.80268270918083,1.6042830056021982,
5a82b8e6bf,180,1447,10129,101.29,553.2849767056841,0.1669347188464192,18.85955362213077,0.6211517786687978,
5a82b8e6bf,180,1448,10136,101.36,553.1747368024684,0.4366523676820449,19.467326930853968,4.343556357858476,
5a82b8e6bf,180,1449,10143,101.43,552.5465862389904,0.2664289314959684,20.320750332261422,1.8689491181712556,
5a82b8e6bf,180,1450,10150,101.5,552.1988440135709,0.41426122484950445,19.505550747773945,3.9169062365367697,
5a82b8e6bf,180,1451,10157,101.57,551.4818554122874,0.2728986565775791,19.25088663997302,2.162332179224779,
5a82b8e6bf,180,1452,10164,101.64,551.146948711461,0.17131150964768666,18.739467924465288,1.670775287893522,
5a82b8e6bf,180,1453,10171,101.71,551.0555973580712,0.794907157841451,18.948355183823182,3.848229058839937,
5a82b8e6bf,180,1454,10178,101.78,550.8850999070359,0.5650340209168766,20.512185908628148,4.739298183158547,
5a82b8e6bf,180,1455,10185,101.85,549.5491178710928,0.25298415226396903,19.777990954971653,2.1122438795513476,
5a82b8e6bf,180,1456,10192,101.92,549.2456604088339,0.3691302149425858,20.44959753850045,3.5692349653346565,
5a82b8e6bf,180,1457,10199,101.99,548.8783276685589,0.3909694819176533,20.0961374931598,1.2274037546791192,
5a82b8e6bf,180,1458,10206,102.06,548.3637615537328,0.2711001455205872,20.73136491042118,1.0156305110384418,
5a82b8e6bf,180,1459,10213,102.13,548.061458503874,0.5248739338582269,20.14241707670653,5.364049453094953,
5a82b8e6bf,180,1460,10220,102.2,546.7154471564381,0.7369318856127702,21.16366575518645,1.6576350474075,
5a82b8e6bf,180,1461,10227,102.27,546.2901790517864,0.41936547422987885,21.635868682163704,2.464121598529381,
5a82b8e6bf,180,1462,10234,102.34,545.6891940683474,0.28616224510987553,21.489698047466362,1.9997034397486206,
5a82b8e6bf,180,1463,10241,102.41,545.3899806198647,0.3597767286139448,21.03803548266937,3.40630402625997,
5a82b8e6bf,180,1464,10248,102.48,544.7811220495237,0.44868882452179176,20.853645581698885,4.448014913337005,
5a82b8e6bf,180,1465,10255,102.55,543.950001677286,0.32010741979345286,20.654972609229556,3.1550173389678617,
5a82b8e6bf,180,1466,10262,102.62,543.6543697113841,0.4628292944801586,20.486624032384828,1.2742679389159541,
5a82b8e6bf,180,1467,10269,102.69,542.8212125183791,0.39807295901963835,20.962417877884814,3.5350689191958073,
5a82b8e6bf,180,1468,10276,102.76,542.0903142529955,0.38588704837292803,20.913865707948148,1.7864974047236628,
5a82b8e6bf,180,1469,10283,102.83,542.0391540238243,0.4192082485530493,21.24376247382501,3.317154432377175,
5a82b8e6bf,180,1470,10290,102.9,541.1853091845159,0.3759112344832407,21.15392365482866,1.848890031664248,
5a82b8e6bf,180,1471,10297,102.97,540.6975121043522,1.4050410161314635,21.329504142436342,6.9270970799220395,
5a82b8e6bf,180,1472,10304,103.04,540.1080370293456,0.7712873976605864,23.698770820731497,4.076357904479041,
5a82b8e6bf,180,1473,10311,103.11,537.6737145416249,0.3379912342416639,22.13518900588694,1.973740416106868,
5a82b8e6bf,180,1474,10318,103.18,537.0994225826933,0.22734147275558497,21.56997079466757,2.0333553954980768,
5a82b8e6bf,180,1475,10325,103.25,536.8450825512058,0.3006662745929217,21.4942197110399,2.9194756687130567,
5a82b8e6bf,180,1476,10332,103.32,536.4346761914132,0.4380966923269009,21.964140067950023,4.374116187591133,
5a82b8e6bf,180,1477,10339,103.39,535.6245312290315,0.7189156707910941,22.93747247832561,4.304441021749858,
5a82b8e6bf,180,1478,10346,103.46,533.7117053365661,0.38940204868265466,22.905024054281668,3.600924010891013,
5a82b8e6bf,180,1479,10353,103.53,533.1084506682511,0.47996975648606155,22.727239856427232,4.728876566193719,
5a82b8e6bf,180,1480,10360,103.6,532.080422931528,0.6521341131930974,24.859914289497244,3.907318417086035,
5a82b8e6bf,180,1481,10367,103.67,531.3561778397446,0.714168730123226,21.12925012996731,5.337462719139043,
5a82b8e6bf,180,1482,10374,103.74,530.6489666309631,0.6920860597298828,25.88257469757479,3.987950155441779,
5a82b8e6bf,180,1483,10381,103.81,530.5772725236781,0.884065051337749,22.627654829224188,5.508307008557313,
5a82b8e6bf,180,1484,10388,103.88,529.3985633689679,0.9128763970321863,26.106732766653842,4.726188330164868,
5a82b8e6bf,180,1485,10395,103.95,529.1132970122109,0.47749348757775856,22.69257374110583,3.668727731512665,
5a82b8e6bf,180,1486,10402,104.02,526.8250220683767,0.48721874641864954,21.622218723432873,3.370684826910975,
5a82b8e6bf,180,1487,10409,104.09,525.7762089966811,0.26369059094210334,21.918430769232078,1.639686276354351,
5a82b8e6bf,180,1488,10416,104.16,525.5429826214148,0.24906218774825498,21.113129021489428,2.3829744676547917,
5a82b8e6bf,180,1489,10423,104.23,525.2705306240695,0.6002789352356004,21.193500767716763,2.736038349121685,
5a82b8e6bf,180,1490,10430,104.3,525.12637535986,0.376365347348805,21.123837127662167,2.341056513833369,
5a82b8e6bf,180,1491,10437,104.37,524.6788904293724,0.509246357200096,21.368106441022224,4.218911661088734,
5a82b8e6bf,180,1492,10444,104.44,523.9637397654583,0.4908105946614293,20.54741403618453,1.8896034208262338,
5a82b8e6bf,180,1493,10451,104.51,523.2221144071585,0.4564500180777573,20.209313358775233,3.94626109319348,
5a82b8e6bf,180,1494,10458,104.58,522.2518766322607,0.4263534826720661,19.928592890790544,1.445305738094646,
5a82b8e6bf,180,1495,10465,104.65,521.7463587601761,0.4523191823519727,20.719396096794004,3.661902352663971,
5a82b8e6bf,180,1496,10472,104.72,521.0526457369598,0.3845181419596394,19.954060827625153,2.8078637461044327,
5a82b8e6bf,180,1497,10479,104.79,520.4168936721294,0.19276065903179093,20.849598015528745,1.2589311429819974,
5a82b8e6bf,180,1498,10486,104.86,520.3067124560874,0.5270803130963578,20.382478750270227,4.584235695076729,
5a82b8e6bf,180,1499,10493,104.93,519.1321600086269,0.5170710416803523,20.57106303449829,4.645593265038854,
5a82b8e6bf,180,1500,10500,105.0,518.0123961136218,0.25377827469357267,20.779030976501772,2.1413580787702693,
5a82b8e6bf,180,1501,10507,105.07,517.7623524315183,0.5195941675964892,21.069127361641534,4.926367201976875,
5a82b8e6bf,180,1502,10514,105.14,516.6407194001309,0.49235834296596337,21.182237830988438,4.011594853869539,
5a82b8e6bf,180,1503,10521,105.21,515.8773493311735,0.46989156371613633,20.770130524458942,2.849498457647654,
5a82b8e6bf,180,1504,10528,105.28,515.2122685349304,0.4646485919742005,20.414192507747664,2.869509062081231,
5a82b8e6bf,180,1505,10535,105.35,514.8619769832183,0.49939962113724173,20.73507469317625,2.6502625456373057,
5a82b8e6bf,180,1506,10542,105.42,514.3815744482629,0.7449258547553094,21.049179827950162,5.677946958848765,
5a82b8e6bf,180,1507,10549,105.49,512.7368696778924,0.5742844975542357,21.186125470642224,1.6670932762232087,
5a82b8e6bf,180,1508,10556,105.56,511.76100567231725,0.36089544174110966,20.131886497901103,1.476124825552248,
5a82b8e6bf,180,1509,10563,105.63,511.256720121597,0.23826281093928664,20.032203817631714,1.7740257808790945,
5a82b8e6bf,180,1510,10570,105.7,510.9673826797179,0.4922999098670502,19.86372170268143,2.6080699335289346,
5a82b8e6bf,180,1511,10577,105.77,509.9324141857926,0.3172320228073978,20.120039163208535,2.0021745946484595,
5a82b8e6bf,180,1512,10584,105.84,509.6101226746509,0.2529729752071627,19.951880072956307,2.2838122638656655,
5a82b8e6bf,180,1513,10591,105.91,509.35428742477455,0.5222134423164122,19.957187794309604,4.82746869522609,
5a82b8e6bf,180,1514,10598,105.98,508.3032134438393,0.37580135547307836,19.822415446095295,3.0283107980174973,
5a82b8e6bf,180,1515,10605,106.05,508.0022747614587,0.3608557231464308,20.208119884477142,2.4939142867238213,
5a82b8e6bf,180,1516,10612,106.12,507.6137836882925,0.33733358150662573,19.832085666566524,1.0718201212381966,
5a82b8e6bf,180,1517,10619,106.19,507.21857741184664,0.4182417110553165,19.88685903840525,2.8338119618743765,
5a82b8e6bf,180,1518,10626,106.26,507.06729884837677,0.3949432854648379,20.08574698925088,1.4369178056160923,
5a82b8e6bf,180,1519,10633,106.33,506.93872616594587,0.6251628397011066,19.53339769020846,2.9380384838171247,
5a82b8e6bf,180,1520,10640,106.4,505.3475748287166,0.5010812428967184,20.21031551298714,3.2852075982602384,
5a82b8e6bf,180,1521,10647,106.47,504.94547387072095,0.5515782451342979,20.563422363165664,2.981050775981769,
5a82b8e6bf,180,1522,10654,106.54,503.94810852627825,0.4430175499836979,20.669131255593268,3.607939684462137,
5a82b8e6bf,180,1523,10661,106.61,503.39642368291186,0.2743492065200411,20.837470463486017,1.202574608701281,
5a82b8e6bf,180,1524,10668,106.68,503.2439949029757,0.6889807010499296,20.35035523824566,6.339104845623391,
5a82b8e6bf,180,1525,10675,106.75,500.8438977486594,0.3501517231123687,19.536653180070772,2.344565917808447,
5a82b8e6bf,180,1526,10682,106.82,500.47624086294206,0.3680446225140916,19.364259027815855,3.124718142686869,
5a82b8e6bf,180,1527,10689,106.89,499.8512890204489,0.41201935252891614,19.093750215558284,3.7237120250307076,
5a82b8e6bf,180,1528,10696,106.96,499.4414883802962,0.5479427439265026,19.73878728354189,2.328097459071942,
5a82b8e6bf,180,1529,10703,107.03,498.9148520653832,0.5208107955039263,19.726891144044753,3.322400123894681,
5a82b8e6bf,180,1530,10710,107.1,498.28786964393595,0.41343276751008606,19.020055669466934,1.9523299446494384,
5a82b8e6bf,180,1531,10717,107.17,498.1324603959934,0.5639823270783596,18.754226018972854,4.638771855236272,
5a82b8e6bf,180,1532,10724,107.24,497.5787334789313,0.5904757300683551,20.164389238742938,3.5782258554897504,
5a82b8e6bf,180,1533,10731,107.31,497.25644534013236,0.6282311053673643,20.145810380051834,3.564611511511982,
5a82b8e6bf,180,1534,10738,107.38,496.69127549644173,0.5029809354742768,20.100167114544252,0.6806905826836123,
5a82b8e6bf,180,1535,10745,107.45,496.6322237840695,0.629890184842656,20.27390969391064,4.19967727276214,
5a82b8e6bf,180,1536,10752,107.52,495.83172643153307,0.5497467125453744,18.952148444127875,2.744164660422901,
5a82b8e6bf,180,1537,10759,107.59,495.595827209602,0.5204768599958147,19.349922427059305,1.1054963078412545,
5a82b8e6bf,180,1538,10766,107.66,495.23809759207455,0.46936599187651096,18.57027538288975,0.9132308376069742,
5a82b8e6bf,180,1539,10773,107.73,494.9939457045007,0.704884557226814,18.579488544123954,5.763837139013267,
5a82b8e6bf,180,1540,10780,107.8,493.7151696216886,0.6471355468400992,21.22159309065084,4.717318782093173,
5a82b8e6bf,180,1541,10787,107.87,493.29515401702974,0.6250101329682967,20.647440812799275,3.0213511971458864,
5a82b8e6bf,180,1542,10794,107.94,492.8333042788678,0.6187004970923,21.130813331498047,2.0492742754456836,
5a82b8e6bf,180,1543,10801,108.01,492.5554764805008,0.3076159607818525,20.372461242645233,2.7592729657485564,
5a82b8e6bf,180,1544,10808,108.08,491.59548022835776,0.324952320524635,19.263759407392794,3.287836761638757,
5a82b8e6bf,180,1545,10815,108.15,491.17203839991345,0.6268877769764677,19.54305226021642,5.955581948446564,
5a82b8e6bf,180,1546,10822,108.22,489.88692203862746,0.5506373191517265,21.382877937788916,3.680638616037967,
5a82b8e6bf,180,1547,10829,108.29,489.00269787129923,0.5781740069457437,21.388257707879358,4.88033372316919,
5a82b8e6bf,180,1548,10836,108.36,488.241720061321,0.47921790042949564,19.225023340994362,2.977376840301825,
5a82b8e6bf,180,1549,10843,108.43,487.6508666838283,0.42670902199140626,20.997044957382826,3.280111972043847,
5a82b8e6bf,180,1550,10850,108.5,486.9744936928475,0.31689780233132203,19.036933413932445,1.6875264206027811,
5a82b8e6bf,180,1551,10857,108.57,486.7242938095007,0.434661878239193,18.84968241213402,3.8188917832273512,
5a82b8e6bf,180,1552,10864,108.64,485.91058105374844,0.6120121874254093,17.754182680788855,5.2164303007094555,
5a82b8e6bf,180,1553,10871,108.71,484.1330655846147,0.2455960959121262,18.712468205047504,2.107445099149003,
5a82b8e6bf,180,1554,10878,108.78,483.85314934038865,0.2904109043997849,18.70362813955039,2.53245549143706,
5a82b8e6bf,180,1555,10885,108.85,483.5227815406345,0.36792078380528,18.763267260010462,3.464662115572955,
5a82b8e6bf,180,1556,10892,108.92,482.90803626703837,0.3184159396074761,19.424862439119472,2.964354824567536,
5a82b8e6bf,180,1557,10899,108.99,482.4368838890146,0.9112164121169049,19.207237447581544,4.55756018703227,
5a82b8e6bf,180,1558,10906,109.06,482.29674604303955,0.5083230715758148,22.825995373057697,1.2807685037811158,
5a82b8e6bf,180,1559,10913,109.13,481.06562276010055,0.4005439422180704,19.422477247275314,3.324076467592857,
5a82b8e6bf,180,1560,10920,109.2,480.5364070284056,0.6785491030726617,20.39587617109505,6.291321712014008,
5a82b8e6bf,180,1561,10927,109.27,479.61028492552094,0.46137557592373907,19.94085408860988,2.1761866409087616,
5a82b8e6bf,180,1562,10934,109.34,479.2931199349331,0.4774574298936602,19.970103828133343,2.7061696697910707,
5a82b8e6bf,180,1563,10941,109.41,478.82622657266035,0.39652888965172406,18.827096824881064,2.476383331768558,
5a82b8e6bf,180,1564,10948,109.48,478.4635371675329,0.4514120618874553,19.31573240463231,2.4931895791469487,
5a82b8e6bf,180,1565,10955,109.55,477.8979525015464,0.6034818296336921,19.686857333567282,5.132236916219037,
5a82b8e6bf,180,1566,10962,109.62,476.82372872543,0.4461721508683646,20.04915058974596,3.879334177109487,
5a82b8e6bf,180,1567,10969,109.69,476.15282090161395,0.43343728813943294,20.245834072918065,3.732345771576429,
5a82b8e6bf,180,1568,10976,109.76,475.4318283634224,0.24772042788078377,21.27754782132862,1.9992478411864347,
5a82b8e6bf,180,1569,10983,109.83,475.23373627734907,0.389661031169157,20.590636666310406,2.81592610922211,
5a82b8e6bf,180,1570,10990,109.9,474.5726604300871,0.42064559921050704,20.700255622146848,3.988322927230951,
5a82b8e6bf,180,1571,10997,109.97,473.7879852596645,0.40675861110759615,19.45021620167409,3.99613524825198,
5a82b8e6bf,180,1572,11004,110.04,472.9821440586217,0.45297482056462357,19.264335382005836,3.787237992169245,
5a82b8e6bf,180,1573,11011,110.11,472.132711100694,0.5971339508667626,20.41340857815762,4.67291249687017,
5a82b8e6bf,180,1574,11018,110.18,470.59768629173163,0.29333750032053424,19.745871557580948,0.8710531960492989,
5a82b8e6bf,180,1575,11025,110.25,470.26817275940726,0.3381088802031207,19.64621175041714,2.3235359709193073,
5a82b8e6bf,180,1576,11032,110.32,469.87174349974316,0.43359196769952424,19.53352681045178,4.218444742841051,
5a82b8e6bf,180,1577,11039,110.39,469.2411504719484,0.4292913111393955,19.019128891188245,3.931877607095283,
5a82b8e6bf,180,1578,11046,110.46,468.3155331162883,0.3096013218758874,18.749429312421796,1.7456123379595634,
5a82b8e6bf,180,1579,11053,110.53,467.8595677212142,0.19145076777061976,19.244880203009608,1.6973739278653308,
5a82b8e6bf,180,1580,11060,110.6,467.7414873028143,0.23023508068886955,19.02237310894727,1.819538237535262,
5a82b8e6bf,180,1581,11067,110.67,467.55969334458274,0.6351246645924351,19.298069471632566,5.729079060053083,
5a82b8e6bf,180,1582,11074,110.74,466.45629274551527,0.599628836652652,20.165364776479695,4.565416374286896,
5a82b8e6bf,180,1583,11081,110.81,464.90434952595035,0.42933286099523404,19.01884700305507,3.488406172391467,
5a82b8e6bf,180,1584,11088,110.88,464.19926784964736,0.23317777751879767,20.41179327283332,0.9736624481187385,
5a82b8e6bf,180,1585,11095,110.95,464.05564608743003,0.2760567534499335,19.512184903936962,2.2469751782046123,
5a82b8e6bf,180,1586,11102,111.02,463.7383004129696,0.29246871740559843,19.57020728503734,2.7868102876927945,
5a82b8e6bf,180,1587,11109,111.09,463.3357404078936,0.4692282758346727,19.196312504118513,4.768998368872695,
5a82b8e6bf,180,1588,11116,111.16,462.46207484104616,0.3465546983716372,17.964996002928995,3.2303079414575864,
5a82b8e6bf,180,1589,11123,111.23,461.8950579059261,0.3990984525065466,17.87081230618854,2.835700439491608,
5a82b8e6bf,180,1590,11130,111.3,461.21492006905936,0.2866741816664492,17.73931086986485,2.8411180667144746,
5a82b8e6bf,180,1591,11137,111.37,460.82066583920584,0.949702696732292,17.765876257628403,4.579195129074103,
5a82b8e6bf,180,1592,11144,111.44,460.35520740427216,0.5353906000446759,19.14662563139616,3.8560063295504143,
5a82b8e6bf,180,1593,11151,111.51,459.0621940179058,0.46241003837769334,18.41115777319709,4.384603536651638,
5a82b8e6bf,180,1594,11158,111.58,458.2332720555667,0.2981318775155844,17.505670797959656,2.099982298645358,
5a82b8e6bf,180,1595,11165,111.65,457.8151260334079,0.41113976401952684,17.08713079844994,3.6886872734569267,
5a82b8e6bf,180,1596,11172,111.72,457.3030543701911,0.24245494359725853,17.865388006610754,1.5427810321988187,
5a82b8e6bf,180,1597,11179,111.79,457.0542517773105,0.20864148734460397,17.32861531068691,0.5407262007548957,
5a82b8e6bf,180,1598,11186,111.86,456.85438436794493,0.06715218451555356,17.761173965569007,0.4956015036137086,
5a82b8e6bf,180,1599,11193,111.93,456.84107055201025,0.5753365544880444,17.691090700939196,5.17035757052845,
5a82b8e6bf,180,1600,11200,112.0,455.15038702682523,0.3396473478695668,17.9501579643547,3.1229181114302986,
5a82b8e6bf,180,1601,11207,112.07,454.68496119495455,0.5183120870803569,18.437037607754878,3.759792676655254,
5a82b8e6bf,180,1602,11214,112.14,453.8861094784763,0.4215155475959829,17.687547605234332,3.7465778533490366,
5a82b8e6bf,180,1603,11221,112.21,453.3000830740649,0.32453405421110937,17.885518115048516,0.8701459477455051,
5a82b8e6bf,180,1604,11228,112.28,453.076696406137,0.3793833195277179,17.648531063665647,2.8846289423225513,
5a82b8e6bf,180,1605,11235,112.35,452.6222987186544,0.4486568262814207,18.25919941705565,3.49174570293106,
5a82b8e6bf,180,1606,11242,112.42,452.01177765275577,0.367102936084223,16.9633029384661,2.8918448216304022,
5a82b8e6bf,180,1607,11249,112.49,451.59226296092254,0.47469722795282315,17.667424639287358,4.3236906120442935,
5a82b8e6bf,180,1608,11256,112.56,450.65742468436554,0.33429431086380534,16.872903236215336,3.1113930706785733,
5a82b8e6bf,180,1609,11263,112.63,450.18928596899616,0.22303110625493314,16.441700483682645,1.5754931236408058,
5a82b8e6bf,180,1610,11270,112.7,450.00186462034804,0.32981411000746214,17.068712348179286,1.6303181335707368,
5a82b8e6bf,180,1611,11277,112.77,449.6625564847805,0.48705418432017417,17.330616796663428,4.074281453698349,
5a82b8e6bf,180,1612,11284,112.84,448.8193924104866,0.2861110730717759,17.679577535212438,0.9125899970346153,
5a82b8e6bf,180,1613,11291,112.91,448.64875052584256,0.5511919187729466,17.04291909123888,4.986659158363921,
5a82b8e6bf,180,1614,11298,112.98,447.48905512444617,0.3934478967893016,17.51840501531705,3.2447108754231695,
5a82b8e6bf,180,1615,11305,113.05,446.89009423939416,0.35958734244748586,16.910077995159334,2.7619744417266556,
5a82b8e6bf,180,1616,11312,113.12,446.2961864133405,0.26969464555942874,16.892507659233804,2.2566446217378298,
5a82b8e6bf,180,1617,11319,113.19,445.9240996033503,0.40071236842795144,16.866104282270616,3.4359611685772116,
5a82b8e6bf,180,1618,11326,113.26,445.38059041160795,0.279330501350553,16.95511206859289,1.693840657378521,
5a82b8e6bf,180,1619,11333,113.33,445.0278028429599,0.31684329699092884,16.51596356597914,2.8261864971605513,
5a82b8e6bf,180,1620,11340,113.4,444.726074362339,0.3214246033420653,17.101566777632897,2.984702865951384,
5a82b8e6bf,180,1621,11347,113.47,444.3950821203026,0.22967725048187312,16.809338042461704,1.4149124533849657,
5a82b8e6bf,180,1622,11354,113.54,444.265285980383,0.1858311552679876,16.74396054317264,1.3630885942480104,
5a82b8e6bf,180,1623,11361,113.61,444.1799719433239,0.4109300903617179,16.870404804738914,3.8168816948302666,
5a82b8e6bf,180,1624,11368,113.68,443.56495528879225,0.35843463836915485,18.311866612700715,2.2198093459301993,
5a82b8e6bf,180,1625,11375,113.75,443.01772767248167,0.22587403634755712,18.040836321683003,1.3280773896722107,
5a82b8e6bf,180,1626,11382,113.82,442.815653286132,0.4077732610796051,18.744275664839005,4.0692679855480005,
5a82b8e6bf,180,1627,11389,113.89,442.2450894449617,1.0342797644737967,18.22124951122227,5.051281890092207,
5a82b8e6bf,180,1628,11396,113.96,441.4417704650212,0.5152872664710394,20.012487169754156,3.530942840462572,
5a82b8e6bf,180,1629,11403,114.03,440.150232666575,0.5098590369494098,19.222205736670126,1.639775062107472,
5a82b8e6bf,180,1630,11410,114.1,439.28970955919027,0.43575306355121424,19.33937670237006,2.455234443971625,
5a82b8e6bf,180,1631,11417,114.17,438.5115160824304,0.25588903390369944,18.294438895098892,0.8415306350063985,
5a82b8e6bf,180,1632,11424,114.24,438.3418037077515,0.7960385993483186,18.54709461766722,7.852549962175622,
5a82b8e6bf,180,1633,11431,114.31,436.72903499768626,0.530285869269375,18.935294286134862,3.0322925184487635,
5a82b8e6bf,180,1634,11438,114.38,436.2592857159624,0.49057125606561774,16.758024379454053,1.7402219224396778,
5a82b8e6bf,180,1635,11445,114.45,435.8105865534832,0.443189403351895,18.014812641708513,2.5565820090599316,
5a82b8e6bf,180,1636,11452,114.52,435.26390705765954,0.6003758567556885,16.542511778573804,5.836230385339146,
5a82b8e6bf,180,1637,11459,114.59,434.1359861249544,0.301352065733962,18.565631189495004,0.5644348710414684,
5a82b8e6bf,180,1638,11466,114.66,433.95465240420197,0.3846996273039778,16.809031185666413,2.3995846929003823,
5a82b8e6bf,180,1639,11473,114.73,433.34692880319426,0.1715052393892899,17.528142007712194,1.1919626190176782,
5a82b8e6bf,180,1640,11480,114.8,433.244825884271,0.24713856841428522,16.765012581977796,2.4166522552820973,
5a82b8e6bf,180,1641,11487,114.87,433.00762908482824,0.21570559380559517,17.635050591162504,1.8756598943794973,
5a82b8e6bf,180,1642,11494,114.94,432.91742443341656,0.4390861009222527,17.424135452463155,3.272455083947892,
5a82b8e6bf,180,1643,11501,115.01,432.5155940435349,0.39837502802501745,17.585200056199927,3.332169871230684,
5a82b8e6bf,180,1644,11508,115.08,432.05729683666794,0.28097708636665697,16.660391025475466,1.8457398104748048,
5a82b8e6bf,180,1645,11515,115.15,431.7966631115889,0.3713361198988714,16.25779884966955,3.6455788925365615,
5a82b8e6bf,180,1646,11522,115.22,431.19750005446207,0.2324843734444357,16.631363333416918,1.2781306343046608,
5a82b8e6bf,180,1647,11529,115.29,430.92828443472104,0.27437608874690234,16.91880067293663,2.0052141687099945,
5a82b8e6bf,180,1648,11536,115.36,430.6377936363372,0.48095254694477385,17.29125189558511,4.83609404310917,
5a82b8e6bf,180,1649,11543,115.43,429.8650226464969,0.33751923476479345,17.546499504766707,2.2050277719229583,
5a82b8e6bf,180,1650,11550,115.5,429.64221137082984,0.4180306156103974,17.97179811248441,3.664539377448551,
5a82b8e6bf,180,1651,11557,115.57,428.9523931961404,0.5649562979659862,17.487971702883204,5.198092908529544,
5a82b8e6bf,180,1652,11564,115.64,427.9632809805612,0.30711974882863124,15.997368912265404,1.218274509205033,
5a82b8e6bf,180,1653,11571,115.71,427.76753938128303,0.5713911505310205,15.949988911622667,4.23858450046817,
5a82b8e6bf,180,1654,11578,115.78,426.87609904993064,0.3911790573712803,18.02396673082993,2.4935824648203297,
5a82b8e6bf,180,1655,11585,115.85,426.43560679296377,0.3024736192259084,16.60020267778785,2.533468555757471,
5a82b8e6bf,180,1656,11592,115.92,426.15810596525665,0.27816396353309775,17.69008211501561,2.254426142240871,
5a82b8e6bf,180,1657,11599,115.99,425.88235631702725,0.432111513625317,17.37935635253155,3.646329362917828,
5a82b8e6bf,180,1658,11606,116.06,425.17784517709424,0.23245315593601165,17.83968747314803,1.645637911599152,
5a82b8e6bf,180,1659,11613,116.13,424.9492108355111,0.21621298292752236,16.308513103192702,1.8610377804597527,
5a82b8e6bf,180,1660,11620,116.2,424.7681949008394,0.6007538957321572,16.037097645555995,2.982846672831256,
5a82b8e6bf,180,1661,11627,116.27,424.62950108881074,0.8882211246699739,16.35378352310549,3.7137080894988967,
5a82b8e6bf,180,1662,11634,116.34,424.3097866064204,0.43185383076266004,17.681892975515634,2.731201608644681,
5a82b8e6bf,180,1663,11641,116.41,423.4623883321458,0.414656219778404,15.178917030523383,3.379184869273044,
5a82b8e6bf,180,1664,11648,116.48,422.6464224907779,0.37382496617667565,14.927584934193499,1.4914201953403505,
5a82b8e6bf,180,1665,11655,116.55,422.1015110543597,0.3337210958267187,15.373541495860888,3.090060721356739,
5a82b8e6bf,180,1666,11662,116.62,421.9013174193461,0.39143700436018697,14.446421823889688,3.549058733231928,
5a82b8e6bf,180,1667,11669,116.69,421.2854655387401,0.41187510199375055,14.603973699075095,2.9032180106746,
5a82b8e6bf,180,1668,11676,116.76,420.64539434275304,0.21334151958057213,15.266644823684125,1.475178567470065,
5a82b8e6bf,180,1669,11683,116.83,420.51725755215506,0.22212242258626086,15.913970508946251,1.5711738048717545,
5a82b8e6bf,180,1670,11690,116.9,420.38003528214864,0.30261071387250915,15.233635321677049,2.956309714463032,
5a82b8e6bf,180,1671,11697,116.97,420.0370449714977,0.36344640979434273,15.7797080148187,3.000054408067785,
5a82b8e6bf,180,1672,11704,117.04,419.5439884385821,0.3662277981863517,15.355281708828784,1.1895539290588688,
5a82b8e6bf,180,1673,11711,117.11,418.9218298531661,0.4617722797169927,15.143662921901464,4.580333822548134,
5a82b8e6bf,180,1674,11718,117.18,417.98151861201114,0.24028071142022495,15.407665238510443,2.0850861897594815,
5a82b8e6bf,180,1675,11725,117.25,417.80256930833593,0.20635248054279282,15.383760052165503,1.65563891413063,
5a82b8e6bf,180,1676,11732,117.32,417.66583085642384,0.2730434711409618,15.116766091752021,2.3267009022127203,
5a82b8e6bf,180,1677,11739,117.39,417.32924360020377,0.31439752732655396,15.212083389220739,2.6179704708586846,
5a82b8e6bf,180,1678,11746,117.46,417.09957798103784,0.26639053486790154,15.651811677596685,2.186882942789075,
5a82b8e6bf,180,1679,11753,117.53,416.8509129328624,0.25881019452947646,15.38450927120693,2.3120252959074374,
5a82b8e6bf,180,1680,11760,117.6,416.59804570653995,0.24852376841415055,15.864425314371868,2.185622667956603,
5a82b8e6bf,180,1681,11767,117.67,416.31515694361053,0.3323492467149133,16.076299017946994,3.223412478235972,
5a82b8e6bf,180,1682,11774,117.74,415.87934941594284,0.5336086872746431,16.014161180942544,3.8172729327295736,
5a82b8e6bf,180,1683,11781,117.81,414.54951420266605,0.4147683073816311,15.013634251632304,3.759189322010195,
5a82b8e6bf,180,1684,11788,117.88,413.94629775791987,0.45410159084442436,15.688811769935976,4.04499391811653,
5a82b8e6bf,180,1685,11795,117.95,413.42825095276794,0.42447186343464366,15.616251064423794,3.5418804210367116,
5a82b8e6bf,180,1686,11802,118.02,412.82064592968715,0.2425147637740949,15.525697748053343,1.4825064249765925,
5a82b8e6bf,180,1687,11809,118.09,412.62803307900833,0.41146048367041715,15.195999563346545,3.9361556990799538,
5a82b8e6bf,180,1688,11816,118.16,412.1600993969091,0.26452901298579945,15.180241055664323,1.4961168112396797,
5a82b8e6bf,180,1689,11823,118.23,411.9280242263481,0.17742984355603125,14.53823879576148,0.15821155242740692,
5a82b8e6bf,180,1690,11830,118.3,411.8341774431469,0.7295310728569716,14.695701040122563,3.5643645838008986,
5a82b8e6bf,180,1691,11837,118.37,411.65775092253926,0.5425226216919357,17.641408383765956,3.622337402583647,
5a82b8e6bf,180,1692,11844,118.44,410.8961915895378,0.4990744555236857,16.685271954301765,3.61403129193946,
5a82b8e6bf,180,1693,11851,118.51,410.33572341300857,0.48847999387620505,16.570069408668193,2.4753131592863125,
5a82b8e6bf,180,1694,11858,118.58,410.2452594644582,0.5535936946422019,16.33385574674678,2.7690531217758556,
5a82b8e6bf,180,1695,11865,118.65,410.01642373576044,0.3413624641581706,17.1275102338078,5.285805230908652,
5a82b8e6bf,180,1696,11872,118.72,408.8243442620123,0.23676347840450784,14.75022890544061,2.0439898265629584,
5a82b8e6bf,180,1697,11879,118.79,408.57124474551534,0.3390442936845435,14.95890161574516,2.858267489025748,
5a82b8e6bf,180,1698,11886,118.86,408.12163835023546,0.828103090955496,14.653615320978025,4.0233162457204665,
5a82b8e6bf,180,1699,11893,118.93,408.01320769052467,0.9524809606607758,16.90924715700696,2.739313855119663,
5a82b8e6bf,180,1700,11900,119.0,407.43170815704076,0.4118745862812286,16.337996532856348,1.325068710154459,
5a82b8e6bf,180,1701,11907,119.07,406.6957601686767,0.4662785318684865,15.946865555316052,3.3389656242308527,
5a82b8e6bf,180,1702,11914,119.14,406.1301245384851,0.40790682131085015,16.45825473571013,2.551763407894386,
5a82b8e6bf,180,1703,11921,119.21,405.5231285710164,0.39857052815822136,15.795800383840659,3.8385071837792535,
5a82b8e6bf,180,1704,11928,119.28,404.7481154380748,0.44843990960729946,14.850840152288082,2.7808670240445346,
5a82b8e6bf,180,1705,11935,119.35,404.0654884167197,0.2990509127856276,15.548072097596302,2.4947217125456134,
5a82b8e6bf,180,1706,11942,119.42,403.9028851847684,0.3254610046342852,15.225239426414648,2.15234208757355,
5a82b8e6bf,180,1707,11949,119.49,403.3838092979284,0.3625111983805651,14.948520949440903,2.932472539904855,
5a82b8e6bf,180,1708,11956,119.56,402.9112389430206,0.4032347212607881,14.91968287842838,3.166721671661143,
5a82b8e6bf,180,1709,11963,119.63,402.46806147166774,0.5268903250198765,15.119006810653616,4.502576617354128,
5a82b8e6bf,180,1710,11970,119.7,401.504786475951,0.324301792408892,15.915760615329285,1.8114290826190402,
5a82b8e6bf,180,1711,11977,119.77,401.04848164301427,0.5336453578511592,16.515565340195447,5.353145274269403,
5a82b8e6bf,180,1712,11984,119.84,399.9459413251222,0.41576419977152734,15.6117416635862,3.683570966336078,
5a82b8e6bf,180,1713,11991,119.91,399.36765406258485,0.3672640294488196,15.361239852313693,3.316987461465286,
5a82b8e6bf,180,1714,11998,119.98,399.0082576926376,0.3521506570460779,16.478819546234917,2.9220585997303306,
5a82b8e6bf,180,1715,12005,120.05,398.6309685645763,0.21436281246861522,15.289111126483803,0.9576678769572334,
5a82b8e6bf,180,1716,12012,120.12,398.48830083336406,0.24382566730752234,15.805762281751742,1.7162645825215208,
5a82b8e6bf,180,1717,12019,120.19,398.25452380766865,0.4323682748693765,15.62742773398298,2.8484243732555656,
5a82b8e6bf,180,1718,12026,120.26,397.57370039153056,0.37409017987973825,15.3513030851003,3.1408486275518697,
5a82b8e6bf,180,1719,12033,120.33,396.95129945095385,0.30182301890834745,16.073006840129864,2.9289312126825937,
5a82b8e6bf,180,1720,12040,120.4,396.5104003803383,0.3480192964781383,15.925541999355747,2.584912701867888,
5a82b8e6bf,180,1721,12047,120.47,396.044258513207,0.3692671600769791,17.045805087691203,2.1621345545285497,
5a82b8e6bf,180,1722,12054,120.54,395.57621786466024,0.2508553904484717,16.1285110746343,1.6848108001839517,
5a82b8e6bf,180,1723,12061,120.61,395.32892726451246,0.2807751695058837,15.98030305647653,2.7909982334808414,
5a82b8e6bf,180,1724,12068,120.68,394.961421625419,0.3581877524349051,15.952257856240395,3.601108979065547,
5a82b8e6bf,180,1725,12075,120.75,394.58442157192434,0.3010830297002984,15.85317633541806,2.831240585276018,
5a82b8e6bf,180,1726,12082,120.82,394.3233704465167,0.24513978254438074,15.216657998399995,1.838121385489443,
5a82b8e6bf,180,1727,12089,120.89,394.1939310355245,0.27663492874472373,15.232969366966447,0.9994685338706989,
5a82b8e6bf,180,1728,12096,120.96,393.8078366391203,0.1439660597587091,14.62541851256449,1.0057826769356466,
5a82b8e6bf,180,1729,12103,121.03,393.7094148571915,0.25239070037783967,14.697733175586967,2.3860309933908175,
5a82b8e6bf,180,1730,12110,121.1,393.51836111730745,0.2904549396512007,14.57394555379837,1.712699370865236,
5a82b8e6bf,180,1731,12117,121.17,393.19260456185185,0.3633792944178975,14.856831299084268,2.582673581553735,
5a82b8e6bf,180,1732,12124,121.24,392.75738218868025,0.3135602493350451,15.32825002388378,2.571504937919053,
5a82b8e6bf,180,1733,12131,121.31,392.3869411892122,0.2496486982079961,16.00425660050939,2.342470337411692,
5a82b8e6bf,180,1734,12138,121.38,392.2433898510924,0.3145072245490892,15.813522170550394,2.9064831749746456,
5a82b8e6bf,180,1735,12145,121.45,392.13067650374734,0.48490664052109755,15.66435969544323,4.494371014009503,
5a82b8e6bf,180,1736,12152,121.52,391.65725448066803,0.46257205715209876,15.570079536806388,3.0825038596858514,
5a82b8e6bf,180,1737,12159,121.59,390.92609047518005,0.4492375175663547,14.130671173366636,3.611753867568059,
5a82b8e6bf,180,1738,12166,121.66,390.1488309119103,0.24836415078403717,13.862962821184464,1.9290903997720652,
5a82b8e6bf,180,1739,12173,121.73,389.8907752834809,0.3036240124880905,13.414241526831072,2.1357169040022983,
5a82b8e6bf,180,1740,12180,121.8,389.47551901607363,0.4452627594602245,13.74858139144266,4.279198466406763,
5a82b8e6bf,180,1741,12187,121.87,388.751088628956,0.4187278184919614,13.673205085657694,3.7623237721619422,
5a82b8e6bf,180,1742,12194,121.94,388.0603702389031,0.5718810171949401,13.805517111712685,2.392810871281891,
5a82b8e6bf,180,1743,12201,122.01,388.05460111043527,0.3307194227821814,14.616682627734363,0.9401032974847474,
5a82b8e6bf,180,1744,12208,122.08,387.6035167480199,0.31510662939526385,14.000406879015639,3.0230283493672596,
5a82b8e6bf,180,1745,12215,122.15,387.40130638275883,0.33149370004178524,14.236912193702114,2.528304547869577,
5a82b8e6bf,180,1746,12222,122.22,387.16604899180874,0.24866979183523544,13.73933004174835,1.1301293746508096,
5a82b8e6bf,180,1747,12229,122.29,387.08740801935625,0.30411188479601925,13.84260344398873,2.7170258206794022,
5a82b8e6bf,180,1748,12236,122.36,386.73732219895527,0.1699598689533529,13.28851462702673,1.0850317614673455,
5a82b8e6bf,180,1749,12243,122.43,386.70046452521586,0.2718173758150034,13.481150712874312,2.321839145819491,
5a82b8e6bf,180,1750,12250,122.5,386.4630925674853,0.343433520246537,13.125899651501074,2.4851819687006236,
5a82b8e6bf,180,1751,12257,122.57,385.90861391460174,0.3042174401460682,13.197749213653685,2.891075792061932,
5a82b8e6bf,180,1752,12264,122.64,385.7480938777374,0.2904309923137584,13.357212460148276,2.0406945570155566,
5a82b8e6bf,180,1753,12271,122.71,385.6071751235388,0.2911898337238212,13.355309135365802,2.091091465021881,
5a82b8e6bf,180,1754,12278,122.78,385.4743368553643,0.3974893581947824,13.615462218067037,2.0219871790119566,
5a82b8e6bf,180,1755,12285,122.85,385.077987220528,0.43748729251577717,14.260408663735495,2.635597374363307,
5a82b8e6bf,180,1756,12292,122.92,384.9554025600594,0.49126820571724605,15.522626466280165,2.4361775461923894,
5a82b8e6bf,180,1757,12299,122.99,384.70038868089694,0.4406459685321655,13.97678274620345,1.5747717340332419,
5a82b8e6bf,180,1758,12306,123.06,384.60974413205645,0.4965348669286222,15.47627379135751,3.0755284806071628,
5a82b8e6bf,180,1759,12313,123.13,383.928586046575,0.4680355961737281,13.435169205551867,3.2371189302273313,
5a82b8e6bf,180,1760,12320,123.2,383.3615465953178,0.49128436999496883,14.969443149826601,3.8589544977304633,
5a82b8e6bf,180,1761,12327,123.27,382.99694102742956,0.232612398669109,13.637859713901843,1.5870875577499983,
5a82b8e6bf,180,1762,12334,123.34,382.4441124856276,0.14005567743000683,13.516336135538934,0.9967981363986437,
5a82b8e6bf,180,1763,12341,123.41,382.39538220969973,0.15794115405959022,13.725143065754226,1.291026488757245,
5a82b8e6bf,180,1764,12348,123.48,382.29744489604036,0.24590505564731202,13.646475660678282,2.3958482611644087,
5a82b8e6bf,180,1765,12355,123.55,382.143226797236,0.3662664789851265,13.514470636118364,3.1839157079814573,
5a82b8e6bf,180,1766,12362,123.62,381.454981441582,0.16085532818558262,12.832134777881524,1.30200493195047,
5a82b8e6bf,180,1767,12369,123.69,381.39198293535657,0.28087352704824,13.141587164466568,2.4852402592468437,
5a82b8e6bf,180,1768,12376,123.76,381.13521995146306,0.26656597180792724,13.051619914206753,2.220178396429424,
5a82b8e6bf,180,1769,12383,123.83,380.7816156743219,0.1869966338813124,12.846085679757483,1.750251080569351,
5a82b8e6bf,180,1770,12390,123.9,380.6049437643609,0.18562085326057182,13.092320618257855,1.7682226598753783,
5a82b8e6bf,180,1771,12397,123.97,380.48133670627567,0.09680034536573781,13.320716077229406,0.49825461056693443,
5a82b8e6bf,180,1772,12404,124.04,380.4487121020631,0.3678394282953545,13.27118403751316,2.945857649592548,
5a82b8e6bf,180,1773,12411,124.11,379.9807938855853,0.39277936480278874,13.186896264545604,3.5224385229841046,
5a82b8e6bf,180,1774,12418,124.18,379.41120929095337,0.35823429972635396,13.400404817306791,2.6203644600749763,
5a82b8e6bf,180,1775,12425,124.25,378.83852967517146,0.5725588393213844,13.223044584857153,2.4734220688350237,
5a82b8e6bf,180,1776,12432,124.32,378.79439004513495,0.49539624674409655,14.554227069183375,3.464519123049908,
5a82b8e6bf,180,1777,12439,124.39,378.06268920033295,0.3197519724502636,14.645504364399956,2.682918974960849,
5a82b8e6bf,180,1778,12446,124.46,377.68815845248315,0.1606027682968918,13.587483470372828,0.6913496895341121,
5a82b8e6bf,180,1779,12453,124.53,377.597653024473,0.3870147425540731,13.842509383890025,1.5222162928622318,
5a82b8e6bf,180,1780,12460,124.6,377.258528135334,0.36863432852648453,14.069821604597452,3.0948284304576616,
5a82b8e6bf,180,1781,12467,124.67,377.1896688551419,0.24129224645088668,14.186529049412853,3.1007834183981555,
5a82b8e6bf,180,1782,12474,124.74,376.6006747549509,0.32893317852093307,12.936392395597226,3.2612742262356553,
5a82b8e6bf,180,1783,12481,124.81,376.0966693187266,0.28277295163404353,13.600985337663651,1.8010637085352894,
5a82b8e6bf,180,1784,12488,124.88,375.7370342844196,0.5894293972061214,13.23175914545836,2.5959851453915883,
5a82b8e6bf,180,1785,12495,124.95,375.5619816845653,0.28334789467126187,14.112839966749316,1.0823867724557972,
5a82b8e6bf,180,1786,12502,125.02,375.2370569162517,0.1901719344171573,13.082076078158462,1.52746259061919,
5a82b8e6bf,180,1787,12509,125.09,375.0980402690858,0.18459765123473446,13.521943655532432,1.8052211383726386,
5a82b8e6bf,180,1788,12516,125.16,374.9467260003204,0.18324217682353905,13.952290076126648,1.3668862270698305,
5a82b8e6bf,180,1789,12523,125.23,374.81586416518905,0.183710885162614,13.879235392874063,0.9386514894399678,
5a82b8e6bf,180,1790,12530,125.3,374.7020570052764,0.3367674578413571,13.966318864692747,3.2238763783726156,
5a82b8e6bf,180,1791,12537,125.37,374.13138983823137,0.45580410135606253,13.896618055087156,3.618894252270926,
5a82b8e6bf,180,1792,12544,125.44,373.1777483321915,0.16472228671164213,14.357037888050844,1.1317095682703033,
5a82b8e6bf,180,1793,12551,125.51,373.07768640889566,0.16795092792310617,14.040779130895892,1.3399827594803797,
5a82b8e6bf,180,1794,12558,125.58,372.9380438831689,0.39513676196053354,14.071460368931731,0.618612106131484,
5a82b8e6bf,180,1795,12565,125.65,372.5302074034811,0.4330959092048049,14.388077177440945,3.8698135170012447,
5a82b8e6bf,180,1796,12572,125.72,371.97166187939996,0.2995207414478802,13.868669425647447,1.8283299790084617,
5a82b8e6bf,180,1797,12579,125.79,371.6448033484791,0.19390673112683038,14.090332007086866,1.5001929490879382,
5a82b8e6bf,180,1798,12586,125.86,371.5159884818214,0.3412213045971317,13.668865542706923,3.313526349183939,
5a82b8e6bf,180,1799,12593,125.93,371.16589242974686,0.21267128697870605,15.086049515327728,1.153386545992987,
5a82b8e6bf,180,1800,12600,126.0,371.0394065314612,0.330410262343466,14.016969289600366,3.1080802477248795,
5a82b8e6bf,180,1801,12607,126.07,370.70645556113067,0.33008421213852973,14.065504631614768,2.3960567296578557,
5a82b8e6bf,180,1802,12614,126.14,370.4688690991674,0.4473053140899703,14.241490825338028,2.704571777855011,
5a82b8e6bf,180,1803,12621,126.21,369.96915893222695,0.49312106935695127,13.744075572648622,4.300221605271213,
5a82b8e6bf,180,1804,12628,126.28,368.8539383833037,0.17494022587512592,14.529493496467675,1.1866541369427863,
5a82b8e6bf,180,1805,12635,126.35,368.79674545485653,0.22346599241856194,14.225503646581465,1.758017567972724,
5a82b8e6bf,180,1806,12642,126.42,368.6641213860287,0.5682775501268654,14.27256179301089,2.595501349315177,
5a82b8e6bf,180,1807,12649,126.49,368.63882011999203,0.48932696745054993,15.784000724771374,4.333170829551574,
5a82b8e6bf,180,1808,12656,126.56,367.6443181949528,0.40301466295421806,15.029394161163427,3.902255862456424,
5a82b8e6bf,180,1809,12663,126.63,367.04544976469816,0.26679741609656615,16.387251574221583,1.9382447462168253,
5a82b8e6bf,180,1810,12670,126.7,366.89775337718817,0.426388263757801,15.704938623194534,2.1841446799090285,
5a82b8e6bf,180,1811,12677,126.77,366.03494826081896,0.6456850050812635,14.77313087829174,2.757311811416575,
5a82b8e6bf,180,1812,12684,126.84,365.98890499216174,0.37033956907003585,16.030527222280977,2.088574984084079,
5a82b8e6bf,180,1813,12691,126.91,365.3755416706603,0.2418654867834686,14.980490346171921,2.2081153848262374,
5a82b8e6bf,180,1814,12698,126.98,365.1247804928071,0.21879315647870043,15.170081575261063,2.146269490704122,
5a82b8e6bf,180,1815,12705,127.05,364.9164549778914,0.19859213612670457,15.31322750731583,1.9173792808120582,
5a82b8e6bf,180,1816,12712,127.12,364.79146212572914,0.1921458631373197,14.715420768481833,0.9591828232280702,
5a82b8e6bf,180,1817,12719,127.19,364.65731840322144,0.46449300407784694,14.485920192155847,3.418753730087551,
5a82b8e6bf,180,1818,12726,127.26,363.7065488907856,0.26655915118799295,15.554761979960224,2.1080991403914573,
5a82b8e6bf,180,1819,12733,127.33,363.462875929376,0.3657196181623916,15.339076393058468,3.1905424503458297,
5a82b8e6bf,180,1820,12740,127.4,362.9788293054914,0.4128841585213748,15.286528393596823,3.047687821941095,
5a82b8e6bf,180,1821,12747,127.47,362.25990807066876,0.3935568266238945,15.360888996282068,1.3350030448761696,
5a82b8e6bf,180,1822,12754,127.54,361.7244818292187,0.48107338599458177,14.145545755515514,4.1757399423041095,
5a82b8e6bf,180,1823,12761,127.61,360.8895750789188,0.4759531454901558,14.34148592288659,3.3068864580883344,
5a82b8e6bf,180,1824,12768,127.68,360.1898522858762,0.2891500524617367,13.652396873657883,1.9141892093324813,
5a82b8e6bf,180,1825,12775,127.75,359.9732859403384,0.4067806082847648,13.442958070415706,3.765502083595386,
5a82b8e6bf,180,1826,12782,127.82,359.44807627772275,0.318925125027629,13.68552802885927,2.8522528869634254,
5a82b8e6bf,180,1827,12789,127.89,359.1318215241617,0.3747379210396638,13.276249384106649,3.373928944419589,
5a82b8e6bf,180,1828,12796,127.96,358.64493161280484,0.3716670234951196,12.874003540615218,3.584696896957929,
5a82b8e6bf,180,1829,12803,128.03,358.20450720397497,0.443857021819561,12.986877355627183,3.8988616467699617,
5a82b8e6bf,180,1830,12810,128.1,357.2635723753945,0.14956710208479176,12.466105749756432,1.4562161254067876,
5a82b8e6bf,180,1831,12817,128.17,357.1877212265658,0.3115417800559316,12.659868473082218,2.005268823610865,
5a82b8e6bf,180,1832,12824,128.24,356.7041902258904,0.10300829287999248,13.224929534660545,0.8966232440187167,
5a82b8e6bf,180,1833,12831,128.31,356.65960460079685,0.21140537857297154,13.24994993032248,2.1143149176642586,
5a82b8e6bf,180,1834,12838,128.38,356.54016902493566,0.3541266157664725,13.519443808261748,0.82679766839939,
5a82b8e6bf,180,1835,12845,128.45,355.97245043738275,0.1996245330435227,12.828755769821125,1.8082498534970028,
5a82b8e6bf,180,1836,12852,128.52,355.8123038616509,0.23868067554862468,12.840519750203596,2.3406644777917016,
5a82b8e6bf,180,1837,12859,128.59,355.6507885262016,0.28069954613248604,13.282541603466992,2.034683519524121,
5a82b8e6bf,180,1838,12866,128.66,355.4263301037483,0.29438138276743525,12.91413473207962,0.751093221359965,
5a82b8e6bf,180,1839,12873,128.73,355.2725252176009,0.3006873294027519,13.852019451529248,1.7562520279058895,
5a82b8e6bf,180,1840,12880,128.8,355.20659475470234,0.2949319253753136,13.428051728050335,0.7609009134462894,
5a82b8e6bf,180,1841,12887,128.87,355.08748201846964,0.4652293634737331,14.016926143162463,1.5267078724326484,
5a82b8e6bf,180,1842,12894,128.94,354.559787944437,0.16967945878782859,14.163665569879385,0.9303017745399388,
5a82b8e6bf,180,1843,12901,129.01,354.2778625016517,0.1423490148371325,13.425218692164444,1.4103356300307641,
5a82b8e6bf,180,1844,12908,129.08,354.2296793460686,0.21353459538561675,13.15545291009734,1.9731373841046358,
5a82b8e6bf,180,1845,12915,129.15,354.03413073204035,0.32729108628515324,13.294651685121567,3.1617548156729254,
5a82b8e6bf,180,1846,12922,129.22,353.66566894149923,0.3171739270557494,13.432579080203967,2.789849637172504,
5a82b8e6bf,180,1847,12929,129.29,353.2728484262619,0.31594373031542927,14.374212142478,2.2702191536397462,
5a82b8e6bf,180,1848,12936,129.36,353.0280068343935,0.28754908972637355,13.55791401253917,1.566587679714758,
5a82b8e6bf,180,1849,12943,129.43,352.7205309829975,0.42663286684544777,13.853965818354254,3.304894500564926,
5a82b8e6bf,180,1850,12950,129.5,351.99314877716074,0.23290941086474848,14.031282393992766,0.7822647503706308,
5a82b8e6bf,180,1851,12957,129.57,351.73818074844826,0.25330354856631665,13.778211894235586,2.5039103937531992,
5a82b8e6bf,180,1852,12964,129.64,351.5158043959221,0.12277018721052967,13.896771600070348,0.6053774047478638,
5a82b8e6bf,180,1853,12971,129.71,351.46831424165873,0.25448815195436636,13.676368983775497,1.5773906423557975,
5a82b8e6bf,180,1854,12978,129.78,351.23964109836334,0.35362119444433193,13.795420260897442,3.453400033158319,
5a82b8e6bf,180,1855,12985,129.85,350.7914568252822,0.2793738123070928,13.34573862987806,2.451647795498472,
5a82b8e6bf,180,1856,12992,129.92,350.58580877416244,0.3057648146463776,13.490195639735502,2.0761806612279936,
5a82b8e6bf,180,1857,12999,129.99,350.2618978786698,0.2647344931112109,13.656017637857552,1.9867686015584847,
5a82b8e6bf,180,1858,13006,130.06,349.9989465441402,0.37063753917208164,13.849507933272594,2.7130764701815866,
5a82b8e6bf,180,1859,13013,130.13,349.3783913515262,0.2640353993213133,13.854053577974382,2.406511654733502,
5a82b8e6bf,180,1860,13020,130.2,349.10020915049677,0.18665079122561412,13.501102668778657,1.569330077227971,
5a82b8e6bf,180,1861,13027,130.27,348.9885165702913,0.26668038543338063,13.303974529974255,2.123087331422739,
5a82b8e6bf,180,1862,13034,130.34,348.69175814109235,0.4012653061711052,13.98665829398124,3.872573277868494,
5a82b8e6bf,180,1863,13041,130.41,348.1915345766221,0.2407527314009613,13.928053245017733,1.0292480731277223,
5a82b8e6bf,180,1864,13048,130.48,348.01685777104257,0.363944527411956,13.726561044473568,1.7171036269360624,
5a82b8e6bf,180,1865,13055,130.55,347.75976886244797,0.3546410133461097,14.384522138200376,1.45428075989864,
5a82b8e6bf,180,1866,13062,130.62,347.2731334970512,0.36659592731404056,13.308426704264829,3.000301515806953,
5a82b8e6bf,180,1867,13069,130.69,346.7435660387782,0.22386135276472316,13.050572910139485,2.093154947422098,
5a82b8e6bf,180,1868,13076,130.76,346.59642057703485,0.45671277639177643,12.875662162414802,4.48689402271331,
5a82b8e6bf,180,1869,13083,130.83,345.8139840280568,0.23209001916728125,14.253474832612834,0.6839544784017172,
5a82b8e6bf,180,1870,13090,130.9,345.63048365862375,0.3800147428733238,13.279978780390156,3.535136698434444,
5a82b8e6bf,180,1871,13097,130.97,345.00147450562037,0.2312779476376601,13.750015569357712,1.1879466354648647,
5a82b8e6bf,180,1872,13104,131.04,344.8285512395905,0.31176694585653514,13.93167070755314,2.9232603783226168,
5a82b8e6bf,180,1873,13111,131.11,344.5662896064968,0.35883592407085985,14.99782098018572,3.164432974797142,
5a82b8e6bf,180,1874,13118,131.18,344.08406791060423,0.20889990936005318,14.56083598005808,1.7264297334903835,
5a82b8e6bf,180,1875,13125,131.25,343.9288736349839,0.19665154076808536,13.821245777092155,1.8533477456737872,
5a82b8e6bf,180,1876,13132,131.32,343.8012318968731,0.319335164007844,13.965080267716225,2.7003690737280985,
5a82b8e6bf,180,1877,13139,131.39,343.606773547593,0.34572934757002544,13.873524296441339,1.7995699980470392,
5a82b8e6bf,180,1878,13146,131.46,343.1093087158431,0.2868439593477875,13.257309086919243,2.7367610321434994,
5a82b8e6bf,180,1879,13153,131.53,342.7979002206383,0.3224208078460664,13.3576871722257,2.6182254576410946,
5a82b8e6bf,180,1880,13160,131.6,342.55427091042225,0.22811413325563504,13.952080130336096,1.422013576564134,
5a82b8e6bf,180,1881,13167,131.67,342.43174507498827,0.2574143919666681,13.560159216277683,1.8604619134395215,
5a82b8e6bf,180,1882,13174,131.74,342.15665588872776,0.1961028731385715,14.19078105269875,1.7955586081859367,
5a82b8e6bf,180,1883,13181,131.81,342.0078743938671,0.2869871525654312,14.04434449428579,2.8519135691805806,
5a82b8e6bf,180,1884,13188,131.88,341.72704282937207,0.28258964657937063,14.014526382591601,2.613957066165628,
5a82b8e6bf,180,1885,13195,131.95,341.43758611475374,0.1858500784356628,13.649674185088656,1.02031497761697,
5a82b8e6bf,180,1886,13202,132.02,341.30319375411113,0.15875095627846073,13.171280768005534,1.4053681990374332,
5a82b8e6bf,180,1887,13209,132.09,341.20086407542476,0.12697998311270256,13.049493034596502,0.8532331398231505,
5a82b8e6bf,180,1888,13216,132.16,341.154042394067,0.22554214449597573,13.056206401633913,1.8847907863760902,
5a82b8e6bf,180,1889,13223,132.23,340.9314860365233,0.247542790403616,13.172918830022596,2.2241755381841357,
5a82b8e6bf,180,1890,13230,132.3,340.68152807678797,0.23410553747873208,12.784432928861587,2.297535814022435,
5a82b8e6bf,180,1891,13237,132.37,340.5568299419257,0.4167068233724155,12.820639377816375,3.989142132402536,
5a82b8e6bf,180,1892,13244,132.44,339.76790365897807,0.37279963209755607,13.009204636047528,3.5624082957866974,
5a82b8e6bf,180,1893,13251,132.51,339.103092780259,0.8489799162857098,12.60306813382344,3.922216228615297,
5a82b8e6bf,180,1894,13258,132.58,338.5611961369191,0.3864195313636121,14.828484685698669,2.6420145268265567,
5a82b8e6bf,180,1895,13265,132.65,337.86053434381625,0.14721710168360808,13.062251249824268,1.007162477987695,
5a82b8e6bf,180,1896,13272,132.72,337.7838618358521,0.1445504266069109,13.104485750187681,0.9258914891365472,
5a82b8e6bf,180,1897,13279,132.79,337.7221681499264,0.2728063509513546,13.099721248582286,2.3144477368586207,
5a82b8e6bf,180,1898,13286,132.86,337.49631463971264,0.42656281300876786,12.928634017125113,3.594809267236034,
5a82b8e6bf,180,1899,13293,132.93,336.708845805348,0.3325080576653832,13.319404017709601,3.137344089775057,
5a82b8e6bf,180,1900,13300,133.0,336.37067684107996,0.19701838331786548,13.037722881575517,1.5865133775936748,
5a82b8e6bf,180,1901,13307,133.07,336.21378253845546,0.20363330902563231,12.90821309876234,1.8583106244049525,
5a82b8e6bf,180,1902,13314,133.14,336.0445726227578,0.1954773499286941,13.216460494523234,1.731645243407925,
5a82b8e6bf,180,1903,13321,133.21,335.91249727855165,0.3384395736427547,13.395655135191912,3.166157383816069,
5a82b8e6bf,180,1904,13328,133.28,335.43965283261673,0.23527391736647427,13.696485276136556,2.1363151337138016,
5a82b8e6bf,180,1905,13335,133.35,335.2405598219893,0.2770448421253165,13.359434542621889,0.5930862795729295,
5a82b8e6bf,180,1906,13342,133.42,335.0227874011782,0.3788005731151198,13.583567245096944,2.776032326492783,
5a82b8e6bf,180,1907,13349,133.49,334.5695784477182,0.3375986510360696,13.279508956861731,2.8660830948943907,
5a82b8e6bf,180,1908,13356,133.56,334.1592373891188,0.3554328855227378,13.903146123114233,3.253334907998643,
5a82b8e6bf,180,1909,13363,133.63,333.9126707201923,0.31298028655109716,13.75671640194344,1.4804991913961525,
5a82b8e6bf,180,1910,13370,133.7,333.5290702983625,0.19788708949957337,13.503794174559095,1.402538021996865,
5a82b8e6bf,180,1911,13377,133.77,333.43151071911797,0.20269668526994772,13.762746448208437,1.4773355751197672,
5a82b8e6bf,180,1912,13384,133.84,333.3174076479356,0.3810242452328482,13.675197579885534,3.687670757007989,
5a82b8e6bf,180,1913,13391,133.91,332.867096604617,0.40373079463851597,13.311988958354263,3.7277958009965766,
5a82b8e6bf,180,1914,13398,133.98,332.2749678226,0.42308171471179895,14.051949578954442,3.3793308640013087,
5a82b8e6bf,180,1915,13405,134.05,331.73429173221905,0.28774393994826636,13.785910650839314,1.8831973029744218,
5a82b8e6bf,180,1916,13412,134.12,331.5840097160433,0.4200954313113029,14.291238412072174,3.442494113694334,
5a82b8e6bf,180,1917,13419,134.19,331.154407149479,0.35412173057194696,13.868393213762658,2.3499903407764444,
5a82b8e6bf,180,1918,13426,134.26,330.92809361766376,0.32507240610264737,14.505483031907048,1.9815876415764706,
5a82b8e6bf,180,1919,13433,134.33,330.61775558031246,0.3133573805086382,14.01951985201284,2.665069557802114,
5a82b8e6bf,180,1920,13440,134.4,330.34567137030126,0.2947701327495851,14.75059971581519,2.2205351256788948,
5a82b8e6bf,180,1921,13447,134.47,330.0809026511571,0.24792105093377695,13.85401473945358,1.988542649546581,
5a82b8e6bf,180,1922,13454,134.54,329.9149103334743,0.23622050214412407,14.52992262092998,1.9547741114050317,
5a82b8e6bf,180,1923,13461,134.61,329.8402245094555,0.9907081659466117,14.332250490256342,2.340376388368284,
5a82b8e6bf,180,1924,13468,134.68,329.35010558825826,0.5614763841937325,15.594228859999886,3.172719343051764,
5a82b8e6bf,180,1925,13475,134.75,328.1872305589087,0.5176503862239713,14.084864275500125,4.701686914902846,
5a82b8e6bf,180,1926,13482,134.82,327.38143535707263,0.47388394629122027,13.092739033000887,3.8176030915033428,
5a82b8e6bf,180,1927,13489,134.89,326.28102801401764,0.27658097802917164,12.094043880936553,2.603606270862532,
5a82b8e6bf,180,1928,13496,134.96,326.0139056192607,0.11969551296655326,12.311915391043494,0.38317871241428,
5a82b8e6bf,180,1929,13503,135.03,325.97089128076055,0.32416112058317054,12.14782248719018,2.444468558823029,
5a82b8e6bf,180,1930,13510,135.1,325.5162256011284,0.2698535557440929,12.243238297113017,1.5595887317566404,
5a82b8e6bf,180,1931,13517,135.17,325.43151135776725,0.21991833610486478,12.688847153307542,0.2816144478075666,
5a82b8e6bf,180,1932,13524,135.24,325.3887187911702,0.3163750144110842,12.309835704867874,2.5404725960981116,
5a82b8e6bf,180,1933,13531,135.31,324.9751804043929,0.31872389321883937,12.541000365547097,3.031264502587249,
5a82b8e6bf,180,1934,13538,135.38,324.6018740923906,0.23856244604656832,12.285868383725708,1.9931475724339363,
5a82b8e6bf,180,1935,13545,135.45,324.5215372956946,0.27782912631086615,11.99899544418091,2.2081363922270283,
5a82b8e6bf,180,1936,13552,135.52,324.22680259323977,0.439236040482404,11.860736820937664,1.9900532107531907,
5a82b8e6bf,180,1937,13559,135.59,324.1985718484481,0.3404118813643708,12.369599786329461,2.179249068331974,
5a82b8e6bf,180,1938,13566,135.66,323.6331595009463,0.690693941768498,12.025953187248303,2.0021544962590534,
5a82b8e6bf,180,1939,13573,135.73,323.5213691431963,0.7205163641401101,14.098309742133427,1.04462561044439,
5a82b8e6bf,180,1940,13580,135.8,323.5117347732389,0.4909727609061478,12.143938537699416,2.465974691068438,
5a82b8e6bf,180,1941,13587,135.87,322.52366786833994,0.2866606436010416,12.040447507058449,2.2819044026059507,
5a82b8e6bf,180,1942,13594,135.94,322.21629878358266,0.2582329684396262,11.687217108588776,2.282246387409397,
5a82b8e6bf,180,1943,13601,136.01,322.02955799275037,0.22239244846348835,12.643098978541346,1.648064172068019,
5a82b8e6bf,180,1944,13608,136.08,321.90178681242446,0.3934324997268282,11.81997065070449,3.378289716002863,
5a82b8e6bf,180,1945,13615,136.15,321.19036398625224,0.2805759549622934,11.884604898334446,2.0986224752681055,
5a82b8e6bf,180,1946,13622,136.22,320.9047684790059,0.3151010456886551,11.763407550175073,1.622617874638078,
5a82b8e6bf,180,1947,13629,136.29,320.5450813591318,0.23867971357795945,12.357128064651917,2.1511574694044935,
5a82b8e6bf,180,1948,13636,136.36,320.41843276810414,0.30858868135264395,11.640120952949237,1.7592810676935546,
5a82b8e6bf,180,1949,13643,136.43,320.09744123114757,0.274517380043655,11.413460348962632,2.378260581147245,
5a82b8e6bf,180,1950,13650,136.5,319.9759452322669,0.28101964539905877,11.837534951792886,1.9873786192238612,
5a82b8e6bf,180,1951,13657,136.57,319.74304311116543,0.25457100115303094,11.239806349546821,2.441823756722337,
5a82b8e6bf,180,1952,13664,136.64,319.47271341972,0.2126911484541107,11.234420872231423,0.713710098407768,
5a82b8e6bf,180,1953,13671,136.71,319.39103357605285,0.2381939679638521,11.296283139253983,2.026685987637888,
5a82b8e6bf,180,1954,13678,136.78,319.12505018524365,0.18838276546070906,10.994478493092233,1.3609778199452964,
5a82b8e6bf,180,1955,13685,136.85,318.99368810685763,0.20602271733762742,10.96588167450974,1.8483080740400382,
5a82b8e6bf,180,1956,13692,136.92,318.80096220542856,0.1841180205347054,10.581487442141558,1.739794903973722,
5a82b8e6bf,180,1957,13699,136.99,318.69181998136986,0.796892918935775,10.717762628123412,1.7439691112720794,
5a82b8e6bf,180,1958,13706,137.06,318.66329982673653,0.5010706892910103,13.837106292959604,2.020108506220285,
5a82b8e6bf,180,1959,13713,137.13,317.7414863639782,0.21975224734127496,11.47713803724351,1.5899077399171404,
5a82b8e6bf,180,1960,13720,137.2,317.63172063542294,0.21853127273046913,11.521218377929342,1.0166747959967135,
5a82b8e6bf,180,1961,13727,137.27,317.4960741932623,0.2451884530550272,11.007484139910407,1.8467716967024708,
5a82b8e6bf,180,1962,13734,137.34,317.2557244859366,0.22850778258171162,10.621449313590507,1.3533067136199997,
5a82b8e6bf,180,1963,13741,137.41,317.0046318257263,0.30380757135356895,10.550022027388282,1.4748150873700239,
5a82b8e6bf,180,1964,13748,137.48,316.9989084766357,0.23392252717195747,10.833074423286233,1.530004332321274,
5a82b8e6bf,180,1965,13755,137.55,316.7742185247904,0.24597156419639332,10.907400451120392,1.9773684975743089,
5a82b8e6bf,180,1966,13762,137.62,316.5606715362789,0.25723850967071216,11.164633510895746,2.2152494275943093,
5a82b8e6bf,180,1967,13769,137.69,316.3311306206873,0.2806612251983854,10.87743350092969,2.8024861460089756,
5a82b8e6bf,180,1968,13776,137.76,315.96591086016815,0.08024962145109368,10.745313764813188,0.13676140394995467,
5a82b8e6bf,180,1969,13783,137.83,315.9380800914875,0.28990713585485633,10.706906950578102,2.63806113346022,
5a82b8e6bf,180,1970,13790,137.9,315.59377069262206,0.41124869701422745,10.529792078602672,1.8990635293808311,
5a82b8e6bf,180,1971,13797,137.97,315.5891292494833,0.24666339207404733,11.534512460779736,1.099265019567466,
5a82b8e6bf,180,1972,13804,138.04,315.35267349003055,0.14741579182009895,10.82657159820455,1.3656423685979182,
5a82b8e6bf,180,1973,13811,138.11,315.29722185078015,0.20374651019746015,10.664209932769817,1.6902352437123014,
5a82b8e6bf,180,1974,13818,138.18,315.1119788371242,0.06833902564981162,10.517733423500225,0.5411598875414548,
5a82b8e6bf,180,1975,13825,138.25,315.0951046609032,0.6781516892000201,10.51722520802469,3.2540678305582795,
5a82b8e6bf,180,1976,13832,138.32,314.9143664804327,0.380314711861639,12.649725180344115,1.4791401076110104,
5a82b8e6bf,180,1977,13839,138.39,314.4037811507566,0.2299482961435747,10.800138273939508,1.2118254359263112,
5a82b8e6bf,180,1978,13846,138.46,314.2750973482505,0.20934623763801014,10.550213921791977,1.4714483953373052,
5a82b8e6bf,180,1979,13853,138.53,314.1528654591252,0.18519015463574212,10.347884806220572,1.6588353242759308,
5a82b8e6bf,180,1980,13860,138.6,314.0257954941731,0.16556060587781257,10.125959357647826,1.1335160550170278,
5a82b8e6bf,180,1981,13867,138.67,313.911072288605,0.22686382891296283,10.116464968255901,2.2797750350893313,
5a82b8e6bf,180,1982,13874,138.74,313.68747490990137,0.15708465566484148,10.386162734430027,0.28889288517003087,
5a82b8e6bf,180,1983,13881,138.81,313.62826224380814,0.2649107674299154,10.361256770630082,1.5843212513538623,
5a82b8e6bf,180,1984,13888,138.88,313.3178893847831,0.25043117789211605,10.763970135702227,1.3865433090644106,
5a82b8e6bf,180,1985,13895,138.95,313.1896730655883,0.24375576733820853,10.773072555780335,1.0924922798007757,
5a82b8e6bf,180,1986,13902,139.02,313.0388466589224,0.2939249676357163,10.367473055335651,1.888361668138034,
5a82b8e6bf,180,1987,13909,139.09,312.7159508452827,0.17431729732649337,9.92753870308789,1.4702594602553443,
5a82b8e6bf,180,1988,13916,139.16,312.63546630673903,0.2623262741180385,10.353586618131414,2.3688113366592995,
5a82b8e6bf,180,1989,13923,139.23,312.38750389061806,0.22887535055831007,10.058867308368162,1.8450845365395587,
5a82b8e6bf,180,1990,13930,139.3,312.2006634947568,0.4882766839062805,10.310019934235203,2.28666752078959,
5a82b8e6bf,180,1991,13937,139.37,312.1888396993765,0.6871319005994935,11.116075580513801,2.094175786331399,
5a82b8e6bf,180,1992,13944,139.44,312.12164170330703,0.40248746811661074,11.07935616079549,1.8031204773905836,
5a82b8e6bf,180,1993,13951,139.51,311.4456457634554,0.13647434499620015,10.876699342582473,1.0476526461694038,
5a82b8e6bf,180,1994,13958,139.58,311.37652509899743,0.3229276062589591,10.324641499572968,3.097308425412348,
5a82b8e6bf,180,1995,13965,139.65,310.96657525888276,0.20024722849239585,10.122835338072456,1.6057489344995317,
5a82b8e6bf,180,1996,13972,139.72,310.8055684134944,0.17632683792974232,10.314190917514786,1.3574375280562114,
5a82b8e6bf,180,1997,13979,139.79,310.6514289367212,0.15189490429614524,10.576001467092848,1.4709507822610637,
5a82b8e6bf,180,1998,13986,139.86,310.54767620347053,0.10819920174844447,10.482445602957895,0.9095413640175297,
5a82b8e6bf,180,1999,13993,139.93,310.5165525361619,0.12142206990169467,10.695361202812403,1.0100879667934346,
5a82b8e6bf,180,2000,14000,140.0,310.4716656946549,0.13094661153634737,10.303537974626233,1.1937400409813492,
5a82b8e6bf,180,2001,14007,140.07,310.4019677063698,0.39971684289629866,10.432443118646184,1.7441484848904754,
5a82b8e6bf,180,2002,14014,140.14,310.38138844554936,0.3007106751056121,11.330150023416335,2.256744108658833,
5a82b8e6bf,180,2003,14021,140.21,310.0623045675031,0.16060802904284557,10.601088846428974,1.379487431415984,
5a82b8e6bf,180,2004,14028,140.28,309.9626476791191,0.17087000851715897,10.428393253097834,1.5186674597850027,
5a82b8e6bf,180,2005,14035,140.35,309.8677776047574,0.18454790987607447,10.575680463722,1.4424995735956896,
5a82b8e6bf,180,2006,14042,140.42,309.71307687893795,0.18266276740964701,10.17902747331742,1.7265390456027725,
5a82b8e6bf,180,2007,14049,140.49,309.54636811276686,0.15073242253330837,10.373849390649953,1.4644526541175604,
5a82b8e6bf,180,2008,14056,140.56,309.43974097419306,0.15353851249096073,10.148525647212725,1.2602053017320383,
5a82b8e6bf,180,2009,14063,140.63,309.32859358089013,0.15226187149308473,10.23916616450335,1.2351540859425718,
5a82b8e6bf,180,2010,14070,140.7,309.2503258278297,0.3021962618092005,10.435810653188645,1.0097549871960496,
5a82b8e6bf,180,2011,14077,140.77,309.212555465316,0.3245758337756999,10.042951821650668,2.40706668670422,
5a82b8e6bf,180,2012,14084,140.84,308.72607099342434,0.27436067595768404,10.378354989724379,2.2702385712366575,
5a82b8e6bf,180,2013,14091,140.91,308.39909134322994,0.1859434195076932,10.560707878490774,1.0231242227711406,
5a82b8e6bf,180,2014,14098,140.98,308.28015397031635,0.25181275261045494,10.452133049218704,2.0512040968140686,
5a82b8e6bf,180,2015,14105,141.05,308.12899093211735,0.2451609094398347,10.659087725902191,2.1712976207090118,
5a82b8e6bf,180,2016,14112,141.12,308.0223902739449,0.2539260168380064,10.554324422562232,1.5092681253353248,
5a82b8e6bf,180,2017,14119,141.19,307.8418973540776,0.1986588421849868,10.517548450973786,1.2393388728903525,
5a82b8e6bf,180,2018,14126,141.26,307.71664118593685,0.31587407389564537,10.428568957276694,3.0702059483558304,
5a82b8e6bf,180,2019,14133,141.33,307.425539354946,0.20078184969829013,10.194878959431863,0.9971276916860511,
5a82b8e6bf,180,2020,14140,141.4,307.33258817988434,0.1776749955675762,10.032813039398297,0.9074671364367497,
5a82b8e6bf,180,2021,14147,141.47,307.23198886666836,0.2109310817404681,9.863164677062914,1.9755242616359778,
5a82b8e6bf,180,2022,14154,141.54,307.0102539324429,0.19204737569484498,9.926003345145016,1.8277263484566741,
5a82b8e6bf,180,2023,14161,141.61,306.8759272695217,0.23187669012198375,9.906189402011059,2.3009261095929054,
5a82b8e6bf,180,2024,14168,141.68,306.72108797211456,0.2079689628895978,10.001783475228315,1.7119731138341618,
5a82b8e6bf,180,2025,14175,141.75,306.5493016971628,0.2629737980392077,9.610968891809831,2.0845364449363815,
5a82b8e6bf,180,2026,14182,141.82,306.26024592180215,0.1952525264046374,10.085001835976712,1.922791802255439,
5a82b8e6bf,180,2027,14189,141.89,306.15216072361073,0.17173085245620176,9.895155881501548,1.3448503473983837,
5a82b8e6bf,180,2028,14196,141.96,306.024977667893,0.12895224736853086,9.840270091389504,1.1122525463218793,
5a82b8e6bf,180,2029,14203,142.03,305.963420246989,0.2441921033032373,9.904670773549938,2.286623645798703,
5a82b8e6bf,180,2030,14210,142.1,305.74147524360745,0.18407211068982515,10.057191851966524,0.7546335757531436,
5a82b8e6bf,180,2031,14217,142.17,305.6197756459412,0.18060956039428916,9.716987801163592,1.2253156355306543,
5a82b8e6bf,180,2032,14224,142.24,305.4822898908435,0.1556319673775024,9.817115833253666,1.4874074122380734,
5a82b8e6bf,180,2033,14231,142.31,305.3775119729281,0.1136756118142582,9.76092700475894,0.969181884876953,
5a82b8e6bf,180,2034,14238,142.38,305.3259154586288,0.14082054406588954,9.984189819571847,0.7321503545749269,
5a82b8e6bf,180,2035,14245,142.45,305.23241533802,0.14719418875945695,9.538784030646642,1.4361575649102585,
5a82b8e6bf,180,2036,14252,142.52,305.1527445641663,0.13238873904739895,9.914026331252765,1.321338813502085,
5a82b8e6bf,180,2037,14259,142.59,305.09231927485837,0.22693842326724556,9.634471581016003,1.507541842460547,
5a82b8e6bf,180,2038,14266,142.66,304.8796603254771,0.14954185082330995,10.091563061845632,1.4456173822134324,
5a82b8e6bf,180,2039,14273,142.73,304.79913162807486,0.4780183195760467,9.95621781638982,2.3163961979563528,
5a82b8e6bf,180,2040,14280,142.8,304.77129853330996,0.31636356945877636,10.542984379349102,1.3010141756737013,
5a82b8e6bf,180,2041,14287,142.87,304.36212902596174,0.14084644161585305,9.477126012156832,0.9630976971253505,
5a82b8e6bf,180,2042,14294,142.94,304.3181055447723,0.13650596476891041,9.290052566521961,1.1894849200402096,
5a82b8e6bf,180,2043,14301,143.01,304.226090863234,0.2078194739353571,9.539417061491003,2.0842725779719093,
5a82b8e6bf,180,2044,14308,143.08,304.0707114868245,0.29000332272961404,9.553428842672842,2.0564129066887546,
5a82b8e6bf,180,2045,14315,143.15,303.83833091015896,0.19128805359828568,9.883486769574363,1.4963607026515136,
5a82b8e6bf,180,2046,14322,143.22,303.6725212947605,0.19743941012688448,9.202579743857408,1.6863668389063124,
5a82b8e6bf,180,2047,14329,143.29,303.5272276168179,0.11522136171816531,9.217010531813063,1.0495868693811252,
5a82b8e6bf,180,2048,14336,143.36,303.46759556659026,0.23313254802048683,9.357361376038165,2.331926321352634,
5a82b8e6bf,180,2049,14343,143.43,303.33019034329493,0.344836695365459,9.78034023064247,3.4060881959470333,
5a82b8e6bf,180,2050,14350,143.5,302.7292966751577,0.19189747555344408,8.959071939448036,0.4963949542456392,
5a82b8e6bf,180,2051,14357,143.57,302.6063437095461,0.2653255820113439,9.550820603018154,1.1670103687966034,
5a82b8e6bf,180,2052,14364,143.64,302.2939136600471,0.22632845941684404,9.891312157345016,2.2585222973414645,
5a82b8e6bf,180,2053,14371,143.71,302.0603766716698,0.14582036093061088,9.563506094622877,0.8646089353667715,
5a82b8e6bf,180,2054,14378,143.78,301.9720867450228,0.11009668466034546,9.729535632210714,0.9825197914508184,
5a82b8e6bf,180,2055,14385,143.85,301.9234202653898,0.1806805016567862,9.513377601892676,1.7686726535934283,
5a82b8e6bf,180,2056,14392,143.92,301.80055871538013,0.12273395537005344,9.330218454765172,1.0865565111702324,
5a82b8e6bf,180,2057,14399,143.99,301.73842195704134,0.06430675339451812,9.347660092586336,0.4102649842280433,
5a82b8e6bf,180,2058,14406,144.06,301.72143094956726,0.08808330837104761,9.394674617749327,0.8303438409586682,
5a82b8e6bf,180,2059,14413,144.13,301.68538060804775,0.24507233926092684,9.548996212959343,2.0653037679970296,
5a82b8e6bf,180,2060,14420,144.2,301.4610347708429,0.2638431796884797,9.714953949876016,2.6263090757096994,
5a82b8e6bf,180,2061,14427,144.27,301.1604772891006,0.12520127402829964,9.403218723265582,0.9800380523666251,
5a82b8e6bf,180,2062,14434,144.34,301.10558791840793,0.1853470868528472,9.530572974369843,1.6291242741531358,
5a82b8e6bf,180,2063,14441,144.41,300.9392659127648,0.13794718881765786,9.57158064008909,1.2958774138150126,
5a82b8e6bf,180,2064,14448,144.48,300.8530724102912,0.17437524719414893,9.319339344609022,0.9131640790346717,
5a82b8e6bf,180,2065,14455,144.55,300.763034636004,0.2552488785242801,9.520127478563644,2.1602305087472202,
5a82b8e6bf,180,2066,14462,144.62,300.59158142731496,0.1990999995065169,8.680613989308727,1.472049292625542,
5a82b8e6bf,180,2067,14469,144.69,300.58016717729674,0.24900353920919338,9.274657797386372,1.7034784460488979,
5a82b8e6bf,180,2068,14476,144.76,300.53187470579303,0.29022132924092864,8.863367196152385,1.5999317105857336,
5a82b8e6bf,180,2069,14483,144.83,300.3745360025966,0.3161005695175935,9.10195756601574,2.2248422983108602,
5a82b8e6bf,180,2070,14490,144.9,300.369589947073,0.17225557048234674,9.542857997831346,1.0054311894826797,
5a82b8e6bf,180,2071,14497,144.97,300.0786574206937,0.18174944894628858,8.285915553878489,1.8429752599885416,
5a82b8e6bf,180,2072,14504,145.04,299.9352355151285,0.12901015633211835,8.429175311483787,1.1990999643436435,
5a82b8e6bf,180,2073,14511,145.11,299.85051353562864,0.1169158997724642,8.41771402468561,1.040825358753921,
5a82b8e6bf,180,2074,14518,145.18,299.8056768174725,0.27660444928237626,8.330581937138769,1.3279160556801235,
5a82b8e6bf,180,2075,14525,145.25,299.78760919111375,0.2044729408485346,8.629104001911275,1.5897649097131412,
5a82b8e6bf,180,2076,14532,145.32,299.63535834340144,0.1589295995313287,8.559431954838008,1.5063584913861359,
5a82b8e6bf,180,2077,14539,145.39,299.5614877608245,0.31770185138900486,8.340401536967349,2.6029413403482593,
5a82b8e6bf,180,2078,14546,145.46,299.3880651567553,0.3506950202028736,9.177885871728877,2.0508759198017623,
5a82b8e6bf,180,2079,14553,145.53,299.2055194744996,0.3032514577952183,8.42856937411449,1.2964046792782349,
5a82b8e6bf,180,2080,14560,145.6,299.0912380087911,0.15141689858751572,8.797625600680313,1.8313322105087944,
5a82b8e6bf,180,2081,14567,145.67,298.8607114554325,0.22047484142310825,7.808886560447078,1.7716438352854207,
5a82b8e6bf,180,2082,14574,145.74,298.6583012484058,0.19436633744244014,8.195470158247426,1.8136585395628422,
5a82b8e6bf,180,2083,14581,145.81,298.5449508945752,0.11932088359025458,8.137821968253355,0.8397190805108141,
5a82b8e6bf,180,2084,14588,145.88,298.49994082649243,0.19433347712941657,7.929345574810867,1.893982708047014,
5a82b8e6bf,180,2085,14595,145.95,298.31039877452577,0.18783718652781142,8.09564300833249,1.8702656249515697,
5a82b8e6bf,180,2086,14602,146.02,298.18488131027505,0.13610059317677226,8.247835589944753,1.1224410263583786,
5a82b8e6bf,180,2087,14609,146.09,298.0947664870784,0.15398278140636348,8.363453138729803,0.9868846895551096,
5a82b8e6bf,180,2088,14616,146.16,298.0076866680064,0.11813991771006015,8.450157460810777,1.1032402177331344,
5a82b8e6bf,180,2089,14623,146.23,297.94320292681687,0.14624189850507816,8.422352590555276,0.45946968100688806,
5a82b8e6bf,180,2090,14630,146.3,297.84199323603474,0.1962649416625299,8.10757755315383,0.39324206057738326,
5a82b8e6bf,180,2091,14637,146.37,297.82460911853474,0.10339433830751936,8.312151297685084,0.502303397874252,
5a82b8e6bf,180,2092,14644,146.44,297.7869266536869,0.12717965697968273,8.020428061115258,1.1911114604162913,
5a82b8e6bf,180,2093,14651,146.51,297.7606832858628,0.15200679030220612,8.301265884117225,0.9720705863304252,
5a82b8e6bf,180,2094,14658,146.58,297.66985830057615,0.11876860388956167,7.940802587368682,0.8676445037159564,
5a82b8e6bf,180,2095,14665,146.65,297.63670349008294,0.18525016706954767,8.105428566255663,1.7999393290762118,
5a82b8e6bf,180,2096,14672,146.72,297.53613682219344,0.0941211459395433,7.880934611069758,0.3274678669061991,
5a82b8e6bf,180,2097,14679,146.79,297.5182663415795,0.12473259966041897,7.809697323679944,0.997010130830419,
5a82b8e6bf,180,2098,14686,146.86,297.4661615964733,0.07443101419354681,7.761475094393893,0.5414628310606511,
5a82b8e6bf,180,2099,14693,146.93,297.44481164933865,0.1146089007834496,7.711935314155585,1.1080245397498678,
5a82b8e6bf,180,2100,14700,147.0,297.37873630009955,0.17476030693685565,7.89365399594578,1.5276486906775741,
5a82b8e6bf,180,2101,14707,147.07,297.2641464954544,0.15497308450400285,7.955994280042013,1.053150630905072,
5a82b8e6bf,180,2102,14714,147.14,297.15336679459585,0.38888707258469246,7.9826250430573,1.2371575827979675,
5a82b8e6bf,180,2103,14721,147.21,297.10872526922344,0.2263595461155545,8.72613311819036,0.8211490057425606,
5a82b8e6bf,180,2104,14728,147.28,296.87826611478044,0.22860605109673784,8.185719937740336,2.0834806571956785,
5a82b8e6bf,180,2105,14735,147.35,296.63152417292395,0.2303847036332511,7.848825141284282,2.343930410201988,
5a82b8e6bf,180,2106,14742,147.42,296.38141652774823,0.1801715450441701,8.280977324749733,1.6888994291891342,
5a82b8e6bf,180,2107,14749,147.49,296.2726464785263,0.2542443547029356,8.130672559342168,2.0104528770386025,
5a82b8e6bf,180,2108,14756,147.56,296.0055248230056,0.12722415691241526,8.49097688923624,0.8757403701265766,
5a82b8e6bf,180,2109,14763,147.63,295.9352436967085,0.2156464551185439,8.211037726623083,2.039144616871532,
5a82b8e6bf,180,2110,14770,147.7,295.7478070993555,0.07511321985658621,8.553788585730256,0.40343337575790544,
5a82b8e6bf,180,2111,14777,147.77,295.7295967004664,0.3850918515908417,8.318611476575812,1.7861668229880063,
5a82b8e6bf,180,2112,14784,147.84,295.62326205423966,0.2192895287182362,8.935382329974754,1.6157969371005938,
5a82b8e6bf,180,2113,14791,147.91,295.3907863875501,0.29389996724528716,8.734371149074418,2.3375973572957873,
5a82b8e6bf,180,2114,14798,147.98,295.0979291983033,0.22782416145869652,9.137771072569913,1.8031389553643404,
5a82b8e6bf,180,2115,14805,148.05,294.9763274535888,0.208871409191177,8.557699022954107,1.2731999017946363,
5a82b8e6bf,180,2116,14812,148.12,294.76134093459683,0.15661319236863952,8.31911644004074,0.9692723357023215,
5a82b8e6bf,180,2117,14819,148.19,294.6791091602777,0.11697590089000713,8.150786825297207,1.0267279422015936,
5a82b8e6bf,180,2118,14826,148.26,294.6313770180323,0.11219311593588589,8.076761639604483,1.0984562839318932,
5a82b8e6bf,180,2119,14833,148.33,294.5847245260543,0.13269385395021335,7.9844136477098555,1.2504702039131004,
5a82b8e6bf,180,2120,14840,148.4,294.50891242873604,0.054527966373350834,8.00170119827547,0.16941183738544094,
5a82b8e6bf,180,2121,14847,148.47,294.49541859685627,0.40154099839598606,7.9155190541101605,1.727413402823207,
5a82b8e6bf,180,2122,14854,148.54,294.48086819285686,0.239696210260868,9.030678362920975,0.5896818736026016,
5a82b8e6bf,180,2123,14861,148.61,294.2293135475041,0.24163297515813784,8.02589443786704,1.7818968217457944,
5a82b8e6bf,180,2124,14868,148.68,293.9371880309013,0.19568206968538854,7.934981538785843,1.4608542637242874,
5a82b8e6bf,180,2125,14875,148.75,293.76316707758593,0.1709095800289968,8.210186286343623,1.368058176972534,
5a82b8e6bf,180,2126,14882,148.82,293.65156171868637,0.189565888535121,8.650898132948,0.876255116443605,
5a82b8e6bf,180,2127,14889,148.89,293.49041598667185,0.19176209271937153,8.393288636173887,1.7100535200513078,
5a82b8e6bf,180,2128,14896,148.96,293.3316961853349,0.15129216305226698,8.157071108999649,1.358949183308075,
5a82b8e6bf,180,2129,14903,149.03,293.25013457704773,0.1663495296399444,8.32874503250398,1.6127076514911076,
5a82b8e6bf,180,2130,14910,149.1,293.12040222851726,0.18967614632158025,8.384535670045349,1.229601893181883,
5a82b8e6bf,180,2131,14917,149.17,293.00634954000043,0.1980880412557425,8.561615818939124,1.6236261431622194,
5a82b8e6bf,180,2132,14924,149.24,292.84475460905065,0.16431489753050926,8.551631726652943,1.1134335745699082,
5a82b8e6bf,180,2133,14931,149.31,292.73547538368365,0.30147387741289244,9.087840002985047,1.2430111286255667,
5a82b8e6bf,180,2134,14938,149.38,292.71779016673446,0.26001813603417456,9.463856906845503,1.7822173018507017,
5a82b8e6bf,180,2135,14945,149.45,292.42623596667846,0.15531455581249798,9.03875496876581,1.1931088908607024,
5a82b8e6bf,180,2136,14952,149.52,292.3257683826155,0.26543997573082456,8.963824261959818,2.5474248180974044,
5a82b8e6bf,180,2137,14959,149.59,291.996383302818,0.22644786370545594,9.253639329962045,2.201087162585568,
5a82b8e6bf,180,2138,14966,149.66,291.79994183268826,0.24844619181771166,9.22745703111012,2.0722847164309397,
5a82b8e6bf,180,2139,14973,149.73,291.54917435895914,0.42728383171635637,8.987829516631201,1.8655934050618423,
5a82b8e6bf,180,2140,14980,149.8,291.51218260188597,0.23664509662150368,9.84846403910849,1.0590322079488645,
5a82b8e6bf,180,2141,14987,149.87,291.24524328786947,0.22638768196476938,9.07116726714356,0.6901455851135945,
5a82b8e6bf,180,2142,14994,149.94,291.01321699101175,0.1571263766601268,8.594724599582115,1.500576407930156,
5a82b8e6bf,180,2143,15001,150.01,290.89420888630775,0.20843484145340924,8.696372102555332,1.935745377812833,
5a82b8e6bf,180,2144,15008,150.08,290.7154363671769,0.2054682436770157,8.642991211013422,1.6789194033171326,
5a82b8e6bf,180,2145,15015,150.15,290.57502716528325,0.20843336230686826,8.3356608911558,1.7436306395962806,
5a82b8e6bf,180,2146,15022,150.22,290.391075264467,0.13908680854264793,8.891347915600173,1.3208251992990976,
5a82b8e6bf,180,2147,15029,150.29,290.32657129257046,0.19595202977289755,8.304288079327282,1.7380827053626142,
5a82b8e6bf,180,2148,15036,150.36,290.131912947226,0.14787819973452213,8.442668770420532,0.8139073074181936,
5a82b8e6bf,180,2149,15043,150.43,290.06087940978654,0.12806810459812704,8.283279848721573,1.1233747493278308,
5a82b8e6bf,180,2150,15050,150.5,289.99789257789797,0.2845280643111909,8.114336546808854,1.7514468295873369,
5a82b8e6bf,180,2151,15057,150.57,289.8213900835464,0.19529444019763786,9.09187488272099,1.0174770600863434,
5a82b8e6bf,180,2152,15064,150.64,289.7196513204677,0.12255690672327799,7.858884522694104,0.7527820441338134,
5a82b8e6bf,180,2153,15071,150.71,289.66397129058186,0.18916683816801583,8.237316075904975,1.0373472263219363,
5a82b8e6bf,180,2154,15078,150.78,289.57058541176025,0.19941760529630526,8.125002472957966,1.2413265893705379,
5a82b8e6bf,180,2155,15085,150.85,289.45485750832165,0.20761012339583013,8.08256680223786,1.4929631464752038,
5a82b8e6bf,180,2156,15092,150.92,289.38344228218557,0.19015192579345544,8.511571449741545,0.9070590354696599,
5a82b8e6bf,180,2157,15099,150.99,289.36189627266657,0.23725880318028153,8.371694481460452,1.7043134628925038,
5a82b8e6bf,180,2158,15106,151.06,289.2305681839963,0.19379947743438883,8.42412338710773,0.5128603762565908,
5a82b8e6bf,180,2159,15113,151.13,289.19133119172386,0.22427387619927006,8.358859302632016,1.494824338360984,
5a82b8e6bf,180,2160,15120,151.2,289.0615175607399,0.2370348538283603,8.262747676472248,1.740471109031427,
5a82b8e6bf,180,2161,15127,151.27,288.94520548784584,0.25494625779793084,8.378584262954359,1.5793198971633318,
5a82b8e6bf,180,2162,15134,151.34,288.8461553685464,0.24856046136997445,8.600962028150073,1.6116099796948884,
5a82b8e6bf,180,2163,15141,151.41,288.7396796390712,0.2371370422851646,8.359225235719846,1.781128033517776,
5a82b8e6bf,180,2164,15148,151.48,288.56432160687064,0.1980353896797797,8.403334046692398,1.4072699983173667,
5a82b8e6bf,180,2165,15155,151.55,288.45124866738644,0.22095119939121244,7.927118334217705,1.9123349195954569,
5a82b8e6bf,180,2166,15162,151.62,288.2584821294523,0.13199570880579653,8.237704623419873,1.0258570069149624,
5a82b8e6bf,180,2167,15169,151.69,288.189188185209,0.22731357287946063,7.924812462119711,2.203449199943498,
5a82b8e6bf,180,2168,15176,151.76,287.9515670997115,0.27147180629049894,8.086343293695307,1.9015711247945961,
5a82b8e6bf,180,2169,15183,151.83,287.5809350079256,0.38322370079200374,8.167200092058467,0.875345863477423,
5a82b8e6bf,180,2170,15190,151.9,287.55130136124774,0.2716217833870211,9.237790241170424,1.6395119726803478,
5a82b8e6bf,180,2171,15197,151.97,287.30333831268945,0.16822324070085365,8.843181888297506,1.0678766445791188,
5a82b8e6bf,180,2172,15204,152.04,287.1593846102493,0.054446285002306055,8.249394428086964,0.37314157701931133,
5a82b8e6bf,180,2173,15211,152.11,287.1494254777511,0.09355227962552126,8.283242045173637,0.9037132197489902,
5a82b8e6bf,180,2174,15218,152.18,287.11095952138794,0.14356420962766056,8.38552337266914,1.460764218139563,
5a82b8e6bf,180,2175,15225,152.25,287.0347639076288,0.11990659589559892,8.521064834105434,0.435468227661905,
5a82b8e6bf,180,2176,15232,152.32,286.99053660476613,0.14744778536927028,8.61675105166743,1.3119373589868184,
5a82b8e6bf,180,2177,15239,152.39,286.8792161122299,0.1655671241072883,8.436449714952143,1.2676595386174527,
5a82b8e6bf,180,2178,15246,152.46,286.7604473156798,0.20935577612250086,8.16788120372594,0.635966755894764,
5a82b8e6bf,180,2179,15253,152.53,286.6012831688622,0.25027466278607885,8.057452758392081,1.8709397816247546,
5a82b8e6bf,180,2180,15260,152.6,286.3065767903098,0.20015968390204786,8.082408145782603,1.2014758439170756,
5a82b8e6bf,180,2181,15267,152.67,286.18577466662055,0.20096623829175556,7.812004841161367,1.554484250337172,
5a82b8e6bf,180,2182,15274,152.74,286.0818168006605,0.15363968384657373,8.082321674485515,1.1357369923534815,
5a82b8e6bf,180,2183,15281,152.81,286.0260399722972,0.13718879143125384,7.859039261065428,1.0049737201710995,
5a82b8e6bf,180,2184,15288,152.88,285.957310164235,0.11976617214732407,7.698036418012111,1.0050739893634864,
5a82b8e6bf,180,2185,15295,152.95,285.89254294752993,0.12047815693843766,7.800133220598065,1.2189000106313588,
5a82b8e6bf,180,2186,15302,153.02,285.82263604402556,0.10873516308763648,7.9104428781647975,0.7033227733385121,
5a82b8e6bf,180,2187,15309,153.09,285.7696968677477,0.1353822726893251,7.964684461245754,1.3250126239510083,
5a82b8e6bf,180,2188,15316,153.16,285.6782922138348,0.14304729464729998,7.630717041852107,1.421716618150956,
5a82b8e6bf,180,2189,15323,153.23,285.5759334341487,0.16092471170820466,7.668256228320385,1.4476570074700015,
5a82b8e6bf,180,2190,15330,153.3,285.4518637280495,0.20876400504624681,7.9119718184032255,1.6374669375306523,
5a82b8e6bf,180,2191,15337,153.37,285.34185923761885,0.15641529663101195,8.182046733884695,0.7811606807471829,
5a82b8e6bf,180,2192,15344,153.44,285.3105611719582,0.16707279485375248,7.840134166144121,0.6062111434020203,
5a82b8e6bf,180,2193,15351,153.51,285.2331704039046,0.15001319375670186,7.938681453133238,1.2756012689218934,
5a82b8e6bf,180,2194,15358,153.58,285.1753543669959,0.15495094980646587,7.869260561801987,1.1638146285600686,
5a82b8e6bf,180,2195,15365,153.65,285.0783187294993,0.48156550637724554,7.871577684810821,2.084807519290767,
5a82b8e6bf,180,2196,15372,153.72,284.975344940364,0.427223201330137,9.394894254348031,1.0247027006471399,
5a82b8e6bf,180,2197,15379,153.79,284.9013247940957,0.21298806805151407,7.655454075713935,1.4368612664328948,
5a82b8e6bf,180,2198,15386,153.86,284.7004589033259,0.16534422053921152,7.6680197149327345,1.5090761782337456,
5a82b8e6bf,180,2199,15393,153.93,284.5879702314529,0.19070338070680276,7.6788677311310645,1.670679983237534,
5a82b8e6bf,180,2200,15400,154.0,284.4364951628868,0.12247748175508898,7.545590314714753,0.6156741088732557,
5a82b8e6bf,180,2201,15407,154.07,284.36866673324135,0.13655006089389238,7.750414115253222,1.379322738544663,
5a82b8e6bf,180,2202,15414,154.14,284.3311595894693,0.20344819099683506,7.911495859039454,1.1459212105135104,
5a82b8e6bf,180,2203,15421,154.21,284.27683934537157,0.2529855772839765,8.459300704181983,1.7550148438620077,
5a82b8e6bf,180,2204,15428,154.28,284.14562317659824,0.21756908865537866,8.491255302332549,1.4499079839831814,
5a82b8e6bf,180,2205,15435,154.35,284.0470430981181,0.23366688969977137,8.60101335139654,1.7459437307496497,
5a82b8e6bf,180,2206,15442,154.42,283.9042879011074,0.19366143788975002,8.710658293695218,0.9785051790361794,
5a82b8e6bf,180,2207,15449,154.49,283.82154176878174,0.23637625395713346,8.597122330396465,2.0750734954279797,
5a82b8e6bf,180,2208,15456,154.56,283.6380294094386,0.2620243873335561,9.043297338665456,1.994102922337786,
5a82b8e6bf,180,2209,15463,154.63,283.3669407034804,0.11906219431240177,8.05508698691776,1.041468929728244,
5a82b8e6bf,180,2210,15470,154.7,283.31717855820455,0.34641891982283035,8.417477937522708,1.6167883629712427,
5a82b8e6bf,180,2211,15477,154.77,283.3013778610739,0.2234647938136646,8.546792243642594,1.6769311648593097,
5a82b8e6bf,180,2212,15484,154.84,283.1053256820084,0.21492220085173136,8.098258350104084,1.7929991648911552,
5a82b8e6bf,180,2213,15491,154.91,282.88259873449414,0.13264661321602353,7.957647584372012,1.2875234972717775,
5a82b8e6bf,180,2214,15498,154.98,282.79438384970626,0.10339731478440808,7.729506915990501,0.9199570568611091,
5a82b8e6bf,180,2215,15505,155.05,282.7465474351178,0.21370339599953975,7.876109516626328,2.128250948582072,
5a82b8e6bf,180,2216,15512,155.12,282.61029063431766,0.15335595705843055,8.243411247777862,0.6562622277160657,
5a82b8e6bf,180,2217,15519,155.19,282.5375141445532,0.23473486156095708,7.520276689656465,1.840626651313582,
5a82b8e6bf,180,2218,15526,155.26,282.29079138032927,0.1449341741863067,7.726601197555691,1.4382752757818114,
5a82b8e6bf,180,2219,15533,155.33,282.18891449040797,0.18945603536055727,7.745792493146599,0.946194386179583,
5a82b8e6bf,180,2220,15540,155.4,282.16570440518007,0.14631910334842618,7.824673513903897,0.6837965672806176,
5a82b8e6bf,180,2221,15547,155.47,282.06323974368587,0.1598842849068619,7.821948914307801,1.1859665296840827,
5a82b8e6bf,180,2222,15554,155.54,281.9578498495197,0.05739059860218893,7.588986839412632,0.3944285052667699,
5a82b8e6bf,180,2223,15561,155.61,281.94615639705097,0.15967221328599387,7.523854639011685,0.8162191752734093,
5a82b8e6bf,180,2224,15568,155.68,281.85953471977564,0.1605594701182648,8.100054155448403,1.5610808927610733,
5a82b8e6bf,180,2225,15575,155.75,281.78618482686693,0.173293987775216,7.710870418005806,1.4743519043125166,
5a82b8e6bf,180,2226,15582,155.82,281.73743681639223,0.15765324159611893,8.255435557458672,0.602519229895379,
5a82b8e6bf,180,2227,15589,155.89,281.65703696786227,0.1086667231076763,7.525581174642192,0.528268352732323,
5a82b8e6bf,180,2228,15596,155.96,281.62137104510913,0.10364564244985215,7.799582310976438,0.9563316192483778,
5a82b8e6bf,180,2229,15603,156.03,281.5834466051647,0.16096625504959533,7.685301900710763,1.5267701454789087,
5a82b8e6bf,180,2230,15610,156.1,281.49337023467206,0.15033154693758502,7.758232905833553,1.3237925142842861,
5a82b8e6bf,180,2231,15617,156.17,281.3927386417192,0.05895087591058682,7.681321266249532,0.48445244831309636,
5a82b8e6bf,180,2232,15624,156.24,281.3802472989668,0.26369536451102626,7.665295041143267,2.469568777841136,
5a82b8e6bf,180,2233,15631,156.31,281.1272777807252,0.12231354966416425,7.955190756469818,0.9341273790413803,
5a82b8e6bf,180,2234,15638,156.38,281.0698789977622,0.11938458130129434,7.607637593638276,0.9611039586301857,
5a82b8e6bf,180,2235,15645,156.45,281.00369704995296,0.2213226206279316,7.62067753041418,2.2194533007150414,
5a82b8e6bf,180,2236,15652,156.52,280.81189041358755,0.12147579092146106,7.703051866240623,0.8906772590203517,
5a82b8e6bf,180,2237,15659,156.59,280.75208386179645,0.2561444504726858,7.567529565836032,1.1410321781967767,
5a82b8e6bf,180,2238,15666,156.66,280.7506872922025,0.20015301298931049,8.380168907527995,1.3709146585556953,
5a82b8e6bf,180,2239,15673,156.73,280.6211184033553,0.10291084529313742,7.858153095783779,0.6363170839394899,
5a82b8e6bf,180,2240,15680,156.8,280.58582588202864,0.13074569144495463,7.768001953152964,0.9464420339836681,
5a82b8e6bf,180,2241,15687,156.87,280.5179108901388,0.17387866824935724,7.616732326612413,1.1580795079854056,
5a82b8e6bf,180,2242,15694,156.94,280.4353581794335,0.12342595132954821,7.869680393170862,0.3302645600892913,
5a82b8e6bf,180,2243,15701,157.01,280.38876710170706,0.31768642533768005,7.247440444637963,1.437833609010868,
5a82b8e6bf,180,2244,15708,157.08,280.32774091724355,0.17790868455729641,7.999822627417042,1.2642527211714214,
5a82b8e6bf,180,2245,15715,157.15,280.1712276019391,0.1320880842265258,7.320621003046243,1.2436510581571627,
5a82b8e6bf,180,2246,15722,157.22,280.10009609294633,0.11939255964560688,7.3611842488371515,0.8075424029593653,
5a82b8e6bf,180,2247,15729,157.29,280.0523755155603,0.15966269504315989,7.521991956118626,1.4905756389579676,
5a82b8e6bf,180,2248,15736,157.36,279.94880963563594,0.17228334148738203,7.092614821066589,0.6874347648437684,
5a82b8e6bf,180,2249,15743,157.43,279.8548002132383,0.14556362107498733,6.98604317563364,1.0645254906444022,
5a82b8e6bf,180,2250,15750,157.5,279.76595673210045,0.11242786023821866,6.780923809779768,0.8075636897905497,
5a82b8e6bf,180,2251,15757,157.57,279.71394070577236,0.10448066187129917,6.954733566784636,1.0366582591083917,
5a82b8e6bf,180,2252,15764,157.64,279.6693867410153,0.14619124253228877,6.939319935988389,1.0573868219557554,
5a82b8e6bf,180,2253,15771,157.71,279.58971907932295,0.1648917426023007,6.971298660599629,1.4240965594973127,
5a82b8e6bf,180,2254,15778,157.78,279.47636119600764,0.12992679517520103,7.330373593591757,0.8577432362671611,
5a82b8e6bf,180,2255,15785,157.85,279.3931434962898,0.1295069180728719,7.350575862565755,1.3020383622157268,
5a82b8e6bf,180,2256,15792,157.92,279.3106738851155,0.24668224793071805,7.252303764176989,2.488601351624852,
5a82b8e6bf,180,2257,15799,157.99,279.0071551694649,0.3611264983367748,7.173848259078505,1.2419353477141628,
5a82b8e6bf,180,2258,15806,158.06,278.9076277018028,0.21732402054823965,8.348141170450937,0.9283870014901262,
5a82b8e6bf,180,2259,15813,158.13,278.67306070440753,0.14673320518595373,7.9672549326153534,1.3095486210976752,
5a82b8e6bf,180,2260,15820,158.2,278.5807511619322,0.15992476895095725,7.952780078489677,1.3417087386363864,
5a82b8e6bf,180,2261,15827,158.27,278.4689099105322,0.14268655484014917,7.978112725716516,1.43394338148607,
5a82b8e6bf,180,2262,15834,158.34,278.3993039572579,0.09990545675293044,7.713786130884995,0.8278847225356037,
5a82b8e6bf,180,2263,15841,158.41,278.3519735239796,0.09507374810875092,7.691877530302616,0.3996919492388195,
5a82b8e6bf,180,2264,15848,158.48,278.35126259861624,0.09889400631999558,7.767802726020215,0.9000769120556509,
5a82b8e6bf,180,2265,15855,158.55,278.30497252704606,0.13953501588908768,7.732556087253196,0.9321724816987031,
5a82b8e6bf,180,2266,15862,158.62,278.2336005483273,0.11483890519140233,7.60616652710249,0.8152845849802387,
5a82b8e6bf,180,2267,15869,158.69,278.20152066780366,0.15949899417836452,7.52849848997783,0.9812585349733134,
5a82b8e6bf,180,2268,15876,158.76,278.0773300415257,0.1419691813549297,7.54515606190376,1.3243678955703204,
5a82b8e6bf,180,2269,15883,158.83,277.99714815518706,0.19691986792807878,7.558187880800141,1.813519790151152,
5a82b8e6bf,180,2270,15890,158.9,277.83630626448917,0.12778847671256255,7.101796387767571,0.8918161833492005,
5a82b8e6bf,180,2271,15897,158.97,277.78673958454686,0.15797187959911932,6.958886640288376,1.2523679242292285,
5a82b8e6bf,180,2272,15904,159.04,277.692355229612,0.15998973584459186,7.0466022194645195,0.7605225025704777,
5a82b8e6bf,180,2273,15911,159.11,277.58404871868487,0.2112664420443664,6.854596504244986,2.036040962158356,
5a82b8e6bf,180,2274,15918,159.18,277.42776096151294,0.14046218214267514,6.941928138025051,1.0575775576273923,
5a82b8e6bf,180,2275,15925,159.25,277.34006206256333,0.1476275629239242,6.969378662219552,1.4220843609111373,
5a82b8e6bf,180,2276,15932,159.32,277.2580367845214,0.08835461379215313,7.268548837582706,0.5576264091317249,
5a82b8e6bf,180,2277,15939,159.39,277.2300938876953,0.1285560050878188,7.053476114947079,0.9853159009778876,
5a82b8e6bf,180,2278,15946,159.46,277.16867607777306,0.06798341140627727,6.894358169004323,0.588682855018418,
5a82b8e6bf,180,2279,15953,159.53,277.1590123812946,0.0842169846847738,6.854773894240576,0.7457603845981058,
5a82b8e6bf,180,2280,15960,159.6,277.1243593037251,0.11485785541857621,6.681244557897453,1.070152779782995,
5a82b8e6bf,180,2281,15967,159.67,277.070535952308,0.09669433070467716,6.876427506572728,0.889977418441064,
5a82b8e6bf,180,2282,15974,159.74,277.0267177878367,0.09777360917250175,6.933295686268839,0.9022132639969087,
5a82b8e6bf,180,2283,15981,159.81,276.9892865940767,0.14537500455076463,7.10789594020936,1.297954553522519,
5a82b8e6bf,180,2284,15988,159.88,276.88516117592013,0.17894672974386494,6.996840987664925,1.3889126466809802,
5a82b8e6bf,180,2285,15995,159.95,276.7746113628603,0.10042305815110049,7.168706631457411,0.34331580511092147,
5a82b8e6bf,180,2286,16002,160.02,276.76505942642,0.18324162715712186,7.07612671820139,1.5391783717102028,
5a82b8e6bf,180,2287,16009,160.09,276.6440459119616,0.17360433012618484,7.275955527524728,1.5483897710986534,
5a82b8e6bf,180,2288,16016,160.16,276.5324032398691,0.2331727263655896,7.862175897818989,1.8752011663525066,
5a82b8e6bf,180,2289,16023,160.23,276.48270710333765,0.28468055392148406,8.231646579598419,1.9763811328223202,
5a82b8e6bf,180,2290,16030,160.3,276.4120655297453,0.30941646800598116,8.219021802029228,1.0467366528117847,
5a82b8e6bf,180,2291,16037,160.37,276.3747199636225,0.3339988055201373,8.629052385450668,1.3472459509389099,
5a82b8e6bf,180,2292,16044,160.44,276.2823007757075,0.33081240558245484,8.591411991980099,1.787698684556073,
5a82b8e6bf,180,2293,16051,160.51,276.1485418880987,0.3323048353615291,8.629133166951718,1.556105070196074,
5a82b8e6bf,180,2294,16058,160.58,276.06975351539353,0.3247414065346114,8.340201355347407,1.099243141557046,
5a82b8e6bf,180,2295,16065,160.65,275.93084085827144,0.28512859871000956,8.231461932513326,1.3095273917863588,
5a82b8e6bf,180,2296,16072,160.72,275.8380087949103,0.2627772260039776,8.017130959537331,1.376547940577577,
5a82b8e6bf,180,2297,16079,160.79,275.7081829113746,0.2598480450329759,7.652900877068033,1.773241979760085,
5a82b8e6bf,180,2298,16086,160.86,275.55057288896694,0.22683546124463239,7.609336226069821,1.4060438136470623,
5a82b8e6bf,180,2299,16093,160.93,275.50106140850033,0.24443676714874676,7.7612164603282485,1.139069133505834,
5a82b8e6bf,180,2300,16100,161.0,275.330676135807,0.1704734472093888,7.416145753869972,0.26167227626995393,
5a82b8e6bf,180,2301,16107,161.07,275.27801316746064,0.15017937401103676,7.662823032002448,0.6590658428575672,
5a82b8e6bf,180,2302,16114,161.14,275.2243539037239,0.20493845472461877,7.404778067106426,1.560401664425483,
5a82b8e6bf,180,2303,16121,161.21,275.10487130094,0.13485659421068913,7.826285894768128,0.30751556567845306,
5a82b8e6bf,180,2304,16128,161.28,275.08591036659897,0.06328275343245927,7.311513716396834,0.6151258464652372,
5a82b8e6bf,180,2305,16135,161.35,275.04528920095817,0.08907556412024127,7.416294256706448,0.8282480330914889,
5a82b8e6bf,180,2306,16142,161.42,275.007608855843,0.18486107466156712,7.249040886837101,1.861112668638039,
5a82b8e6bf,180,2307,16149,161.49,274.8327842560514,0.1293496075814361,6.996894313734972,0.9261193524194248,
5a82b8e6bf,180,2308,16156,161.56,274.74763345413515,0.06010267056171392,6.746026439881666,0.5789153758213588,
5a82b8e6bf,180,2309,16163,161.63,274.734941828999,0.20527030054725032,6.6683858852714195,0.8519929733702686,
5a82b8e6bf,180,2310,16170,161.7,274.7172044404279,0.16595544371960586,6.75006273636718,1.2649077264765143,
5a82b8e6bf,180,2311,16177,161.77,274.64318887334275,0.18945714184295512,6.757054047806748,1.2855806610890357,
5a82b8e6bf,180,2312,16184,161.84,274.4905655775283,0.14461209439127312,6.4980468193654355,1.222218216880783,
5a82b8e6bf,180,2313,16191,161.91,274.41508735369956,0.11705344908835134,6.679432540552784,0.9673490236835363,
5a82b8e6bf,180,2314,16198,161.98,274.357871041281,0.24049664654143915,6.809354605568454,1.2211838034529077,
5a82b8e6bf,180,2315,16205,162.05,274.3444488752911,0.17177995838080948,7.405727563394798,0.9601039274389718,
5a82b8e6bf,180,2316,16212,162.12,274.2503651384167,0.1530457121841673,6.593655048451955,1.2396967130693102,
5a82b8e6bf,180,2317,16219,162.19,274.1639307081313,0.07749610466179582,6.818378512918247,0.5097750203730305,
5a82b8e6bf,180,2318,16226,162.26,274.14830269321953,0.13824900187444697,6.6983952931414175,1.2192879277839868,
5a82b8e6bf,180,2319,16233,162.33,274.0560667602893,0.18740022124816552,6.691323605259785,1.5735864555200298,
5a82b8e6bf,180,2320,16240,162.4,273.92302770178935,0.0950597017600487,6.721089549456432,0.8451667219515142,
5a82b8e6bf,180,2321,16247,162.47,273.8891276177545,0.1474294517268915,6.5932310195704105,1.0507011630278853,
5a82b8e6bf,180,2322,16254,162.54,273.8151874520879,0.15564235527826564,7.028229627110002,1.3633456032447338,
5a82b8e6bf,180,2323,16261,162.61,273.7357283243519,0.13076030383029208,6.775041549866389,1.0813940033571625,
5a82b8e6bf,180,2324,16268,162.68,273.6850346149796,0.0984966634174633,6.948577812677965,0.43886602130296504,
5a82b8e6bf,180,2325,16275,162.75,273.6638555177099,0.1350223052613442,6.638447431226551,1.1831396435979138,
5a82b8e6bf,180,2326,16282,162.82,273.6024896751502,0.2023442875624334,6.856868619718798,1.9462811344607145,
5a82b8e6bf,180,2327,16289,162.89,273.45858305200755,0.2305078520511473,6.870722341068697,1.8810673595108365,
5a82b8e6bf,180,2328,16296,162.96,273.25857433174133,0.31192292116113957,6.989744912541997,2.966306372542437,
5a82b8e6bf,180,2329,16303,163.03,272.9298936889094,0.22130608803004265,7.604897248084537,1.8932342893304468,
5a82b8e6bf,180,2330,16310,163.1,272.7942951987594,0.24616849415555975,7.242055332319401,1.4920032276911228,
5a82b8e6bf,180,2331,16317,163.17,272.59292167926225,0.23413775556971517,7.694675312159587,1.7673437891886663,
5a82b8e6bf,180,2332,16324,163.24,272.387184899425,0.184103850890003,6.807087758959874,1.3457839334456945,
5a82b8e6bf,180,2333,16331,163.31,272.21930289923614,0.16733964073052526,6.935939710580349,1.5621749791819848,
5a82b8e6bf,180,2334,16338,163.38,272.09607247245725,0.12460457640278053,6.811313179225573,1.0389151169700672,
5a82b8e6bf,180,2335,16345,163.45,272.0319204563241,0.12471775311857175,6.603008952468971,1.144249073994668,
5a82b8e6bf,180,2336,16352,163.52,271.96718513930426,0.20392881164182672,6.775021541763285,1.7482868710618784,
5a82b8e6bf,180,2337,16359,163.59,271.7844126696132,0.1103954657699239,6.800519952243554,0.9048863074534403,
5a82b8e6bf,180,2338,16366,163.66,271.73816849108294,0.15463273327788676,6.800422962044762,1.429953466992986,
5a82b8e6bf,180,2339,16373,163.73,271.62388729084023,0.13897611031912727,6.875742505358027,1.161778940339574,
5a82b8e6bf,180,2340,16380,163.8,271.55121948812285,0.10949849931297412,6.75053782908087,0.8579890176462448,
5a82b8e6bf,180,2341,16387,163.87,271.51422186731793,0.07417060533387494,6.819923315253084,0.3825671842232298,
5a82b8e6bf,180,2342,16394,163.94,271.4983664277093,0.17203198857951005,6.806916752260308,0.7475497133786738,
5a82b8e6bf,180,2343,16401,164.01,271.3800933070709,0.1484858142692378,7.04103122348851,1.0877445448224168,
5a82b8e6bf,180,2344,16408,164.08,271.3029502906882,0.13862028090638073,6.697179693502701,1.1312837814383845,
5a82b8e6bf,180,2345,16415,164.15,271.25437050540836,0.13973669267986805,7.2586304603270815,1.1157972130928508,
5a82b8e6bf,180,2346,16422,164.22,271.19254937640517,0.10976474129007625,6.7222281418625895,0.8322785675365487,
5a82b8e6bf,180,2347,16429,164.29,271.13539691544145,0.19902650781976458,6.849011946443168,1.9292376151857995,
5a82b8e6bf,180,2348,16436,164.36,270.952379519873,0.11562216807257883,6.688611921866776,1.092175322084882,
5a82b8e6bf,180,2349,16443,164.43,270.9075378517852,0.11227786566403695,6.922153419174876,0.9056775668983356,
5a82b8e6bf,180,2350,16450,164.5,270.8543999346019,0.09789636475640315,7.134902779366891,0.8745481338803477,
5a82b8e6bf,180,2351,16457,164.57,270.80773961372637,0.18759139982456446,7.053828243858425,1.4492814051771108,
5a82b8e6bf,180,2352,16464,164.64,270.670553596204,0.08914256651427796,6.891038806545845,0.6682456109962631,
5a82b8e6bf,180,2353,16471,164.71,270.6442757218205,0.08246945345217112,6.823212542819423,0.5432141942554932,
5a82b8e6bf,180,2354,16478,164.78,270.61601431150973,0.08168730732151329,6.759439654918008,0.47535722858364715,
5a82b8e6bf,180,2355,16485,164.85,270.58425828518295,0.07498723807118549,6.686631706436572,0.7478591491412863,
5a82b8e6bf,180,2356,16492,164.92,270.5614061033172,0.12983137594189478,6.7453658483352275,1.2168721727642406,
5a82b8e6bf,180,2357,16499,164.99,270.47586725136006,0.11303987033685294,6.9275453087820855,0.6500388200765059,
5a82b8e6bf,180,2358,16506,165.06,270.4637468484105,0.11599705274738188,7.23870475118072,0.3255340946878772,
5a82b8e6bf,180,2359,16513,165.13,270.4607994138383,0.16397428253326324,7.069034116561985,1.1758716917824308,
5a82b8e6bf,180,2360,16520,165.2,270.4199477786165,0.21231025398008524,7.422814976855399,1.5296000524176525,
5a82b8e6bf,180,2361,16527,165.27,270.33770918520133,0.1923445512909367,7.2762429045978285,0.9081286762820199,
5a82b8e6bf,180,2362,16534,165.34,270.31066138395397,0.24079384378547908,7.511415037525995,1.6624222131625683,
5a82b8e6bf,180,2363,16541,165.41,270.21914302097844,0.10833207963996178,7.5413895701116935,0.5471619580686464,
5a82b8e6bf,180,2364,16548,165.48,270.09906892374727,0.1484755766642948,7.210079337594459,0.7449023339466545,
5a82b8e6bf,180,2365,16555,165.55,270.02192374509735,0.1551740989430854,7.2055864480076774,1.1846477197000975,
5a82b8e6bf,180,2366,16562,165.62,269.93134064142816,0.15560062584381923,7.09266193095971,1.4832666349113737,
5a82b8e6bf,180,2367,16569,165.69,269.82883791285866,0.23869919793946104,6.86770809428648,1.919336942157323,
5a82b8e6bf,180,2368,16576,165.76,269.58023180659933,0.11231726879935942,7.037039460849309,0.9471343976595878,
5a82b8e6bf,180,2369,16583,165.83,269.53145848315575,0.1270739412755442,7.03466283976116,1.1006867171966912,
5a82b8e6bf,180,2370,16590,165.9,269.48380238702566,0.14456029111914548,7.12154251018788,1.0884941666048502,
5a82b8e6bf,180,2371,16597,165.97,269.3949476753224,0.16005238839845476,7.020476356372573,0.8156916850924998,
5a82b8e6bf,180,2372,16604,166.04,269.2937053148455,0.14428423708143145,6.986454565752242,0.7974923428636745,
5a82b8e6bf,180,2373,16611,166.11,269.2019223488901,0.12525179280610363,6.976628394825657,1.0007953585720821,
5a82b8e6bf,180,2374,16618,166.18,269.14381537867257,0.12265702608124872,7.040158225687247,1.057534960364518,
5a82b8e6bf,180,2375,16625,166.25,269.0896789764242,0.18412163845528054,6.794341523043459,0.9023968300334143,
5a82b8e6bf,180,2376,16632,166.32,268.9573672103127,0.12790606219523137,6.820571359646301,0.6093296301224115,
5a82b8e6bf,180,2377,16639,166.39,268.89332866576046,0.20817829454609563,6.639527379310832,1.7009478641143119,
5a82b8e6bf,180,2378,16646,166.46,268.73642607136765,0.12033402354324911,7.056999994463815,1.0119199793380205,
5a82b8e6bf,180,2379,16653,166.53,268.6779204252674,0.19751466058685757,6.611380352390548,1.8579766895195187,
5a82b8e6bf,180,2380,16660,166.6,268.48617600298104,0.11478188636508398,6.711928938311283,1.1365130927989846,
5a82b8e6bf,180,2381,16667,166.67,268.4201820758044,0.13549394224248465,6.499433226334095,1.1789670450156484,
5a82b8e6bf,180,2382,16674,166.74,268.34674178614057,0.13846624844833452,6.493530615713458,0.8482744743187637,
5a82b8e6bf,180,2383,16681,166.81,268.30227249918914,0.15302020290302232,6.689732028441614,0.110984818828135,
5a82b8e6bf,180,2384,16688,166.88,268.2724986377184,0.17645387013469577,6.924434345292105,1.042115800267637,
5a82b8e6bf,180,2385,16695,166.95,268.1981661324877,0.21163518557198654,7.102513884392934,0.3012447899194635,
5a82b8e6bf,180,2386,16702,167.02,268.10128816199443,0.1868820712031439,6.822857010410731,1.514605785785918,
5a82b8e6bf,180,2387,16709,167.09,267.99800214825837,0.11708291756221874,6.982710990704814,0.7060009180467034,
5a82b8e6bf,180,2388,16716,167.16,267.95849271489044,0.21714521301903622,6.75951309207525,1.6591690381561297,
5a82b8e6bf,180,2389,16723,167.23,267.9096265284597,0.18777212370743396,7.4284051299569835,0.3640003782658697,
5a82b8e6bf,180,2390,16730,167.3,267.884872222152,0.1815031371432141,6.528709135948991,0.5926023277050212,
5a82b8e6bf,180,2391,16737,167.37,267.8474198461289,0.1222485931425909,7.331800788497583,1.915188230137639,
5a82b8e6bf,180,2392,16744,167.44,267.6967099008663,0.24716578704767472,6.426859368734123,0.8402638405490872,
5a82b8e6bf,180,2393,16751,167.51,267.61470047558197,0.18189468807013515,6.527896972455013,0.6296158055064116,
5a82b8e6bf,180,2394,16758,167.58,267.57653994631755,0.19454430669074807,6.645128474124589,0.6833958920355994,
5a82b8e6bf,180,2395,16765,167.65,267.57173799947253,0.3168456014660169,6.439072643466338,1.3035366392084577,
5a82b8e6bf,180,2396,16772,167.72,267.47143577889017,0.29016551291592585,6.5303284270306055,0.9056245788602545,
5a82b8e6bf,180,2397,16779,167.79,267.3990272062668,0.22969793776157327,6.797380845937896,0.9907133023822119,
5a82b8e6bf,180,2398,16786,167.86,267.1986211683549,0.1273302155169891,6.186340177072132,1.0596593818174427,
5a82b8e6bf,180,2399,16793,167.93,267.1434310814648,0.1094446373310226,6.380208802132292,0.5088529208288046,
5a82b8e6bf,180,2400,16800,168.0,267.0961430705038,0.1462674081482694,6.228913574211467,1.1988248712838305,
5a82b8e6bf,180,2401,16807,168.07,267.02378949354267,0.16839404519330237,5.9280265381709,1.5648999940288433,
5a82b8e6bf,180,2402,16814,168.14,266.915998830028,0.14285202381150286,6.151762872896502,0.8426549566828823,
5a82b8e6bf,180,2403,16821,168.21,266.8388411854591,0.11845784002483584,5.906935335505508,0.9887896699175645,
5a82b8e6bf,180,2404,16828,168.28,266.7749295908699,0.16679686406101119,6.136846029668502,1.305018856719314,
5a82b8e6bf,180,2405,16835,168.35,266.66290060435193,0.06498454422015656,6.474517725109455,0.3485454608634657,
5a82b8e6bf,180,2406,16842,168.42,266.6450030187343,0.18941032456456436,6.310033312849943,0.8735445390647676,
5a82b8e6bf,180,2407,16849,168.49,266.6347568264361,0.23307154463545712,6.97963375645172,2.083434237652772,
5a82b8e6bf,180,2408,16856,168.56,266.436054639019,0.16063602076902983,6.764530813151551,0.8289392767159376,
5a82b8e6bf,180,2409,16863,168.63,266.37954559284674,0.14245000315632705,6.74691245900438,0.9694400997829197,
5a82b8e6bf,180,2410,16870,168.7,266.32090608524766,0.11273104805662915,6.68489343534334,0.8292880362831061,
5a82b8e6bf,180,2411,16877,168.77,266.28210426383504,0.3764658246634675,6.616897958443844,1.0986806379344287,
5a82b8e6bf,180,2412,16884,168.84,266.2646494290433,0.21010884052773773,7.225976876933545,0.4891796667355288,
5a82b8e6bf,180,2413,16891,168.91,266.090425509045,0.1278696774889411,6.554584648896274,1.0396030989064937,
5a82b8e6bf,180,2414,16898,168.98,266.0233476886174,0.12708296518589055,6.5171208988164055,1.0355522080810362,
5a82b8e6bf,180,2415,16905,169.05,265.9643848874265,0.1050827434876112,6.578075235788818,0.9323685056156659,
5a82b8e6bf,180,2416,16912,169.12,265.92714621917,0.10914665047752636,6.554881530860454,1.0144329446966676,
5a82b8e6bf,180,2417,16919,169.19,265.8707295457116,0.10307984513989012,6.493969271110158,0.8283775335033664,
5a82b8e6bf,180,2418,16926,169.26,265.81680297781554,0.039612761199812926,6.628829419641543,0.3777308072697978,
5a82b8e6bf,180,2419,16933,169.33,265.8088972415326,0.031990348959379834,6.618944536883584,0.2821886074597613,
5a82b8e6bf,180,2420,16940,169.4,265.8041490458351,0.18070842589098238,6.6070388149687265,1.5603776157276905,
5a82b8e6bf,180,2421,16947,169.47,265.7025598855349,0.17504426960500244,6.432731658312672,1.5914256391081143,
5a82b8e6bf,180,2422,16954,169.54,265.6088854148871,0.11380235808397064,6.105648186211127,0.6488445921391817,
5a82b8e6bf,180,2423,16961,169.61,265.58608309531394,0.10908736045800481,6.126164877933061,0.9978291838797241,
5a82b8e6bf,180,2424,16968,169.68,265.55788427944145,0.07446471890651551,5.927007967954389,0.37412265340548573,
5a82b8e6bf,180,2425,16975,169.75,265.5450111668938,0.0751467105423249,5.990783697682405,0.46563150875265336,
5a82b8e6bf,180,2426,16982,169.82,265.5264275643209,0.10469288054590291,6.011185063610487,0.5953201600702933,
5a82b8e6bf,180,2427,16989,169.89,265.47978031611467,0.14407386732332492,5.8990789789347895,1.4483085272859264,
5a82b8e6bf,180,2428,16996,169.96,265.37780252548345,0.06677956557486528,6.108108730195528,0.6749629615116931,
5a82b8e6bf,180,2429,17003,170.03,265.36230191756994,0.06168938424885323,6.016788311112897,0.5636822452061339,
5a82b8e6bf,180,2430,17010,170.1,265.3516980009688,0.27647782317744113,6.035718228884981,1.1716235564588595,
5a82b8e6bf,180,2431,17017,170.17,265.28304804188235,0.13361362927244871,6.740888547915433,0.5528782821367737,
5a82b8e6bf,180,2432,17024,170.24,265.2277251920701,0.14088307732603053,6.366550348448346,1.2705951377851108,
5a82b8e6bf,180,2433,17031,170.31,265.1449173766032,0.08423375972136073,6.192299929648469,0.7601205624500512,
5a82b8e6bf,180,2434,17038,170.38,265.11447114752684,0.13062761259621336,5.870595388334909,0.8463462088022102,
5a82b8e6bf,180,2435,17045,170.45,265.06731955022985,0.12387747019329652,5.902183367231237,0.8062560123349009,
5a82b8e6bf,180,2436,17052,170.52,265.0259717092936,0.09345005414209108,5.961742767570728,0.6158423985133804,
5a82b8e6bf,180,2437,17059,170.59,264.9961391794782,0.1267063600976166,5.819336793168037,1.06403267207879,
5a82b8e6bf,180,2438,17066,170.66,264.95947180817257,0.15382095618767788,5.953448059034052,0.88324548265693,
5a82b8e6bf,180,2439,17073,170.73,264.8621659646223,0.22042571056208737,5.66393971322419,0.9375385739237876,
5a82b8e6bf,180,2440,17080,170.8,264.8542874857629,0.20304561618314898,6.270443065757388,1.614750828412063,
5a82b8e6bf,180,2441,17087,170.87,264.70702735560053,0.09890822469396354,6.0451508854531575,0.6842191682480346,
5a82b8e6bf,180,2442,17094,170.94,264.6616048330975,0.08928580752089897,5.9522700381003695,0.6962564677292866,
5a82b8e6bf,180,2443,17101,171.01,264.6324618352446,0.09873391387108635,5.783239428763279,0.9346267208464387,
5a82b8e6bf,180,2444,17108,171.08,264.5968713442485,0.2044644008083723,5.791917380334105,0.502749141037197,
5a82b8e6bf,180,2445,17115,171.15,264.57851529347664,0.29669239870777997,5.991599732562845,1.157033392459683,
5a82b8e6bf,180,2446,17122,171.22,264.52134980808427,0.23958329123515812,6.326026943525364,1.8585606488858137,
5a82b8e6bf,180,2447,17129,171.29,264.28850252194957,0.09748092088406315,6.256911907349174,0.6094523030091442,
5a82b8e6bf,180,2448,17136,171.36,264.24178240149064,0.11152195964828776,6.0750151729148385,0.5715587168189734,
5a82b8e6bf,180,2449,17143,171.43,264.1992969190718,0.16548980377976297,6.169854027938017,1.5524189640768664,
5a82b8e6bf,180,2450,17150,171.5,264.12310202877063,0.10145868820974471,6.069077982032722,0.6017604008047513,
5a82b8e6bf,180,2451,17157,171.57,264.0873031965862,0.0842714518196367,6.001559160447307,0.6869824009607067,
5a82b8e6bf,180,2452,17164,171.64,264.06669946349336,0.07852395625692679,5.95768307376964,0.5947002784666499,
5a82b8e6bf,180,2453,17171,171.71,264.0453942162346,0.07166359661971343,5.887756481159022,0.6035409324194316,
5a82b8e6bf,180,2454,17178,171.78,264.03766002574633,0.11652401659349275,5.891606171315887,1.0363669754399578,
5a82b8e6bf,180,2455,17185,171.85,264.0297765011577,0.16316852282312022,5.888737386563939,1.0027064433832744,
5a82b8e6bf,180,2456,17192,171.92,263.9769472623006,0.16594047376885712,5.5720825767758075,1.066942273068991,
5a82b8e6bf,180,2457,17199,171.99,263.8920570728311,0.1542913329677092,5.693612454174162,1.371699863336709,
5a82b8e6bf,180,2458,17206,172.06,263.81574022771264,0.15651637289536924,5.569447917818023,1.3605742666130687,
5a82b8e6bf,180,2459,17213,172.13,263.7119335242487,0.06522984759043435,5.3235200522859465,0.5175701901750828,
5a82b8e6bf,180,2460,17220,172.2,263.69382090208,0.10469832170432566,5.303173913444287,0.8225110231261906,
5a82b8e6bf,180,2461,17227,172.27,263.65290817285705,0.042985705327960345,5.224018819601092,0.27392613603361887,
5a82b8e6bf,180,2462,17234,172.34,263.64752522521985,0.1631100923932061,5.191229500586282,1.623310050136639,
5a82b8e6bf,180,2463,17241,172.41,263.5182622216167,0.11203210045887477,5.4689359082565865,0.8377777437921945,
5a82b8e6bf,180,2464,17248,172.48,263.47372548120575,0.052337813412380654,5.437335201340612,0.3245983978313463,
5a82b8e6bf,180,2465,17255,172.55,263.4644519612342,0.10629821679971356,5.433204604783591,0.9191384899074702,
5a82b8e6bf,180,2466,17262,172.62,263.4090639125278,0.07077181979100013,5.659986660424886,0.649922360944269,
5a82b8e6bf,180,2467,17269,172.69,263.3918468392622,0.07931328637380644,5.589545973272642,0.6128284529824175,
5a82b8e6bf,180,2468,17276,172.76,263.363124782102,0.10832481498168513,5.521418921250387,1.0154803979053704,
5a82b8e6bf,180,2469,17283,172.83,263.3111181665543,0.12374182133228345,5.5709421416095175,0.797308367755643,
5a82b8e6bf,180,2470,17290,172.9,263.25947834504484,0.06395160811350174,5.556528490665055,0.3961360881366547,
5a82b8e6bf,180,2471,17297,172.97,263.2419307176248,0.07872510966588611,5.445260547067273,0.6076513572668786,
5a82b8e6bf,180,2472,17304,173.04,263.217482623631,0.17412337088260785,5.474382111482073,1.7285975686170099,
5a82b8e6bf,180,2473,17311,173.11,263.1580871550674,0.14742584078182977,5.821788570780179,1.1086057549448987,
5a82b8e6bf,180,2474,17318,173.18,263.08549115884114,0.10529455188445984,5.250451590074912,0.7314052228134668,
5a82b8e6bf,180,2475,17325,173.25,263.06455536057086,0.10295214755516797,5.738362041266538,0.7344766874334535,
5a82b8e6bf,180,2476,17332,173.32,263.02595381794754,0.059075668848525956,5.271672878545464,0.3399363018040646,
5a82b8e6bf,180,2477,17339,173.39,263.01386534161406,0.03780072516478912,5.431836204689903,0.2791601262182779,
5a82b8e6bf,180,2478,17346,173.46,263.0097803149227,0.06431357500870095,5.298711166007488,0.36510712802234535,
5a82b8e6bf,180,2479,17353,173.53,262.99103496659575,0.03884202295113398,5.138963262669894,0.3155433154497518,
5a82b8e6bf,180,2480,17360,173.6,262.98449277814325,0.07086069810399742,5.208342750567002,0.296469783077062,
5a82b8e6bf,180,2481,17367,173.67,262.96459794976124,0.11307595109595393,5.306012293122129,0.5182146706326869,
5a82b8e6bf,180,2482,17374,173.74,262.90789986255794,0.16598738421790954,5.342611306599221,0.707934055662785,
5a82b8e6bf,180,2483,17381,173.81,262.90643705780496,0.33308885271450445,5.565081464818637,1.213914200386869,
5a82b8e6bf,180,2484,17388,173.88,262.8856994197124,0.20829114346725267,6.315271559130232,1.015286345502331,
5a82b8e6bf,180,2485,17395,173.95,262.71384754316927,0.10556328550317949,5.543142759193536,0.9182305824663357,
5a82b8e6bf,180,2486,17402,174.02,262.67409020434246,0.09533754662738628,5.728967688311835,0.8859090830654492,
5a82b8e6bf,180,2487,17409,174.09,262.6334917311918,0.13346135942251464,5.464418538601379,1.3634067335119986,
5a82b8e6bf,180,2488,17416,174.16,262.54266497231794,0.09384746444500083,5.7252882407534615,0.8360294758431901,
5a82b8e6bf,180,2489,17423,174.23,262.50763914128555,0.12471217905750676,5.558612265193434,0.46550095466322267,
5a82b8e6bf,180,2490,17430,174.3,262.4445562600363,0.0830416111007543,5.714529784255432,0.4777502479847778,
5a82b8e6bf,180,2491,17437,174.37,262.4195133684866,0.16823626692875596,5.575442659533929,1.194970215870931,
5a82b8e6bf,180,2492,17444,174.44,262.298050037848,0.28420098976481956,5.772741189976046,0.8063324116845326,
5a82b8e6bf,180,2493,17451,174.51,262.29332143321176,0.1981957456222048,6.137027429610295,0.5265624549987987,
5a82b8e6bf,180,2494,17458,174.58,262.10778114533963,0.2051544175892457,5.92507929715049,0.9737783060843272,
5a82b8e6bf,180,2495,17465,174.65,262.10678234571145,0.12755605971017475,6.110821188821029,0.8349601068445709,
5a82b8e6bf,180,2496,17472,174.72,262.02724644899234,0.1587300254303381,5.6432522290467935,1.6119095013925935,
5a82b8e6bf,180,2497,17479,174.79,261.9473750278112,0.15074377794320135,5.416642934486686,1.1494825882026265,
5a82b8e6bf,180,2498,17486,174.86,261.8477200791137,0.07467144178008837,5.196241921756965,0.6736811326518485,
5a82b8e6bf,180,2499,17493,174.93,261.822519478014,0.11866550207869106,5.3329839022163,1.171800209757613,
5a82b8e6bf,180,2500,17500,175.0,261.7589338404271,0.13340469441445618,5.256797388451284,1.3303837247140435,
5a82b8e6bf,180,2501,17507,175.07,261.68921030812055,0.06708609051340317,5.245055818943876,0.3274358726384158,
5a82b8e6bf,180,2502,17514,175.14,261.67026376998285,0.15928368887952957,5.25636213423979,0.7156034374367395,
5a82b8e6bf,180,2503,17521,175.21,261.66649748249756,0.1204200186841481,5.633380514432971,0.717992048616035,
5a82b8e6bf,180,2504,17528,175.28,261.59771142272206,0.1450824385793644,5.315677001544733,1.3817910325327398,
5a82b8e6bf,180,2505,17535,175.35,261.5090246897698,0.12556792985253795,5.417873301734414,1.1705229467254352,
5a82b8e6bf,180,2506,17542,175.42,261.44429868182027,0.08199143168649,5.469887615650647,0.7477900893967181,
5a82b8e6bf,180,2507,17549,175.49,261.41938129974164,0.18064002258654666,5.552889721607058,0.8940854213402638,
5a82b8e6bf,180,2508,17556,175.56,261.41558321440334,0.1164713109669232,5.55489881554767,0.5012033326330043,
5a82b8e6bf,180,2509,17563,175.63,261.3672377292375,0.0565894889215815,5.427627226081168,0.40655634762131604,
5a82b8e6bf,180,2510,17570,175.7,261.3521529372639,0.12987795041529804,5.301329241826212,1.193498363535691,
5a82b8e6bf,180,2511,17577,175.77,261.30302431553946,0.10264180026371704,5.506836296163123,0.7140095349587722,
5a82b8e6bf,180,2512,17584,175.84,261.2640895776183,0.060973672655439334,5.383568362825722,0.36734743876963244,
5a82b8e6bf,180,2513,17591,175.91,261.25294169468305,0.1023729178024749,5.379751784176335,0.7720976128547189,
5a82b8e6bf,180,2514,17598,175.98,261.20197631914476,0.07609952087432602,5.38158214601276,0.6182350949369558,
5a82b8e6bf,180,2515,17605,176.05,261.1804077758783,0.08308795100712446,5.381215465618662,0.5269671030409669,
5a82b8e6bf,180,2516,17612,176.12,261.15119044342043,0.05932192942652926,5.34101966524791,0.5700224075109986,
5a82b8e6bf,180,2517,17619,176.19,261.1345631728584,0.2079721419301861,5.327247354696855,0.9712921639279589,
5a82b8e6bf,180,2518,17626,176.26,261.1221355966601,0.12179094882471615,5.70733192237492,0.5178234767527667,
5a82b8e6bf,180,2519,17633,176.33,261.06547776969296,0.05837468491251548,5.264570930287012,0.410968684876825,
5a82b8e6bf,180,2520,17640,176.4,261.0483988951854,0.1475909264013928,5.351073405206158,1.3115946668044942,
5a82b8e6bf,180,2521,17647,176.47,260.94816609911146,0.09529880718927851,5.405396109426526,0.7383276474189381,
5a82b8e6bf,180,2522,17654,176.54,260.92216771517656,0.11064233045444993,5.46088171570907,0.7676759851226534,
5a82b8e6bf,180,2523,17661,176.61,260.8819988148701,0.06775085058229817,5.4932325762130585,0.4181524005308079,
5a82b8e6bf,180,2524,17668,176.68,260.8634280861698,0.13560481648064457,5.2856083455574625,0.6442623303324306,
5a82b8e6bf,180,2525,17675,176.75,260.7839013637283,0.14968726683457947,5.175321301314522,0.4148290277529498,
5a82b8e6bf,180,2526,17682,176.82,260.7763030736409,0.1933954898696716,5.199983787670376,0.5626446381598432,
5a82b8e6bf,180,2527,17689,176.89,260.749502419246,0.09751183612913474,5.556576848214491,0.700906783293519,
5a82b8e6bf,180,2528,17696,176.96,260.71220707691555,0.11275693619462203,5.414501931430053,1.0839752885216218,
5a82b8e6bf,180,2529,17703,177.03,260.65889450739684,0.13748508018972563,5.353118058792832,1.3813885935351837,
5a82b8e6bf,180,2530,17710,177.1,260.581599013127,0.0962811515952028,5.286696934132813,0.9037390657125772,
5a82b8e6bf,180,2531,17717,177.17,260.5384350764895,0.12648217979085802,5.3849405159729775,1.2233672335478218,
5a82b8e6bf,180,2532,17724,177.24,260.47611483181896,0.07199405664826249,5.497906513460978,0.3615245727950479,
5a82b8e6bf,180,2533,17731,177.31,260.45753709745924,0.07672102574990795,5.250927650616874,0.2770873217642125,
5a82b8e6bf,180,2534,17738,177.38,260.45685174480667,0.2831877000575454,5.363723057793237,1.2176999897535818,
5a82b8e6bf,180,2535,17745,177.45,260.4480753746267,0.2820964107238746,5.302327028107748,0.35936986553796163,
5a82b8e6bf,180,2536,17752,177.52,260.4425213610807,0.1809924123361029,5.4492254040993995,1.0954920387766032,
5a82b8e6bf,180,2537,17759,177.59,260.3085991515421,0.12805734343470357,5.222856168858904,0.21538214597753663,
5a82b8e6bf,180,2538,17766,177.66,260.26206656361524,0.1583544974415829,5.102745126334198,1.4374059121005591,
5a82b8e6bf,180,2539,17773,177.73,260.1552268013359,0.07782283480091874,5.3722569697925415,0.5112176296035675,
5a82b8e6bf,180,2540,17780,177.8,260.1337374444902,0.08586125867961335,5.446747186224126,0.6888051668978554,
5a82b8e6bf,180,2541,17787,177.87,260.0972360490142,0.09265426138972818,5.435724715109537,0.5756045928976299,
5a82b8e6bf,180,2542,17794,177.94,260.0568929015478,0.13616081731263582,5.293961362672388,0.5723906127094914,
5a82b8e6bf,180,2543,17801,178.01,260.04539512145726,0.08781106885189179,5.450212195030709,0.6222355586435719,
5a82b8e6bf,180,2544,17808,178.08,260.01191518090627,0.13843634312539188,5.356897849299799,1.3136507392359058,
5a82b8e6bf,180,2545,17815,178.15,259.91537798396377,0.11342344989571738,5.354902507433512,0.5160346697809749,
5a82b8e6bf,180,2546,17822,178.22,259.90733265483084,0.1311701173440661,5.577148295973651,1.0732758275351795,
5a82b8e6bf,180,2547,17829,178.29,259.82255801762045,0.10939271533500329,5.325829898205308,0.4677465960821012,
5a82b8e6bf,180,2548,17836,178.36,259.82071037926875,0.059881539563148456,5.488737312727798,0.2206125833739798,
5a82b8e6bf,180,2549,17843,178.43,259.8073831635363,0.0646733678790278,5.3308453715949895,0.6163203435580735,
5a82b8e6bf,180,2550,17850,178.5,259.79642281429716,0.1078639690596978,5.458522359031859,0.9253570915811478,
5a82b8e6bf,180,2551,17857,178.57,259.77617302377143,0.13378391939132964,5.330484047393929,0.998747078244479,
5a82b8e6bf,180,2552,17864,178.64,259.7092752558731,0.11703499811787614,5.282679012414293,0.5790254257332696,
5a82b8e6bf,180,2553,17871,178.71,259.66605465801626,0.10067759964572126,5.366264846561552,0.842484610872921,
5a82b8e6bf,180,2554,17878,178.78,259.62707316780154,0.11149209293415335,5.308746108459854,0.9268611828496733,
5a82b8e6bf,180,2555,17885,178.85,259.57642941818006,0.10706860010414436,5.348560505195852,1.0718301541576598,
5a82b8e6bf,180,2556,17892,178.92,259.52123919113353,0.07294965805586484,5.322214775715816,0.6564088427007158,
5a82b8e6bf,180,2557,17899,178.99,259.49589795554493,0.06481242298877844,5.222023791215996,0.5680147258265642,
5a82b8e6bf,180,2558,17906,179.06,259.4833317751979,0.07921440133562863,5.293157843215446,0.45424863156322554,
5a82b8e6bf,180,2559,17913,179.13,259.45604864896495,0.12827280520954615,5.1863734360411,0.7291176394434632,
5a82b8e6bf,180,2560,17920,179.2,259.375155120341,0.0975499762113735,5.298561556941529,0.4275914804880053,
5a82b8e6bf,180,2561,17927,179.27,259.3284322543685,0.2453765416692363,5.2819023299062895,0.49120355499808477,
5a82b8e6bf,180,2562,17934,179.34,259.3063929760743,0.15531844621622762,6.010219584596491,0.9349608761160616,
5a82b8e6bf,180,2563,17941,179.41,259.21321474719684,0.36749743668529566,5.261020514392151,0.8498627579464867,
5a82b8e6bf,180,2564,17948,179.48,259.17948845952293,0.21042170964788415,6.301379467652629,1.2963545994583712,
5a82b8e6bf,180,2565,17955,179.55,258.9899215275289,0.11390030920074626,5.0934994974472545,0.8084304560428395,
5a82b8e6bf,180,2566,17962,179.62,258.9264370697549,0.14517458303639064,5.17428951760523,1.068872488531628,
5a82b8e6bf,180,2567,17969,179.69,258.8338515098536,0.06305938210086953,5.164365856205651,0.4798029182650399,
5a82b8e6bf,180,2568,17976,179.76,258.81397853093927,0.053129531628041654,5.1086646311413215,0.46772855596399476,
5a82b8e6bf,180,2569,17983,179.83,258.80118146943875,0.056866594823253895,5.125703799494795,0.5157251176960477,
5a82b8e6bf,180,2570,17990,179.9,258.78996922602704,0.09099903111633025,5.113292256006954,0.6443447101912471,
5a82b8e6bf,180,2571,17997,179.97,258.7595941934956,,5.181871484096716,0.8100341221814896,
b22f4f387d,180,0,0,0.0,2727010.761415566,557.7096093351779,10212.732359910277,1182.0870918255207,"ProjectedCommonDirectionsConfig(subspace_frac_grads=0.02, subspace_frac_updates=0.02, subspace_frac_random=0.01, direction_str=sd, random_proj=True, random_proj_dim_frac=0.03, ensemble=haar, inner_use_full_grad=True, orth_P_k=True, beta=0.001, tau=0.5, c_const=inf, N_try=200, alpha_max=100, p_const=1)"
b22f4f387d,180,1,7,0.07,2318412.0023178845,482.5126639553009,8484.658593120057,1769.8781423762716,
b22f4f387d,180,2,14,0.14,1899516.8357022598,285.31188758118157,8007.1940719582235,986.238354087098,
b22f4f387d,180,3,21,0.21,1767947.3712005154,325.36459942954616,7508.585477917676,1480.687873945511,
b22f4f387d,180,4,28,0.28,1557970.3872963784,177.6492051557717,6974.744837070504,595.5926195757534,
b22f4f387d,180,5,35,0.35,1507842.019503679,144.7680875428433,6583.731259611158,657.0311740742289,
b22f4f387d,180,6,42,0.42,1464062.6739454577,253.94694593794708,6528.076092147837,1151.1655677527199,
b22f4f387d,180,7,49,0.49,1378827.158118363,387.4035718442345,6157.067124771488,1838.6690586450295,
b22f4f387d,180,8,56,0.56,1133088.0279357547,250.6968991235719,5249.760902418406,1100.1729905262716,
b22f4f387d,180,9,63,0.63,1003308.023682444,218.5812035948423,4925.025596853776,1055.9349214642514,
b22f4f387d,180,10,70,0.7,925573.836882558,216.36504972079553,4416.219941150565,722.6855538263387,
b22f4f387d,180,11,77,0.77,826745.8207620272,125.5608770727799,4279.896943073176,238.65962503351582,
b22f4f387d,180,12,84,0.84,797548.2271765138,193.12978086727375,4136.778053174149,903.339026112173,
b22f4f387d,180,13,91,0.91,707378.1818470585,265.311079569049,3647.074809049288,454.3909572555568,
b22f4f387d,180,14,98,0.98,695786.627072832,190.5371052772158,3743.6335885222093,497.28113639522974,
b22f4f387d,180,15,105,1.05,635925.7143727023,155.21829999202498,3584.132016891698,706.2880340746431,
b22f4f387d,180,16,112,1.12,590445.3018847875,88.49553923116338,3285.5188738526185,310.0189355058048,
b22f4f387d,180,17,119,1.19,571644.2351934214,113.05347932782736,3262.511348150445,524.5132095725486,
b22f4f387d,180,18,126,1.26,552535.8245506787,132.9154897744441,3252.8638733719745,594.2297472004859,
b22f4f387d,180,19,133,1.33,518522.83610250335,139.13402561573557,3080.6037974563874,588.5466729469547,
b22f4f387d,180,20,140,1.4,481810.3036307142,107.06898837168892,3047.35866726827,514.8593847134298,
b22f4f387d,180,21,147,1.47,462570.4539124043,99.29651312599329,2889.824254936941,437.799521507274,
b22f4f387d,180,22,154,1.54,442671.6556866395,112.9274788654421,2841.2192129486634,512.8479033629133,
b22f4f387d,180,23,161,1.61,418058.60491127917,79.03457226752708,2730.9330512975976,316.54139419947586,
b22f4f387d,180,24,168,1.68,408296.336666393,73.59611867996344,2667.0781004654896,143.8988417193074,
b22f4f387d,180,25,175,1.75,398242.066242369,121.97947594916218,2647.711101173194,395.8142905673892,
b22f4f387d,180,26,182,1.82,373766.7634396948,99.30416166201063,2518.132810190414,352.106512449162,
b22f4f387d,180,27,189,1.89,352503.73182821076,116.94556539156679,2455.9867462183483,557.3516109446692,
b22f4f387d,180,28,196,1.96,336194.40510196914,140.75694969421977,2286.949096490758,481.934399537919,
b22f4f387d,180,29,203,2.03,298131.1901250456,133.06123872016215,2178.2778618018183,609.7811660996364,
b22f4f387d,180,30,210,2.1,259466.89086404315,124.61415635230833,2061.6592232381113,475.1258974828257,
b22f4f387d,180,31,217,2.17,238528.09459008407,85.98546117161054,1879.8767156400472,328.96570269477894,
b22f4f387d,180,32,224,2.24,224320.6187448305,63.44927411217056,1820.78713274054,293.37098983330014,
b22f4f387d,180,33,231,2.31,216900.50479126748,96.83504801999011,1734.2271535342247,449.59662610144875,
b22f4f387d,180,34,238,2.38,200631.71275476142,82.6193134437451,1729.3060512135585,352.2243447467511,
b22f4f387d,180,35,245,2.45,188962.06906964505,95.15151687598592,1711.2625961480817,403.49889297860096,
b22f4f387d,180,36,252,2.52,171836.82571756918,84.19427513821385,1545.2712756577246,375.89984061675113,
b22f4f387d,180,37,259,2.59,155993.8048068471,62.97981336798848,1462.6904578466592,83.6121557232427,
b22f4f387d,180,38,266,2.66,146342.6881423385,70.63626215930692,1432.46062253894,307.1365648265456,
b22f4f387d,180,39,273,2.73,138717.91530294772,44.12232723993948,1369.00872222365,182.3941292458746,
b22f4f387d,180,40,280,2.8,136187.2978204689,43.2131188472026,1369.3002550378317,191.16230996458305,
b22f4f387d,180,41,287,2.87,133273.6539048481,37.67843491837416,1319.3854973852879,151.78826677563202,
b22f4f387d,180,42,294,2.94,130908.80638771738,51.52731824280591,1297.4956937753118,141.84950865029697,
b22f4f387d,180,43,301,3.01,126053.57475687675,27.10757655984945,1270.001783949254,74.52124821228571,
b22f4f387d,180,44,308,3.08,125546.16441344214,49.1352181538996,1256.187251518474,209.3800633319086,
b22f4f387d,180,45,315,3.15,121745.25417993873,56.37042663730524,1263.4974104315818,182.356724666763,
b22f4f387d,180,46,322,3.22,115961.1555835837,60.09066594964799,1183.0680763146454,188.4977562879818,
b22f4f387d,180,47,329,3.29,107249.83609402142,38.62803380889733,1145.4373187487,175.49918550402222,
b22f4f387d,180,48,336,3.36,104792.05728516325,41.68079185454094,1117.559286082506,185.64365311065117,
b22f4f387d,180,49,343,3.43,101468.68543541466,35.872659761359486,1083.2574026136365,176.73363112700875,
b22f4f387d,180,50,350,3.5,99703.10662203109,77.27463933263867,1108.314388400328,376.2904193018756,
b22f4f387d,180,51,357,3.57,90618.48135168533,59.369419908551706,998.2289459005104,239.05179715989954,
b22f4f387d,180,52,364,3.64,85216.74749188552,42.27752890925934,951.6228390294842,97.86977707355044,
b22f4f387d,180,53,371,3.71,81817.91881738945,30.61297714663342,925.8788013998744,133.5137103717173,
b22f4f387d,180,54,378,3.78,79557.02593609387,25.149501518476015,930.628632400889,99.30881456488908,
b22f4f387d,180,55,385,3.85,78024.76463890877,99.76375094828171,898.1889452906781,218.30486468147419,
b22f4f387d,180,56,392,3.92,76954.06659270923,52.60100692925341,937.9747857368849,144.1650711820853,
b22f4f387d,180,57,399,3.99,70273.05117391165,57.13115474707757,845.0539283104672,141.9201252638552,
b22f4f387d,180,58,406,4.06,70009.73998817382,48.66844371930714,889.922994932026,68.67567749177462,
b22f4f387d,180,59,413,4.13,65440.62693280425,26.82172590206229,796.132387463329,105.1682632410313,
b22f4f387d,180,60,420,4.2,64839.484735705926,34.14108481010159,814.9744295701884,123.08237910818426,
b22f4f387d,180,61,427,4.27,62802.42054063698,26.100081074361512,779.2700169941673,108.90132900571021,
b22f4f387d,180,62,434,4.34,61503.97599545772,15.613742665166285,803.9727922290585,66.68409643667106,
b22f4f387d,180,63,441,4.41,60931.1291723686,24.546262179299287,784.8331666675954,97.53238419592849,
b22f4f387d,180,64,448,4.48,60125.87073148438,37.69828999151179,799.0062918068858,146.6142427159631,
b22f4f387d,180,65,455,4.55,57057.791469101445,37.708403001902624,766.8635879438581,168.78183194786055,
b22f4f387d,180,66,462,4.62,54148.8984970671,35.06083665897873,749.1298474994154,134.12453681884597,
b22f4f387d,180,67,469,4.69,53399.48880960661,19.79117659508941,790.5565928712888,37.06367466929538,
b22f4f387d,180,68,476,4.76,51605.23823693456,16.731631553297174,729.7654200259917,79.01012227784138,
b22f4f387d,180,69,483,4.83,50975.80584697762,43.23461125356634,721.4123328834909,193.01272922368005,
b22f4f387d,180,70,490,4.9,49059.33027237019,30.13758776107915,697.6625950920566,64.77988001814477,
b22f4f387d,180,71,497,4.97,48693.802092167716,28.712078070162764,677.038112429198,31.414821869005866,
b22f4f387d,180,72,504,5.04,48512.07339244943,37.99655679737761,694.7728405320081,116.86209051831742,
b22f4f387d,180,73,511,5.11,47341.44515058169,34.86750585458221,699.4719605318663,97.9943527187065,
b22f4f387d,180,74,518,5.18,45446.76949682797,29.897704373212136,667.7982198772768,101.89282806648413,
b22f4f387d,180,75,525,5.25,43973.50419928395,29.063036462916283,670.9445694573602,123.02064254831953,
b22f4f387d,180,76,532,5.32,43078.61176811867,34.230605474897615,682.3038464417241,114.97848439175611,
b22f4f387d,180,77,539,5.39,42638.2803315299,29.45496053374723,702.0534131446967,20.347677640423147,
b22f4f387d,180,78,546,5.46,42132.93401812122,23.09795882644099,680.7250604729062,51.63755419013995,
b22f4f387d,180,79,553,5.53,41118.58752460487,31.321687593233275,674.4958390756279,126.28969426087455,
b22f4f387d,180,80,560,5.6,40207.102108487816,25.770095963012015,650.6392896038332,54.02282427676258,
b22f4f387d,180,81,567,5.67,39766.62296232059,24.56745659107005,639.4798675047597,70.98884029016686,
b22f4f387d,180,82,574,5.74,39242.60873961843,34.967714898831574,627.2093036868345,102.24723504032261,
b22f4f387d,180,83,581,5.81,36654.05325336048,27.546056091286086,611.1502036993259,113.74516739064069,
b22f4f387d,180,84,588,5.88,35020.87261241798,22.479043338975554,570.4437985026735,101.19519754435056,
b22f4f387d,180,85,595,5.95,33978.614105931665,18.264299634260833,560.9371087038023,31.401970669337413,
b22f4f387d,180,86,602,6.02,33282.4488744065,26.459944072374324,549.1681303247532,126.47293469448871,
b22f4f387d,180,87,609,6.09,31894.7878262456,16.75830610523601,507.40817891522124,78.78529252349776,
b22f4f387d,180,88,616,6.16,31398.350506784,16.59178897218619,509.61969958113616,67.53950498753787,
b22f4f387d,180,89,623,6.23,31055.618815825103,28.30353974783739,509.6271581273723,129.39203107380106,
b22f4f387d,180,90,630,6.3,30172.787039616942,20.94312022144756,524.9474834025168,41.145372543312455,
b22f4f387d,180,91,637,6.37,29942.670900938898,27.569634333611905,493.52443571346674,85.19370716788588,
b22f4f387d,180,92,644,6.44,29324.635889782196,35.79518922626348,498.9288507452032,122.8236759511888,
b22f4f387d,180,93,651,6.51,27818.64292511562,34.077113363899684,484.289027412762,131.5556725805779,
b22f4f387d,180,94,658,6.58,26081.05429921318,29.97909234830481,481.3146735678268,68.47918496769219,
b22f4f387d,180,95,665,6.65,24996.36724422773,29.677220657448686,440.5171816377096,106.15433014179548,
b22f4f387d,180,96,672,6.72,23327.914174080444,14.699383914034502,443.62057165181375,48.64486880491656,
b22f4f387d,180,97,679,6.79,22835.50584840957,20.196400444905947,426.3195189387203,86.36175845321908,
b22f4f387d,180,98,686,6.86,22152.03760237098,18.765372510719928,432.8170223643963,78.24427920572789,
b22f4f387d,180,99,693,6.93,21285.976618510253,30.543561813047205,413.6053633116785,74.3332379118129,
b22f4f387d,180,100,700,7.0,20299.79796711439,21.228650443100193,391.1492737555521,63.55311276571399,
b22f4f387d,180,101,707,7.07,19887.136015766417,23.862780017760148,383.35624141802356,47.603858758609945,
b22f4f387d,180,102,714,7.14,18584.277315896055,13.771487459393413,378.24276899710765,41.81061797764281,
b22f4f387d,180,103,721,7.21,18450.597650541407,9.352412118411582,366.85311341527375,25.436234123206454,
b22f4f387d,180,104,728,7.28,18212.19231747651,27.363327689115177,374.54332910579086,87.99367587428304,
b22f4f387d,180,105,735,7.35,16995.257915842794,18.625671241518077,352.6778908053707,42.50267465758151,
b22f4f387d,180,106,742,7.42,16629.34366379094,15.163315787423642,351.2466641040305,54.66917084732347,
b22f4f387d,180,107,749,7.49,16301.170497599293,14.047351158398323,337.46092898900235,59.11259693681064,
b22f4f387d,180,108,756,7.56,16061.56260654828,17.053975419356224,337.69099009512126,82.32836230657226,
b22f4f387d,180,109,763,7.63,15582.453377034113,17.427215191749557,328.521743524039,63.11838324359861,
b22f4f387d,180,110,770,7.7,15246.085269216614,16.072249889951724,313.44458502465875,58.82722408236915,
b22f4f387d,180,111,777,7.77,14726.31298609136,8.907743756180265,299.4326772200754,30.019208789795588,
b22f4f387d,180,112,784,7.84,14694.719798110093,9.501613370420175,294.7541973601888,31.39299921922022,
b22f4f387d,180,113,791,7.91,14656.758413629948,10.96630690139106,297.60165955747965,36.429721510177544,
b22f4f387d,180,114,798,7.98,14438.278163704368,9.892117843169405,285.55454871305756,48.98313666101938,
b22f4f387d,180,115,805,8.05,14183.741843692611,11.004974286614132,294.10633362205226,41.458847219236155,
b22f4f387d,180,116,812,8.12,13996.78043702554,15.51096007921512,301.65334207302885,67.20229144951568,
b22f4f387d,180,117,819,8.19,13667.947660133765,11.885641888080498,304.9734703608761,42.364907584738745,
b22f4f387d,180,118,826,8.26,13282.070008721463,8.11184478869879,280.80860758715863,39.249610895987175,
b22f4f387d,180,119,833,8.33,13153.590922463596,10.648832027978782,283.9101778282563,53.96447026951115,
b22f4f387d,180,120,840,8.4,12889.17716271732,11.277040141664093,263.95700605276886,55.306327641962746,
b22f4f387d,180,121,847,8.47,12560.46030439808,13.541154955626268,275.1130516816282,68.88101740929541,
b22f4f387d,180,122,854,8.54,12322.222819260678,8.576715752585459,268.7030231959195,23.376753171525223,
b22f4f387d,180,123,861,8.61,12172.36309640372,9.932529238702104,256.94913349375713,14.534662866660948,
b22f4f387d,180,124,868,8.68,12127.913215690396,10.669995840681633,268.38394916840105,32.939272789272486,
b22f4f387d,180,125,875,8.75,11864.321063117963,13.555753999061412,263.64922794895756,65.68781995083472,
b22f4f387d,180,126,882,8.82,11602.144735028336,12.144408901646601,256.92021229190186,37.79354342338035,
b22f4f387d,180,127,889,8.89,11549.561997446448,13.799098986959956,253.1274307460925,43.557678747404125,
b22f4f387d,180,128,896,8.96,11382.493191096446,10.680346772348857,256.97542976643484,32.89332579470076,
b22f4f387d,180,129,903,9.03,11280.37532687591,12.326422152303783,255.31105141434662,50.69056909646363,
b22f4f387d,180,130,910,9.1,10997.068185114784,10.504027857772801,213.5537821061848,19.99235953790257,
b22f4f387d,180,131,917,9.17,10800.24172915302,11.874592649984937,234.46370579841408,56.18415809151287,
b22f4f387d,180,132,924,9.24,10708.223402889755,16.52272789227074,242.73777310211773,77.55033407689018,
b22f4f387d,180,133,931,9.31,10035.709157667061,14.35092136486685,223.12055554725907,59.88241185604138,
b22f4f387d,180,134,938,9.38,9784.477777334476,9.099691579090466,225.99525155757615,10.658994835234969,
b22f4f387d,180,135,945,9.45,9680.851295137365,11.615354216350784,207.67664266884537,45.173686956145104,
b22f4f387d,180,136,952,9.52,9395.425371724712,11.117625010514175,220.6308245862713,47.81926282671169,
b22f4f387d,180,137,959,9.59,9123.20431420264,8.683150357053032,212.2967779938967,35.12898427813525,
b22f4f387d,180,138,966,9.66,8986.422030942047,9.980259935404717,214.07401117606366,44.609158485072285,
b22f4f387d,180,139,973,9.73,8850.959156554041,8.645783568055961,218.08771737221483,24.055435454965647,
b22f4f387d,180,140,980,9.8,8791.339561887355,4.51745862055866,211.80789285419456,31.208809786711953,
b22f4f387d,180,141,987,9.87,8711.265214631065,11.878472154483473,211.4840893786258,50.37462899265883,
b22f4f387d,180,142,994,9.94,8487.306830276739,12.230332646622605,205.33140372697147,38.491335240194424,
b22f4f387d,180,143,1001,10.01,8381.194395975233,6.864848518335431,218.6260701217225,48.218716033708326,
b22f4f387d,180,144,1008,10.08,8161.380189128783,3.3476155023756533,191.2043099988925,11.42017878051565,
b22f4f387d,180,145,1015,10.15,8146.097542544548,4.879443540407473,192.81736237109246,20.613189996421347,
b22f4f387d,180,146,1022,10.22,8116.579858675293,8.442680379417753,184.14136021060048,39.259038849101096,
b22f4f387d,180,147,1029,10.29,7988.823829916399,9.267565621457473,192.99714364410727,39.596577112127115,
b22f4f387d,180,148,1036,10.36,7936.927693689198,10.928286883341586,190.33509059352286,35.745368032422384,
b22f4f387d,180,149,1043,10.43,7805.035648444458,9.691037627001133,186.91097771087908,24.941149490199546,
b22f4f387d,180,150,1050,10.5,7639.004228356252,6.935597054967589,182.27897042558823,25.675047901598507,
b22f4f387d,180,151,1057,10.57,7568.903746372998,8.218294233362652,175.78315011863853,33.61461298825181,
b22f4f387d,180,152,1064,10.64,7481.916543419282,9.738970951244484,181.4692622659894,47.09072070081903,
b22f4f387d,180,153,1071,10.71,7367.756556437605,11.085788584645321,177.57405332190692,43.42049531864193,
b22f4f387d,180,154,1078,10.78,7281.761728568298,9.53628727074409,190.8663764413854,31.366580570814524,
b22f4f387d,180,155,1085,10.85,7104.234252988368,8.075053464538705,166.5900191676053,34.04707363707444,
b22f4f387d,180,156,1092,10.92,6980.527348834356,5.610600713096506,167.56846272365422,8.868432004083125,
b22f4f387d,180,157,1099,10.99,6903.112739849127,6.757182370756554,165.02288051525434,32.10051527966412,
b22f4f387d,180,158,1106,11.06,6804.86166456007,7.668056269453505,166.28074099443927,34.180239384834934,
b22f4f387d,180,159,1113,11.13,6717.654843593092,8.868008555597687,161.60836756871578,32.52562518427437,
b22f4f387d,180,160,1120,11.2,6574.529959996355,5.8003345096090975,160.90778667920125,18.507541649142993,
b22f4f387d,180,161,1127,11.27,6518.427124737776,5.370777097238654,166.82642583520226,25.85238916724969,
b22f4f387d,180,162,1134,11.34,6495.204989781283,5.611958265026032,162.36798981158077,16.908087086681572,
b22f4f387d,180,163,1141,11.41,6441.32011475709,9.139910964057032,166.3925469752733,38.436817490822044,
b22f4f387d,180,164,1148,11.48,6323.938844459706,7.626946867210759,160.42939554117982,35.5948309822368,
b22f4f387d,180,165,1155,11.55,6203.393912797044,8.005750365764921,157.06748335748645,35.04191655446528,
b22f4f387d,180,166,1162,11.62,6049.243041856712,9.149960076920076,157.49506368929244,29.45185093288534,
b22f4f387d,180,167,1169,11.69,5891.092405479404,7.180499292775264,140.77151806424217,32.844022313741704,
b22f4f387d,180,168,1176,11.76,5864.23837978262,6.412580728615074,145.0292760701503,21.51366989426,
b22f4f387d,180,169,1183,11.83,5812.997663413714,4.74702361678799,136.13117177570848,8.396474939041859,
b22f4f387d,180,170,1190,11.9,5796.049854132544,3.7968899033102503,131.20430933311303,5.1978781891346495,
b22f4f387d,180,171,1197,11.97,5792.603839927888,8.158610606010706,132.7343039028291,38.96968970983836,
b22f4f387d,180,172,1204,12.04,5706.805237158916,9.253524104792623,128.35488618987293,38.246921147277135,
b22f4f387d,180,173,1211,12.11,5631.310340085551,7.327862988752192,140.68541367462817,33.12600732677602,
b22f4f387d,180,174,1218,12.18,5563.239046398071,6.358925691353083,127.06331030893861,10.759215375531152,
b22f4f387d,180,175,1225,12.25,5520.512292443914,6.002950187085524,129.5238418208665,22.21249118774703,
b22f4f387d,180,176,1232,12.32,5454.445021055542,4.114735541969267,119.54856393074823,8.142885190771045,
b22f4f387d,180,177,1239,12.39,5424.585959899809,6.091844907519506,118.58948054787682,26.074517468269523,
b22f4f387d,180,178,1246,12.46,5378.6457634323715,7.658115010889968,121.123600698999,34.543308617961976,
b22f4f387d,180,179,1253,12.53,5346.2897527780415,6.6046846566367226,128.72546232244025,14.330463953692329,
b22f4f387d,180,180,1260,12.6,5306.920732894899,2.84502280077057,122.86969253972657,13.094828502698347,
b22f4f387d,180,181,1267,12.67,5270.646074919744,6.496486599904794,112.01247208618597,21.095332267823807,
b22f4f387d,180,182,1274,12.74,5247.672521215457,4.1137044393605375,131.81642379266717,32.85629873761038,
b22f4f387d,180,183,1281,12.81,5177.847742636553,5.5336569743996185,112.8849354372232,24.229967684842766,
b22f4f387d,180,184,1288,12.88,5149.273570190251,3.1417495793763264,122.74598606734284,21.540718708886956,
b22f4f387d,180,185,1295,12.95,5103.049122900409,2.043198864351576,115.36584250843272,4.77552147556911,
b22f4f387d,180,186,1302,13.02,5083.553133268103,6.7192925649621085,116.5682022599531,33.39106959293911,
b22f4f387d,180,187,1309,13.09,5028.4219178090725,5.896824914254762,127.34827481806983,20.963001515989326,
b22f4f387d,180,188,1316,13.16,4974.2512555455605,3.2713732009451677,120.5804208236877,6.8679206934722234,
b22f4f387d,180,189,1323,13.23,4964.4018423465095,2.2771813693237943,117.64405094171067,11.449626104165196,
b22f4f387d,180,190,1330,13.3,4939.541896800137,4.111161473691734,119.69568139414181,20.68869449843577,
b22f4f387d,180,191,1337,13.37,4913.1807164197,3.7629836528048735,111.88784953565242,16.072044517786274,
b22f4f387d,180,192,1344,13.44,4886.808054993198,4.975921217727576,110.22722213479892,21.200933476768913,
b22f4f387d,180,193,1351,13.51,4839.858686064958,4.198950126949442,111.74439606499118,18.822543125298886,
b22f4f387d,180,194,1358,13.58,4818.159904543053,8.945285447726569,113.77549268412173,17.09228014102598,
b22f4f387d,180,195,1365,13.65,4720.287989390317,6.923540855917175,114.5255656294943,19.921058861864175,
b22f4f387d,180,196,1372,13.72,4668.237611522031,6.354814228330989,116.47224087332039,27.464783754386193,
b22f4f387d,180,197,1379,13.79,4637.015188268632,6.461947013369024,116.53153864296178,23.28735535775037,
b22f4f387d,180,198,1386,13.86,4577.9254728531705,6.359955393506004,119.93693896890525,22.37645975694456,
b22f4f387d,180,199,1393,13.93,4497.228751439803,3.2610088224094067,114.95949901920065,8.340829910071635,
b22f4f387d,180,200,1400,14.0,4475.355765726963,3.179972064268262,118.09980592773098,14.914597918765462,
b22f4f387d,180,201,1407,14.07,4459.544013815082,3.55638263432574,120.36735263363312,10.385556384156668,
b22f4f387d,180,202,1414,14.14,4451.407148924522,3.7581169614328958,111.10337005847519,13.43815190204908,
b22f4f387d,180,203,1421,14.21,4440.4538311467995,3.8443657920094325,104.2656278695486,11.987933519667848,
b22f4f387d,180,204,1428,14.28,4420.089950054831,3.090032515585264,109.87887473981648,8.335507903953765,
b22f4f387d,180,205,1435,14.35,4409.08486268949,7.180557582642899,106.06509041840643,32.63108566480075,
b22f4f387d,180,206,1442,14.42,4295.605230117494,2.917042577322039,112.16104943386549,10.685691027113837,
b22f4f387d,180,207,1449,14.49,4278.558484778953,3.558383051485766,101.94305197655251,10.171478972900767,
b22f4f387d,180,208,1456,14.56,4253.96719844925,4.014373147498043,106.11426091172235,16.140021526254937,
b22f4f387d,180,209,1463,14.63,4225.220025648542,3.863413690308101,100.12406419597622,14.013370296466922,
b22f4f387d,180,210,1470,14.7,4219.564723320601,2.010606190970272,116.9090099691751,6.443463775252961,
b22f4f387d,180,211,1477,14.77,4200.7032406765475,2.1926451882602715,105.25053814003533,15.69789895006995,
b22f4f387d,180,212,1484,14.84,4176.290311680263,2.1159289493720976,101.30089780530946,9.38763092554194,
b22f4f387d,180,213,1491,14.91,4167.079535377196,1.5190953379438912,96.8918139902504,7.03709785380988,
b22f4f387d,180,214,1498,14.98,4165.835934821077,5.097852560737008,96.29294258864245,25.56593859073905,
b22f4f387d,180,215,1505,15.05,4152.213313595855,2.668510988122052,102.74377772285165,13.727647358945612,
b22f4f387d,180,216,1512,15.12,4120.9216278502045,3.2433515657601246,92.23855572462315,15.47025253826047,
b22f4f387d,180,217,1519,15.19,4117.431311029648,2.1258782267692866,96.15628586217295,13.72813412516221,
b22f4f387d,180,218,1526,15.26,4092.806272374581,3.498811297044186,89.2972488561605,11.648134908347807,
b22f4f387d,180,219,1533,15.33,4087.8562944840187,3.6140697178633916,93.72426875640043,7.826489453275303,
b22f4f387d,180,220,1540,15.4,4083.5051380386426,5.700482588995503,90.5916147864081,24.54808796137879,
b22f4f387d,180,221,1547,15.47,4043.5204393582517,4.831032363785327,103.91229330174747,15.836811377569774,
b22f4f387d,180,222,1554,15.54,4022.5836005549036,4.656465290055371,90.01302102045727,14.76821646393329,
b22f4f387d,180,223,1561,15.61,4009.1489582312547,4.474816343618383,107.32646076190603,8.125092425497655,
b22f4f387d,180,224,1568,15.68,4002.3426191493572,5.567787777188838,96.21228775803596,3.4076970887514357,
b22f4f387d,180,225,1575,15.75,3988.009129677067,7.453104505921604,112.09768049432707,22.743518999214558,
b22f4f387d,180,226,1582,15.82,3939.2376528553355,7.0108217902810965,97.88665091250697,11.10508530577547,
b22f4f387d,180,227,1589,15.89,3882.2812798670266,6.8241725556358315,112.29072589094424,11.801905096877993,
b22f4f387d,180,228,1596,15.96,3874.609930433505,3.4340989035620106,116.11212352279425,15.136429701256459,
b22f4f387d,180,229,1603,16.03,3813.46496335148,3.2293050911601924,107.60247690625943,15.501507335392644,
b22f4f387d,180,230,1610,16.1,3798.95805941045,3.907258750099348,106.31792363543295,17.064283934669458,
b22f4f387d,180,231,1617,16.17,3792.112549992759,9.188974686780297,111.10012814822065,41.383784514611534,
b22f4f387d,180,232,1624,16.24,3687.4475812388846,6.825601956070474,109.82015639718983,26.58273974557815,
b22f4f387d,180,233,1631,16.31,3602.633412019961,3.764798969161243,97.77483793207654,11.336616617070632,
b22f4f387d,180,234,1638,16.38,3579.325247921152,5.6367755556920125,100.73919629419724,22.94088162566933,
b22f4f387d,180,235,1645,16.45,3535.2818187746243,2.1240261583131193,107.13842539170048,7.2562437828864805,
b22f4f387d,180,236,1652,16.52,3518.1136870872797,1.2910374964953149,99.34601777484173,8.455504436701021,
b22f4f387d,180,237,1659,16.59,3510.1790986659817,2.727263899922564,101.05611151505478,9.552984452681125,
b22f4f387d,180,238,1666,16.66,3500.396268760916,4.317880362410355,106.73612508475634,16.347679987789533,
b22f4f387d,180,239,1673,16.73,3477.8395239506904,6.649742701335248,107.2363608050743,31.509537929472803,
b22f4f387d,180,240,1680,16.8,3416.6350833258525,5.074237493216964,101.17755288675701,18.159040002910416,
b22f4f387d,180,241,1687,16.87,3388.8970924847335,5.708876557915595,96.08332038733894,16.443144904239414,
b22f4f387d,180,242,1694,16.94,3358.8907913983267,6.54570674028555,98.24662693013984,26.290043917536156,
b22f4f387d,180,243,1701,17.01,3351.4223661848846,7.004367031900809,98.99085307486342,15.43557811965218,
b22f4f387d,180,244,1708,17.08,3320.102825687138,5.728728929890057,97.36575530170073,9.990261200096626,
b22f4f387d,180,245,1715,17.15,3307.1873449684094,4.916375179367859,97.17101631710588,17.191542579817725,
b22f4f387d,180,246,1722,17.22,3304.1537684692926,3.108739659667015,97.21375490747302,8.500587082191174,
b22f4f387d,180,247,1729,17.29,3257.3826409617163,4.265059597167827,92.65785499000455,20.743720666530795,
b22f4f387d,180,248,1736,17.36,3239.2061936789396,4.7417940864145205,91.01334513395527,19.399666327187667,
b22f4f387d,180,249,1743,17.43,3235.1963005378084,4.9192780929066195,87.59208864067828,13.749927827761292,
b22f4f387d,180,250,1750,17.5,3228.499270676269,2.9262866599388455,94.94520717664416,9.96273512106109,
b22f4f387d,180,251,1757,17.57,3185.800333533088,4.489745087608074,89.3581031483885,16.027890744123248,
b22f4f387d,180,252,1764,17.64,3184.608983772159,3.596950917553999,93.08359458832999,24.896654351674936,
b22f4f387d,180,253,1771,17.71,3128.4811748105726,1.0840561098272288,83.67547638788407,9.677962915343414,
b22f4f387d,180,254,1778,17.78,3123.452862161044,1.1713910144183142,84.6507137945407,11.628062182925374,
b22f4f387d,180,255,1785,17.85,3116.2037946106684,1.554279537453539,84.89394578081126,15.770203331337438,
b22f4f387d,180,256,1792,17.92,3105.6061819796205,2.9979798660270807,85.42377125868208,8.062571696188538,
b22f4f387d,180,257,1799,17.99,3097.4440785467086,2.9600937700570884,89.05316622680694,22.83298197600815,
b22f4f387d,180,258,1806,18.06,3055.202203151182,1.7459494884026074,83.23077123299034,15.71593883927814,
b22f4f387d,180,259,1813,18.13,3047.3167944800466,1.7224316960964274,83.8293808275907,14.69476208108872,
b22f4f387d,180,260,1820,18.2,3039.535393980019,1.726081104958988,87.34735677203672,11.649030202193705,
b22f4f387d,180,261,1827,18.27,3027.470982060859,2.5890686278278743,81.12445740669122,10.29272439886078,
b22f4f387d,180,262,1834,18.34,3021.9063996949285,1.6392273693846746,87.95683398953638,4.6319161965901205,
b22f4f387d,180,263,1841,18.41,3011.160827668127,2.889786146171253,83.2055963788789,10.54361524594151,
b22f4f387d,180,264,1848,18.48,2992.901596363048,2.974257516771319,80.67370340461062,12.33735506519665,
b22f4f387d,180,265,1855,18.55,2975.9226260209875,3.1833412261985408,86.22334007400586,9.88927617927418,
b22f4f387d,180,266,1862,18.62,2967.414369394251,4.164883142426919,87.39350649808209,16.159956172928585,
b22f4f387d,180,267,1869,18.69,2965.47776656966,5.134348454723859,80.55571773374552,19.649278130087524,
b22f4f387d,180,268,1876,18.76,2953.097540180002,2.9659194621768115,91.68281377164313,22.684129560435224,
b22f4f387d,180,269,1883,18.83,2916.3875002612076,4.0357700609469,83.42411733147864,18.43468480416586,
b22f4f387d,180,270,1890,18.9,2914.8127031275994,3.0693003127480183,97.4671478726707,18.06788903809537,
b22f4f387d,180,271,1897,18.97,2885.6331545186913,1.256355824763817,82.0180904775095,9.169862168223911,
b22f4f387d,180,272,1904,19.04,2876.9838156624005,2.924475335139754,82.3847077415358,7.984213458424306,
b22f4f387d,180,273,1911,19.11,2866.912904451982,2.6242477184472586,92.02994048058271,9.680120749773064,
b22f4f387d,180,274,1918,19.18,2866.8693425254983,2.6164494035107566,87.97455828060768,20.7528272271522,
b22f4f387d,180,275,1925,19.25,2833.6051250502996,2.3264207529166274,80.99565464566011,21.40450076480284,
b22f4f387d,180,276,1932,19.32,2806.504640817198,4.4641124408052955,80.70537173200287,15.766171448520542,
b22f4f387d,180,277,1939,19.39,2770.1625379348416,3.7581416305245683,78.86468881235564,14.090080045519004,
b22f4f387d,180,278,1946,19.46,2759.787975037498,1.7693470020927342,88.12298746145302,8.917945985851565,
b22f4f387d,180,279,1953,19.53,2744.7378024979266,1.6621222993893334,81.07682839605803,5.414028145453733,
b22f4f387d,180,280,1960,19.6,2744.681881037003,2.147727775882063,83.76227293005529,20.254123696953823,
b22f4f387d,180,281,1967,19.67,2725.123483091032,1.2560667682890787,76.24873622193255,11.960128397405093,
b22f4f387d,180,282,1974,19.74,2718.2259060413503,3.3007072309986647,75.48086263976269,16.732155669427073,
b22f4f387d,180,283,1981,19.81,2711.04282532691,2.0387869231539746,73.55315425910386,12.577070991583849,
b22f4f387d,180,284,1988,19.88,2692.094730548981,4.915360678145167,71.16752330848209,24.473106927732285,
b22f4f387d,180,285,1995,19.95,2673.781564309073,6.2934826217280095,88.21219234896971,24.174046607219406,
b22f4f387d,180,286,2002,20.02,2618.1737839462317,3.1465863588205676,84.98153329826876,25.129371130617493,
b22f4f387d,180,287,2009,20.09,2575.3914458882,1.073688257784094,82.78914702772519,7.38926097965806,
b22f4f387d,180,288,2016,20.16,2570.1412373252624,3.763047525663278,79.01591418454863,13.410304585211396,
b22f4f387d,180,289,2023,20.23,2542.9539119073042,1.8094252033723481,79.09721570058787,5.5639129202309325,
b22f4f387d,180,290,2030,20.3,2539.149169134072,1.9118144741680891,78.681197978801,18.233422565707844,
b22f4f387d,180,291,2037,20.37,2521.335203193682,2.0010051679445087,76.68085055383672,10.912378228913838,
b22f4f387d,180,292,2044,20.44,2504.4535431331287,2.6282731816895035,74.20066492189542,10.111374286228195,
b22f4f387d,180,293,2051,20.51,2498.234371352893,2.854869245771707,74.23897479281663,10.492438143409492,
b22f4f387d,180,294,2058,20.58,2489.775123887476,3.073237500713268,75.50228323471869,10.654765112217783,
b22f4f387d,180,295,2065,20.65,2478.8835145172043,3.025431519952513,72.94396920904917,1.3663189186140223,
b22f4f387d,180,296,2072,20.72,2477.3490317473334,3.643856127487482,75.41416951818854,10.318264501924773,
b22f4f387d,180,297,2079,20.79,2467.0685120363564,2.9396674029688596,73.09638715038156,6.845523339952718,
b22f4f387d,180,298,2086,20.86,2463.3567698443126,1.788733225554396,77.93033585631798,10.905569198225784,
b22f4f387d,180,299,2093,20.93,2448.716819819371,4.080650383861115,72.36871249294386,16.597027855617835,
b22f4f387d,180,300,2100,21.0,2438.8844738474777,2.341828577519043,85.72098528733697,16.6862791717268,
b22f4f387d,180,301,2107,21.07,2413.7999598696265,4.658257549390093,76.86229709784722,22.27442145678378,
b22f4f387d,180,302,2114,21.14,2399.6480419140003,2.62934283570994,78.46724130038646,16.39359574082302,
b22f4f387d,180,303,2121,21.21,2369.8934570225706,1.6958847694762422,72.21893701431699,15.771398393346532,
b22f4f387d,180,304,2128,21.28,2358.232391112759,1.2834397500676704,66.7235197977284,7.0863873612808455,
b22f4f387d,180,305,2135,21.35,2352.444123347851,1.5835029023892149,67.52560057282903,9.385215553032833,
b22f4f387d,180,306,2142,21.42,2340.8978757126347,1.8478872356708371,67.51368479525846,4.512632956112343,
b22f4f387d,180,307,2149,21.49,2337.8082869800432,1.4075329238338858,71.85909612471345,11.840572958848666,
b22f4f387d,180,308,2156,21.56,2328.767021929038,0.9603903128019488,71.2517563456789,7.61055144490101,
b22f4f387d,180,309,2163,21.63,2324.7903571364673,3.7803586952851504,69.4341669411334,16.079146845045866,
b22f4f387d,180,310,2170,21.7,2315.96299376654,3.2839913008483927,71.7183424643386,7.230370581850143,
b22f4f387d,180,311,2177,21.77,2303.2456761789217,1.2349165137825924,64.94219300899583,9.003756952435266,
b22f4f387d,180,312,2184,21.84,2295.4432612443466,0.6629526105960163,65.00589202793877,4.1415429234680845,
b22f4f387d,180,313,2191,21.91,2293.569188839767,4.018646307843522,65.51034835534263,18.331686558920033,
b22f4f387d,180,314,2198,21.98,2272.3536971462104,2.1280631268996455,68.0649717299892,17.569756769235802,
b22f4f387d,180,315,2205,22.05,2249.3616564924446,1.7973857053054154,65.18465130663509,8.098718930616343,
b22f4f387d,180,316,2212,22.12,2248.9803321556537,1.5313143227079442,68.25968364603249,11.715204416102871,
b22f4f387d,180,317,2219,22.19,2241.1614641634715,1.5171039619097495,67.34571428332062,10.316899974788381,
b22f4f387d,180,318,2226,22.26,2230.001904230121,3.4251203773297494,64.12950764199874,16.71603401275155,
b22f4f387d,180,319,2233,22.33,2224.207044510621,3.2673106304849875,73.52402883253426,2.6362608971729746,
b22f4f387d,180,320,2240,22.4,2220.6654552694376,3.923746287624884,62.54980459556013,13.963647868494386,
b22f4f387d,180,321,2247,22.47,2215.977891360107,2.7153345238308364,79.88795180456582,16.097665040804223,
b22f4f387d,180,322,2254,22.54,2193.336541741126,1.6707618394455128,68.35474961976422,10.048658778945263,
b22f4f387d,180,323,2261,22.61,2190.9772114730526,2.053652800477985,72.34939769726608,10.659224304682555,
b22f4f387d,180,324,2268,22.68,2182.936904419653,2.475253225766968,68.51753673654035,17.00784260542668,
b22f4f387d,180,325,2275,22.75,2167.258616392794,2.635943826939041,70.62593460553754,21.54299414466997,
b22f4f387d,180,326,2282,22.82,2158.232326185891,3.0246163505833774,73.04382293083299,19.04344496048884,
b22f4f387d,180,327,2289,22.89,2152.9471554886095,3.0415241388211065,73.28773788967736,10.456602793358236,
b22f4f387d,180,328,2296,22.96,2150.871763072107,1.5723734613445777,72.72574999289341,8.04473405427937,
b22f4f387d,180,329,2303,23.03,2126.072986225154,1.6375629916689851,62.06260428921397,8.48196580029882,
b22f4f387d,180,330,2310,23.1,2116.8491628999113,0.9216609987768188,61.26618268286157,3.672768381485807,
b22f4f387d,180,331,2317,23.17,2114.71367276124,2.796105820278032,59.77079251271661,9.786189039067514,
b22f4f387d,180,332,2324,23.24,2112.648605544552,1.3932000807297045,62.522767651670414,6.971638694626119,
b22f4f387d,180,333,2331,23.31,2103.1355924357213,0.8435810948136024,59.69784920277792,4.9967293046445995,
b22f4f387d,180,334,2338,23.38,2099.797070345269,1.0368090322149552,59.75352625619834,4.60500969484197,
b22f4f387d,180,335,2345,23.45,2099.5774894962556,1.527808381582958,60.019805049846,11.859170116774404,
b22f4f387d,180,336,2352,23.52,2090.0101236328655,3.743806237287148,63.33150317392619,18.951198223003587,
b22f4f387d,180,337,2359,23.59,2079.926331112625,3.1016857074660438,67.35934631022056,6.048432951527935,
b22f4f387d,180,338,2366,23.66,2076.947362505419,1.8837004253578329,70.88582262803709,8.838582152162653,
b22f4f387d,180,339,2373,23.73,2062.787506465757,1.0318610449404098,65.09484855415981,3.469161024366563,
b22f4f387d,180,340,2380,23.8,2058.8659280227175,1.4425935617730385,65.68890279781898,12.552374780676203,
b22f4f387d,180,341,2387,23.87,2048.5331282072384,0.9783080145935701,62.86261142736098,7.974234139974987,
b22f4f387d,180,342,2394,23.94,2044.7104921093694,2.1101211476005437,66.82180637630829,18.863285616973084,
b22f4f387d,180,343,2401,24.01,2026.9892693967277,0.9260029046106398,60.24398406304267,7.078151880753261,
b22f4f387d,180,344,2408,24.08,2023.5831363628902,3.3012086189678267,60.74427110765226,13.054217654695163,
b22f4f387d,180,345,2415,24.15,2022.0143293012566,2.368539201479585,74.48274611159891,18.324798615863674,
b22f4f387d,180,346,2422,24.22,2006.1798611972222,2.222774638892123,62.60262599113993,10.840164843221501,
b22f4f387d,180,347,2429,24.29,1986.1587422704451,0.8983210550162775,61.63888279347495,6.415382573353329,
b22f4f387d,180,348,2436,24.36,1982.7220100947684,0.9503692747454233,59.53323912193121,9.487414606054937,
b22f4f387d,180,349,2443,24.43,1979.4027510066053,3.4642878969093975,59.23204513914258,16.856666156325083,
b22f4f387d,180,350,2450,24.5,1976.9358228557626,1.9803008159877638,66.21740602560271,13.349147216402612,
b22f4f387d,180,351,2457,24.57,1957.1175657786312,1.1832270890154606,61.41101820420888,11.630090329757898,
b22f4f387d,180,352,2464,24.64,1952.4354235919727,0.7109378122153073,61.72923120768179,5.4946689784323315,
b22f4f387d,180,353,2471,24.71,1950.8406525787636,1.5743271196030049,61.75442501638615,6.37054587058986,
b22f4f387d,180,354,2478,24.78,1938.248872479945,1.0500217499026236,58.122566674823744,7.611711837011727,
b22f4f387d,180,355,2485,24.85,1934.2187355566994,0.8309315245553929,57.49069844772891,6.804980214726215,
b22f4f387d,180,356,2492,24.92,1931.7171706188956,1.9412210865862976,57.57377227732206,5.61460030055518,
b22f4f387d,180,357,2499,24.99,1930.668346168819,1.375279883665073,58.380921125501885,8.341183334127283,
b22f4f387d,180,358,2506,25.06,1921.4066265102927,0.6195116779209793,55.389632240802136,1.0164953194296316,
b22f4f387d,180,359,2513,25.13,1919.5141471576399,1.4752174880486448,55.89150124133085,8.169747285085785,
b22f4f387d,180,360,2520,25.2,1910.2870447847915,2.1523098397861173,55.73019857957293,5.782838914681673,
b22f4f387d,180,361,2527,25.27,1907.95512509891,1.4826133267489967,59.04162131323028,9.01303047122275,
b22f4f387d,180,362,2534,25.34,1901.6554115336903,1.1656635217292697,56.27420535730275,8.490748655517345,
b22f4f387d,180,363,2541,25.41,1897.0325753514924,2.851386277806545,55.4246882241365,13.68559237661308,
b22f4f387d,180,364,2548,25.48,1892.4600089996852,1.478316027348287,64.98276490610418,4.381695048510029,
b22f4f387d,180,365,2555,25.55,1884.1865065698398,0.7252320651518263,58.18584998579625,5.335156581175061,
b22f4f387d,180,366,2562,25.62,1882.4015887418768,2.1558424942088377,57.295510162833686,8.92961107679907,
b22f4f387d,180,367,2569,25.69,1879.1168997385287,1.3612805999241284,55.86690068341215,11.497080968552277,
b22f4f387d,180,368,2576,25.76,1870.7338064370097,0.8169794975272033,53.99253970837139,7.0448897772703,
b22f4f387d,180,369,2583,25.83,1867.883605611037,0.7062663083403387,53.85951399685108,6.108479823781525,
b22f4f387d,180,370,2590,25.9,1865.809968430813,0.6659990060954561,55.27671593762685,4.914803484974434,
b22f4f387d,180,371,2597,25.97,1863.8568289427867,1.2868695020092236,54.3886524214823,12.661438364754536,
b22f4f387d,180,372,2604,26.04,1856.8126086346101,1.8376628877086703,51.046298659504146,5.653780292124537,
b22f4f387d,180,373,2611,26.11,1854.7626415613,1.8080601621299774,53.90350601088651,15.542734277362928,
b22f4f387d,180,374,2618,26.18,1841.1321665217226,1.2782904937591348,53.97939656699286,9.300487316000083,
b22f4f387d,180,375,2625,26.25,1835.744244950493,1.0544316287666755,54.479424975744166,5.267423908541565,
b22f4f387d,180,376,2632,26.32,1830.8119256002067,0.4754237225705029,53.50175864360482,1.7181170258200702,
b22f4f387d,180,377,2639,26.39,1830.0716262607375,2.0129097129032383,54.295183312294064,17.162082029057807,
b22f4f387d,180,378,2646,26.46,1811.160290344977,1.1730154148773422,55.956625622602786,5.264920006657404,
b22f4f387d,180,379,2653,26.53,1804.358445792567,1.1656089061517856,54.38843395785032,11.23296654149862,
b22f4f387d,180,380,2660,26.6,1801.4142071612378,1.6775039592596208,56.3491197107698,14.734299821948603,
b22f4f387d,180,381,2667,26.67,1792.9925890652069,1.6419733110237793,54.90567618629254,10.17152677930546,
b22f4f387d,180,382,2674,26.74,1781.2989599139703,0.7705592931057997,53.015557940969074,4.365267161996765,
b22f4f387d,180,383,2681,26.81,1779.3691496415356,1.4845475550536786,54.63302908670265,13.963681983880402,
b22f4f387d,180,384,2688,26.88,1775.003738046982,1.4302535634604403,54.58073558345179,7.824804314115917,
b22f4f387d,180,385,2695,26.95,1770.207992800091,1.0352011514864758,52.98925227602123,3.64958909588843,
b22f4f387d,180,386,2702,27.02,1768.2650361899732,1.4688093489378327,51.55308238816081,9.333282130875487,
b22f4f387d,180,387,2709,27.09,1759.7454032845149,1.2063618328819574,54.94379265245886,10.356349698452446,
b22f4f387d,180,388,2716,27.16,1756.7362885016744,1.0984154108209294,57.804354435889614,5.730669540923342,
b22f4f387d,180,389,2723,27.23,1754.7727005038685,1.4460731758656096,57.8610813749539,9.660053680975533,
b22f4f387d,180,390,2730,27.3,1748.655381309808,1.1902014253615145,60.47810957658353,10.010604904291185,
b22f4f387d,180,391,2737,27.37,1743.5380776254724,1.073820158317723,58.31545937158873,9.689467663545523,
b22f4f387d,180,392,2744,27.44,1738.8125858434867,0.9217866632146899,55.36311295099208,7.4183321112210105,
b22f4f387d,180,393,2751,27.51,1735.0563550249674,0.7973674898565124,55.13151291002542,7.307734371151982,
b22f4f387d,180,394,2758,27.58,1732.8750066685368,1.2550147549830881,54.2487775381408,11.64881886056154,
b22f4f387d,180,395,2765,27.65,1725.2659677129063,2.174309804937522,50.70763352933979,10.868102739509288,
b22f4f387d,180,396,2772,27.72,1720.154200461656,0.8969144648660058,52.598137208375086,4.5241957749555075,
b22f4f387d,180,397,2779,27.79,1716.956416362757,0.8622588806357654,49.96079554827816,8.330013520396854,
b22f4f387d,180,398,2786,27.86,1713.5002487305806,0.8482208632853855,50.205148875735254,8.606192535011688,
b22f4f387d,180,399,2793,27.93,1710.6901546671183,0.9109145966665644,50.48954612748509,2.256114932674773,
b22f4f387d,180,400,2800,28.0,1708.073489192039,1.8399721798255204,49.03120216859044,4.512023606032813,
b22f4f387d,180,401,2807,28.07,1707.8189524502484,1.223969090916489,54.473426476448694,4.481202604324044,
b22f4f387d,180,402,2814,28.14,1701.6585229469138,0.5547339298011654,49.75675809085212,3.4701148966100295,
b22f4f387d,180,403,2821,28.21,1700.6078659785398,0.7269596814768285,50.967544468623366,6.712418681857834,
b22f4f387d,180,404,2828,28.28,1697.9914449982498,0.5234969230058601,51.04519015396637,4.971100910871248,
b22f4f387d,180,405,2835,28.35,1696.7772176610852,0.6829972067613053,51.00389297223591,6.85710770293244,
b22f4f387d,180,406,2842,28.42,1695.1200026083864,0.5246770968436676,52.29110564986544,4.539318281342394,
b22f4f387d,180,407,2849,28.49,1694.0555575382052,0.893783124079361,52.24743322120662,6.028505315707648,
b22f4f387d,180,408,2856,28.56,1691.1556026383794,1.2536336130228554,53.347467216719636,12.464619634301892,
b22f4f387d,180,409,2863,28.63,1685.409398856303,1.450505657332852,52.3771060898943,12.729668498720681,
b22f4f387d,180,410,2870,28.7,1674.9324700417899,1.5062497086318793,52.316528383518424,13.242410135882425,
b22f4f387d,180,411,2877,28.77,1663.1051427725133,3.26934436678864,50.87913681749293,16.024833529515334,
b22f4f387d,180,412,2884,28.84,1657.0916775710637,1.99927807685669,63.138341283245225,12.64009564029746,
b22f4f387d,180,413,2891,28.91,1642.063213539413,0.9833324177013418,58.49571670340152,7.739965973987152,
b22f4f387d,180,414,2898,28.98,1638.722654239093,2.3274208173947097,53.66099265152695,9.584011970094812,
b22f4f387d,180,415,2905,29.05,1636.9034746301313,2.236004582236784,60.92906141497012,1.6987985295284986,
b22f4f387d,180,416,2912,29.12,1635.2279156418408,1.4613130645019448,54.28376223587543,10.513521033180787,
b22f4f387d,180,417,2919,29.19,1625.119299226867,1.000153129712829,54.17432069216837,5.7904410196210545,
b22f4f387d,180,418,2926,29.26,1621.404170610552,0.9504865532610429,51.37581274733241,9.129703949291553,
b22f4f387d,180,419,2933,29.33,1617.2459022839032,1.0119715944339451,51.728098976112946,9.765845855968854,
b22f4f387d,180,420,2940,29.4,1614.005385587628,0.5370613029217364,52.37288585204767,3.371529768138539,
b22f4f387d,180,421,2947,29.47,1613.201073654251,1.463096950012055,51.42893473374357,14.573276118734638,
b22f4f387d,180,422,2954,29.54,1607.5886144876213,1.0538995209678805,52.0165203173067,6.590539658632804,
b22f4f387d,180,423,2961,29.61,1603.4987636268297,1.1751787596791068,49.56727866587859,10.453700053228685,
b22f4f387d,180,424,2968,29.68,1599.700650931279,1.1776840008787026,49.509426346823886,10.011303928857942,
b22f4f387d,180,425,2975,29.75,1595.1223762217774,1.0764893333640655,47.40792957190679,9.732877204479806,
b22f4f387d,180,426,2982,29.82,1590.9518070850968,1.225874577484602,46.737707277645676,7.473119712393805,
b22f4f387d,180,427,2989,29.89,1585.671326241721,1.1490358471821258,47.653789974459514,6.889231240837553,
b22f4f387d,180,428,2996,29.96,1580.7967203755234,0.6879923043214051,48.5176437766672,3.374811633065962,
b22f4f387d,180,429,3003,30.03,1579.2531940886572,1.4055310884084937,46.78564555554933,13.077064223504673,
b22f4f387d,180,430,3010,30.1,1572.446919898885,1.1255410911552537,47.37490507404322,8.525580660149183,
b22f4f387d,180,431,3017,30.17,1567.5956311479938,0.9539755530343963,43.315649772394124,6.941122772556491,
b22f4f387d,180,432,3024,30.24,1564.3179559822381,0.9721623027275642,45.50751477953571,9.09222138178787,
b22f4f387d,180,433,3031,30.31,1560.0468667755408,1.2915355537952828,45.434648585987645,11.897281794351153,
b22f4f387d,180,434,3038,30.38,1553.651537701744,0.7490180472612454,45.67135872572144,6.279954815067798,
b22f4f387d,180,435,3045,30.45,1551.895193230466,1.1058366316285002,45.83318637690775,11.214944864188373,
b22f4f387d,180,436,3052,30.52,1546.1355238733145,0.915978251261975,45.89106471800382,7.707911710811099,
b22f4f387d,180,437,3059,30.59,1542.4097984776854,0.7059006310534672,48.78534747434496,6.632808643520289,
b22f4f387d,180,438,3066,30.66,1540.1047139112025,0.8597314645628941,48.14342071329354,8.495993976826163,
b22f4f387d,180,439,3073,30.73,1537.1427726567897,0.8271850372244488,48.70232233915322,4.4309780332456,
b22f4f387d,180,440,3080,30.8,1534.307991448626,2.2771428932244753,48.14526669569066,11.365168314313925,
b22f4f387d,180,441,3087,30.87,1534.2362753362822,2.091870105550437,55.202243184157794,17.26761775758034,
b22f4f387d,180,442,3094,30.94,1517.6230458072737,1.444590845448058,52.66262288052852,11.546235116281608,
b22f4f387d,180,443,3101,31.01,1514.3653625673496,1.4101421376110992,48.01408984285071,5.62486089536231,
b22f4f387d,180,444,3108,31.08,1509.472770964017,1.8463891862294037,50.46017871730747,15.206584589518492,
b22f4f387d,180,445,3115,31.15,1498.735030008133,1.1651591113913544,52.076726770753936,3.881860357845957,
b22f4f387d,180,446,3122,31.22,1494.6364731076774,0.7418346355783615,48.91266241181218,2.8282535435543426,
b22f4f387d,180,447,3129,31.29,1493.442652579246,1.0387425738728127,49.45114845943539,8.49892781860904,
b22f4f387d,180,448,3136,31.36,1489.3491506936666,0.8730283495986997,49.423641724654864,7.890869177402302,
b22f4f387d,180,449,3143,31.43,1487.1197757321597,1.025503603612389,49.2147575338459,9.334653467449153,
b22f4f387d,180,450,3150,31.5,1484.8915241858688,1.390088014193155,48.27462138539703,12.057982711201564,
b22f4f387d,180,451,3157,31.57,1478.8054316503938,1.0844594817680804,47.87117447851978,7.907682449362181,
b22f4f387d,180,452,3164,31.64,1476.6982644521393,1.2885393482322645,45.46611667337373,9.577336279591435,
b22f4f387d,180,453,3171,31.71,1471.5193738517619,1.3836805318314693,49.24383256320887,12.022928882923928,
b22f4f387d,180,454,3178,31.78,1464.3209460962141,1.3283567031439583,48.05604039368568,12.582899232848357,
b22f4f387d,180,455,3185,31.85,1456.6946637917808,0.42428283602624695,46.518638639612256,1.6536422783438331,
b22f4f387d,180,456,3192,31.92,1456.2011329385552,1.0167785835878969,47.050337825295976,8.359769263815883,
b22f4f387d,180,457,3199,31.99,1451.3893784848474,1.1790439257804481,46.08647944346675,11.592617098944968,
b22f4f387d,180,458,3206,32.06,1446.3834515639364,1.0009709989789373,45.658119842313965,9.136720703019956,
b22f4f387d,180,459,3213,32.13,1442.017015854969,1.0859961429041727,47.54513333652589,9.399874352683538,
b22f4f387d,180,460,3220,32.2,1436.796368327667,0.946787177819864,47.26587567671991,8.504436496654792,
b22f4f387d,180,461,3227,32.27,1433.3891541421478,0.5150330394230724,48.79817693747337,3.2579979775524897,
b22f4f387d,180,462,3234,32.34,1432.8615716754143,0.5357173105825432,47.0715815634033,3.2660814140426075,
b22f4f387d,180,463,3241,32.41,1431.523375940708,0.7681175108905876,47.338130002368466,7.4565418363607945,
b22f4f387d,180,464,3248,32.48,1429.1046096105242,1.3904226125881487,47.14451041951932,7.158948435176633,
b22f4f387d,180,465,3255,32.55,1421.7493285869064,0.7679049087253251,47.46583723727431,5.742173374751361,
b22f4f387d,180,466,3262,32.62,1419.4166174832142,1.507941702550944,47.028805640880144,6.301474796367228,
b22f4f387d,180,467,3269,32.69,1417.185591318415,1.1643888323063945,47.944949775976404,3.3520695962881737,
b22f4f387d,180,468,3276,32.76,1412.046814461654,0.6041169873108213,47.7015569611067,4.943036765368483,
b22f4f387d,180,469,3283,32.83,1410.695423538693,0.8720589897566889,47.97287818591757,8.26816138249819,
b22f4f387d,180,470,3290,32.9,1407.7106893314212,1.0875593542996922,47.19455883004073,9.794494962229484,
b22f4f387d,180,471,3297,32.97,1402.777910005352,0.8461509089058777,46.610997228524454,4.175185983562979,
b22f4f387d,180,472,3304,33.04,1400.2685084798227,0.7840858902987727,48.41629280670637,3.941392211322484,
b22f4f387d,180,473,3311,33.11,1397.5800452043648,0.8929689983130732,48.80252538973778,8.817713218642256,
b22f4f387d,180,474,3318,33.18,1394.412514090115,1.8764596118033507,51.06494338079081,18.57609156029035,
b22f4f387d,180,475,3325,33.25,1382.0580091212025,1.2103396738935122,49.81743488931612,7.056037425453848,
b22f4f387d,180,476,3332,33.32,1378.1718795107554,1.0160903831993555,49.65936316644703,7.28981997588742,
b22f4f387d,180,477,3339,33.39,1376.5383823551888,1.5203704233810562,51.078922162804425,12.985291007090067,
b22f4f387d,180,478,3346,33.46,1367.2685571219583,0.7731181465189237,52.3105289166006,4.421263445736371,
b22f4f387d,180,479,3353,33.53,1366.62067792577,3.154871497461991,51.82376993190324,6.01705329192555,
b22f4f387d,180,480,3360,33.6,1363.0267684502287,1.7333725963666688,58.00172008582225,4.627078469903666,
b22f4f387d,180,481,3367,33.67,1354.9890577581064,1.1214366412970038,53.12471504023755,4.0603387208856425,
b22f4f387d,180,482,3374,33.74,1352.9633666770978,1.4007153847933886,51.143152066626634,11.639581972584956,
b22f4f387d,180,483,3381,33.81,1345.0489711139965,1.4194503335358617,49.63469347042687,13.19398501558771,
b22f4f387d,180,484,3388,33.88,1339.0051929231038,1.0335090890691885,47.13136474770267,7.116076407002299,
b22f4f387d,180,485,3395,33.95,1335.733050179992,0.7264554076888432,44.99772466303151,5.708285670537401,
b22f4f387d,180,486,3402,34.02,1334.4506813291628,0.6176872691126771,44.00204960673905,2.260279044435647,
b22f4f387d,180,487,3409,34.09,1332.8277568818394,0.821212803166141,44.15390676464153,7.740960569056014,
b22f4f387d,180,488,3416,34.16,1329.823609436489,0.9323107296408141,43.46304733765494,8.045636327012685,
b22f4f387d,180,489,3423,34.23,1327.578492406555,0.7246429692823565,44.02335568926944,6.194456577985343,
b22f4f387d,180,490,3430,34.3,1326.5554162210256,0.874456757555048,42.987466007220895,7.417070785207257,
b22f4f387d,180,491,3437,34.37,1324.2596122755617,0.7304388932478993,44.46885802098505,6.077863136917453,
b22f4f387d,180,492,3444,34.44,1323.0119557184921,0.8798879586772004,42.74231514652923,7.9171785677860385,
b22f4f387d,180,493,3451,34.51,1319.995188332482,0.5443643438440272,43.64577605119292,4.177455788281153,
b22f4f387d,180,494,3458,34.58,1318.9564204209626,1.3197236668708112,42.18651204005998,5.926465443303769,
b22f4f387d,180,495,3465,34.65,1318.9231405925934,1.190171080198321,46.81574830157162,5.231709216736866,
b22f4f387d,180,496,3472,34.72,1314.0494089193626,1.0185903551626012,43.02020983804956,8.706095124837022,
b22f4f387d,180,497,3479,34.79,1309.7642183807936,0.9459908366017453,44.40311281680642,8.95209445921501,
b22f4f387d,180,498,3486,34.86,1307.0314358945566,1.3671529599991508,43.166148758868374,10.866361195857012,
b22f4f387d,180,499,3493,34.93,1298.231661383653,0.5545079189917231,42.036002668213435,2.0388910123568196,
b22f4f387d,180,500,3500,35.0,1296.6375967315876,0.5045261264555105,41.741321640271195,4.106717650828528,
b22f4f387d,180,501,3507,35.07,1295.6761202980056,1.0124210778647025,41.71392900318009,10.091248509464824,
b22f4f387d,180,502,3514,35.14,1291.7124535821758,1.001742353246024,41.1461092640871,9.740034965998436,
b22f4f387d,180,503,3521,35.21,1287.8585581626176,1.8715538977250643,38.538264993195284,8.772003143160163,
b22f4f387d,180,504,3528,35.28,1287.8312399899273,1.4768829153981489,44.531642318489595,11.879312688362532,
b22f4f387d,180,505,3535,35.35,1280.076964412838,0.6295066666358191,42.92406328101484,3.2594012184070706,
b22f4f387d,180,506,3542,35.42,1278.2631588874583,0.449836763156001,40.70215389144656,4.080561574389577,
b22f4f387d,180,507,3549,35.49,1277.5636229141708,1.1979987717993559,41.40536253775404,7.511591159645801,
b22f4f387d,180,508,3556,35.56,1273.2319565812763,0.9309165036636383,44.64827090319619,8.10208927037088,
b22f4f387d,180,509,3563,35.63,1270.1263599796116,0.9377208022192901,41.71149380488142,8.656633359528264,
b22f4f387d,180,510,3570,35.7,1265.5249763097313,1.317415191581523,44.642115598990685,9.767039277366127,
b22f4f387d,180,511,3577,35.77,1258.8915815126084,0.8139771908108013,40.83885482448116,6.178992482767267,
b22f4f387d,180,512,3584,35.84,1256.7696202200818,0.6194820575378938,40.70145529049888,4.617495583602801,
b22f4f387d,180,513,3591,35.91,1255.3493794746503,0.9392960154550907,40.559304564812074,6.835522457214462,
b22f4f387d,180,514,3598,35.98,1251.176893585618,1.2584650748126287,40.935099728888986,8.028758635320207,
b22f4f387d,180,515,3605,36.05,1246.7193564243742,0.8400187237140424,39.65400583694562,4.238336875291042,
b22f4f387d,180,516,3612,36.12,1245.1698037952124,0.7978284312833847,38.748929228728464,6.30229544313249,
b22f4f387d,180,517,3619,36.19,1244.1079795173303,0.7527586122362941,38.92477663036435,2.580083250655462,
b22f4f387d,180,518,3626,36.26,1241.787207643212,0.714345046398344,37.498753846496356,6.648310835955838,
b22f4f387d,180,519,3633,36.33,1239.5828055023503,1.1737485628219992,40.4430722490143,8.255668276705846,
b22f4f387d,180,520,3640,36.4,1233.575195977218,0.7549003700516499,38.5868691818367,3.472991691263995,
b22f4f387d,180,521,3647,36.47,1231.6210498504458,1.0097923965582716,39.1036602162264,9.212938591051959,
b22f4f387d,180,522,3654,36.54,1231.223877325063,1.1774894064353978,42.28521396110138,5.592948603034333,
b22f4f387d,180,523,3661,36.61,1230.1692603122015,0.7832981333821258,40.074261719691414,10.526425822434991,
b22f4f387d,180,524,3668,36.68,1224.0072159043036,0.6023474449212377,39.491941859745566,5.641484302542604,
b22f4f387d,180,525,3675,36.75,1223.0209933403926,0.58589787644177,39.91175300456631,2.969555954396443,
b22f4f387d,180,526,3682,36.82,1221.9078855864468,0.705141559035406,40.6756207339911,6.356694137715067,
b22f4f387d,180,527,3689,36.89,1220.4524773151886,2.681752126110818,41.419803638967686,13.256643814815837,
b22f4f387d,180,528,3696,36.96,1219.5311147625855,1.7841325169143538,50.63243001985667,7.888080521553032,
b22f4f387d,180,529,3703,37.03,1212.7477638749997,1.586577555217754,46.638410664929175,9.192153412471665,
b22f4f387d,180,530,3710,37.1,1207.6784035659982,1.3959469428910167,46.79289786144272,9.150550321055473,
b22f4f387d,180,531,3717,37.17,1206.5230968882759,1.522846346560133,45.183210843251366,9.387511364873978,
b22f4f387d,180,532,3724,37.24,1201.9984546879975,1.2215153361490518,45.35911703227543,4.761394978881308,
b22f4f387d,180,533,3731,37.31,1201.0991954536069,1.3465699957821275,45.670078606103566,8.077337906191424,
b22f4f387d,180,534,3738,37.38,1199.8813533337363,1.6561798905872411,45.277499613944954,10.933103814701063,
b22f4f387d,180,535,3745,37.45,1196.2688696960117,1.3757133312999752,42.946601677630504,4.6327747084172834,
b22f4f387d,180,536,3752,37.52,1195.7645364426573,0.7603668972595646,43.02751875478235,8.193358303685272,
b22f4f387d,180,537,3759,37.59,1190.5291407188695,0.820692408318739,38.75587818414347,7.440592691004628,
b22f4f387d,180,538,3766,37.66,1187.3846815538463,0.6100528767683137,37.86105762271328,6.010947554514072,
b22f4f387d,180,539,3773,37.73,1186.2677120056887,0.9492271435786082,39.606889451815825,8.754501008426057,
b22f4f387d,180,540,3780,37.8,1182.358746467653,0.6229627782460839,40.12970516294258,3.618166194853889,
b22f4f387d,180,541,3787,37.87,1181.5338024689906,0.8196708301945261,39.269485027793685,6.5634908200438735,
b22f4f387d,180,542,3794,37.94,1178.7164950092458,0.8729103426032973,41.027230969227304,8.585779328568485,
b22f4f387d,180,543,3801,38.01,1176.617723582568,1.121215846484611,41.438644430604874,10.733633863523048,
b22f4f387d,180,544,3808,38.08,1170.9938740126004,1.0829390464085475,42.73922937080661,10.429980781193837,
b22f4f387d,180,545,3815,38.15,1167.1553857938216,0.8838777751613773,42.32034833544114,7.4999531842398595,
b22f4f387d,180,546,3822,38.22,1163.5375192980973,1.083551955923714,43.436747400925256,10.271999708443897,
b22f4f387d,180,547,3829,38.29,1158.9487839445467,0.9025976423342081,44.014080469456694,8.228963316439817,
b22f4f387d,180,548,3836,38.36,1155.6390925783678,0.555984589306782,44.500895303187924,4.0748457327549845,
b22f4f387d,180,549,3843,38.43,1154.8657071132461,1.2405951699214597,44.513624331138395,10.929383383898392,
b22f4f387d,180,550,3850,38.5,1148.6205731083726,0.9070824420023595,45.46719413566047,2.1978164303022725,
b22f4f387d,180,551,3857,38.57,1144.939481988236,1.2970315711807132,45.386702685154034,12.965402204890696,
b22f4f387d,180,552,3864,38.64,1139.5086746864501,0.9820039093929019,44.653776112316535,8.950212328234763,
b22f4f387d,180,553,3871,38.71,1136.1758459349523,1.4638117879600354,44.605939500654266,14.580530987106656,
b22f4f387d,180,554,3878,38.78,1128.5549423448092,0.8719049349272818,45.57638724875099,7.730211987410209,
b22f4f387d,180,555,3885,38.85,1126.3534983689638,0.6343776092240592,44.939361487493706,5.173249058245102,
b22f4f387d,180,556,3892,38.92,1125.2124567449475,0.8074512835576121,43.42740934226196,6.577424774551479,
b22f4f387d,180,557,3899,38.99,1122.5823810168047,0.5370811463708276,44.477674598711225,4.636579085191362,
b22f4f387d,180,558,3906,39.06,1121.8046942657643,0.7175068909588158,44.2128694461049,1.7595914423423544,
b22f4f387d,180,559,3913,39.13,1120.3870906389734,0.7116385660374522,42.99968289567076,5.528648986345202,
b22f4f387d,180,560,3920,39.2,1118.2819834176037,0.7756040109682424,43.507443763906785,7.414743046854258,
b22f4f387d,180,561,3927,39.27,1115.715589342694,0.6885448497634146,41.30382065002283,5.884726398436243,
b22f4f387d,180,562,3934,39.34,1114.3985541009677,1.4075491141207461,43.31603527535483,11.068649824097555,
b22f4f387d,180,563,3941,39.41,1106.8984629923727,0.993773161354735,41.32866075393352,2.028811954795967,
b22f4f387d,180,564,3948,39.48,1104.323146949853,0.9614192161970141,43.026615420929694,8.412358137531372,
b22f4f387d,180,565,3955,39.55,1101.978570945478,0.6087893399154911,43.018435569729036,2.96033814633048,
b22f4f387d,180,566,3962,39.62,1100.7229339753922,1.8580219945537226,41.39057677088058,6.126738581398117,
b22f4f387d,180,567,3969,39.69,1100.0385886860456,1.352379061481011,44.592652724133615,8.088547385323636,
b22f4f387d,180,568,3976,39.76,1091.860816321672,0.7946797558612247,42.91716645752025,2.75013033258958,
b22f4f387d,180,569,3983,39.83,1089.121130685326,0.7725906371817584,41.19853876401312,6.113515626034375,
b22f4f387d,180,570,3990,39.9,1086.9608841706797,0.7080183956729603,41.88603941881088,4.748907137460199,
b22f4f387d,180,571,3997,39.97,1085.716185653981,0.5734523864793949,40.82875664169482,4.284486633160915,
b22f4f387d,180,572,4004,40.04,1084.1519984117695,0.897036304803754,40.81476876463331,8.521152994858324,
b22f4f387d,180,573,4011,40.11,1080.5284776085978,0.7993418892187307,40.820935804390494,7.777249753619779,
b22f4f387d,180,574,4018,40.18,1077.4368535498409,0.5901060776516807,41.50005702255706,5.543560198781904,
b22f4f387d,180,575,4025,40.25,1076.656360790328,0.6639762139295983,40.89630562777122,5.784475122056055,
b22f4f387d,180,576,4032,40.32,1075.0377796697278,0.6141093971831642,40.62535731223708,4.081398017444842,
b22f4f387d,180,577,4039,40.39,1073.9281828291812,0.8658157361432703,40.97827175872366,7.813870432816483,
b22f4f387d,180,578,4046,40.46,1071.1902070782069,0.3808957863728645,41.40164926506475,1.4459151078358052,
b22f4f387d,180,579,4053,40.53,1070.609866685822,0.46890403905013006,41.28482599024537,4.646705520337506,
b22f4f387d,180,580,4060,40.6,1069.8139744822054,1.0213546027863727,41.739606547186526,9.983761772554962,
b22f4f387d,180,581,4067,40.67,1066.9235389645255,0.87531732317407,45.78022967573758,6.994578289140767,
b22f4f387d,180,582,4074,40.74,1063.9230809779704,0.7304919232126333,43.47934033370192,5.758764902776886,
b22f4f387d,180,583,4081,40.81,1062.3421588547776,0.464524266063177,44.419455292215545,3.3591055229088362,
b22f4f387d,180,584,4088,40.88,1061.4532595499645,0.4175836131221292,43.03667200788959,3.488806607370333,
b22f4f387d,180,585,4095,40.95,1060.655790862918,0.8421722498539126,43.61037876706094,4.791180908303442,
b22f4f387d,180,586,4102,41.02,1058.2086747311328,0.9701779283297032,42.07509530522112,7.424603921970406,
b22f4f387d,180,587,4109,41.09,1055.6271514505777,0.7296269095901907,41.92338158100206,5.505672108410511,
b22f4f387d,180,588,4116,41.16,1053.9839734974485,1.2735277253447148,41.586841771240884,8.106515895495356,
b22f4f387d,180,589,4123,41.23,1048.2903067228453,0.9421373321687508,41.00682698299979,2.894347313061452,
b22f4f387d,180,590,4130,41.3,1046.8184349915232,1.4251369407441499,40.78203974290525,12.328844283734341,
b22f4f387d,180,591,4137,41.37,1042.1415371307155,1.1853882253938595,41.08954420579839,6.22231693980576,
b22f4f387d,180,592,4144,41.44,1041.1377948959891,1.3603672856504472,40.49067847117985,8.894544607392824,
b22f4f387d,180,593,4151,41.51,1037.7001482664457,1.0802552659648843,39.19544963870273,2.9403739306204466,
b22f4f387d,180,594,4158,41.58,1037.6596435284148,1.3320364963098383,39.41130811408594,5.532881705363169,
b22f4f387d,180,595,4165,41.65,1036.9538334482054,1.4060396970661078,38.10270279957151,4.938810900795288,
b22f4f387d,180,596,4172,41.72,1035.127580965579,1.275765078121563,37.92448547454838,4.069851022206197,
b22f4f387d,180,597,4179,41.79,1033.7186144797909,1.4301266534563286,36.30900410174435,8.67761459409643,
b22f4f387d,180,598,4186,41.86,1032.1034235598377,0.7048333925801249,39.80392021904132,2.131097024322048,
b22f4f387d,180,599,4193,41.93,1027.2711692089051,0.6823745942887547,34.74313281989993,5.868492944198276,
b22f4f387d,180,600,4200,42.0,1025.6895354904425,0.3985418617855854,35.92742999957147,2.471411390010211,
b22f4f387d,180,601,4207,42.07,1025.372673841491,0.5725548886726766,35.52549798319147,3.8441107883611276,
b22f4f387d,180,602,4214,42.14,1024.562759141972,1.145546877943757,35.001918621192175,10.824326405590122,
b22f4f387d,180,603,4221,42.21,1018.7254658877008,0.7768940743240265,35.03502519734672,6.337672123902499,
b22f4f387d,180,604,4228,42.28,1016.6092063304573,0.3104893655982077,34.57478046813229,2.1423037113317953,
b22f4f387d,180,605,4235,42.35,1016.3529560046019,0.6937088305861459,34.441225729968906,6.553863876161133,
b22f4f387d,180,606,4242,42.42,1015.169542549945,0.5658659495909114,36.004841683611,4.145632919919372,
b22f4f387d,180,607,4249,42.49,1014.688046206067,0.6351835816775961,35.5379798443978,1.5634438782057614,
b22f4f387d,180,608,4256,42.56,1013.8330830067969,0.6245029580297636,36.38513819063752,3.9527841422453958,
b22f4f387d,180,609,4263,42.63,1013.5261366706329,0.8610772413598612,36.31444915125466,7.778700296855842,
b22f4f387d,180,610,4270,42.7,1012.290605295212,1.0032260206752903,37.99267059256325,7.132242104287224,
b22f4f387d,180,611,4277,42.77,1009.0201833341589,0.7167688317673069,38.650531293221356,1.7309819491907688,
b22f4f387d,180,612,4284,42.84,1007.7255873739563,0.7478321459738942,40.09960858946176,3.1899755991103618,
b22f4f387d,180,613,4291,42.91,1005.8401020302864,0.40069655558722617,38.8336395861342,1.8253228098725998,
b22f4f387d,180,614,4298,42.98,1005.3200774402038,1.1963397322267055,39.37353317537061,10.05270351790264,
b22f4f387d,180,615,4305,43.05,1002.3375114579003,1.1040835495587404,40.18821885433603,7.733450441064057,
b22f4f387d,180,616,4312,43.12,1000.4824680174444,1.234390343364453,39.487504962628705,5.27970650060067,
b22f4f387d,180,617,4319,43.19,998.8902954860962,1.3267586963431524,39.133128077276524,9.20059985614345,
b22f4f387d,180,618,4326,43.26,996.7254463193924,1.1310412748468661,37.82077380409556,2.5670894217704454,
b22f4f387d,180,619,4333,43.33,996.2495585731135,1.1393014231080538,37.228916474515685,2.739839259899376,
b22f4f387d,180,620,4340,43.4,995.1053838862398,1.2106288365177391,37.12375627149013,6.644817498768217,
b22f4f387d,180,621,4347,43.47,993.9025646499007,0.7582795206251131,37.277117173718594,9.87515212306215,
b22f4f387d,180,622,4354,43.54,988.3247639388978,0.785510633794233,34.682215923312,1.5567193280212726,
b22f4f387d,180,623,4361,43.61,985.3356323746551,0.7291264651224215,35.22083983351078,5.359580211927911,
b22f4f387d,180,624,4368,43.68,983.9274022398176,0.7157370716479542,34.997052279239554,5.4429042887495385,
b22f4f387d,180,625,4375,43.75,982.9275713828736,0.6244519436383071,34.63628435728117,3.5180161450215652,
b22f4f387d,180,626,4382,43.82,981.661647428317,0.33506888878099494,34.024926125821544,2.1578950691328265,
b22f4f387d,180,627,4389,43.89,981.3105200625863,0.47002523579477523,33.658717077058604,3.920870696426535,
b22f4f387d,180,628,4396,43.96,980.6836585345168,0.5806769745372955,34.1187436717922,5.515764571215939,
b22f4f387d,180,629,4403,44.03,979.375975716684,0.5749319072812282,33.05296132127409,5.3037014262928,
b22f4f387d,180,630,4410,44.1,977.9556839649257,0.8911415003019638,33.95673823623655,1.9570294610996704,
b22f4f387d,180,631,4417,44.17,975.5064615346,1.1030515319713687,33.245360853031535,8.221631732682715,
b22f4f387d,180,632,4424,44.24,973.842918251996,0.969003154567476,36.470075348307965,5.6929708863538036,
b22f4f387d,180,633,4431,44.31,972.8944786306505,1.0817119626155942,33.624276782799406,7.086682754908266,
b22f4f387d,180,634,4438,44.38,970.416969186334,0.7657352778988264,36.16668314834724,2.3520222887626123,
b22f4f387d,180,635,4445,44.45,969.9040850574106,0.8679925828417747,34.11776610942367,2.430669570484618,
b22f4f387d,180,636,4452,44.52,968.6479947815195,0.7288686633906951,35.69847966022751,3.6410181772902517,
b22f4f387d,180,637,4459,44.59,967.4870324357769,0.5883674510867322,33.36426857097905,3.8907593278698536,
b22f4f387d,180,638,4466,44.66,966.4881347928971,0.5604529762028243,34.25019066631287,4.954012412381459,
b22f4f387d,180,639,4473,44.73,965.728768250056,0.6459963697031371,33.630756400262875,5.061955473862506,
b22f4f387d,180,640,4480,44.8,964.144487460679,0.6834560326296983,33.57011197753361,6.797987382093996,
b22f4f387d,180,641,4487,44.87,962.2329541088795,0.949382342263322,34.08992862615676,9.270082525745371,
b22f4f387d,180,642,4494,44.94,959.032808588614,0.5397865366028929,34.71922460899333,3.7654636948709386,
b22f4f387d,180,643,4501,45.01,958.102619047903,0.7679032509533938,34.14990328298574,6.941317120358265,
b22f4f387d,180,644,4508,45.08,956.2016688432982,0.5126670640237567,34.62420454965354,4.360474334824704,
b22f4f387d,180,645,4515,45.15,955.5116759655441,0.6577610225337023,33.171175461602964,4.970334604328454,
b22f4f387d,180,646,4522,45.22,953.5954630782019,0.5515483187022315,33.507571314150496,5.446772742352615,
b22f4f387d,180,647,4529,45.29,952.1801641284233,0.7195989198911955,32.62830146444748,6.864471841914787,
b22f4f387d,180,648,4536,45.36,949.8117814326849,0.8471243612981961,33.751188615808886,8.391321471296962,
b22f4f387d,180,649,4543,45.43,947.1123865748921,1.0143462333226043,35.425148433954355,9.86890010736315,
b22f4f387d,180,650,4550,45.5,944.7125242235293,1.133265558738067,36.1704976016237,8.545511863502043,
b22f4f387d,180,651,4557,45.57,940.3744548859378,0.7236731566814294,34.8557218586042,4.570957087907048,
b22f4f387d,180,652,4564,45.64,939.1211893237894,0.8207027302745892,34.56803525416627,7.096975141610919,
b22f4f387d,180,653,4571,45.71,936.814717728615,0.658451664373768,35.18122880645767,5.172205443923593,
b22f4f387d,180,654,4578,45.78,935.400328081553,0.4336782957760716,35.47442347105564,1.8508210100112819,
b22f4f387d,180,655,4585,45.85,934.7010106896037,0.5317792460145744,36.084639975010944,5.185761804823047,
b22f4f387d,180,656,4592,45.92,933.5350804834053,0.9617623392259385,37.24088544519117,9.016193077495759,
b22f4f387d,180,657,4599,45.99,929.8887957833609,0.8755415769950596,36.26632953001715,7.134565440197653,
b22f4f387d,180,658,4606,46.06,927.97595415664,0.7921543684149928,36.502133954861,1.7123247596637414,
b22f4f387d,180,659,4613,46.13,927.7706095684596,0.5511814814702146,39.77512742611689,1.6335064332516578,
b22f4f387d,180,660,4620,46.2,924.748973231622,0.6775064453548454,36.588854404448306,6.8316441341859315,
b22f4f387d,180,661,4627,46.27,923.5759636873727,0.6240587516174688,39.84701207133694,4.326894397879002,
b22f4f387d,180,662,4634,46.34,922.7144225268266,0.7776171006536094,37.57484763398086,6.601002599871419,
b22f4f387d,180,663,4641,46.41,920.6617509045732,0.49813906952305936,39.94128336627241,1.8907141576757829,
b22f4f387d,180,664,4648,46.48,920.0695519770345,0.47987472620323657,38.184397305400374,4.13688778216417,
b22f4f387d,180,665,4655,46.55,919.5979823717743,0.9494642482226648,38.41698822170383,9.076619053226457,
b22f4f387d,180,666,4662,46.62,916.5542835006842,0.5852610951016555,34.47148092103708,3.7779947521710704,
b22f4f387d,180,667,4669,46.69,915.3192880384321,0.7701376269620308,34.56445870298173,7.6832019637514835,
b22f4f387d,180,668,4676,46.76,913.4859491562801,0.7568301583353764,33.591852839302845,4.888254688514641,
b22f4f387d,180,669,4683,46.83,913.12642657054,1.0384148237751503,34.24409917516541,7.9982035858747595,
b22f4f387d,180,670,4690,46.9,910.6816803872506,0.8415293762842628,34.333823016950085,3.9825517860389295,
b22f4f387d,180,671,4697,46.97,909.631323705408,1.0245342907916117,34.90084523194078,5.915120177646624,
b22f4f387d,180,672,4704,47.04,909.4365976814813,1.145053032102942,36.151839985751096,4.617496131045574,
b22f4f387d,180,673,4711,47.11,909.0540748191405,1.1998299587716192,33.83291152321202,5.284599868782664,
b22f4f387d,180,674,4718,47.18,908.2446736959198,1.2491524553432398,36.47189201249768,4.651468190721686,
b22f4f387d,180,675,4725,47.25,907.4550897006656,0.6366559127442818,35.161208041595835,5.309584103973813,
b22f4f387d,180,676,4732,47.32,903.6267307794049,0.8390477017104386,32.71504277919387,7.303666881701283,
b22f4f387d,180,677,4739,47.39,902.2915118730597,0.3852345986252549,33.34292299413599,5.145548834716672,
b22f4f387d,180,678,4746,47.46,900.9009945323327,0.7474995427249412,31.71052773528033,6.463446353721219,
b22f4f387d,180,679,4753,47.53,898.5713796414285,0.7615741436927214,31.648574191230086,7.082487699311047,
b22f4f387d,180,680,4760,47.6,897.6609651601864,0.8574996579700472,30.305840212434866,6.168605161117911,
b22f4f387d,180,681,4767,47.67,895.0073293550333,0.8062164920287513,30.004413748428696,5.87158012354032,
b22f4f387d,180,682,4774,47.74,893.0651247193265,0.6669546201332207,32.36248961225128,3.9159830691224484,
b22f4f387d,180,683,4781,47.81,892.0076007468226,0.6581526920485644,30.89066353760785,4.539385238617777,
b22f4f387d,180,684,4788,47.88,890.8664276028634,1.0449885352408768,32.824670314899755,8.964161982627644,
b22f4f387d,180,685,4795,47.95,888.3037943917103,0.8280659252643296,34.96184616056806,3.664153360479624,
b22f4f387d,180,686,4802,48.02,887.0584834204897,0.7813289594118012,33.01911244816386,5.046447754171958,
b22f4f387d,180,687,4809,48.09,886.0127281040499,1.1764422788466058,34.48711394606481,8.749677678636699,
b22f4f387d,180,688,4816,48.16,882.471985515313,1.0087933150417363,35.75397236250382,4.988039779747395,
b22f4f387d,180,689,4823,48.23,881.4547627808039,1.2421750254912929,35.6336812974385,10.285899890580687,
b22f4f387d,180,690,4830,48.3,876.0733776054308,0.7954468961795234,33.35514241822753,5.371826128747095,
b22f4f387d,180,691,4837,48.37,875.1680789927174,0.6492111223683602,33.53300411664517,4.6579053102929935,
b22f4f387d,180,692,4844,48.44,874.6359358813171,0.5362126379336587,32.181589012778204,1.726751994130261,
b22f4f387d,180,693,4851,48.51,874.1669245387932,0.46444543990433795,32.53368289019228,2.5062974491956687,
b22f4f387d,180,694,4858,48.58,873.601675426841,0.7132489347762102,31.068026865965816,6.576300537996747,
b22f4f387d,180,695,4865,48.65,872.5752864478218,0.6645865482605897,34.08046213876331,2.448639370752294,
b22f4f387d,180,696,4872,48.72,871.2276766005934,0.5517998771945212,31.70921057260756,4.589798165557035,
b22f4f387d,180,697,4879,48.79,869.8102545419957,0.7612580960764811,32.49641150974254,5.809918136973135,
b22f4f387d,180,698,4886,48.86,867.6856902105588,0.3613301625556351,32.16196051599823,1.3521073788202222,
b22f4f387d,180,699,4893,48.93,867.3389770163942,0.5303728525876791,31.298373166652123,4.875102005386704,
b22f4f387d,180,700,4900,49.0,866.1003745009268,0.7318009180634005,30.416882128853402,4.866169661713314,
b22f4f387d,180,701,4907,49.07,864.3457621128645,0.47624442420406893,31.318893558544048,3.5140670696133443,
b22f4f387d,180,702,4914,49.14,863.6711821144067,0.3402486736230516,30.515867050953887,2.470942754592272,
b22f4f387d,180,703,4921,49.21,863.3149001323646,0.6978810466041124,31.06967100261696,6.243270074388474,
b22f4f387d,180,704,4928,49.28,862.048369305895,0.8137033963813505,32.41466096216741,5.804602318701844,
b22f4f387d,180,705,4935,49.35,860.328568958006,0.42993483727289883,29.794891731193225,1.1360433369321783,
b22f4f387d,180,706,4942,49.42,859.9544482530436,0.6710726666785842,30.4263104914343,6.020081011379253,
b22f4f387d,180,707,4949,49.49,858.9708760912624,0.7299328529208573,30.65244596913805,4.917118406509524,
b22f4f387d,180,708,4956,49.56,858.1130833725781,0.732070911111953,30.648306973304354,5.490097424072507,
b22f4f387d,180,709,4963,49.63,857.726790480314,0.6560986701959852,30.402204870376032,1.9951532559698595,
b22f4f387d,180,710,4970,49.7,857.4274783589184,0.8059485003318485,29.745625760550062,5.053097842620703,
b22f4f387d,180,711,4977,49.77,856.8310125762006,1.0059216914867515,30.3589937422904,6.79461730506244,
b22f4f387d,180,712,4984,49.84,855.2655119104171,1.250946905565393,30.47021023322761,10.770309537357827,
b22f4f387d,180,713,4991,49.91,851.9803730986745,0.8300296552293603,31.901864272487796,2.0276539886967746,
b22f4f387d,180,714,4998,49.98,850.2277409980496,0.5297777273421161,28.956115025760162,2.9360208834023465,
b22f4f387d,180,715,5005,50.05,849.4493346383233,0.7114386724727009,29.426485894019354,5.062718213991821,
b22f4f387d,180,716,5012,50.12,848.3475518902865,0.5249826755097585,28.74848741161793,3.1692343021233014,
b22f4f387d,180,717,5019,50.19,847.2898157679872,0.7230727294683892,27.652218726524396,4.66441229067664,
b22f4f387d,180,718,5026,50.26,846.4587352863471,0.6256497644982993,29.16553697196586,2.716270385699373,
b22f4f387d,180,719,5033,50.33,845.590370557419,0.5465447979180883,26.795675704185822,4.2162576921433175,
b22f4f387d,180,720,5040,50.4,844.8979173492772,0.5017810585468645,27.43480683168442,3.618816424756294,
b22f4f387d,180,721,5047,50.47,844.6767440069176,0.5927928272102323,26.801482534427606,4.279760853816474,
b22f4f387d,180,722,5054,50.54,843.845686581419,0.9129100336971887,27.102241448479393,8.10616437396456,
b22f4f387d,180,723,5061,50.61,842.1521899637045,0.7874995092133773,28.32419338234428,5.077322656445835,
b22f4f387d,180,724,5068,50.68,841.3016605724357,0.6385918525565878,27.516660089600837,2.1146177635102927,
b22f4f387d,180,725,5075,50.75,840.9311230682633,0.630129463725571,27.95543686114817,4.327487167499026,
b22f4f387d,180,726,5082,50.82,840.4269476071001,0.886883321847658,27.375539669736614,8.06092321265636,
b22f4f387d,180,727,5089,50.89,838.1510082453242,0.6730653969048592,28.129631347995694,4.078713976888466,
b22f4f387d,180,728,5096,50.96,837.3938434421189,0.9569172515498736,28.035816079286832,6.74410818323526,
b22f4f387d,180,729,5103,51.03,834.9830807981027,0.9097694386801328,29.970021146481646,7.8916674570136855,
b22f4f387d,180,730,5110,51.1,832.8829558679661,0.9827110020344969,28.696692333335346,6.737998606761972,
b22f4f387d,180,731,5117,51.17,831.8986083081822,1.0079817982150134,29.891027305230047,6.4208292083557295,
b22f4f387d,180,732,5124,51.24,831.6684319932168,0.5956209760302605,30.140547989920698,5.375036305571862,
b22f4f387d,180,733,5131,51.31,828.0507776877974,0.6489380605039247,27.005795837867613,6.342321169012867,
b22f4f387d,180,734,5138,51.38,827.2043271056766,0.704249011408891,29.384618874765057,6.361990524062816,
b22f4f387d,180,735,5145,51.45,826.0805690105384,0.5406224453820325,27.118050222541694,1.0269687839142343,
b22f4f387d,180,736,5152,51.52,825.6285774870835,0.7190808390141271,27.986207883107156,2.929565448307593,
b22f4f387d,180,737,5159,51.59,824.3871834588089,0.46768469567376614,27.962685507301266,3.0119075786219573,
b22f4f387d,180,738,5166,51.66,823.8242285137773,0.59440141560294,27.908871663578505,4.435354420951258,
b22f4f387d,180,739,5173,51.73,823.0316623441671,0.7085812287083254,27.8096302632096,2.8275656316927393,
b22f4f387d,180,740,5180,51.8,822.234239336301,1.0323354371130293,28.86133238853003,9.09938422282641,
b22f4f387d,180,741,5187,51.87,821.6210396935965,0.5166193416198245,31.03694824629408,3.9450731987180574,
b22f4f387d,180,742,5194,51.94,818.9944373782412,0.43745038848031886,27.539329130110964,4.4665749189687665,
b22f4f387d,180,743,5201,52.01,818.2469961851394,0.4659363147378462,27.26123923715741,4.079022202247175,
b22f4f387d,180,744,5208,52.08,817.5884948729989,0.5655634222282253,26.52963652728594,5.344227283535656,
b22f4f387d,180,745,5215,52.15,817.0975669267831,0.6196398412146935,27.06823526709869,4.2204245213618945,
b22f4f387d,180,746,5222,52.22,815.6173249298797,0.48561159971184975,25.832279877974468,3.9231419601631585,
b22f4f387d,180,747,5229,52.29,815.0257923287427,0.4337593450015406,25.675535401093327,2.4993271308512504,
b22f4f387d,180,748,5236,52.36,814.6646033283106,0.6167462350324964,25.603526694856317,5.633886742825011,
b22f4f387d,180,749,5243,52.43,813.3980661743615,0.3701718561071561,27.89491649064812,2.3663938127425737,
b22f4f387d,180,750,5250,52.5,812.8758216030809,0.22101312825445507,26.837592637258265,1.911706087055236,
b22f4f387d,180,751,5257,52.57,812.6535711268369,0.3292317935021439,27.122543719837108,2.2953250252702575,
b22f4f387d,180,752,5264,52.64,812.2289138089548,0.5628176841014635,26.302090042359353,5.349041100947571,
b22f4f387d,180,753,5271,52.71,811.4084755801763,0.38504783992722036,27.467494634865687,0.43829131081990563,
b22f4f387d,180,754,5278,52.78,811.0396125766226,0.5989463949572628,26.088678836610434,5.211397731865307,
b22f4f387d,180,755,5285,52.85,809.755582434798,0.3653561483866869,27.691815268081122,3.3372115722491347,
b22f4f387d,180,756,5292,52.92,809.5144302426255,0.7854752320553977,27.643683677823265,7.208956679392638,
b22f4f387d,180,757,5299,52.99,808.4122977360233,0.9640544723145785,29.342745363155434,6.6743333738214865,
b22f4f387d,180,758,5306,53.06,807.4441976294794,0.8160134098917157,26.84546356196031,2.50651406921279,
b22f4f387d,180,759,5313,53.13,806.6785827187645,0.7097350542951375,26.67191994312876,2.1500654122719394,
b22f4f387d,180,760,5320,53.2,806.014807151394,0.8808154054952902,25.805611767138576,6.754636064802744,
b22f4f387d,180,761,5327,53.27,803.7944436567473,0.5673366909017792,27.383249233232615,2.064495558410135,
b22f4f387d,180,762,5334,53.34,803.3318192772152,0.5079292489821414,26.660399488964604,3.2040329554238727,
b22f4f387d,180,763,5341,53.41,802.8970156429392,0.5830772714354553,26.089595014236213,5.0852614553432876,
b22f4f387d,180,764,5348,53.48,802.0642559916914,0.551892977864233,26.015994178570647,3.6543687629669255,
b22f4f387d,180,765,5355,53.55,801.2202120996421,0.7858345497585321,26.30651121758483,6.9360799381930365,
b22f4f387d,180,766,5362,53.62,800.0924768689449,0.5957666274090713,26.240733840664642,1.1958149500053157,
b22f4f387d,180,767,5369,53.69,799.3651390362601,0.6274316984323819,24.896296948793065,5.361951265672469,
b22f4f387d,180,768,5376,53.76,798.0927269895723,0.45755854213963015,26.050719703520965,2.457548678162152,
b22f4f387d,180,769,5383,53.83,797.6487893606355,0.4453137396636602,26.61563294245767,1.7838460631785114,
b22f4f387d,180,770,5390,53.9,797.0885051406859,0.7643981412976055,25.480382742403556,6.333689499212178,
b22f4f387d,180,771,5397,53.97,795.0122072911353,0.6093321178551817,25.688930173290657,5.722509052493372,
b22f4f387d,180,772,5404,54.04,794.337977785177,0.6946662626995832,26.172449686714046,5.824621170127558,
b22f4f387d,180,773,5411,54.11,793.110461371078,0.5461369901993114,25.82379884645788,4.149596771023712,
b22f4f387d,180,774,5418,54.18,792.5679146321966,0.7263554345350227,25.02855004449996,6.663749588037961,
b22f4f387d,180,775,5425,54.25,790.9902720064017,0.7871233596637309,25.15642106558698,5.841208744174172,
b22f4f387d,180,776,5432,54.32,789.8075787448574,0.6538706147546972,25.57309464862995,1.710923586699674,
b22f4f387d,180,777,5439,54.39,789.2972042055899,0.8715931205806449,25.25619911121836,5.893321672228403,
b22f4f387d,180,778,5446,54.46,787.8605291127553,0.6966499578945514,27.3949259886069,2.513751672485671,
b22f4f387d,180,779,5453,54.53,787.5747335821486,0.754634403064888,25.272945192324975,4.734357220840456,
b22f4f387d,180,780,5460,54.6,786.5632227908017,0.6750157197729707,26.17802887837424,3.6355269492851305,
b22f4f387d,180,781,5467,54.67,785.6159803007074,0.4491369083716666,25.868932018137208,1.3439597035703756,
b22f4f387d,180,782,5474,54.74,785.122019079744,0.3546970309253339,25.385383805636042,2.3882438391616345,
b22f4f387d,180,783,5481,54.81,784.8093988869543,0.46340358756435984,24.457059362631227,3.2401858800737253,
b22f4f387d,180,784,5488,54.88,784.128538608188,0.6520233027139368,25.078952613174962,5.48290464445838,
b22f4f387d,180,785,5495,54.95,782.7082751127226,0.4636761512954829,25.29165957699817,3.2704792053008833,
b22f4f387d,180,786,5502,55.02,782.5396843207768,0.6118128921251537,25.97999303301196,3.267660279948234,
b22f4f387d,180,787,5509,55.09,782.3437254368038,0.7191662942632518,26.697019923746897,3.2156205934004376,
b22f4f387d,180,788,5516,55.16,781.2272070533095,0.744528811834728,27.252983581572437,3.395714858225928,
b22f4f387d,180,789,5523,55.23,780.8217625491633,0.7702009179585221,27.824932750022178,3.856136293513838,
b22f4f387d,180,790,5530,55.3,780.6137649080052,0.7574217346810562,26.586549330975895,2.770247591772677,
b22f4f387d,180,791,5537,55.37,780.5969092370134,0.8829167870611734,27.868786145367782,3.7461659488536356,
b22f4f387d,180,792,5544,55.44,780.3329371199305,0.5296067271721111,26.593478068905327,5.631829270560399,
b22f4f387d,180,793,5551,55.51,777.5597242716256,0.36679880725548036,25.4323224384731,3.429840554027223,
b22f4f387d,180,794,5558,55.58,777.0788433537766,0.8249103661942587,25.24705392446977,8.190285946168059,
b22f4f387d,180,795,5565,55.65,774.5538558853126,0.9221682439988983,27.551270461983233,7.160277467481068,
b22f4f387d,180,796,5572,55.72,771.7752511058682,0.6341865010646317,28.71497556108066,4.847116319282485,
b22f4f387d,180,797,5579,55.79,770.2755284820955,0.2715402498260216,28.316744996740034,1.7499825305054555,
b22f4f387d,180,798,5586,55.86,770.0054018594319,0.7814357542238772,29.150810083875665,7.758047062132111,
b22f4f387d,180,799,5593,55.93,767.8005210644253,0.37382397857550653,28.141532099178033,1.1975236312988358,
b22f4f387d,180,800,5600,56.0,767.3941907943564,0.9834947404158682,28.618413973718873,6.248883032023842,
b22f4f387d,180,801,5607,56.07,763.8860095199401,0.3079223275090271,28.231387572444557,1.944956319567583,
b22f4f387d,180,802,5614,56.14,763.6275685552833,0.726313310825351,27.355170786234353,6.119313441572539,
b22f4f387d,180,803,5621,56.21,762.2621473957108,0.8325676909988192,28.432874253313564,6.5569492135745895,
b22f4f387d,180,804,5628,56.28,760.5073329211883,0.7957351415110658,28.128274600001998,5.4639017372343694,
b22f4f387d,180,805,5635,56.35,758.0552851831475,0.7426368082002857,28.82423277607479,7.164547623031101,
b22f4f387d,180,806,5642,56.42,756.8527797697271,0.6939482643765811,27.788580755770347,3.3300930507550883,
b22f4f387d,180,807,5649,56.49,755.4455137294644,0.43801562179843495,27.207644053461156,3.6081213018295135,
b22f4f387d,180,808,5656,56.56,755.1276660856495,0.6717855063740323,27.149528285890845,3.625515266591472,
b22f4f387d,180,809,5663,56.63,754.143352489937,0.47139162781906313,27.102999461846355,2.55381137605021,
b22f4f387d,180,810,5670,56.7,753.6416588198488,0.7251354385154036,26.734490112380133,6.65820599382446,
b22f4f387d,180,811,5677,56.77,751.8208186164977,0.5252088590370255,26.994905252692107,3.9189204146134973,
b22f4f387d,180,812,5684,56.84,751.020911360336,0.5490761705866164,27.49795677482627,4.157702583294185,
b22f4f387d,180,813,5691,56.91,750.4160602593658,0.4603416230080903,26.997617642293285,2.8910976089156866,
b22f4f387d,180,814,5698,56.98,749.8642013271794,0.612056291756606,26.024680756212394,5.525860133294026,
b22f4f387d,180,815,5705,57.05,748.7259469306592,0.5429167684791644,27.39945736977563,4.236778084610184,
b22f4f387d,180,816,5712,57.12,748.4401789053971,0.8844972592607194,26.94855100290027,6.473107068485313,
b22f4f387d,180,817,5719,57.19,746.0198330157908,0.43820947435376806,26.256541102200497,2.6273049948942373,
b22f4f387d,180,818,5726,57.26,745.5511370131117,0.7201020616210417,24.632264024012827,6.854610558620437,
b22f4f387d,180,819,5733,57.33,744.1492200943662,0.718317846663448,27.080279047375395,4.380665461653283,
b22f4f387d,180,820,5740,57.4,742.1772933300625,0.48820933947070083,25.47071904763784,4.511255379790941,
b22f4f387d,180,821,5747,57.47,741.5157082403427,0.4176730351964121,27.54430539937932,3.5709563141952096,
b22f4f387d,180,822,5754,57.54,741.01694920599,0.4570682827308006,26.051394267768348,3.372134829254311,
b22f4f387d,180,823,5761,57.61,740.3938140604458,0.3236230241871474,26.609223431029204,2.2314942080031117,
b22f4f387d,180,824,5768,57.68,740.2993844881235,0.305573935714813,26.129524457063596,1.8233957466175994,
b22f4f387d,180,825,5775,57.75,740.1334084515817,0.6541660471346432,26.04426890897787,6.214823398777745,
b22f4f387d,180,826,5782,57.82,739.6464326859394,0.6747608847015484,26.88194023979144,4.532545355927402,
b22f4f387d,180,827,5789,57.89,739.2376741246349,0.72415699744812,26.066689177946458,4.128765011271446,
b22f4f387d,180,828,5796,57.96,738.704628031291,0.7084216760127136,25.709577139073165,4.454152159076327,
b22f4f387d,180,829,5803,58.03,738.3885529566902,0.9104854731222566,26.119626539535254,6.454854914611871,
b22f4f387d,180,830,5810,58.1,736.4806196127969,0.7977562038351441,26.15696649978532,3.893972814851838,
b22f4f387d,180,831,5817,58.17,735.6598271581796,0.8938968805819572,26.816539424481963,5.495591224526287,
b22f4f387d,180,832,5824,58.24,733.5382390333492,0.6952289719466904,26.280168823943807,2.67421994887049,
b22f4f387d,180,833,5831,58.31,732.6405215652743,0.7675215490640601,27.840017837215726,5.803731483072548,
b22f4f387d,180,834,5838,58.38,731.8560670712465,0.7637719590585612,25.36388598769519,3.2067841837676867,
b22f4f387d,180,835,5845,58.45,730.3185333554478,0.6513121475019686,26.56331207209103,3.945516547437847,
b22f4f387d,180,836,5852,58.52,730.102871343351,0.7531449299897783,25.72219468037456,4.684638169365514,
b22f4f387d,180,837,5859,58.59,729.2694790912269,0.7087642782080604,26.915886413603054,3.282234891838007,
b22f4f387d,180,838,5866,58.66,728.9022552247778,0.9198120795390907,26.7915112344309,5.152670948776363,
b22f4f387d,180,839,5873,58.73,727.6623655224628,0.8236703947098543,26.811261647056067,3.304335867399294,
b22f4f387d,180,840,5880,58.8,726.5307070651351,0.6179925830592616,25.638319715890965,0.7940474059913837,
b22f4f387d,180,841,5887,58.87,726.0466042010241,0.7661441832844953,26.1956297776074,6.336985356577668,
b22f4f387d,180,842,5894,58.94,724.4588337672931,0.48049950832461047,26.37195747294147,1.558994766937788,
b22f4f387d,180,843,5901,59.01,724.0069854911605,0.8435161750692333,26.8097334275662,7.455328053175608,
b22f4f387d,180,844,5908,59.08,722.7247916877516,0.7631107251267216,28.6442347014087,4.746221130197211,
b22f4f387d,180,845,5915,59.15,721.2647073263448,0.7559267299632199,25.494703133167594,5.978561884235916,
b22f4f387d,180,846,5922,59.22,719.8975887731538,0.5873764014290583,27.481547681568845,4.046570291662901,
b22f4f387d,180,847,5929,59.29,719.2615670140883,0.7056076339143887,25.424303873535724,5.974922938929899,
b22f4f387d,180,848,5936,59.36,717.251211491851,0.7842640038488558,25.79795147627727,7.20859623878393,
b22f4f387d,180,849,5943,59.43,714.7806005513684,0.6156663736050039,25.129795710380836,5.360602244509277,
b22f4f387d,180,850,5950,59.5,713.492738703484,0.4610163558552334,25.896259609187737,4.105784033337285,
b22f4f387d,180,851,5957,59.57,713.1325156394064,0.5174182742538108,25.93773892230928,3.1940942500935905,
b22f4f387d,180,852,5964,59.64,712.0998575146725,0.43761708830382134,26.55367908570462,2.7968794943024604,
b22f4f387d,180,853,5971,59.71,711.9603858387236,0.642256406028374,27.222206032527158,4.050300952457747,
b22f4f387d,180,854,5978,59.78,711.222947654747,0.677241588946694,26.912166218664588,3.2174941093652163,
b22f4f387d,180,855,5985,59.85,710.0819280616824,0.6315209394466965,27.525378133542105,3.368965963643278,
b22f4f387d,180,856,5992,59.92,709.2500595377314,0.8417451886255715,26.92076662493004,3.4644730860339035,
b22f4f387d,180,857,5999,59.99,708.1743346609632,0.8670179375079372,26.88935081956988,5.624630634156318,
b22f4f387d,180,858,6006,60.06,707.0196884039538,0.7113155005028005,26.28340770602799,2.797303533247032,
b22f4f387d,180,859,6013,60.13,705.7955401380076,0.5689577393582261,25.079765078854408,3.842151486947316,
b22f4f387d,180,860,6020,60.2,705.1270474223578,0.4569238472096411,25.61687361955354,2.126492467286813,
b22f4f387d,180,861,6027,60.27,704.6358595367545,0.4377717311809801,25.191611380782106,3.3615299351651347,
b22f4f387d,180,862,6034,60.34,704.0454865440053,0.4817049720750796,25.33546190699905,3.4901435154322162,
b22f4f387d,180,863,6041,60.41,703.405304768895,0.26683125129744995,26.3120492330651,1.6181114249655217,
b22f4f387d,180,864,6048,60.48,703.1757998848911,0.5058359565998916,25.68436198723762,4.738786024023472,
b22f4f387d,180,865,6055,60.55,702.1113515940676,0.3550730518734258,26.286966119957274,2.7526580852014306,
b22f4f387d,180,866,6062,60.62,701.6484485595971,0.38270069148291985,25.975615573782132,3.4807271248785034,
b22f4f387d,180,867,6069,60.69,701.1925705915336,0.30845618279418335,27.18460480605678,2.1837076019569817,
b22f4f387d,180,868,6076,60.76,700.8038112549373,0.730558749226958,26.489948316514653,7.252310430460229,
b22f4f387d,180,869,6083,60.83,698.7426265272197,0.5563702930336727,26.738071019548624,4.064057880498884,
b22f4f387d,180,870,6090,60.9,697.7502452979801,0.604880501947973,25.973841509529276,5.70889555700085,
b22f4f387d,180,871,6097,60.97,696.5909809584085,0.6020767973198643,27.715987398366618,2.72456919080806,
b22f4f387d,180,872,6104,61.04,695.3300116952848,0.6742526666473242,26.086068402854025,6.502480529268186,
b22f4f387d,180,873,6111,61.11,693.8344905342408,0.6170167994796081,27.918818897866043,5.8227559839631295,
b22f4f387d,180,874,6118,61.18,692.1834230486013,0.8596634314747327,29.48515988060127,8.380807641443477,
b22f4f387d,180,875,6125,61.25,690.5597274250375,0.6887058309875201,32.926459948630445,3.777915656591009,
b22f4f387d,180,876,6132,61.32,689.6764442267184,0.5355042235446191,28.81144390330733,1.9297967188450833,
b22f4f387d,180,877,6139,61.39,689.0469364479153,0.5026449767461288,31.241694454896713,3.9436240181653486,
b22f4f387d,180,878,6146,61.46,688.2543806551371,0.4284001559034134,28.60861836906861,2.6632243166277805,
b22f4f387d,180,879,6153,61.53,687.762511625174,0.4371560329878223,29.541292550037863,1.5981907113777183,
b22f4f387d,180,880,6160,61.6,687.0398545679363,0.593387194485239,28.570418925490177,5.9861947071438015,
b22f4f387d,180,881,6167,61.67,685.9363842479315,0.7507043159916074,29.28609183732232,7.207544308769958,
b22f4f387d,180,882,6174,61.74,683.8377745088216,0.548612908265557,29.32327030366257,4.551524342604589,
b22f4f387d,180,883,6181,61.81,682.8123287739521,0.45011908079558316,28.45515894130263,3.913640018704109,
b22f4f387d,180,884,6188,61.88,681.9675504575258,0.8525805791848762,28.632790566045827,8.61548819586917,
b22f4f387d,180,885,6195,61.95,680.3466830076809,0.7781121124509218,29.715940711985542,3.2372095925830258,
b22f4f387d,180,886,6202,62.02,679.2211887714792,0.7519854964382041,28.69927329616737,4.991437499092761,
b22f4f387d,180,887,6209,62.09,678.5595793587709,0.9128075413828682,29.92494669552694,2.149379911314761,
b22f4f387d,180,888,6216,62.16,677.8757880989261,0.9336354245452536,28.81202749332759,4.053457909772565,
b22f4f387d,180,889,6223,62.23,676.2166065781687,0.8536927127601397,28.64946521904521,5.305873659126612,
b22f4f387d,180,890,6230,62.3,675.0226124479523,0.9244291474131502,28.52048058549137,7.3997663309806,
b22f4f387d,180,891,6237,62.37,673.9756854638954,0.5947232910771468,29.214214892706035,9.526620652504167,
b22f4f387d,180,892,6244,62.44,670.649285769862,0.31869133643212855,26.019922242179522,2.1896676474882124,
b22f4f387d,180,893,6251,62.51,670.3415196530003,0.41111312924946214,25.745348079975475,2.7785064823909256,
b22f4f387d,180,894,6258,62.58,669.9220145003106,0.547364080801044,26.383404922410048,4.265676799558273,
b22f4f387d,180,895,6265,62.65,668.6019816807914,0.5177147000294232,26.264765332645144,4.491109579119804,
b22f4f387d,180,896,6272,62.72,667.8193137393741,0.7801643171462238,27.350858618674142,7.331642405373371,
b22f4f387d,180,897,6279,62.79,666.084548521789,0.6521721138659455,27.52964420435689,4.283988219262629,
b22f4f387d,180,898,6286,62.86,664.707995549259,0.5114051497540989,25.155807482793833,4.139697364530035,
b22f4f387d,180,899,6293,62.93,663.7681172740777,0.6003373636284726,25.019689476437666,4.56948322930067,
b22f4f387d,180,900,6300,63.0,662.1553910537274,0.7438161363794447,24.899171702544873,6.374958673526693,
b22f4f387d,180,901,6307,63.07,659.7364640869207,0.7392180904908664,24.657043948497975,3.7469830319274706,
b22f4f387d,180,902,6314,63.14,657.5421173124582,0.3447315946382033,24.927888013035492,2.0574200810555365,
b22f4f387d,180,903,6321,63.21,657.10884183502,0.4515755011321435,25.46992254776219,4.37231631167308,
b22f4f387d,180,904,6328,63.28,656.2901665337058,0.33708727330351057,24.80346339559494,3.0777227592528287,
b22f4f387d,180,905,6335,63.35,655.7346205830634,0.24800009107290366,24.14567681819623,2.502744172198712,
b22f4f387d,180,906,6342,63.42,655.5340763378572,0.2628062031797447,25.14302774636331,2.3623757707236965,
b22f4f387d,180,907,6349,63.49,655.2965691652308,0.3140418694443958,25.060222916530545,2.9145014471024946,
b22f4f387d,180,908,6356,63.56,654.8823691410088,0.5306245473972628,24.560507480947233,4.94296326912165,
b22f4f387d,180,909,6363,63.63,654.2291230206813,0.7064928263184025,26.406856938067477,6.402533875946965,
b22f4f387d,180,910,6370,63.7,654.0572156480526,0.758732402757797,25.367838391210647,1.3010735463583318,
b22f4f387d,180,911,6377,63.77,653.8944525676822,0.3942167567561915,26.31055279345233,2.096550116832234,
b22f4f387d,180,912,6384,63.84,652.4025645371878,0.17389518459328562,23.781891592721887,1.6829738533826313,
b22f4f387d,180,913,6391,63.91,652.3405672379887,0.4572643004798783,24.115416817389896,4.4262454721945526,
b22f4f387d,180,914,6398,63.98,651.8974836000052,0.9440520702899873,25.48759174231381,7.128940687507733,
b22f4f387d,180,915,6405,64.05,648.708866718116,0.6733198473148942,25.351986279065258,6.10643008453255,
b22f4f387d,180,916,6412,64.12,647.528504894084,0.48174431103123544,25.942193321742728,2.4114746759498393,
b22f4f387d,180,917,6419,64.19,646.6853601398483,0.23952669700398407,25.57662780665582,1.8313092018334414,
b22f4f387d,180,918,6426,64.26,646.5754151956903,0.42340354224958227,25.2069309202926,4.100355753866557,
b22f4f387d,180,919,6433,64.33,645.8738750903549,0.27382396055603614,25.632590790065965,2.537649235766368,
b22f4f387d,180,920,6440,64.4,645.6401528487786,0.5010105031718033,25.06128698198245,4.878573373110099,
b22f4f387d,180,921,6447,64.47,644.4760293466636,0.8155886024227061,24.884367067380254,7.626001941275615,
b22f4f387d,180,922,6454,64.54,642.4366516150761,0.6894811683173524,25.62479560106336,5.5352437731134945,
b22f4f387d,180,923,6461,64.61,641.343424495625,0.5566565838720924,24.455343095911967,3.3867896954052075,
b22f4f387d,180,924,6468,64.68,640.6085201868948,0.8395930435076084,24.77097558101313,6.340792377274436,
b22f4f387d,180,925,6475,64.75,640.0875095320275,0.9127426467027674,26.591741600598564,4.716393432556044,
b22f4f387d,180,926,6482,64.82,639.2849382352442,0.9864145364752953,25.62272633777925,6.056410366391216,
b22f4f387d,180,927,6489,64.89,637.3356752152237,0.9786423355415584,26.971764791249623,5.59924101619277,
b22f4f387d,180,928,6496,64.96,636.4272955465542,0.801341016189053,27.400806795104728,2.792303928904969,
b22f4f387d,180,929,6503,65.03,635.5167966954647,0.9401941708460322,26.987266599952893,3.8633057386860035,
b22f4f387d,180,930,6510,65.1,634.2656436036915,1.0129653926890545,27.017686336353197,7.940136295816246,
b22f4f387d,180,931,6517,65.17,631.740606870927,0.9009085683338386,25.98975765898926,5.730291573275548,
b22f4f387d,180,932,6524,65.24,630.7482137024917,0.7722814314792166,26.244811674351464,2.086809934599164,
b22f4f387d,180,933,6531,65.31,629.799224121916,0.8957218650808256,26.12242837467703,1.5645430184702978,
b22f4f387d,180,934,6538,65.38,627.8100094062063,0.9330251556668353,26.689112672356483,6.3624413418587835,
b22f4f387d,180,935,6545,65.45,626.4087904509662,0.8060353531963163,26.247251469111692,2.949033628162444,
b22f4f387d,180,936,6552,65.52,625.999148020375,0.8261109664569892,26.122655525425333,4.736720548314952,
b22f4f387d,180,937,6559,65.59,625.2704515617643,0.9135865901858685,26.059620519557257,4.760977081160898,
b22f4f387d,180,938,6566,65.66,624.4949561761345,0.874670020067167,27.803442729947946,4.180488419587023,
b22f4f387d,180,939,6573,65.73,624.1785506376068,0.9169614454128046,26.37656950993339,3.7886283118761113,
b22f4f387d,180,940,6580,65.8,623.64268882582,0.5370929545662566,27.230494489760243,6.804192640520187,
b22f4f387d,180,941,6587,65.87,620.7749693960848,0.4081642817126988,24.31682487184946,2.7961860040885873,
b22f4f387d,180,942,6594,65.94,620.2229596752233,0.4681286304442269,24.132460433205104,4.240391443904831,
b22f4f387d,180,943,6601,66.01,619.6128788833066,0.6160536548161314,23.883466220220267,4.109703866399605,
b22f4f387d,180,944,6608,66.08,619.1942744679241,0.7498841131956934,24.309632518999518,6.5143118689255255,
b22f4f387d,180,945,6615,66.15,619.1839137902222,0.7729942068665399,25.14700568400535,3.7003898459763063,
b22f4f387d,180,946,6622,66.22,618.952364054,1.048520077604369,24.604870855454358,6.68197966961229,
b22f4f387d,180,947,6629,66.29,617.226937354521,0.46377252964685617,26.55587191254806,4.283804619704995,
b22f4f387d,180,948,6636,66.36,614.9845246296255,0.3838044888520014,23.44914889064796,3.5794759165187564,
b22f4f387d,180,949,6643,66.43,614.7063234341327,0.7821870674942242,24.370057389137262,6.752767399994916,
b22f4f387d,180,950,6650,66.5,612.8081175160327,0.97744770488801,23.32621329647289,9.394241251464624,
b22f4f387d,180,951,6657,66.57,611.4745209325342,0.7398213705390586,26.048808692056266,2.378025349109322,
b22f4f387d,180,952,6664,66.64,610.8614190328111,0.7518391555562725,22.26191758431768,4.55750029582969,
b22f4f387d,180,953,6671,66.71,609.8727392651429,0.4034702456489698,24.8531943574135,5.882696411606333,
b22f4f387d,180,954,6678,66.78,608.2328171219483,0.3095621983144204,21.792910412544966,0.8772619316684938,
b22f4f387d,180,955,6685,66.85,607.8991281011573,0.24656442370264092,21.910184725817142,1.5025680885058033,
b22f4f387d,180,956,6692,66.92,607.7658624086317,0.43201586230494204,21.590562221587177,3.434396774183573,
b22f4f387d,180,957,6699,66.99,607.1255434518097,0.43128432608466616,21.98684713310955,4.227293693575574,
b22f4f387d,180,958,6706,67.06,606.5914929636198,0.31915926237166864,22.969139299645573,2.017449891542655,
b22f4f387d,180,959,6713,67.13,606.4049834716648,0.4397661993218131,22.36163587135504,3.8531852192970857,
b22f4f387d,180,960,6720,67.2,605.6855951735686,0.21945892607528297,24.03935288639452,1.1332778965018475,
b22f4f387d,180,961,6727,67.27,605.5667922605915,0.25018950876689616,23.157640975756188,2.227404563258156,
b22f4f387d,180,962,6734,67.34,605.3869510710224,0.27809691334165576,23.37407433994848,2.712338502682399,
b22f4f387d,180,963,6741,67.41,605.2748434514717,0.615556974691358,23.956452195703502,5.627415107190981,
b22f4f387d,180,964,6748,67.48,604.235012596653,0.5549828805311525,23.700643943621376,4.464895294354196,
b22f4f387d,180,965,6755,67.55,603.0330959328322,0.7828395193644404,24.477328045372072,7.569334015132745,
b22f4f387d,180,966,6762,67.62,601.6674228784979,0.9470453097932247,25.85995412782216,7.556421472339875,
b22f4f387d,180,967,6769,67.69,599.4901396899053,0.8397512256248952,26.12642804226956,3.9387625142304894,
b22f4f387d,180,968,6776,67.76,597.7876303655031,0.7257454151825071,26.54662823655293,5.356632478427271,
b22f4f387d,180,969,6783,67.83,596.7469032168032,0.6991704446744266,26.02445113292775,4.957838895199715,
b22f4f387d,180,970,6790,67.9,595.7368478164103,0.7693512191924216,25.49630158288656,5.581610656297105,
b22f4f387d,180,971,6797,67.97,594.7672471760068,0.6990211363489708,26.149639016892124,4.5938757946880155,
b22f4f387d,180,972,6804,68.04,593.6490881008934,0.5202758991960063,25.1104724462017,2.688193771743648,
b22f4f387d,180,973,6811,68.11,593.2203603884874,0.5188894165410431,25.79377960976241,3.844545858571763,
b22f4f387d,180,974,6818,68.18,592.2876574749098,0.3774022268712205,23.996806368305045,2.5903782704287823,
b22f4f387d,180,975,6825,68.25,591.7941373266159,0.49375055724171923,24.34853925498171,4.774831187317908,
b22f4f387d,180,976,6832,68.32,591.0192139548317,0.5002211639335364,23.732720656905013,2.6332539415657408,
b22f4f387d,180,977,6839,68.39,590.2071296660838,0.5244390502278936,24.86580383910815,4.991929274713058,
b22f4f387d,180,978,6846,68.46,589.4630813593171,0.7758099189467883,24.051348023193107,6.828499388627985,
b22f4f387d,180,979,6853,68.53,587.4709356412621,0.5731676859031207,23.595574910090026,4.55173162226613,
b22f4f387d,180,980,6860,68.6,586.3978152396162,0.6340412053876027,21.329531033141556,3.537464636825759,
b22f4f387d,180,981,6867,68.67,584.6583853082642,0.31050972687843353,20.476087028430406,2.669830587535857,
b22f4f387d,180,982,6874,68.74,584.3668261477068,0.22987433363450313,19.887944300484474,1.8788661096217867,
b22f4f387d,180,983,6881,68.81,584.1383484009953,0.2726863394459349,19.72668909662278,1.8586207360163556,
b22f4f387d,180,984,6888,68.88,583.8308986670143,0.2572846682502134,20.191335250536305,2.5053306967648195,
b22f4f387d,180,985,6895,68.95,583.6318443508054,0.2601542293311122,19.55730110684304,2.2293101932944936,
b22f4f387d,180,986,6902,69.02,583.4572063804196,0.28715337409986613,20.221587104868004,2.6121109374122193,
b22f4f387d,180,987,6909,69.09,583.1987197792724,0.38019212209288955,19.78008922248469,2.973008629231819,
b22f4f387d,180,988,6916,69.16,582.7626051442809,0.41567245357209304,20.46250306866574,1.8798960690318,
b22f4f387d,180,989,6923,69.23,582.4090606751842,0.5895708935900786,19.496496118193548,4.672902913048771,
b22f4f387d,180,990,6930,69.3,581.2538545431746,0.469710713950025,21.594959647163883,3.817537658641953,
b22f4f387d,180,991,6937,69.37,580.8294949335681,0.3800357411556283,20.09744317718918,3.1625595613187274,
b22f4f387d,180,992,6944,69.44,580.4511559205587,0.367270361129023,19.98770435157252,3.4139813556117713,
b22f4f387d,180,993,6951,69.51,579.9815622714142,0.34840891515738637,19.81955746057956,3.290051776617162,
b22f4f387d,180,994,6958,69.58,579.4683378573512,0.29583860946850843,20.26714467735096,2.5561506579673647,
b22f4f387d,180,995,6965,69.65,579.1052481542437,0.6197661309335455,20.262197605675063,6.107899698073291,
b22f4f387d,180,996,6972,69.72,578.3010541261605,0.650693743596155,20.93704081156194,4.577293273605584,
b22f4f387d,180,997,6979,69.79,576.9838458339522,0.4594385930389331,20.06496738767532,2.9954520324079983,
b22f4f387d,180,998,6986,69.86,576.5022849972577,0.47794541168686594,20.654422783506877,1.4387723619834436,
b22f4f387d,180,999,6993,69.93,575.9340040461599,0.2794681767569385,20.348824054999753,0.5890325830285016,
b22f4f387d,180,1000,7000,70.0,575.7351921837366,0.22950826501519137,20.24158466503133,1.775279778848477,
b22f4f387d,180,1001,7007,70.07,575.6490235793779,0.39314000811460886,20.622044241438388,3.773339693038849,
b22f4f387d,180,1002,7014,70.14,575.1521450833271,0.3440790397698931,21.0651882003529,1.0201119968926537,
b22f4f387d,180,1003,7021,70.21,574.9242291551864,0.6353566552393213,21.498530938469187,4.209536341595746,
b22f4f387d,180,1004,7028,70.28,574.4237964497603,0.6977054797989972,21.802393307405705,5.056651276732991,
b22f4f387d,180,1005,7035,70.35,573.2594590416194,0.8732358428254839,22.52266369389654,5.071088524534468,
b22f4f387d,180,1006,7042,70.42,570.8927467499904,0.530158882199489,22.89052064311677,3.604809968302167,
b22f4f387d,180,1007,7049,70.49,570.3077166336222,0.37082277834608995,22.040131792496084,1.736327230047127,
b22f4f387d,180,1008,7056,70.56,570.1217571316587,0.6072178006476994,21.890834928309342,5.186097087893622,
b22f4f387d,180,1009,7063,70.63,569.2343192211598,0.6679407242492209,23.52008647253953,5.733942322751169,
b22f4f387d,180,1010,7070,70.7,568.9894553630301,0.7096141780693301,23.736885114719446,3.3776938596449173,
b22f4f387d,180,1011,7077,70.77,568.1446158301552,1.0262137308490829,23.299248149165443,5.8301836541320196,
b22f4f387d,180,1012,7084,70.84,568.0618026008003,1.172494118324262,26.143933681902716,6.238794295196996,
b22f4f387d,180,1013,7091,70.91,567.5546293164953,1.1779912516179705,23.774652917743815,2.3975900815295774,
b22f4f387d,180,1014,7098,70.98,567.435775386387,0.5848200196963923,27.50798570784853,2.19754876119532,
b22f4f387d,180,1015,7105,71.05,563.9543335892035,0.5076682168608112,21.286047559708177,4.931549366137419,
b22f4f387d,180,1016,7112,71.12,562.81491458837,0.37032964571919463,21.921724038431837,3.241694197770799,
b22f4f387d,180,1017,7119,71.19,562.3141873611345,0.5443215932810187,20.854201920334855,1.9678493369552272,
b22f4f387d,180,1018,7126,71.26,561.0897975178184,0.37741328305884225,22.27895657007503,3.2653547554657805,
b22f4f387d,180,1019,7133,71.33,560.5820686926096,0.4219898962056345,21.810712902866744,3.0587414119364884,
b22f4f387d,180,1020,7140,71.4,559.7967064278325,0.3784478049742551,20.385560826511945,3.1607919472034376,
b22f4f387d,180,1021,7147,71.47,559.2739722644675,0.480844562729018,20.9099465948271,4.753978618286539,
b22f4f387d,180,1022,7154,71.54,558.6730383147252,0.5236926515502396,20.660602432055164,4.43776063823415,
b22f4f387d,180,1023,7161,71.61,557.7842237268794,0.5886941337994694,20.45044425246233,5.0128993106664765,
b22f4f387d,180,1024,7168,71.68,556.3300699627935,0.21230274734843552,19.973117813814458,1.569867783761643,
b22f4f387d,180,1025,7175,71.75,556.1763219480338,0.28769252153394065,19.78808763446526,2.4009717336714305,
b22f4f387d,180,1026,7182,71.82,555.8531116858715,0.22062705543900643,19.561505514497746,1.4873150274704459,
b22f4f387d,180,1027,7189,71.89,555.7037405112545,0.5740668155246549,19.731276903249668,4.479481538285493,
b22f4f387d,180,1028,7196,71.96,555.4910046936113,0.5811829347615728,22.54523889814903,2.7577885869311425,
b22f4f387d,180,1029,7203,72.03,555.477452616984,0.6867551606918062,19.90189725297738,3.2815218020115378,
b22f4f387d,180,1030,7210,72.1,554.7204949181266,0.41590817807691033,22.342093314886014,7.091712222629256,
b22f4f387d,180,1031,7217,72.17,553.0713747849303,0.42280290528946657,18.8408128958515,2.9362587464557732,
b22f4f387d,180,1032,7224,72.24,552.3606520603049,0.45553292652014005,20.10303130692906,4.085531906948223,
b22f4f387d,180,1033,7231,72.31,551.6606236763815,0.4652843421660518,20.333141649020632,1.852473209632623,
b22f4f387d,180,1034,7238,72.38,550.9656339283139,0.5255210229340102,21.34706566421658,4.466837559008649,
b22f4f387d,180,1035,7245,72.45,550.6670131236606,0.45862528730924357,21.287143336582993,1.560415468441277,
b22f4f387d,180,1036,7252,72.52,550.658655833405,0.6020640743563286,20.807444904967475,4.2433210242008075,
b22f4f387d,180,1037,7259,72.59,550.3539425736637,0.5995441551534021,22.263643369849408,2.298693871328731,
b22f4f387d,180,1038,7266,72.66,550.2500031227647,0.3870247627588961,21.31009915177797,5.136599682369589,
b22f4f387d,180,1039,7273,72.73,548.7816836132898,0.4587527086678135,21.255644091183573,2.002995427778342,
b22f4f387d,180,1040,7280,72.8,547.9592327097828,0.35376288148148877,21.62298342773873,3.256395575795079,
b22f4f387d,180,1041,7287,72.87,547.4673905341687,0.6035293987799996,20.940839741102305,6.051031354665157,
b22f4f387d,180,1042,7294,72.94,546.5215842844997,0.44447409830664003,20.95484319811799,2.3675136720660546,
b22f4f387d,180,1043,7301,73.01,546.1364286972806,0.30451287998224846,20.915006472659424,1.157711971316762,
b22f4f387d,180,1044,7308,73.08,545.9901306346696,0.5251200896857746,20.31535690890966,3.534648048137624,
b22f4f387d,180,1045,7315,73.15,545.2587345215173,0.7485697055162909,20.213819173993645,4.586700936178896,
b22f4f387d,180,1046,7322,73.22,543.2602414396781,0.3278974049376931,19.04503540794223,1.281895595515026,
b22f4f387d,180,1047,7329,73.29,542.9749133064995,0.6850908213407177,18.933968996476988,4.457087315651561,
b22f4f387d,180,1048,7336,73.36,541.4108844147653,0.38329152453852394,21.554457287395856,2.4012816962750247,
b22f4f387d,180,1049,7343,73.43,540.997467851689,0.37521653311005504,19.009432715333027,2.991688637412021,
b22f4f387d,180,1050,7350,73.5,540.8412491985839,0.5098815775566541,20.706085650334025,1.864648254995425,
b22f4f387d,180,1051,7357,73.57,540.7273771017601,0.5760009628712585,20.82615279718722,2.7705518238540687,
b22f4f387d,180,1052,7364,73.64,540.5043633985636,0.6929034025809423,21.135146972274903,4.839715315193437,
b22f4f387d,180,1053,7371,73.71,540.3141343689098,0.3729778894068218,20.489075616837553,3.412759288747222,
b22f4f387d,180,1054,7378,73.78,538.9364648712533,0.4234443113460215,18.75563621742831,3.661944992392184,
b22f4f387d,180,1055,7385,73.85,538.1740112382431,0.3505536886835283,18.67662623122143,2.823310775025023,
b22f4f387d,180,1056,7392,73.92,537.7991565665778,0.4350416981281323,19.585403328648646,1.662866977587119,
b22f4f387d,180,1057,7399,73.99,537.5633752844844,0.4849668708373742,19.397716181384208,3.716379362396177,
b22f4f387d,180,1058,7406,74.06,537.0271684825744,0.34797755025472527,19.364765038578202,1.830264734139411,
b22f4f387d,180,1059,7413,74.13,536.9070640671354,0.46995854385110325,19.362839989639603,2.07444915541146,
b22f4f387d,180,1060,7420,74.2,536.2396113772556,0.3007960144339517,19.339753221302843,0.590863923056724,
b22f4f387d,180,1061,7427,74.27,535.9070477486684,0.38060450043488275,18.989643209241954,3.507497428880573,
b22f4f387d,180,1062,7434,74.34,535.627551475278,0.4992734923317828,20.102363087774997,4.074844312306342,
b22f4f387d,180,1063,7441,74.41,535.2297056148892,0.4764132295081199,20.46538337863013,1.0189432509521652,
b22f4f387d,180,1064,7448,74.48,534.9017306797681,0.5606393418326413,20.778317747574746,3.479786016513355,
b22f4f387d,180,1065,7455,74.55,534.4531070794732,0.5222590449131245,19.94256841308687,2.0375050039974605,
b22f4f387d,180,1066,7462,74.62,534.2760675976078,0.6615522225456126,19.993026880125644,4.6690547810801135,
b22f4f387d,180,1067,7469,74.69,533.579566558753,0.6119146199128578,20.84751770400686,4.019442413674736,
b22f4f387d,180,1068,7476,74.76,533.0323604862681,0.6652376866103349,20.988660698703875,4.769445125651092,
b22f4f387d,180,1069,7483,74.83,532.0826086001113,0.753453241951014,21.2806191830908,5.706580524719522,
b22f4f387d,180,1070,7490,74.9,530.6182594989425,0.5290449752643197,20.150700705303052,3.8660088587109764,
b22f4f387d,180,1071,7497,74.97,530.0895504033118,0.38505773693496675,20.26323282465142,1.605715564185292,
b22f4f387d,180,1072,7504,75.04,529.7658536486674,0.49906869005136967,19.23517983434997,4.096976431320818,
b22f4f387d,180,1073,7511,75.11,528.8676576745053,0.3620295707844601,19.55182722390221,2.854643698503654,
b22f4f387d,180,1074,7518,75.18,528.7047939190998,0.4028011732971798,19.61616740443506,2.779925463873289,
b22f4f387d,180,1075,7525,75.25,528.2151588755152,0.47241496337913097,19.942273810007215,3.965052142126607,
b22f4f387d,180,1076,7532,75.32,527.3786872785196,0.44957754614699647,20.41618473459642,4.29457606329913,
b22f4f387d,180,1077,7539,75.39,526.6960019007475,0.5017638088101901,20.969298109688644,4.492672799727871,
b22f4f387d,180,1078,7546,75.46,525.8291783785808,0.19500365875238665,21.549180415522663,0.5253824392603591,
b22f4f387d,180,1079,7553,75.53,525.7440503525413,0.42912289747360993,20.89600813702259,3.8048819857412646,
b22f4f387d,180,1080,7560,75.6,525.3136685753707,0.21982667516856266,21.706563216358813,2.135922623357402,
b22f4f387d,180,1081,7567,75.67,524.8394123170056,0.2020705034236104,21.573110594858758,1.9007502099696456,
b22f4f387d,180,1082,7574,75.74,524.7042707308614,0.590627001968584,21.53047345817435,4.71408976817483,
b22f4f387d,180,1083,7581,75.81,523.5875039576867,0.6183081294440251,20.827610008212336,4.1446037494613135,
b22f4f387d,180,1084,7588,75.88,522.6369019705805,0.4713881166198689,20.89881149280335,2.094356613579816,
b22f4f387d,180,1085,7595,75.95,522.2396465455881,0.45252830732657795,20.22788644741724,2.9393212024855986,
b22f4f387d,180,1086,7602,76.02,521.7130144422348,0.41621092959586853,20.14538208675921,3.650412529262476,
b22f4f387d,180,1087,7609,76.09,521.4725392500153,0.7887593770005958,20.638473466534084,7.376967838531624,
b22f4f387d,180,1088,7616,76.16,519.5642639642102,0.5199003181523423,20.578583874931795,0.6132553692586115,
b22f4f387d,180,1089,7623,76.23,519.1956116928485,0.5423733917464987,20.02955362557805,2.2453155207306112,
b22f4f387d,180,1090,7630,76.3,518.4721501629917,0.4920157005484088,20.617946191006126,3.2172580723275854,
b22f4f387d,180,1091,7637,76.37,518.4301237573853,0.5152302348951995,20.70048729267175,2.2596964373428046,
b22f4f387d,180,1092,7644,76.44,518.2135788344292,0.2750735507952032,20.242652122026023,1.0192009559618416,
b22f4f387d,180,1093,7651,76.51,517.4442020383779,0.5158718262387985,19.709637666582424,5.133614323621129,
b22f4f387d,180,1094,7658,76.58,516.4290378193524,0.4861855701639561,18.884982969025796,4.299410234145176,
b22f4f387d,180,1095,7665,76.65,515.3474139524005,0.3407391589913127,20.482416582369513,2.7713124865052934,
b22f4f387d,180,1096,7672,76.72,515.0633736259838,0.42890287141575256,19.69958332866117,3.3382502926756334,
b22f4f387d,180,1097,7679,76.79,514.5649126848033,0.3537951528102894,19.776724769104305,2.2825553037407222,
b22f4f387d,180,1098,7686,76.86,514.2263627969689,0.5650046965346351,19.408160748153268,5.542067724145122,
b22f4f387d,180,1099,7693,76.93,513.5943228483253,0.41225134485699594,18.861704738665168,1.4443970079645303,
b22f4f387d,180,1100,7700,77.0,513.2946212748936,0.6162849242067888,18.411767490434464,2.9198435222216657,
b22f4f387d,180,1101,7707,77.07,512.5724009494921,0.5740457556194781,18.701493290105226,3.941458684668767,
b22f4f387d,180,1102,7714,77.14,512.4406790337678,0.5886979077128041,18.86454289884632,2.482054078486347,
b22f4f387d,180,1103,7721,77.21,512.2745138578877,0.5879688748655584,19.27720296115529,2.6275820126362253,
b22f4f387d,180,1104,7728,77.28,512.1212794169554,0.5666165850434657,19.479767898956776,1.7597173794868957,
b22f4f387d,180,1105,7735,77.35,511.8888435215001,0.6232771226078974,19.58253849486151,0.970338594116255,
b22f4f387d,180,1106,7742,77.42,511.1461028889178,0.4998377294731693,18.239779286585247,2.3866723318827754,
b22f4f387d,180,1107,7749,77.49,510.99751152225514,0.6599487254131179,18.84657731954968,3.09099807072925,
b22f4f387d,180,1108,7756,77.56,510.0930022112924,0.5383704777672831,18.190728310525373,2.7624760338422085,
b22f4f387d,180,1109,7763,77.63,509.91338619321596,0.5730098909930317,19.279012191504297,1.6079431076916249,
b22f4f387d,180,1110,7770,77.7,509.69375950175663,0.5497041016200117,18.279281761677538,1.176354347328103,
b22f4f387d,180,1111,7777,77.77,509.540141621079,0.6753696031694794,19.851345237723617,4.248121442327441,
b22f4f387d,180,1112,7784,77.84,508.8953380538994,0.30095254235888513,17.925121521031627,2.264657760838078,
b22f4f387d,180,1113,7791,77.91,507.99041029646116,0.3964401920513971,17.601088586921758,3.266716474601846,
b22f4f387d,180,1114,7798,77.98,507.3933007423759,0.3231412595126996,16.774748820418065,2.6980796881818705,
b22f4f387d,180,1115,7805,78.05,506.9682096190614,0.2811354868375788,16.773627141094693,2.285051643406519,
b22f4f387d,180,1116,7812,78.12,506.8392981635063,0.3068119070782817,17.090948947734788,1.7342663194529466,
b22f4f387d,180,1117,7819,78.19,506.68142101793046,0.4599150674564213,17.424383284615587,3.7502959363681687,
b22f4f387d,180,1118,7826,78.26,506.09443135323136,0.5775603660140521,17.212811934378255,5.6230578638898105,
b22f4f387d,180,1119,7833,78.33,504.8413158090675,0.2481000218137433,18.01780486393568,1.3505614491643911,
b22f4f387d,180,1120,7840,78.4,504.6303003609009,0.38690296196529245,17.767348814986512,3.7967670873708435,
b22f4f387d,180,1121,7847,78.47,504.2824287405804,0.4244501740126758,19.10149364036828,3.600933619147637,
b22f4f387d,180,1122,7854,78.54,503.7974497387536,0.25970401469433646,18.348200454172318,1.4743808014285094,
b22f4f387d,180,1123,7861,78.61,503.6809554064875,0.48285928749825213,18.7410037442437,4.513037699597596,
b22f4f387d,180,1124,7868,78.68,502.6280636709907,0.4677957456618298,18.224425533054575,4.362189050314163,
b22f4f387d,180,1125,7875,78.75,501.60887216043545,0.2780184874046113,17.970182813847902,2.5881056653077095,
b22f4f387d,180,1126,7882,78.82,501.3049810344851,0.22355891201963685,18.676527457949163,1.7902109777099005,
b22f4f387d,180,1127,7889,78.89,501.1765258777844,0.3429869732976514,18.08879112106097,0.5680243835004414,
b22f4f387d,180,1128,7896,78.96,500.85298345597334,0.3210638598957732,18.56925980494178,2.396070235469918,
b22f4f387d,180,1129,7903,79.03,500.54082906277125,0.37826760851574576,18.74900379817315,3.5368169417521917,
b22f4f387d,180,1130,7910,79.1,500.1303758415883,0.3336880976721647,18.601728349161398,2.7779561272455333,
b22f4f387d,180,1131,7917,79.17,499.77945832605104,0.3673866489424212,18.71836462816,3.2692033589637552,
b22f4f387d,180,1132,7924,79.24,499.5703726254325,0.2975098143682286,19.00026377564209,1.0707161472717215,
b22f4f387d,180,1133,7931,79.31,499.4250172332296,0.5048805864102521,18.73871252524548,3.6377151538025454,
b22f4f387d,180,1134,7938,79.38,498.9523149659045,0.521263797027647,19.74220819018674,3.071158069061695,
b22f4f387d,180,1135,7945,79.45,498.08145766347405,0.3283937515611283,18.3161768572514,1.188466484805365,
b22f4f387d,180,1136,7952,79.52,497.9036491349275,0.4552082197942234,19.294920580083062,4.055416769122458,
b22f4f387d,180,1137,7959,79.59,497.52145467065316,0.39669416081576364,18.387951176110764,1.7534745757136316,
b22f4f387d,180,1138,7966,79.66,497.23407905243533,0.3058446239918448,18.49276931714522,0.9652562006821183,
b22f4f387d,180,1139,7973,79.73,497.0396612829037,0.3169434574460702,17.56454179013277,2.0747253695325116,
b22f4f387d,180,1140,7980,79.8,496.7202324444267,0.3837079888833991,17.537391978012046,2.8362503354811057,
b22f4f387d,180,1141,7987,79.87,496.42226140615713,0.4263549651061323,18.732325591318148,3.660528285458561,
b22f4f387d,180,1142,7994,79.94,495.7098392164269,0.2790946133587226,18.11644203656766,0.7032868319397904,
b22f4f387d,180,1143,8001,80.01,495.372006696408,0.33594525410083137,17.99347074855987,3.3015488036782092,
b22f4f387d,180,1144,8008,80.08,495.08815743303256,0.3563140550088787,18.38178738336918,1.868979469665507,
b22f4f387d,180,1145,8015,80.15,494.64733798067465,0.26811200681581265,18.205647022925213,2.389193179872169,
b22f4f387d,180,1146,8022,80.22,494.37584617075595,0.22388005785593085,18.460055583140342,1.9226725268065432,
b22f4f387d,180,1147,8029,80.29,494.20608303909574,0.37342576774983516,18.707950135586994,3.601664715189817,
b22f4f387d,180,1148,8036,80.36,493.88052548999354,0.20622838809293792,19.331851505266705,0.7283621848309829,
b22f4f387d,180,1149,8043,80.43,493.76721409916826,0.48825473975767886,18.491821388374504,4.74759861992029,
b22f4f387d,180,1150,8050,80.5,492.64281725132565,0.44165308335990966,17.8862912559526,3.7036453129932037,
b22f4f387d,180,1151,8057,80.57,491.8102023097515,0.48157331557129646,17.927605256982265,2.3066525068735677,
b22f4f387d,180,1152,8064,80.64,491.30113413165697,0.39300168271447145,17.211031657140868,1.9145123387024388,
b22f4f387d,180,1153,8071,80.71,490.9603454898547,0.34835528961163303,17.063369507733626,2.0358125663251454,
b22f4f387d,180,1154,8078,80.78,490.67170823771056,0.25527813322959203,17.130340596110656,1.686041045297044,
b22f4f387d,180,1155,8085,80.85,490.57162567581884,0.332376814794609,17.279806090229712,2.2877992713115036,
b22f4f387d,180,1156,8092,80.92,490.21638287203064,0.21332118498426358,17.047450662385128,1.4345558644310332,
b22f4f387d,180,1157,8099,80.99,490.14700618290635,0.3075881838436353,17.343413170405054,2.6387639882322427,
b22f4f387d,180,1158,8106,81.06,489.83657094244063,0.4673611468428688,16.88263333785667,2.758944928422558,
b22f4f387d,180,1159,8113,81.13,489.120000645416,0.49051566040485983,17.303095877626422,3.2283779352637154,
b22f4f387d,180,1160,8120,81.2,488.80637947914903,0.4488665623737399,16.59206334809727,2.2779614796757017,
b22f4f387d,180,1161,8127,81.27,488.3095391021935,0.3646784384352944,16.841252887908865,2.237946798621341,
b22f4f387d,180,1162,8134,81.34,487.9418855186765,0.30576568411538735,16.353198990071334,2.6413578173332555,
b22f4f387d,180,1163,8141,81.41,487.5521500341184,0.18877325638122927,16.16045389899587,1.180065843732837,
b22f4f387d,180,1164,8148,81.48,487.42938773843315,0.2082192306671434,16.62051693930305,1.8805221753373373,
b22f4f387d,180,1165,8155,81.55,487.3146499233422,0.4209888060494771,16.873464956141955,3.8580446763988787,
b22f4f387d,180,1166,8162,81.62,486.59597856440064,0.31913774855571897,17.578480407942706,2.576618274229732,
b22f4f387d,180,1167,8169,81.69,486.2616348003096,0.2621168973649645,17.614911915116135,2.037077430295945,
b22f4f387d,180,1168,8176,81.76,486.0623896358961,0.18103277876213822,17.53314516938293,1.3701054652286129,
b22f4f387d,180,1169,8183,81.83,485.9800003753616,0.31403223555399407,17.32365536656264,1.8855145429520985,
b22f4f387d,180,1170,8190,81.9,485.70244964549653,0.4368060836272133,18.64257480365324,3.131627707319952,
b22f4f387d,180,1171,8197,81.97,485.1129417781309,0.29246582097526297,18.677909896268343,2.2260828481298924,
b22f4f387d,180,1172,8204,82.04,484.86599427121473,0.3856988076270432,18.13097824565787,3.29313225488511,
b22f4f387d,180,1173,8211,82.11,484.4899474520687,0.4987325554559486,19.45768091887946,4.7730746326751445,
b22f4f387d,180,1174,8218,82.18,483.95205080426683,0.3381761674371446,18.60574725131292,1.4924143238979777,
b22f4f387d,180,1175,8225,82.25,483.6927385159884,0.24239629832523824,18.55373369770109,1.17636230649205,
b22f4f387d,180,1176,8232,82.32,483.5677179555374,0.42697957374497764,18.345438156094467,3.906729412539177,
b22f4f387d,180,1177,8239,82.39,482.9439803046346,0.35315124786002555,19.736568461219484,1.7425625792611141,
b22f4f387d,180,1178,8246,82.46,482.5529680682626,0.35987608622505196,19.963987099385463,3.3932104824292186,
b22f4f387d,180,1179,8253,82.53,482.2394054458947,0.3772371929821435,18.83740926074322,3.53205546884904,
b22f4f387d,180,1180,8260,82.6,481.6737806654276,0.38423234247566207,18.689270143494564,2.1495620119032988,
b22f4f387d,180,1181,8267,82.67,481.47634136436955,0.4387168918700355,19.58423889418712,2.344319344953455,
b22f4f387d,180,1182,8274,82.74,480.74757880557667,0.27762033991706386,18.212625200172262,2.5107290184841484,
b22f4f387d,180,1183,8281,82.81,480.52188365021226,0.2984117722781823,18.771144286479615,2.6584173923258123,
b22f4f387d,180,1184,8288,82.88,480.27672725376124,0.29251234587994307,17.806925966652,2.4809544040149785,
b22f4f387d,180,1185,8295,82.95,480.0819166917071,0.1815122399597987,17.77626554916898,0.7038800092924854,
b22f4f387d,180,1186,8302,83.02,480.00544601201324,0.44492140447166634,17.253143316017525,3.530930383971153,
b22f4f387d,180,1187,8309,83.09,479.5068821780766,0.44362158394130347,17.102079473192244,3.1970461024484598,
b22f4f387d,180,1188,8316,83.16,478.87599413814155,0.2760667381767917,17.467492973513746,1.4171884700301918,
b22f4f387d,180,1189,8323,83.23,478.61682997568136,0.5070634127667261,16.860982491557206,4.915443366994118,
b22f4f387d,180,1190,8330,83.3,477.4489413356348,0.36772233343094474,16.528270528518195,3.1288676421460493,
b22f4f387d,180,1191,8337,83.37,477.12637285931294,0.2869874589788174,16.555026259274108,2.0371699182201572,
b22f4f387d,180,1192,8344,83.44,477.1150974980238,0.43057171486309204,16.0238127561857,2.3002279885889076,
b22f4f387d,180,1193,8351,83.51,477.0245316764895,0.5208635362846304,17.948470413063806,2.2683115222817887,
b22f4f387d,180,1194,8358,83.58,476.75466967239237,0.516500119837178,17.003105059584303,3.008187968341467,
b22f4f387d,180,1195,8365,83.65,476.45652695264044,0.5587017962089152,18.19814613510587,3.6190755492454474,
b22f4f387d,180,1196,8372,83.72,475.7819506923884,0.4217929835741031,16.53641501897352,1.6037436432818746,
b22f4f387d,180,1197,8379,83.79,475.5264363898435,0.37332370578383284,17.40897752824733,2.1267076463745265,
b22f4f387d,180,1198,8386,83.86,475.39144594411744,0.42916989628662583,16.346943405607444,3.087384479929345,
b22f4f387d,180,1199,8393,83.93,475.25298817961493,0.440679036646264,18.35796491148801,1.6939700504947375,
b22f4f387d,180,1200,8400,84.0,475.11891423851716,0.5044695480710629,16.86114542322255,2.296059163024665,
b22f4f387d,180,1201,8407,84.07,475.08043202000283,0.6087158150711092,19.941980166054176,2.958809360292094,
b22f4f387d,180,1202,8414,84.14,474.4026842426328,0.6442081411397494,16.877207641911077,3.835039356102151,
b22f4f387d,180,1203,8421,84.21,473.57568329157965,0.4017255636713148,21.047146994508857,6.618593368296157,
b22f4f387d,180,1204,8428,84.28,472.0494393354682,0.27786415554343363,17.275466623263704,0.4723474540960025,
b22f4f387d,180,1205,8435,84.35,471.9186902094007,0.3454077829103788,18.66244516205653,2.845572285596046,
b22f4f387d,180,1206,8442,84.42,471.7229424492541,0.26618625945439983,17.701145767807585,0.987671276884177,
b22f4f387d,180,1207,8449,84.49,471.6376010504697,0.35799365959910706,18.3806697137129,3.09229988691142,
b22f4f387d,180,1208,8456,84.56,471.24269786866273,0.39048424134271503,17.373840927613042,2.772461005786166,
b22f4f387d,180,1209,8463,84.63,470.80265139959084,0.5853032212758843,17.173552713820847,5.150188332846646,
b22f4f387d,180,1210,8470,84.7,470.15404929855094,0.6263723193598527,17.117644918855856,4.5809351939958125,
b22f4f387d,180,1211,8477,84.77,469.4833914953985,0.43268518150976637,17.424425631768823,0.5490498347398384,
b22f4f387d,180,1212,8484,84.84,469.15757630785816,0.325782916248119,16.071295902555697,1.10183467711286,
b22f4f387d,180,1213,8491,84.91,468.8917933555298,0.260351613253115,16.351106521392797,1.924590401585171,
b22f4f387d,180,1214,8498,84.98,468.78601940148786,0.33155323440325907,16.11378239664824,2.752133564846091,
b22f4f387d,180,1215,8505,85.05,468.4800354932356,0.3122230132010178,15.725452552198494,2.9140064939720443,
b22f4f387d,180,1216,8512,85.12,468.1264227964526,0.30083152588679285,16.593927905597912,2.6904186399309125,
b22f4f387d,180,1217,8519,85.19,467.77986154970597,0.31578708973065867,16.63511319101763,3.127767762357847,
b22f4f387d,180,1218,8526,85.26,467.38597147439293,0.3391424696389466,16.976084934107174,2.248177319833454,
b22f4f387d,180,1219,8533,85.33,467.04745928124686,0.26537112988256445,17.42528393688776,1.8047616300602551,
b22f4f387d,180,1220,8540,85.4,466.82543594321663,0.35238177526205783,17.08228615637954,3.443000981313029,
b22f4f387d,180,1221,8547,85.47,466.47593071943425,0.2352983027732349,16.89165759892355,1.26471703455364,
b22f4f387d,180,1222,8554,85.54,466.40632688411773,0.38300976383458374,16.687270826638073,2.801365050696525,
b22f4f387d,180,1223,8561,85.61,466.04449432691626,0.4470540221059517,17.213904966288965,3.681001190458675,
b22f4f387d,180,1224,8568,85.68,465.12273309572976,0.31900795331761334,16.706149378939273,2.7758797852603525,
b22f4f387d,180,1225,8575,85.75,464.7296399466119,0.3847994363069881,17.25955912330569,3.6831410926440404,
b22f4f387d,180,1226,8582,85.82,464.1724093731128,0.4249692200487717,16.514547687235595,3.7201577851324337,
b22f4f387d,180,1227,8589,85.89,463.3245785492341,0.217403602768376,16.593938233713267,0.865958475760102,
b22f4f387d,180,1228,8596,85.96,463.18641192819274,0.8632185411267292,16.24803113469167,4.37023900840544,
b22f4f387d,180,1229,8603,86.03,463.16429406616305,0.46135411825118205,19.04868074535685,1.637773506687875,
b22f4f387d,180,1230,8610,86.1,462.18808341173917,0.49101733075386866,17.258283912801787,2.1492365508046873,
b22f4f387d,180,1231,8617,86.17,461.42232539214694,0.4963109405627773,16.606100953525765,4.073569544415056,
b22f4f387d,180,1232,8624,86.24,460.51620640253844,0.3127759801186741,17.355480009797656,1.628475448619891,
b22f4f387d,180,1233,8631,86.31,460.2024969595934,0.3895878443713137,17.39159383024872,3.8631450414942665,
b22f4f387d,180,1234,8638,86.38,459.4720358666886,0.28922965000087936,17.484429050211194,1.4935232210439353,
b22f4f387d,180,1235,8645,86.45,459.17379900705475,0.2889295789460965,17.776360138042342,1.9256349240675785,
b22f4f387d,180,1236,8652,86.52,458.8224546330357,0.3077070498852429,17.806331908774037,2.454660709030008,
b22f4f387d,180,1237,8659,86.59,458.52061206518965,0.13629734857293485,17.155725742917998,0.330551142503974,
b22f4f387d,180,1238,8666,86.66,458.47155099995655,0.1834248559969369,17.27777847424901,1.6850954462268122,
b22f4f387d,180,1239,8673,86.73,458.32705607886396,0.29159727226930304,16.998333953838557,2.1004936609489393,
b22f4f387d,180,1240,8680,86.8,458.0446244675017,0.48346626490457334,17.412969096075145,1.7634264919465417,
b22f4f387d,180,1241,8687,86.87,456.9253247468187,0.3032854145837295,17.414141590994515,2.6848330281106163,
b22f4f387d,180,1242,8694,86.94,456.6089862407259,0.4158508568875083,17.66477157641038,3.8225761190791707,
b22f4f387d,180,1243,8701,87.01,456.13853891183635,0.33280656019620525,18.58564267941409,1.406234429914585,
b22f4f387d,180,1244,8708,87.08,455.9137427386982,0.28903830338321157,17.98331386760204,1.4731715679043373,
b22f4f387d,180,1245,8715,87.15,455.7828475060088,0.26854601931319877,18.332242604210816,1.4444186877935623,
b22f4f387d,180,1246,8722,87.22,455.6385265766083,0.2796598929080012,17.881613022828553,2.2043416842951813,
b22f4f387d,180,1247,8729,87.29,455.43334399958997,0.27803281469759866,18.155139313548535,2.1684113859658125,
b22f4f387d,180,1248,8736,87.36,455.27802420526695,0.6200792889632619,18.610879188643946,5.86061748740562,
b22f4f387d,180,1249,8743,87.43,453.7270781078024,0.34693041936837216,17.831024531943175,2.1297341553580544,
b22f4f387d,180,1250,8750,87.5,453.49120698244866,0.38606134556540045,17.66666947634421,2.1885290584285677,
b22f4f387d,180,1251,8757,87.57,453.1788863826939,0.25211800809636337,17.56798580305727,0.7520921270960915,
b22f4f387d,180,1252,8764,87.64,453.0716198350364,0.383325575623216,17.03465219983449,2.5343869818782516,
b22f4f387d,180,1253,8771,87.71,452.7340932624995,0.45103475281006017,17.42810634219138,3.342896383346367,
b22f4f387d,180,1254,8778,87.78,452.0675624779142,0.21713898795448228,16.958131675585225,0.8981663515468028,
b22f4f387d,180,1255,8785,87.85,451.93169423157957,0.3544789192015573,16.840348320979512,2.948662107076936,
b22f4f387d,180,1256,8792,87.92,451.53400685852023,0.3456474470205037,16.191085917397984,1.9480236250199001,
b22f4f387d,180,1257,8799,87.99,451.2195753048124,0.48378428629919973,17.04502272049406,4.376859693402753,
b22f4f387d,180,1258,8806,88.06,450.6204229624165,0.4325051029045812,17.000497650948198,2.8961523327150975,
b22f4f387d,180,1259,8813,88.13,450.0044603099404,0.2836539862545939,17.715666503600847,1.6497540830762887,
b22f4f387d,180,1260,8820,88.2,449.7775873641419,0.3263887907969708,17.089744145060408,2.499331410078655,
b22f4f387d,180,1261,8827,88.27,449.61350500658347,0.42129223414427064,17.49456056698622,3.415447548088783,
b22f4f387d,180,1262,8834,88.34,449.1670787614083,0.32204999594463457,17.81745780212615,1.8497646741200766,
b22f4f387d,180,1263,8841,88.41,449.04159208119245,0.47036583584756847,17.555811890993446,3.8941150645864617,
b22f4f387d,180,1264,8848,88.48,448.52828351640045,0.6435665853731661,18.05758170892699,5.514810276601519,
b22f4f387d,180,1265,8855,88.55,447.64825014645345,0.5172743786010146,18.991807650506942,2.4558395158585458,
b22f4f387d,180,1266,8862,88.62,447.50673906320253,0.6533090327106791,18.598315943051364,2.224850818166478,
b22f4f387d,180,1267,8869,88.69,446.6234492063181,0.5404861145747845,17.86491666733797,1.249585970642351,
b22f4f387d,180,1268,8876,88.76,446.55095902031167,0.6197147781052418,16.99646634287505,3.3079869349281577,
b22f4f387d,180,1269,8883,88.83,446.25503431984845,0.6507837308986576,17.62477461233221,3.012629537349523,
b22f4f387d,180,1270,8890,88.9,445.92147173549074,0.7048271022197935,17.426089371798103,3.6719059110754815,
b22f4f387d,180,1271,8897,88.97,445.14972094935496,0.6516217165261973,18.15105755264759,3.328017484328168,
b22f4f387d,180,1272,8904,89.04,444.97165358829034,0.7118430250172341,18.445374380819914,3.7663952870349076,
b22f4f387d,180,1273,8911,89.11,444.5085434729086,0.6472410643830822,18.686530776065396,1.5353347833019066,
b22f4f387d,180,1274,8918,89.18,444.38518880969724,0.6354242669889242,18.108437272024684,1.7568116672440788,
b22f4f387d,180,1275,8925,89.25,444.05951483770923,0.5606620821679738,18.033070791586496,1.059735244097366,
b22f4f387d,180,1276,8932,89.32,443.98615103905684,0.6811189918614342,17.77184301899658,3.6428992905269277,
b22f4f387d,180,1277,8939,89.39,442.9563592723915,0.6306769471713508,17.87802503836372,4.664901589127999,
b22f4f387d,180,1278,8946,89.46,442.6178991045301,0.6356382177588884,18.34214767744263,3.417294053210374,
b22f4f387d,180,1279,8953,89.53,442.49353305669524,0.3341501256182125,17.955341071755676,1.8005994731993544,
b22f4f387d,180,1280,8960,89.6,441.35873552594677,0.331287088440083,15.92642780473447,2.379967161672637,
b22f4f387d,180,1281,8967,89.67,441.1310355962401,0.46703143134220326,15.633754198345034,3.431796837918379,
b22f4f387d,180,1282,8974,89.74,440.3594785404081,0.30075131662593474,15.973701058151416,2.470052982477104,
b22f4f387d,180,1283,8981,89.81,439.9928861202827,0.1488918259420745,15.396076983020494,1.3921042747887171,
b22f4f387d,180,1284,8988,89.88,439.94994279665815,0.22653865094790537,15.72795130979481,1.3746676266556426,
b22f4f387d,180,1285,8995,89.95,439.7792601405298,0.203748728346951,15.66496843941526,1.8175875606310226,
b22f4f387d,180,1286,9002,90.02,439.6205743255506,0.1870153211221044,15.484569854710948,0.539283575293662,
b22f4f387d,180,1287,9009,90.09,439.50788967783393,0.3855274423960003,15.499664320080182,3.782302006587212,
b22f4f387d,180,1288,9016,90.16,438.89448772553976,0.1886601613539538,15.96237152341018,1.4461646695984727,
b22f4f387d,180,1289,9023,90.23,438.760358657845,0.13250370803112774,15.606142845403495,1.0206596297457917,
b22f4f387d,180,1290,9030,90.3,438.71183546180265,0.26522773778671555,15.867521788587645,2.34526290788076,
b22f4f387d,180,1291,9037,90.37,438.4344416814508,0.28078370129476077,15.854359668799317,2.777529166072088,
b22f4f387d,180,1292,9044,90.44,438.21554477539024,0.37734728151736985,15.828365850581328,3.008292713574862,
b22f4f387d,180,1293,9051,90.51,437.62930937693125,0.29572109528160334,15.744377674250826,2.6988332776831254,
b22f4f387d,180,1294,9058,90.58,437.36900148821087,0.20874680459068223,15.796754202397782,1.470211241970356,
b22f4f387d,180,1295,9065,90.65,437.2359716287925,0.17979942571020568,15.360545962132708,1.3189031773321176,
b22f4f387d,180,1296,9072,90.72,437.18347666535215,0.2562482687361854,15.568009265885864,2.227450803838599,
b22f4f387d,180,1297,9079,90.79,436.86188962758786,0.22044155284961586,14.57655495497016,2.1904324321029978,
b22f4f387d,180,1298,9086,90.86,436.691535832144,0.32608447725495565,14.947802550573325,3.0663092566926906,
b22f4f387d,180,1299,9093,90.93,436.3467624240672,0.2106734089205932,14.405230681520173,0.9772844772450421,
b22f4f387d,180,1300,9100,91.0,436.27453448874047,0.3359688203019279,14.741036070536621,2.7119238908447696,
b22f4f387d,180,1301,9107,91.07,436.13946350189946,0.1828406857377806,15.131776311437982,2.4650320660661946,
b22f4f387d,180,1302,9114,91.14,435.82094864448317,0.33393624191103516,14.849228102835632,3.247023249452588,
b22f4f387d,180,1303,9121,91.21,435.52187438203526,0.26750204530423827,15.544150357715038,1.9827831785381975,
b22f4f387d,180,1304,9128,91.28,435.3288928945228,0.33366539109745397,14.924962276669161,2.9883219065426014,
b22f4f387d,180,1305,9135,91.35,434.91504836941004,0.1500601305635432,15.095159942122184,1.165028304324953,
b22f4f387d,180,1306,9142,91.42,434.8475538669023,0.2932366509675901,14.86650421913556,2.66373383059728,
b22f4f387d,180,1307,9149,91.49,434.5398979337766,0.1886493219737571,14.812533604381507,1.0810454124889715,
b22f4f387d,180,1308,9156,91.56,434.39126478416534,0.3503376301660795,14.587431577290614,3.048993264980129,
b22f4f387d,180,1309,9163,91.63,433.81310785408726,0.2340560256534812,13.76113916633112,2.0048390967204943,
b22f4f387d,180,1310,9170,91.7,433.6236032785625,0.30860312835877834,13.730533446175654,2.8422201262802265,
b22f4f387d,180,1311,9177,91.77,433.29204031728045,0.1771916899415392,14.340219576390544,1.2193306670175248,
b22f4f387d,180,1312,9184,91.84,433.2435514294005,0.3175182927252009,13.837720335040425,2.587548697417165,
b22f4f387d,180,1313,9191,91.91,432.7859748964623,0.4398716483977109,14.302992945859987,3.021164694603158,
b22f4f387d,180,1314,9198,91.98,432.18636642623466,0.2484821535663505,15.491614854529294,1.5134177447759667,
b22f4f387d,180,1315,9205,92.05,431.9940620741627,0.2432391197067026,14.884354377494043,1.6093210230973805,
b22f4f387d,180,1316,9212,92.12,431.8781274255898,0.28773772962673705,15.153458057636733,2.132840986562845,
b22f4f387d,180,1317,9219,92.19,431.62416678087874,0.31320295029999007,14.622358928544232,2.7639886561809037,
b22f4f387d,180,1318,9226,92.26,431.32371800787325,0.41308042328705463,14.649749874210105,4.034911459025227,
b22f4f387d,180,1319,9233,92.33,430.78710900855947,0.43731623459169694,15.670151404959496,2.2207080951310245,
b22f4f387d,180,1320,9240,92.4,430.02541821966605,0.3454612535836174,15.835598028347428,2.797106593630096,
b22f4f387d,180,1321,9247,92.47,429.6345358735193,0.3650699752002845,16.01682627241155,3.361310534776692,
b22f4f387d,180,1322,9254,92.54,428.977447376277,0.17087011136228286,15.81550795066028,0.9821456194961186,
b22f4f387d,180,1323,9261,92.61,428.8854704649685,0.38008105024833,15.632569071651204,1.3667860818511957,
b22f4f387d,180,1324,9268,92.68,428.38390579686444,0.296856997489455,15.203317922133959,2.819508549288651,
b22f4f387d,180,1325,9275,92.75,428.268759322676,0.2865344051514587,15.582902681163988,1.3275691115747172,
b22f4f387d,180,1326,9282,92.82,428.2496409616303,0.3239063696059125,15.434448411399677,1.7391783148131985,
b22f4f387d,180,1327,9289,92.89,428.1188109878571,0.6666621907544006,15.39133171463013,5.873378453648392,
b22f4f387d,180,1328,9296,92.96,427.1623986711104,0.4732793585485255,16.726284484416624,2.873413615062903,
b22f4f387d,180,1329,9303,93.03,426.7351483825186,0.42541417880086496,15.251308305878965,3.0198239850212096,
b22f4f387d,180,1330,9310,93.1,425.9880770781334,0.428432156191871,14.870998115948963,3.1875459288850143,
b22f4f387d,180,1331,9317,93.17,425.43882570710247,0.35046955551843123,15.38954860416659,2.9227801567004117,
b22f4f387d,180,1332,9324,93.24,425.30958033638893,0.3563148428313729,16.16208501737185,1.9240492504888027,
b22f4f387d,180,1333,9331,93.31,425.0062654110767,0.4243387958140752,15.346511012035508,2.306565430750905,
b22f4f387d,180,1334,9338,93.38,424.58297089541685,0.44027067256939373,15.718055591600878,1.9624602538629887,
b22f4f387d,180,1335,9345,93.45,424.4465205660985,0.46621650721662716,15.479208097776054,2.1122718765348347,
b22f4f387d,180,1336,9352,93.52,424.17996700175496,0.3915199095601654,15.87168010357154,0.8588256839519439,
b22f4f387d,180,1337,9359,93.59,424.14361742089557,0.41320565514509555,15.699438752186802,1.4936198048698393,
b22f4f387d,180,1338,9366,93.66,423.9437560314276,0.4233942263989463,15.899855641790381,2.1241219920224514,
b22f4f387d,180,1339,9373,93.73,423.9412472298904,0.43700019435922366,15.77281347835716,1.043024637753886,
b22f4f387d,180,1340,9380,93.8,423.92832543232515,0.4576020932814104,15.97692123557382,2.040877909449223,
b22f4f387d,180,1341,9387,93.87,423.78158980133213,0.5198826442562061,15.636853660368839,2.817652155576081,
b22f4f387d,180,1342,9394,93.94,423.5451190010887,0.5146250351649992,16.24272382686223,1.6265879807371901,
b22f4f387d,180,1343,9401,94.01,423.22549712476615,0.4919828754118555,15.617316237693338,2.523209786566864,
b22f4f387d,180,1344,9408,94.08,422.87729651161305,0.5160053720338141,15.723505692428507,4.13817325090114,
b22f4f387d,180,1345,9415,94.15,422.1508673919515,0.41215809615181476,15.156970343994562,2.8179685764531675,
b22f4f387d,180,1346,9422,94.22,421.6210166953212,0.41822251731053084,14.39142395561585,3.519601167247598,
b22f4f387d,180,1347,9429,94.29,421.1377635878844,0.2850576820141242,14.509449643170791,1.50482469923196,
b22f4f387d,180,1348,9436,94.36,420.963455876768,0.35453048287490174,14.004352281666138,2.15876444345957,
b22f4f387d,180,1349,9443,94.43,420.5718098717484,0.4075718724703749,14.619257412986004,3.3010163113954047,
b22f4f387d,180,1350,9450,94.5,420.0846581991005,0.2192102571578026,14.196053842606005,0.5466667183742885,
b22f4f387d,180,1351,9457,94.57,419.9758608989979,0.16667298905868816,14.027907961861793,1.090444850905928,
b22f4f387d,180,1352,9464,94.64,419.8960120308722,0.5329329588849987,14.142150708172458,5.1390904187525965,
b22f4f387d,180,1353,9471,94.71,418.85742368194957,0.21733352029518774,15.208978380353159,0.937212913175288,
b22f4f387d,180,1354,9478,94.78,418.71717478745524,0.12086562868630005,14.172800261727819,0.6589235362430211,
b22f4f387d,180,1355,9485,94.85,418.6778460964379,0.40020232708106357,14.379078360952459,3.553453622830852,
b22f4f387d,180,1356,9492,94.92,418.20168017312596,0.3059733623694508,14.519840905033183,1.7961200161459727,
b22f4f387d,180,1357,9499,94.99,418.07250766742817,0.38939587316242685,14.617961116557838,3.072274000347697,
b22f4f387d,180,1358,9506,95.06,417.8001285993777,0.4876964307249942,14.660164211521456,2.4283710209443976,
b22f4f387d,180,1359,9513,95.13,417.30399047136086,0.5138090331419576,14.473173506017385,3.1798168364821335,
b22f4f387d,180,1360,9520,95.2,416.54506070785385,0.3412217059456928,14.908357832358112,1.7188819613448947,
b22f4f387d,180,1361,9527,95.27,416.234238961205,0.2933084213156111,14.463131455630748,2.2579865351702963,
b22f4f387d,180,1362,9534,95.34,416.04003525623943,0.3445046009773104,14.405462821263864,1.870129416371136,
b22f4f387d,180,1363,9541,95.41,415.8020974010445,0.29048762862412997,15.068328588318446,0.42116408204936645,
b22f4f387d,180,1364,9548,95.48,415.5935619352156,0.31606755793318964,14.264446688118436,2.082534351950189,
b22f4f387d,180,1365,9555,95.55,415.3345330936806,0.3216692505370574,14.4530500154778,1.3341560812737168,
b22f4f387d,180,1366,9562,95.62,415.0817327134176,0.26609922416152604,14.299017839679475,1.8354955967137914,
b22f4f387d,180,1367,9569,95.69,414.8677095916679,0.2225701105833104,13.52998851413617,2.016200213691785,
b22f4f387d,180,1368,9576,95.76,414.774983488238,0.37998982067491777,14.073771724794064,3.3999817186082337,
b22f4f387d,180,1369,9583,95.83,414.35580692212835,0.31553395393100897,14.081309324266336,2.3133900294841707,
b22f4f387d,180,1370,9590,95.9,414.1504595413211,0.44803963936536456,14.814059392198137,3.8486086382822537,
b22f4f387d,180,1371,9597,95.97,413.5637790960072,0.32203422133534987,14.120667378608736,2.265341971606666,
b22f4f387d,180,1372,9604,96.04,413.21455724198137,0.13161965073078016,14.374564985009881,0.7382945413711653,
b22f4f387d,180,1373,9611,96.11,413.16386806578697,0.3105064268981434,14.090616008817525,2.919955666122817,
b22f4f387d,180,1374,9618,96.18,412.74606149277986,0.27816863982218853,14.153181885058567,2.560073089635133,
b22f4f387d,180,1375,9625,96.25,412.45848278809075,0.4146582995922764,14.189503012340706,4.036908608805667,
b22f4f387d,180,1376,9632,96.32,411.76031471666647,0.3466783369791391,14.130467264498396,3.0684385911110392,
b22f4f387d,180,1377,9639,96.39,411.26492616093304,0.1728908833236018,13.643576471638251,1.1391673780362808,
b22f4f387d,180,1378,9646,96.46,411.19071019051097,0.144552743079118,13.593031307647525,0.8557663270060878,
b22f4f387d,180,1379,9653,96.53,411.09254131114284,0.14225358569803506,13.56401583311866,1.3955703915425315,
b22f4f387d,180,1380,9660,96.6,411.0092931830242,0.23501753485467503,13.50531468649479,2.2644349015852114,
b22f4f387d,180,1381,9667,96.67,410.8191284944851,0.4454885088705333,13.777083771744463,3.6090257936718197,
b22f4f387d,180,1382,9674,96.74,410.1152429891163,0.3153894092498142,13.923143294130927,2.6006551370404964,
b22f4f387d,180,1383,9681,96.81,409.81274006561716,0.19939353334329,13.803975782187402,1.1267540699151508,
b22f4f387d,180,1384,9688,96.88,409.63459936218817,0.10245135632100272,13.228706496577823,0.9069414526773336,
b22f4f387d,180,1385,9695,96.95,409.5841169490596,0.3312839202856839,13.115558194211555,2.1966098366014175,
b22f4f387d,180,1386,9702,97.02,409.13386107131856,0.3704240991138305,14.284820537470935,3.599448534090616,
b22f4f387d,180,1387,9709,97.09,408.5984517882534,0.18719247209152734,13.836531672569851,1.264746699675481,
b22f4f387d,180,1388,9716,97.16,408.53589505436605,0.2674491987278462,13.837586857432285,2.0269075872507614,
b22f4f387d,180,1389,9723,97.23,408.2636366272037,0.3737197755599135,13.765719017414646,3.3474034035495133,
b22f4f387d,180,1390,9730,97.3,407.9371577158645,0.31214376195972915,13.747711135175892,2.0501275292537953,
b22f4f387d,180,1391,9737,97.37,407.5670676348716,0.3263565488146459,13.647295056903948,2.6430287077886234,
b22f4f387d,180,1392,9744,97.44,407.25711665048334,0.23988624913241136,14.369109306840878,1.6045877760093512,
b22f4f387d,180,1393,9751,97.51,407.1220060537606,0.370987365322352,13.688249622292929,3.6708660019110257,
b22f4f387d,180,1394,9758,97.58,406.56828253725655,0.20784566188778061,14.058273975868547,1.472281744079572,
b22f4f387d,180,1395,9765,97.65,406.4188691142561,0.3540230274197036,13.581486447807727,3.415429513069396,
b22f4f387d,180,1396,9772,97.72,406.01046610101355,0.36577633924936775,13.334250898711726,3.4128804128165338,
b22f4f387d,180,1397,9779,97.79,405.54200079732095,0.187414572937998,13.367025774414534,1.033597997565137,
b22f4f387d,180,1398,9786,97.86,405.4360079548677,0.29808158082524033,13.154749539179292,2.764820378092524,
b22f4f387d,180,1399,9793,97.93,405.2903017214577,0.37977119969318923,13.344691163166711,3.3226265369080723,
b22f4f387d,180,1400,9800,98.0,404.913991368139,0.25372112873972624,13.837338500618362,1.4366172111007651,
b22f4f387d,180,1401,9807,98.07,404.8239152024666,0.37539932931325265,13.471136486693872,2.998718014934657,
b22f4f387d,180,1402,9814,98.14,404.8012180167845,0.22915796633043212,13.594895954701846,1.8016767433666063,
b22f4f387d,180,1403,9821,98.21,404.27256127556376,0.19015849060896042,12.695664412675216,1.6811192100423566,
b22f4f387d,180,1404,9828,98.28,404.1111455320149,0.3235354519072328,12.683352086458427,2.5757601342766936,
b22f4f387d,180,1405,9835,98.35,403.7811016641183,0.3411687487816783,12.938003742874177,3.2489162714732984,
b22f4f387d,180,1406,9842,98.42,403.254120567107,0.265388493802377,12.711493618133643,2.5019061800655993,
b22f4f387d,180,1407,9849,98.49,402.9858897494617,0.2731456051667209,12.520561296076279,2.163288850912667,
b22f4f387d,180,1408,9856,98.56,402.748147834,0.1989830264971634,12.483483183663544,1.562238412937127,
b22f4f387d,180,1409,9863,98.63,402.6428242594822,0.3340836699095797,12.530642765056324,3.0605567610919517,
b22f4f387d,180,1410,9870,98.7,402.3198472487448,0.20034031624102797,13.030919483306269,1.1908992751121557,
b22f4f387d,180,1411,9877,98.77,402.23742453692347,0.6287414830269988,12.278265328794468,2.778237034357014,
b22f4f387d,180,1412,9884,98.84,402.18088870379387,0.44797775511122745,13.701893797794332,2.985607236932386,
b22f4f387d,180,1413,9891,98.91,401.57532492343427,0.2876229579907121,12.440818474421924,1.8835402323626986,
b22f4f387d,180,1414,9898,98.98,401.37833215499086,0.37956274084810854,11.927034632715118,3.2278655859970726,
b22f4f387d,180,1415,9905,99.05,400.85839301122576,0.4171398200494325,12.192608784965104,4.16408334750959,
b22f4f387d,180,1416,9912,99.12,400.495845127426,0.41964631538961583,13.054833358809917,3.5116162494051597,
b22f4f387d,180,1417,9919,99.19,400.202223838315,0.40873467116207873,12.564780409355048,3.3276202979924663,
b22f4f387d,180,1418,9926,99.26,399.8919361664696,0.3951633167994171,12.873700182575478,1.8033292909630618,
b22f4f387d,180,1419,9933,99.33,399.4491114892503,0.29702678521659776,12.081069174387986,2.2842681308196675,
b22f4f387d,180,1420,9940,99.4,399.255370527866,0.31275729383465406,11.525417740310159,2.383703362579199,
b22f4f387d,180,1421,9947,99.47,398.9851726661838,0.297423753122233,11.476026381427074,2.345866544282867,
b22f4f387d,180,1422,9954,99.54,398.79852373013966,0.2607105871887733,11.932997803705208,1.7132322735447951,
b22f4f387d,180,1423,9961,99.61,398.61952154250156,0.31156147420031766,11.712517293638069,2.339143566396638,
b22f4f387d,180,1424,9968,99.68,398.319267151084,0.30084150230282514,11.779452895391191,2.7637902542255124,
b22f4f387d,180,1425,9975,99.75,398.0203295952647,0.286205974349279,11.412787267376231,2.4378990452457225,
b22f4f387d,180,1426,9982,99.82,397.6742497703998,0.2315193887880012,11.526032386658521,2.0298581705466208,
b22f4f387d,180,1427,9989,99.89,397.41280955822157,0.222907212844467,11.404436066094162,1.5782563985360536,
b22f4f387d,180,1428,9996,99.96,397.21372147327855,0.2596837621075045,11.405068766805675,2.461439553106583,
b22f4f387d,180,1429,10003,100.03,396.9833648116295,0.334719430040245,12.045325951178262,0.7184682670058692,
b22f4f387d,180,1430,10010,100.1,396.51473098309935,0.26210491800781155,12.126046698655571,2.3086211967525636,
b22f4f387d,180,1431,10017,100.17,396.3236342463594,0.15595407915283457,12.288617778922621,1.0903046122545248,
b22f4f387d,180,1432,10024,100.24,396.2565200497978,0.18387554235165868,11.912828085028483,1.6314644998888772,
b22f4f387d,180,1433,10031,100.31,396.14514570473443,0.3085341820242983,12.319642476334536,2.5397208657008727,
b22f4f387d,180,1434,10038,100.38,395.7810506770306,0.15178032270014777,12.148149096282404,1.2012117932750634,
b22f4f387d,180,1435,10045,100.45,395.6906306694154,0.2170223861406174,12.330943086026554,1.2783656153026652,
b22f4f387d,180,1436,10052,100.52,395.5806120937365,0.21882155391750768,12.290563055516568,1.5269523185165441,
b22f4f387d,180,1437,10059,100.59,395.4900338763146,0.25466132498112964,12.057825458252879,1.9172734920453984,
b22f4f387d,180,1438,10066,100.66,395.3452987262686,0.18226573894622872,12.30252811455907,0.5644634956709534,
b22f4f387d,180,1439,10073,100.73,395.3106265990159,0.20911342286439108,12.010543695196581,0.9882241955754123,
b22f4f387d,180,1440,10080,100.8,395.1926796828614,0.3558802822799784,11.94087781474454,2.6589351497346727,
b22f4f387d,180,1441,10087,100.87,394.8346477710356,0.2789557631967211,12.137522478660781,2.0344724546469237,
b22f4f387d,180,1442,10094,100.94,394.63169482459676,0.1832770348963297,11.680892901401352,1.2930910904844017,
b22f4f387d,180,1443,10101,101.01,394.5451599777789,0.2699879442854603,11.622769507041063,2.5248856284276893,
b22f4f387d,180,1444,10108,101.08,394.27499766711685,0.18290567663471607,11.512280741172939,1.164041925282706,
b22f4f387d,180,1445,10115,101.15,394.19439069491455,0.2922015749629884,11.41692402911134,0.898128992424188,
b22f4f387d,180,1446,10122,101.22,393.8949831123051,0.26442682129969985,11.783436233971305,0.3722819413778577,
b22f4f387d,180,1447,10129,101.29,393.738081616987,0.4024733214441811,11.332049108704847,3.1693147580532526,
b22f4f387d,180,1448,10136,101.36,393.1004595227082,0.34774623541459276,11.335992159429301,2.4155283870554207,
b22f4f387d,180,1449,10143,101.43,392.71810519111006,0.196002985102968,11.322997986801965,1.0069773665571524,
b22f4f387d,180,1450,10150,101.5,392.64705523940506,0.1760230098991703,11.013214244298604,1.01642877294636,
b22f4f387d,180,1451,10157,101.57,392.60849345154384,0.2512306699425864,11.293389721430753,1.777680225807606,
b22f4f387d,180,1452,10164,101.64,392.47685084039955,0.32529101747650985,11.30648631175602,1.7807786835708708,
b22f4f387d,180,1453,10171,101.71,392.20175799024224,0.283502501191714,11.590201926452695,2.1820380608353855,
b22f4f387d,180,1454,10178,101.78,392.1253467376171,0.3204185400392198,12.374050494599505,1.66574292739564,
b22f4f387d,180,1455,10185,101.85,391.9854932585924,0.44142676434902917,12.298607758989439,3.5601083594183276,
b22f4f387d,180,1456,10192,101.92,391.09711677857496,0.21497265240416943,12.80802050059762,1.0307281731036293,
b22f4f387d,180,1457,10199,101.99,390.9798087598603,0.2938832129231296,12.875059112530401,2.5858312310965883,
b22f4f387d,180,1458,10206,102.06,390.68261385603944,0.340312540871962,12.738865406470374,3.090026829664473,
b22f4f387d,180,1459,10213,102.13,390.34347404417105,0.4561184248349913,13.012870074169003,3.3309523620752115,
b22f4f387d,180,1460,10220,102.2,389.5369421718371,0.2607422149206824,12.579488716103834,2.1788046267031156,
b22f4f387d,180,1461,10227,102.27,389.26377337780485,0.20454483133111223,11.949682053538972,1.8876589545623783,
b22f4f387d,180,1462,10234,102.34,389.14837679817094,0.27322576812417937,12.119393105927987,1.742234017023713,
b22f4f387d,180,1463,10241,102.41,388.7965769353406,0.1319401258008225,11.412253426278243,1.2931664148018407,
b22f4f387d,180,1464,10248,102.48,388.7501215592273,0.12359032194073183,11.420348402352769,1.0122517389738406,
b22f4f387d,180,1465,10255,102.55,388.7153580834058,0.27946168096317686,11.208375431295142,2.8133367914054204,
b22f4f387d,180,1466,10262,102.62,388.48710087730774,0.2051780210645647,11.050036586486438,1.2876609512236572,
b22f4f387d,180,1467,10269,102.69,388.3500700932659,0.16020163005189353,11.066420120946836,1.1634588667747414,
b22f4f387d,180,1468,10276,102.76,388.27739906589204,0.1367770457807632,11.40081290211003,0.3870364843631442,
b22f4f387d,180,1469,10283,102.83,388.21682909142885,0.23998754449629525,11.10997233518036,2.2559771175848535,
b22f4f387d,180,1470,10290,102.9,388.04330289394073,0.27179723723917065,11.677711573787146,1.4765641053623426,
b22f4f387d,180,1471,10297,102.97,387.9503772998851,0.4245588955972021,12.12800925752369,3.541714995034763,
b22f4f387d,180,1472,10304,103.04,387.436367586101,0.31120020375204005,11.454663187340072,1.3417946348042624,
b22f4f387d,180,1473,10311,103.11,387.3892690271685,0.18410464840894333,12.364040929186157,0.637807682552167,
b22f4f387d,180,1474,10318,103.18,387.04631483820145,0.26726606441744893,11.215187713371934,2.2455114672337557,
b22f4f387d,180,1475,10325,103.25,386.7909448466489,0.22185953315515042,11.721319622657873,0.9366879157696303,
b22f4f387d,180,1476,10332,103.32,386.61104953815027,0.14234105880098952,11.557797575527093,1.1923106856603172,
b22f4f387d,180,1477,10339,103.39,386.5474032061431,0.23722335654446255,11.635849411250646,1.530173219846563,
b22f4f387d,180,1478,10346,103.46,386.3308450857938,0.22601403043550108,11.846561540148068,0.9961443597535966,
b22f4f387d,180,1479,10353,103.53,386.14172924337856,0.2685227468688872,12.066882917802824,2.58778087471645,
b22f4f387d,180,1480,10360,103.6,385.95016240669116,0.16058760886943346,11.487438595769515,1.0736356110558765,
b22f4f387d,180,1481,10367,103.67,385.89116685659184,0.23675915227000338,11.717080892631785,1.1203515740902057,
b22f4f387d,180,1482,10374,103.74,385.6831309907923,0.3670930419296269,11.521504628489549,3.610886021532542,
b22f4f387d,180,1483,10381,103.81,385.3417609508638,0.3822904785528401,12.322162139739493,3.3688658868161796,
b22f4f387d,180,1484,10388,103.88,384.8329431260991,0.24452805166556474,11.358095427189973,1.7282399256934176,
b22f4f387d,180,1485,10395,103.95,384.6856310534801,0.3352891942266585,11.968015049512175,2.14016108079458,
b22f4f387d,180,1486,10402,104.02,384.2417009707371,0.21623723114433446,11.025230194153053,1.8467026497834047,
b22f4f387d,180,1487,10409,104.09,384.1055514240876,0.21297203966193962,11.870180393713103,1.3116742262627012,
b22f4f387d,180,1488,10416,104.16,383.9548444475358,0.13507445566888687,11.272023171083022,0.7889376871962225,
b22f4f387d,180,1489,10423,104.23,383.87709865946704,0.30370029740149834,11.540268628241577,2.969778949064317,
b22f4f387d,180,1490,10430,104.3,383.5742947204471,0.23966694246749082,12.044882771718104,1.68444910035559,
b22f4f387d,180,1491,10437,104.37,383.46727827591775,0.34409861245589374,11.595584235907618,2.920113604081381,
b22f4f387d,180,1492,10444,104.44,383.10224843586246,0.30864078528817707,11.707478080597978,2.2844632370061713,
b22f4f387d,180,1493,10451,104.51,382.9103218752528,0.2813173408647276,12.118843504936436,1.987561950392566,
b22f4f387d,180,1494,10458,104.58,382.8320673538004,0.32007605817809287,12.029424360471179,0.8403373601896863,
b22f4f387d,180,1495,10465,104.65,382.65101514784084,0.3663966282685231,12.12162993441451,2.8119940696484536,
b22f4f387d,180,1496,10472,104.72,382.2884255348025,0.24725970198175748,11.460233645381797,1.4979701689917893,
b22f4f387d,180,1497,10479,104.79,382.1830170713768,0.377147654756926,11.320590405610934,2.950572017806866,
b22f4f387d,180,1498,10486,104.86,381.772062865703,0.4307285676102666,11.776124963980783,1.9265117047104645,
b22f4f387d,180,1499,10493,104.93,381.56508029678224,0.20026573051412133,12.720035800188361,2.4105859035140953,
b22f4f387d,180,1500,10500,105.0,381.1760232226763,0.0851571647290505,11.437888146687106,0.6838337017791988,
b22f4f387d,180,1501,10507,105.07,381.14697501053485,0.11090382149652969,11.474049934950493,1.0181835658202834,
b22f4f387d,180,1502,10514,105.14,381.1175130503674,0.188496720824594,11.696547029665604,0.9901888262809309,
b22f4f387d,180,1503,10521,105.21,381.0001854540131,0.3390609124007236,11.950962550097925,1.3944588974107759,
b22f4f387d,180,1504,10528,105.28,380.5652737473756,0.14545879996652894,12.298382785117013,1.0483909561674363,
b22f4f387d,180,1505,10535,105.35,380.50214124872684,0.15646778001596404,11.998071626079815,1.3271257417330293,
b22f4f387d,180,1506,10542,105.42,380.4376287473308,0.39182740241086605,12.277900656374507,3.5120858986761,
b22f4f387d,180,1507,10549,105.49,380.01924846808436,0.25851084487877196,12.176656936168392,1.5444779180980774,
b22f4f387d,180,1508,10556,105.56,379.808182773709,0.11881042726915901,11.973228326907202,0.5638460229076753,
b22f4f387d,180,1509,10563,105.63,379.7629715049988,0.2777536308530341,11.79245201008252,2.511647813399212,
b22f4f387d,180,1510,10570,105.7,379.44887120626544,0.1868997086591892,11.865196310438927,1.8725790222942285,
b22f4f387d,180,1511,10577,105.77,379.34352446839466,0.1493412660336797,11.158205972060962,0.6121497768277796,
b22f4f387d,180,1512,10584,105.84,379.2547253799719,0.25180800584205376,11.404317771138967,2.2429109512407877,
b22f4f387d,180,1513,10591,105.91,379.0975508712798,0.3702036561636023,11.128115960625955,3.325518410798542,
b22f4f387d,180,1514,10598,105.98,378.68381620409184,0.40382945715363194,12.000348671696901,3.737667098868555,
b22f4f387d,180,1515,10605,106.05,378.25657575069357,0.3061538715780535,11.577077505338387,2.10005870025428,
b22f4f387d,180,1516,10612,106.12,378.07093389202254,0.309906897544676,12.250483970568123,2.5626091191576257,
b22f4f387d,180,1517,10619,106.19,378.00404166716834,0.3813243906284801,11.561256600252479,2.77337105851927,
b22f4f387d,180,1518,10626,106.26,377.7256913999037,0.3984924118138226,11.059438036379728,1.3065252926448983,
b22f4f387d,180,1519,10633,106.33,377.2331106525727,0.3575583590980261,10.543866987517873,3.0906356046236785,
b22f4f387d,180,1520,10640,106.4,376.9455308726078,0.28181501316169977,10.47302615007603,1.5300617496825866,
b22f4f387d,180,1521,10647,106.47,376.75886452475964,0.18208699329948877,10.101455135732364,0.9930569670262578,
b22f4f387d,180,1522,10654,106.54,376.6854003534749,0.23672028841343323,10.03716755619798,1.8881014715675035,
b22f4f387d,180,1523,10661,106.61,376.40938486711224,0.1165383247607197,9.802076682407682,0.6918569111953029,
b22f4f387d,180,1524,10668,106.68,376.3741750704479,0.3600481700962367,10.010695808070134,3.229909134178469,
b22f4f387d,180,1525,10675,106.75,375.7355502317863,0.1063210481503077,10.243816725898975,0.675212702967542,
b22f4f387d,180,1526,10682,106.82,375.6815920694275,0.3186928217493309,10.340309065042879,2.5922755900480947,
b22f4f387d,180,1527,10689,106.89,375.22545766173715,0.18978258238312798,11.04613437015652,1.5341236641606566,
b22f4f387d,180,1528,10696,106.96,375.13189677439493,0.10773389341928552,11.198318826290134,0.4551020076992614,
b22f4f387d,180,1529,10703,107.03,375.1056240457404,0.11740586907395673,10.972670620615194,0.9816735030215716,
b22f4f387d,180,1530,10710,107.1,375.04151172247634,0.33870276626327284,11.000964032829952,3.1148806566632063,
b22f4f387d,180,1531,10717,107.17,374.7486284451097,0.21089865978590186,10.446722309969418,1.0080533218184657,
b22f4f387d,180,1532,10724,107.24,374.6879585540633,0.29228303995645977,10.476850054356467,0.7447761510378085,
b22f4f387d,180,1533,10731,107.31,374.41735197503704,0.30623255576199465,10.482526735362974,2.8430629735108255,
b22f4f387d,180,1534,10738,107.38,374.22558919844533,0.32970727155554874,11.463428829442211,2.9018388064350624,
b22f4f387d,180,1535,10745,107.45,374.14713133072115,0.2925243369913844,10.118671300444188,0.41104747981459927,
b22f4f387d,180,1536,10752,107.52,374.1241656194063,0.324686469585411,11.278122751977602,1.9984915181647098,
b22f4f387d,180,1537,10759,107.59,374.0324588139116,0.37800650049797324,10.023482436789694,3.035705914760918,
b22f4f387d,180,1538,10766,107.66,373.6909946297513,0.19033569124366007,11.168774928353896,2.2536635050104112,
b22f4f387d,180,1539,10773,107.73,373.3552425773396,0.23226091785099998,9.785231708094127,1.6398364209259062,
b22f4f387d,180,1540,10780,107.8,373.15088660117254,0.3042141258268158,9.973716835457601,3.0088704057092395,
b22f4f387d,180,1541,10787,107.87,372.88678805921825,0.22295386152175453,10.211395751574047,1.2334397085413413,
b22f4f387d,180,1542,10794,107.94,372.7566373766728,0.17043878492670542,9.514947507110248,1.2116267525732425,
b22f4f387d,180,1543,10801,108.01,372.66855739097673,0.21544470912359898,9.889368285250333,1.870608094952669,
b22f4f387d,180,1544,10808,108.08,372.47815897100264,0.18506222263944702,9.69389068911364,1.1912619673415104,
b22f4f387d,180,1545,10815,108.15,372.3678139514077,0.16179793617064814,9.961693384139293,1.1229963222696788,
b22f4f387d,180,1546,10822,108.22,372.3294080834449,0.30786944227267476,9.628348397828086,1.62138443555165,
b22f4f387d,180,1547,10829,108.29,371.96859402370575,0.26600514965963806,9.631370615250132,2.4890458160226325,
b22f4f387d,180,1548,10836,108.36,371.82386227958494,0.2563702248452004,9.410086823541688,1.762382872866321,
b22f4f387d,180,1549,10843,108.43,371.75632266410287,0.28835918821630513,10.039047807737015,2.0560298245383475,
b22f4f387d,180,1550,10850,108.5,371.7160460464198,0.37911958121198336,9.995075732653437,2.8555772139547555,
b22f4f387d,180,1551,10857,108.57,371.24418008917957,0.2458079113704511,9.620648420497766,0.7988535959634144,
b22f4f387d,180,1552,10864,108.64,371.1042169284256,0.24234777350933887,9.944767953232159,1.5684235136369997,
b22f4f387d,180,1553,10871,108.71,370.9747210795836,0.254051080208735,10.323680923321673,1.5540070254874718,
b22f4f387d,180,1554,10878,108.78,370.7129499451317,0.22279984736587788,10.231224397511046,1.4680023698114428,
b22f4f387d,180,1555,10885,108.85,370.49755494801326,0.237982858802889,10.228607475389113,2.0893789588095797,
b22f4f387d,180,1556,10892,108.92,370.26730622070687,0.08733874485843683,10.279409851291685,0.3056982243640841,
b22f4f387d,180,1557,10899,108.99,370.2521933012976,0.12531411910505422,10.155563715329677,1.2180971734825345,
b22f4f387d,180,1558,10906,109.06,370.18696502405425,0.24984199728594592,10.19711341799896,2.4774514121607405,
b22f4f387d,180,1559,10913,109.13,369.92543594824855,0.20077651125292287,9.654867609934099,1.9308226643577266,
b22f4f387d,180,1560,10920,109.2,369.7538360186199,0.18281783038313548,9.939673909492656,1.7414355198378866,
b22f4f387d,180,1561,10927,109.27,369.6394430974882,0.2067303916197162,9.423040024905667,2.0372983786585097,
b22f4f387d,180,1562,10934,109.34,369.4740881008617,0.14036627782515237,9.574671643903278,0.780059108065031,
b22f4f387d,180,1563,10941,109.41,369.38196659344163,0.22527946689531908,9.65867593451367,1.3138245909530901,
b22f4f387d,180,1564,10948,109.48,369.21068712238537,0.28253053037060105,9.843852066360007,2.523277446420483,
b22f4f387d,180,1565,10955,109.55,368.93566868372324,0.2352440454070613,10.52885778711117,1.6363881252087251,
b22f4f387d,180,1566,10962,109.62,368.7551613206945,0.2167537445853908,9.65583505126324,2.0501184464778017,
b22f4f387d,180,1567,10969,109.69,368.5698466108423,0.19687622337423472,10.014342798156859,1.9931301828710406,
b22f4f387d,180,1568,10976,109.76,368.42779673759964,0.21029046943528415,9.912849091073875,1.9498595200798212,
b22f4f387d,180,1569,10983,109.83,368.27084014237914,0.1109273819140179,9.987645738852667,0.9666340383022555,
b22f4f387d,180,1570,10990,109.9,368.2387894523509,0.1762367392551025,9.718560110288788,1.4589529850569993,
b22f4f387d,180,1571,10997,109.97,368.12774158958825,0.09918799996613854,9.942910372554984,0.548250023333146,
b22f4f387d,180,1572,11004,110.04,368.0998900421011,0.2646728882690776,9.784866923661456,2.3678251841378932,
b22f4f387d,180,1573,11011,110.11,367.9151800895159,0.3028239480503882,10.074276686504755,1.75143435768723,
b22f4f387d,180,1574,11018,110.18,367.6018934405776,0.24365417362281871,10.064812768746517,2.146467378988646,
b22f4f387d,180,1575,11025,110.25,367.330268419897,0.16288136357475289,9.548070378315625,1.5503149690598934,
b22f4f387d,180,1576,11032,110.32,367.22400330670695,0.16995144570707513,9.9111916335238,1.5600777619420036,
b22f4f387d,180,1577,11039,110.39,367.15628357206595,0.13789561180224086,9.85464508400499,0.4377777656637881,
b22f4f387d,180,1578,11046,110.46,367.1029796035859,0.2177380681843089,9.471282080993992,2.012486026920028,
b22f4f387d,180,1579,11053,110.53,366.924532793571,0.6835784014874129,9.871746989529276,2.9377193141489353,
b22f4f387d,180,1580,11060,110.6,366.8485139554513,0.41491334022912846,12.877812326488511,2.3225696504730773,
b22f4f387d,180,1581,11067,110.67,366.1514297414625,0.3550231519075225,11.541850742379669,2.5291500716446236,
b22f4f387d,180,1582,11074,110.74,365.65191913062364,0.24975284102185966,11.98996963783351,1.9255955699196612,
b22f4f387d,180,1583,11081,110.81,365.4361182109872,0.1544036864102607,11.72486786570418,1.3904462408825833,
b22f4f387d,180,1584,11088,110.88,365.3357004522601,0.19506067211148034,11.609748598741225,1.9004296544411463,
b22f4f387d,180,1585,11095,110.95,365.18530825750264,0.4735339505681523,11.963947708009725,4.804011778085231,
b22f4f387d,180,1586,11102,111.02,364.1134982352281,0.30344452767022284,11.698777948307798,2.7757300528352706,
b22f4f387d,180,1587,11109,111.09,363.780896978885,0.15153974534813433,11.175085301243833,0.8800958170889072,
b22f4f387d,180,1588,11116,111.16,363.7118820890503,0.22918607527206977,11.278026216931947,1.7256869796511751,
b22f4f387d,180,1589,11123,111.23,363.51974952847576,0.3033293071834011,11.108770955431755,3.0821912586080598,
b22f4f387d,180,1590,11130,111.3,363.1499502886038,0.1621292994634336,10.439588015915986,1.1182787160462573,
b22f4f387d,180,1591,11137,111.37,363.063262108243,0.1869552545570236,10.446847898648011,1.724328653885249,
b22f4f387d,180,1592,11144,111.44,362.9128296738485,0.21964473343228633,10.453756187173292,1.0259516552739536,
b22f4f387d,180,1593,11151,111.51,362.7588842030603,0.26765047220072974,10.489015318428486,2.551362527815086,
b22f4f387d,180,1594,11158,111.58,362.53439675099116,0.25185041933867786,10.89515853112135,2.1651483294468967,
b22f4f387d,180,1595,11165,111.65,362.3768132701583,0.25344903938815827,10.845383143438278,1.8822127750390008,
b22f4f387d,180,1596,11172,111.72,362.174140087691,0.2460925101908197,10.548559376903942,1.8622627850951685,
b22f4f387d,180,1597,11179,111.79,361.9773311113106,0.15077788944169093,10.892271318121962,1.1634451167950173,
b22f4f387d,180,1598,11186,111.86,361.90579178892835,0.19315364907390004,10.761724614433213,1.1119144255416316,
b22f4f387d,180,1599,11193,111.93,361.7981141027104,0.1380897688937951,10.881544156262715,0.6946469698958211,
b22f4f387d,180,1600,11200,112.0,361.73067723426,0.19329398805078835,10.566771870840952,1.8673456589018478,
b22f4f387d,180,1601,11207,112.07,361.62515297467013,0.16408017101233913,11.304716660087108,1.4070519626263571,
b22f4f387d,180,1602,11214,112.14,361.5228612102378,0.6498199296336306,10.672925252289318,3.0928059602271074,
b22f4f387d,180,1603,11221,112.21,361.48227763354384,0.36974349561282366,13.032352622236807,2.2505671236953164,
b22f4f387d,180,1604,11228,112.28,361.00375132722513,0.31708876437430095,11.038141074407637,1.4400776932592405,
b22f4f387d,180,1605,11235,112.35,360.7549091506252,0.296988417957397,11.276297148444385,2.6282052088039753,
b22f4f387d,180,1606,11242,112.42,360.40813121685335,0.24866830670879822,10.521708160349382,2.4356377045413313,
b22f4f387d,180,1607,11249,112.49,360.2434757260319,0.16946260071525684,10.874159449343852,1.0227250022661543,
b22f4f387d,180,1608,11256,112.56,360.15082776547035,0.1667179354998218,10.555959741382802,1.623123802609876,
b22f4f387d,180,1609,11263,112.63,360.04774248867795,0.23968667261793328,10.86963930317892,2.2297227067691376,
b22f4f387d,180,1610,11270,112.7,359.7697246274226,0.2704566037340794,10.556675283277613,1.3394490477132814,
b22f4f387d,180,1611,11277,112.77,359.7626851348294,0.30917467385492814,11.19615349866958,1.3684688603731903,
b22f4f387d,180,1612,11284,112.84,359.50009414183063,0.16112351854931356,10.866029988155955,0.6267529921660094,
b22f4f387d,180,1613,11291,112.91,359.42901126044194,0.2227565883799049,10.398291746540753,1.5369391096383425,
b22f4f387d,180,1614,11298,112.98,359.2236338762571,0.22984534463534922,10.866260098433104,2.0585012226612323,
b22f4f387d,180,1615,11305,113.05,359.01314568880326,0.28677838896454,11.035748361557978,2.7091223967276323,
b22f4f387d,180,1616,11312,113.12,358.75367011526805,0.2447410848222793,10.926259763838138,1.9906788250769498,
b22f4f387d,180,1617,11319,113.19,358.4601989699612,0.21444791691984935,10.402854191066824,2.147608336355522,
b22f4f387d,180,1618,11326,113.26,358.28225430719357,0.2919456819136994,10.225919013458931,2.521478176459985,
b22f4f387d,180,1619,11333,113.33,357.9489988556494,0.32374619489686984,10.643768282875659,2.111576009022933,
b22f4f387d,180,1620,11340,113.4,357.57383764507716,0.2151406697650024,9.936631140605986,1.5151945613025535,
b22f4f387d,180,1621,11347,113.47,357.4130813908259,0.17823578730477674,9.874496348418099,1.1161855553631226,
b22f4f387d,180,1622,11354,113.54,357.2729049441735,0.23452661610106545,9.79975976063919,1.970050939638247,
b22f4f387d,180,1623,11361,113.61,357.07642715070295,0.1593237649326611,10.132815291188068,1.2448979108675864,
b22f4f387d,180,1624,11368,113.68,357.0090806962349,0.19198122854058974,10.16992440352151,1.7677592382522611,
b22f4f387d,180,1625,11375,113.75,356.8709166852206,0.0703522941573861,10.331796849019241,0.49200822067292305,
b22f4f387d,180,1626,11382,113.82,356.84840958839834,0.15275978227563386,10.201789471688437,1.3475532599025069,
b22f4f387d,180,1627,11389,113.89,356.7769863544692,0.15186281238310836,10.42499423884502,1.3303253317561863,
b22f4f387d,180,1628,11396,113.96,356.68389744084476,0.26811001288534697,10.195229197547006,2.3004923528779955,
b22f4f387d,180,1629,11403,114.03,356.53307140636707,0.33483028062466924,10.548093012083532,2.767234311756488,
b22f4f387d,180,1630,11410,114.1,356.1793944759471,0.4211045417111259,10.374382841462342,3.788183467310015,
b22f4f387d,180,1631,11417,114.17,355.67406425816506,0.35190185618980635,10.211525317611459,2.290191514877845,
b22f4f387d,180,1632,11424,114.24,355.4075657756039,0.24583668135426787,10.488599699313585,1.1386820216506761,
b22f4f387d,180,1633,11431,114.31,355.2535604187389,0.21314818987429546,9.770582875685665,0.8368060019589127,
b22f4f387d,180,1634,11438,114.38,355.1448722074318,0.19852870411975404,10.374319115407355,1.4435859930192545,
b22f4f387d,180,1635,11445,114.45,355.0664977391459,0.20489744264596418,9.996549175444839,0.992858595097573,
b22f4f387d,180,1636,11452,114.52,355.0159378655406,0.2523099918300514,10.448475119772787,1.9494588944777302,
b22f4f387d,180,1637,11459,114.59,354.86203586440564,0.2899943070254466,9.89281503630517,2.4639148540685714,
b22f4f387d,180,1638,11466,114.66,354.66815374882543,0.21328918843683353,10.239577957524343,1.467409892433755,
b22f4f387d,180,1639,11473,114.73,354.6161342761159,0.22788086288202092,10.105718854036251,1.701827604385186,
b22f4f387d,180,1640,11480,114.8,354.5338182991733,0.23061888358282728,9.954582164397157,0.5935876864864966,
b22f4f387d,180,1641,11487,114.87,354.49484930426104,0.3264610314857619,10.498370778314804,1.8554530421448319,
b22f4f387d,180,1642,11494,114.94,354.4278741617285,0.1884399504161158,10.866692837970577,0.7972897152051174,
b22f4f387d,180,1643,11501,115.01,354.0901816981681,0.17735599530416196,10.097517197284253,1.2642329687116514,
b22f4f387d,180,1644,11508,115.08,353.96186072554275,0.319810605484308,9.910444305709916,1.0242385933475378,
b22f4f387d,180,1645,11515,115.15,353.72683620080505,0.23294118429073704,10.127091653353524,1.4303383670651872,
b22f4f387d,180,1646,11522,115.22,353.56407627337165,0.13789175206483406,9.401880718750304,1.0570773008134748,
b22f4f387d,180,1647,11529,115.29,353.5260269694436,0.20135034053956022,9.87928645370172,1.720266180892891,
b22f4f387d,180,1648,11536,115.36,353.4462750766711,0.2428283772001433,9.828657913099576,1.7833559082898172,
b22f4f387d,180,1649,11543,115.43,353.33799324751214,0.2375957008408543,9.674854794603718,1.5280768790596124,
b22f4f387d,180,1650,11550,115.5,353.21623268578236,0.18909150155750626,9.945838329585248,1.0361717896621403,
b22f4f387d,180,1651,11557,115.57,353.1145758653612,0.14409786204511624,9.605280419212761,0.8943282242359863,
b22f4f387d,180,1652,11564,115.64,353.0547116395221,0.13018284988597853,9.88175799143149,0.5070769895779711,
b22f4f387d,180,1653,11571,115.71,352.9955396970634,0.22864781279998078,9.82669918600155,2.2511764252759767,
b22f4f387d,180,1654,11578,115.78,352.7556324207311,0.18823499395127574,9.825723245061587,1.8699600176430033,
b22f4f387d,180,1655,11585,115.85,352.67504237014487,0.18729497088118024,9.848412846530115,1.4862885390191058,
b22f4f387d,180,1656,11592,115.92,352.5856625925243,0.23362846728716663,9.48960834535542,2.181278156014656,
b22f4f387d,180,1657,11599,115.99,352.4300982154939,0.16229310445266246,10.02548515809007,1.2232390323277023,
b22f4f387d,180,1658,11606,116.06,352.35825122265385,0.12297151596989936,9.72706817807681,0.639232480303626,
b22f4f387d,180,1659,11613,116.13,352.32023528559114,0.1732829038806488,10.026327053553846,1.1944857973104646,
b22f4f387d,180,1660,11620,116.2,352.29488158277064,0.2208928120309887,10.031113022045863,1.611332270097858,
b22f4f387d,180,1661,11627,116.27,352.2389808271965,0.2572783533275372,10.186422469205038,1.8108249656843896,
b22f4f387d,180,1662,11634,116.34,352.17572102059154,0.26187596088032417,10.33854134322863,1.119360152393764,
b22f4f387d,180,1663,11641,116.41,352.13117363694585,0.34213392217518407,10.168088929993392,2.7155295466729155,
b22f4f387d,180,1664,11648,116.48,351.97524169468477,0.32828881316983066,10.779882802069517,0.5539599349376012,
b22f4f387d,180,1665,11655,116.55,351.83395432769527,0.3305776819967681,9.893700625794144,2.3683976775439404,
b22f4f387d,180,1666,11662,116.62,351.55402640097117,0.24454139333729885,10.075124029051361,1.6988988201062984,
b22f4f387d,180,1667,11669,116.69,351.48495494957433,0.2483322507950408,9.885811098638403,1.196787744442671,
b22f4f387d,180,1668,11676,116.76,351.3926729488844,0.2249354501454212,10.235610248180157,1.4215568384346815,
b22f4f387d,180,1669,11683,116.83,351.3512214512645,0.2558497153861686,10.367943481878633,1.4860423716997266,
b22f4f387d,180,1670,11690,116.9,351.3342652089281,0.16258350089115073,10.695626422377899,1.6189220441130043,
b22f4f387d,180,1671,11697,116.97,351.06297385402127,0.18805172518765648,10.17667430197062,1.6906669620553065,
b22f4f387d,180,1672,11704,117.04,350.9132957606164,0.21266872700382533,10.724800671366486,1.9298543609432999,
b22f4f387d,180,1673,11711,117.11,350.77559521532584,0.2602360363802801,10.564813958794328,1.5263018583265875,
b22f4f387d,180,1674,11718,117.18,350.5449998884824,0.1543162618304939,11.090587277776004,0.9194770476672455,
b22f4f387d,180,1675,11725,117.25,350.493749035336,0.16635599794244577,10.608920919409886,0.6961194883675837,
b22f4f387d,180,1676,11732,117.32,350.45076304715457,0.2903851591200338,10.827580552846271,2.603574606146943,
b22f4f387d,180,1677,11739,117.39,350.16105858629714,0.2499609382225656,10.537736634555934,1.9952752315252766,
b22f4f387d,180,1678,11746,117.46,349.89169512330744,0.19755952311887007,10.575245253691516,1.8720748633437327,
b22f4f387d,180,1679,11753,117.53,349.718327924463,0.04939432088332672,10.193993939726791,0.2890505254163086,
b22f4f387d,180,1680,11760,117.6,349.70788690209264,0.2238159238445284,10.201474179273703,2.1825905400269976,
b22f4f387d,180,1681,11767,117.67,349.62074236883825,0.21673787969398342,10.154061767558838,1.4339518172063235,
b22f4f387d,180,1682,11774,117.74,349.52318870784325,0.30321401023782196,10.045473080966797,2.0843610043419214,
b22f4f387d,180,1683,11781,117.81,349.17270268288115,0.18723412789341062,10.241026732858188,1.2966660991079506,
b22f4f387d,180,1684,11788,117.88,349.0596921810779,0.15460930117163296,10.065938229300029,1.287835519356273,
b22f4f387d,180,1685,11795,117.95,348.9736051970099,0.16150737198896198,9.822669996304153,1.4575707746275541,
b22f4f387d,180,1686,11802,118.02,348.87591467359636,0.10879494680107127,10.027416128629643,1.0284010641527523,
b22f4f387d,180,1687,11809,118.09,348.8379586125755,0.27475952793400926,9.86346558234445,2.585264063465869,
b22f4f387d,180,1688,11816,118.16,348.54817911067545,0.23276626384736043,10.597517582229754,1.0450234860614558,
b22f4f387d,180,1689,11823,118.23,348.29913984449416,0.07602207067056699,10.146386274405202,0.5285512810285192,
b22f4f387d,180,1690,11830,118.3,348.2817936439365,0.12341316184766493,10.31459251178051,0.7382054480381326,
b22f4f387d,180,1691,11837,118.37,348.2260000317339,0.24366223137913404,10.092954141376863,2.1045864211412724,
b22f4f387d,180,1692,11844,118.44,348.07528974155565,0.20689443369378832,10.497339400644737,1.6943249055740113,
b22f4f387d,180,1693,11851,118.51,347.93334180192016,0.1350550145407805,10.116842328824045,1.0843363696939454,
b22f4f387d,180,1694,11858,118.58,347.87659216591214,0.1648843044263009,10.303717899794375,1.4736277899149668,
b22f4f387d,180,1695,11865,118.65,347.8041941917386,0.2621432192644097,10.381559689158186,2.504093026350683,
b22f4f387d,180,1696,11872,118.72,347.52235541909255,0.2125635908751905,10.431423254279911,1.9172899182474075,
b22f4f387d,180,1697,11879,118.79,347.4263268705238,0.20455148427215772,10.732430326883728,1.672075788973883,
b22f4f387d,180,1698,11886,118.86,347.3254798370558,0.3013187133355534,10.532769662852862,2.5484780963925924,
b22f4f387d,180,1699,11893,118.93,346.99300436195944,0.175700398364412,10.163856745560418,0.9809181358139875,
b22f4f387d,180,1700,11900,119.0,346.9081289969888,0.2668475977027535,9.671389398048614,2.302863369149816,
b22f4f387d,180,1701,11907,119.07,346.66968253789696,0.19750008361085547,10.786564531545658,1.7722047231361628,
b22f4f387d,180,1702,11914,119.14,346.55084899461184,0.3138355613185753,9.821471073838035,2.6121111147173433,
b22f4f387d,180,1703,11921,119.21,346.12008946768555,0.12563127422237214,10.26582959384704,1.0688550483138117,
b22f4f387d,180,1704,11928,119.28,346.0983478718556,0.2766244493554551,9.921069682519303,2.013421196354876,
b22f4f387d,180,1705,11935,119.35,345.7574088616844,0.20733941378853013,9.887501844093212,1.5341183969852465,
b22f4f387d,180,1706,11942,119.42,345.5893174233748,0.2324742500559629,9.86958299887264,1.3955702716332714,
b22f4f387d,180,1707,11949,119.49,345.34896477740034,0.10416302728137163,9.899649661149649,0.9293587447832024,
b22f4f387d,180,1708,11956,119.56,345.30113495315015,0.13501673594968144,9.709815029474553,1.272589466439011,
b22f4f387d,180,1709,11963,119.63,345.2294604074232,0.09599221668834415,9.725081113544702,0.89952257540395,
b22f4f387d,180,1710,11970,119.7,345.20339775830047,0.2695621198627294,9.77968817969309,2.6254335865105074,
b22f4f387d,180,1711,11977,119.77,344.8466871382727,0.1284528583702572,9.4755691594264,0.8440924261130982,
b22f4f387d,180,1712,11984,119.84,344.78236629015976,0.18371853095335378,9.539601995369683,0.7883241354502459,
b22f4f387d,180,1713,11991,119.91,344.6521744484895,0.1423199853728579,9.682916635608647,0.6027110970216224,
b22f4f387d,180,1714,11998,119.98,344.5854276970791,0.10348609275247639,9.823134098157023,0.7938371981925689,
b22f4f387d,180,1715,12005,120.05,344.5462005220983,0.2164774591609571,9.88601069894571,2.1826710487151804,
b22f4f387d,180,1716,12012,120.12,344.39261389278346,0.19685144907621444,10.078612957354931,1.800209460437471,
b22f4f387d,180,1717,12019,120.19,344.2515000718844,0.1569351893570805,9.945348779626908,0.7754865131197041,
b22f4f387d,180,1718,12026,120.26,344.15423352901416,0.13090659362584708,10.192888320733186,1.223810107225092,
b22f4f387d,180,1719,12033,120.33,344.1065194908255,0.2676062717970265,9.953412355990087,1.8048389999441599,
b22f4f387d,180,1720,12040,120.4,343.84346194669814,0.21687750920743984,9.851251626713708,1.8459996481127892,
b22f4f387d,180,1721,12047,120.47,343.6436322808929,0.13671715283963098,10.084039770462104,0.7312819818942341,
b22f4f387d,180,1722,12054,120.54,343.57575822190415,0.13268779367816122,10.324564184839385,1.1406153171329432,
b22f4f387d,180,1723,12061,120.61,343.52600421284353,0.2424309403942189,9.968445745909746,2.3651051533357834,
b22f4f387d,180,1724,12068,120.68,343.29996135408015,0.29183642581362357,9.615749554188078,2.752476567453255,
b22f4f387d,180,1725,12075,120.75,343.06951872181105,0.23924481006792148,9.85216796941087,1.38271538428563,
b22f4f387d,180,1726,12082,120.82,342.94579612833803,0.2130556383175182,8.979049773542068,1.7916461960452104,
b22f4f387d,180,1727,12089,120.89,342.8518418761925,0.27593497617272533,9.431355283064786,2.121298363763176,
b22f4f387d,180,1728,12096,120.96,342.65128532842095,0.22855617979853177,9.644375141504574,1.509187981145091,
b22f4f387d,180,1729,12103,121.03,342.57358954978696,0.2587177327563004,9.682836420425659,1.7300321975131618,
b22f4f387d,180,1730,12110,121.1,342.3441816628271,0.1449834752899195,9.619016670086198,0.5525675770956974,
b22f4f387d,180,1731,12117,121.17,342.3162499321056,0.28307256521493956,9.736491451937512,1.6758049437686109,
b22f4f387d,180,1732,12124,121.24,342.01917702744385,0.23003871567661427,9.480854901520777,1.620103502977659,
b22f4f387d,180,1733,12131,121.31,341.9322881032031,0.3001724582595917,10.035195160312089,2.3037125692907487,
b22f4f387d,180,1734,12138,121.38,341.7450122797111,0.24854393657051158,9.70011811516149,1.5330339352111702,
b22f4f387d,180,1735,12145,121.45,341.667417579251,0.36347830786559393,10.218411679640441,2.7420835233951353,
b22f4f387d,180,1736,12152,121.52,341.2482372235002,0.2347871975059265,9.678177698197448,0.5499160161808958,
b22f4f387d,180,1737,12159,121.59,341.18674680840803,0.24329266223435816,10.03413640711841,1.316168044917543,
b22f4f387d,180,1738,12166,121.66,341.07767162053807,0.22476703940534845,9.20942838369109,1.4484748047011473,
b22f4f387d,180,1739,12173,121.73,340.9365362785156,0.19799572759438544,9.732196177973044,0.48550799583737925,
b22f4f387d,180,1740,12180,121.8,340.81997337969295,0.26932133591647517,9.444381265673208,2.5757317600837704,
b22f4f387d,180,1741,12187,121.87,340.5769721599716,0.25118751416045837,9.843768061891703,2.155480266942436,
b22f4f387d,180,1742,12194,121.94,340.40420524808314,0.1886566637007334,9.311273618503073,1.36630669965725,
b22f4f387d,180,1743,12201,122.01,340.28307454431086,0.17206674527468246,9.338758230587178,1.515447314007575,
b22f4f387d,180,1744,12208,122.08,340.23951480960085,0.17146790578054055,9.140872642562902,1.2759301833613357,
b22f4f387d,180,1745,12215,122.15,340.1411299260858,0.23139209691952703,9.289804650681958,1.5427331948795027,
b22f4f387d,180,1746,12222,122.22,340.0938469162516,0.2685146462836109,9.693965344552671,1.321856537016395,
b22f4f387d,180,1747,12229,122.29,340.0691909796568,0.18222140012073385,10.156267878834122,2.4584950359087245,
b22f4f387d,180,1748,12236,122.36,339.73570413375967,0.11302846612885394,9.159589843501198,0.930779861235583,
b22f4f387d,180,1749,12243,122.43,339.69593389832403,0.11124730590434416,9.146929136322175,0.6617817567427593,
b22f4f387d,180,1750,12250,122.5,339.6495150101326,0.23314843321751502,8.949784643171672,2.277480724099708,
b22f4f387d,180,1751,12257,122.57,339.45411995178995,0.23306726375731943,8.532189731422454,2.196944867597106,
b22f4f387d,180,1752,12264,122.64,339.33342579461174,0.3615425027915349,8.352588391907133,3.477145284197881,
b22f4f387d,180,1753,12271,122.71,338.99819142770264,0.2369618546768862,9.734124645073628,1.148076276725505,
b22f4f387d,180,1754,12278,122.78,338.91496107069855,0.22688063484003065,8.724989772760054,1.206239347530807,
b22f4f387d,180,1755,12285,122.85,338.7640738668152,0.22161052792811334,8.837508711516984,0.9355954837672308,
b22f4f387d,180,1756,12292,122.92,338.6605520896146,0.2909048162300882,8.471835316643268,0.8303461708609936,
b22f4f387d,180,1757,12299,122.99,338.35352749778303,0.15883355252033285,8.337212043522225,0.941977609093065,
b22f4f387d,180,1758,12306,123.06,338.2853674371738,0.18545581024398594,8.056673082070368,1.4928238014601913,
b22f4f387d,180,1759,12313,123.13,338.14319529746706,0.10389507492529268,8.192051916285887,0.7585176985655167,
b22f4f387d,180,1760,12320,123.2,338.1132784870333,0.13824833088584768,8.177544703894453,0.6553029879458079,
b22f4f387d,180,1761,12327,123.27,338.07405909366753,0.1494299284118897,8.354177980735185,1.011875998476965,
b22f4f387d,180,1762,12334,123.34,338.03866051944726,0.14808681858586867,8.37702731769108,1.165786965372296,
b22f4f387d,180,1763,12341,123.41,337.9794802154131,0.22874635735028384,8.280990979086445,1.7528033931156477,
b22f4f387d,180,1764,12348,123.48,337.7447398551854,0.0989235186717585,8.502852593917408,0.8553140454624371,
b22f4f387d,180,1765,12355,123.55,337.7118391127461,0.12377494344698386,8.665651473755139,1.016739061165624,
b22f4f387d,180,1766,12362,123.62,337.66947722753326,0.1956230937125705,8.465908008199968,0.9264264785334221,
b22f4f387d,180,1767,12369,123.69,337.5478103189764,0.16534833313930242,8.5663057519149,1.3160273771773334,
b22f4f387d,180,1768,12376,123.76,337.5008566847863,0.1509959757950115,7.981825220792046,0.8106040603670024,
b22f4f387d,180,1769,12383,123.83,337.4377628412002,0.11793267828189986,7.970582395294274,0.7016153996420097,
b22f4f387d,180,1770,12390,123.9,337.40162268002456,0.13438466575750738,7.752007619849424,1.0659774641696174,
b22f4f387d,180,1771,12397,123.97,337.33202905514617,0.13339785111788907,7.671423214507533,1.199577629645197,
b22f4f387d,180,1772,12404,124.04,337.2810133208946,0.12112916480057863,7.4696974866932715,0.8332483666303356,
b22f4f387d,180,1773,12411,124.11,337.21657854783604,0.16563789114414848,7.6078237388222885,1.6174256205971487,
b22f4f387d,180,1774,12418,124.18,337.11040165232765,0.11978718359438188,7.498691255935348,1.1630349083323488,
b22f4f387d,180,1775,12425,124.25,337.0393614518612,0.10977794651555119,7.496289633861848,0.684568841444429,
b22f4f387d,180,1776,12432,124.32,336.9919046412611,0.17800946012169142,7.829694517770315,1.7600427031338535,
b22f4f387d,180,1777,12439,124.39,336.8905922752433,0.19057240612507734,8.246668782506308,1.8021528853247584,
b22f4f387d,180,1778,12446,124.46,336.780639321859,0.1912868516026033,8.64870342643132,1.726576850738027,
b22f4f387d,180,1779,12453,124.53,336.6910431932439,0.15596201861284045,8.235428010532729,1.1972959614807295,
b22f4f387d,180,1780,12460,124.6,336.6303688430816,0.19546391355559747,8.665638074663926,1.5672805771671592,
b22f4f387d,180,1781,12467,124.67,336.4985374835012,0.16385942085777494,8.439906452974295,1.3477872739552677,
b22f4f387d,180,1782,12474,124.74,336.3790188009743,0.12741891904614913,8.306810227731056,1.1720644781818874,
b22f4f387d,180,1783,12481,124.81,336.330265970559,0.1805918094178569,8.548529443065748,1.6927522500892003,
b22f4f387d,180,1784,12488,124.88,336.1951158204426,0.20174075087419413,8.358982192483348,1.7267235174532922,
b22f4f387d,180,1785,12495,124.95,336.06696321834073,0.2100856710199484,8.957639531352115,1.7832599032853034,
b22f4f387d,180,1786,12502,125.02,335.8834475631973,0.153158510373662,8.797622179112032,1.3249970201099557,
b22f4f387d,180,1787,12509,125.09,335.80235713465504,0.2178945278644411,8.836778750287678,2.196132474749953,
b22f4f387d,180,1788,12516,125.16,335.68578111590193,0.21043378085148648,8.57322357984518,1.683057401179175,
b22f4f387d,180,1789,12523,125.23,335.5347627526366,0.21416186173106444,8.770453834585737,2.037813209850521,
b22f4f387d,180,1790,12530,125.3,335.36501307841104,0.25440694874880554,8.517351432027269,1.0187125136281938,
b22f4f387d,180,1791,12537,125.37,335.3614101271713,0.22327957057648817,8.726618490131992,1.4718585746169575,
b22f4f387d,180,1792,12544,125.44,335.17504421112665,0.15669633679139555,8.925765703176081,1.2525625065781054,
b22f4f387d,180,1793,12551,125.51,335.1083544388144,0.16531303394905833,8.747784018277944,1.4695936411588926,
b22f4f387d,180,1794,12558,125.58,335.04884849968516,0.14382857893136725,8.785374921402164,1.1003555005677064,
b22f4f387d,180,1795,12565,125.65,334.996254531879,0.151122906337258,8.678098673263744,1.2077928942591039,
b22f4f387d,180,1796,12572,125.72,334.92412283743096,0.14545122211124958,8.264781332457597,1.360445963986097,
b22f4f387d,180,1797,12579,125.79,334.84603095845773,0.13380898544093175,8.63734939435698,1.0260459000809121,
b22f4f387d,180,1798,12586,125.86,334.78480747617476,0.14572225910960812,8.718678411501593,1.3790995976170775,
b22f4f387d,180,1799,12593,125.93,334.71974344875923,0.11350630766183353,8.437748990671487,0.8310033051822693,
b22f4f387d,180,1800,12600,126.0,334.694148765579,0.1134461005561156,8.789079271900013,0.7930017718190105,
b22f4f387d,180,1801,12607,126.07,334.660238253878,0.3206505832753448,8.515656088766399,2.481828905893057,
b22f4f387d,180,1802,12614,126.14,334.3729553124263,0.16400000459706235,9.143592405760327,0.20767119172675733,
b22f4f387d,180,1803,12621,126.21,334.29780832459426,0.2877461459935065,8.411112888511756,2.544688844169662,
b22f4f387d,180,1804,12628,126.28,334.1109488920541,0.21765699219682974,9.223818808396471,1.2422654071993777,
b22f4f387d,180,1805,12635,126.35,333.9763039677076,0.22532160389672856,8.646497397869158,1.8400962963212653,
b22f4f387d,180,1806,12642,126.42,333.85743966229063,0.18036172603448486,8.988717288489507,1.3910837134858511,
b22f4f387d,180,1807,12649,126.49,333.75874701137667,0.13486674613662786,8.658439148192004,0.8158633249787218,
b22f4f387d,180,1808,12656,126.56,333.6951627373179,0.2089390502421738,9.078019712892988,1.9377592932768544,
b22f4f387d,180,1809,12663,126.63,333.50102073091716,0.15552270143520733,8.738842215268031,1.0228435762959525,
b22f4f387d,180,1810,12670,126.7,333.4114567009421,0.09149835134299095,8.701134522512959,0.6352238018554589,
b22f4f387d,180,1811,12677,126.77,333.37883517678506,0.22076925433792913,8.781351414256969,2.184900532707208,
b22f4f387d,180,1812,12684,126.84,333.23262935934736,0.1569548943069942,9.166137831272435,1.1879633798547704,
b22f4f387d,180,1813,12691,126.91,333.176082877296,0.16615966522447523,8.808666181900405,1.3760742996917632,
b22f4f387d,180,1814,12698,126.98,333.09358405110964,0.1289621688111395,8.789368055951535,0.25854087621126076,
b22f4f387d,180,1815,12705,127.05,333.0525274960745,0.13493096529615417,8.823182918941242,0.8289924731946283,
b22f4f387d,180,1816,12712,127.12,333.00651367919363,0.13893018894705303,8.961405258114693,1.1793090101017358,
b22f4f387d,180,1817,12719,127.19,332.9751937801214,0.1539944644068366,8.784223171413679,1.1296541138774365,
b22f4f387d,180,1818,12726,127.26,332.91381696554544,0.12227731782016169,8.718262382608364,0.6975116551449599,
b22f4f387d,180,1819,12733,127.33,332.894027084902,0.12030050184343755,8.709775612016859,0.7723405176121106,
b22f4f387d,180,1820,12740,127.4,332.84077487744827,0.1590560650074195,8.412968399003391,0.9861732968013609,
b22f4f387d,180,1821,12747,127.47,332.7472456559738,0.23410085243449458,8.431307165772418,2.263945330517019,
b22f4f387d,180,1822,12754,127.54,332.5823129254465,0.27218126152341976,8.581360830171832,2.516088449971097,
b22f4f387d,180,1823,12761,127.61,332.48007292908693,0.2305394317852683,9.110255723644174,1.0819036124198724,
b22f4f387d,180,1824,12768,127.68,332.4217088216637,0.2455161562499174,8.40405820575022,1.0954305866009801,
b22f4f387d,180,1825,12775,127.75,332.28428318903906,0.21536659957309037,8.944393099662635,1.7871666496722174,
b22f4f387d,180,1826,12782,127.82,332.22017676198675,0.23322056958176682,8.477328154528822,1.4618311171903728,
b22f4f387d,180,1827,12789,127.89,332.1362493334241,0.23764477337083456,8.184413133236198,1.5638167278743822,
b22f4f387d,180,1828,12796,127.96,332.01272444233206,0.19145092871859765,8.093358978042323,0.873205195669813,
b22f4f387d,180,1829,12803,128.03,331.93907262153954,0.193173297848493,7.669167292700959,1.533729130133982,
b22f4f387d,180,1830,12810,128.1,331.8041692638271,0.1827510512455106,7.742020202847512,1.2930295050402825,
b22f4f387d,180,1831,12817,128.17,331.73584379058735,0.22372140301302848,7.659424311256558,1.7864247644427265,
b22f4f387d,180,1832,12824,128.24,331.52759482227543,0.22397808642790135,7.752441364422996,2.06751811474658,
b22f4f387d,180,1833,12831,128.31,331.4535411677226,0.25082245142590365,8.15733897638715,1.6567788698553045,
b22f4f387d,180,1834,12838,128.38,331.3061986068299,0.19239329198297586,7.590146758811684,0.7249054777849164,
b22f4f387d,180,1835,12845,128.45,331.1859621382045,0.1783828699167425,7.520612829274807,1.419572691902711,
b22f4f387d,180,1836,12852,128.52,331.1137116937983,0.1538750872843752,7.346996569247507,1.254038894708432,
b22f4f387d,180,1837,12859,128.59,331.0578056803355,0.14062000203408118,7.321703574427979,1.1728473138564457,
b22f4f387d,180,1838,12866,128.66,331.0054770178576,0.24548726109378968,7.2768034657493335,0.7711213509809568,
b22f4f387d,180,1839,12873,128.73,330.7810663897156,0.1221916747065848,7.703512906520659,0.9258480245784495,
b22f4f387d,180,1840,12880,128.8,330.7298522080188,0.19312350169514847,7.384527002802825,1.775068993014389,
b22f4f387d,180,1841,12887,128.87,330.56134170918915,0.34377729677059415,7.816121793587498,1.3611559931326902,
b22f4f387d,180,1842,12894,128.94,330.5301725230409,0.2840072933471845,8.49803400063229,2.2557818837777384,
b22f4f387d,180,1843,12901,129.01,330.23311074803024,0.20486876927747416,8.199707561874325,1.9183654985604661,
b22f4f387d,180,1844,12908,129.08,330.0797511662299,0.23669469298833296,8.149440981622392,2.174734291225171,
b22f4f387d,180,1845,12915,129.15,329.91584598337215,0.14409721393583222,8.233340885460834,0.8360743604572342,
b22f4f387d,180,1846,12922,129.22,329.8795897058578,0.2108674688189456,8.067512552097272,1.8647128203080854,
b22f4f387d,180,1847,12929,129.29,329.69736572679477,0.10033515358842711,8.352901428514208,0.6852317170707544,
b22f4f387d,180,1848,12936,129.36,329.66659604866817,0.17835073892400152,8.144914425610088,1.7212323633715563,
b22f4f387d,180,1849,12943,129.43,329.532850174067,0.3916558366499948,8.082256679792573,1.9231869304397315,
b22f4f387d,180,1850,12950,129.5,329.4695095575697,0.20246824294421165,8.981823675903005,1.1485717083139764,
b22f4f387d,180,1851,12957,129.57,329.3196235346998,0.211152309767846,8.474044215745947,1.6719171965019277,
b22f4f387d,180,1852,12964,129.64,329.2143035051986,0.15607989768796623,7.97385053405472,0.8970736718204286,
b22f4f387d,180,1853,12971,129.71,329.18727736413945,0.2143732277581365,8.009384822384328,1.8473111888366829,
b22f4f387d,180,1854,12978,129.78,329.1707331496753,0.2318245112259017,8.434818276636095,1.4482205440683904,
b22f4f387d,180,1855,12985,129.85,329.1037878037194,0.2021298054523361,7.997841736012422,0.44683672988904033,
b22f4f387d,180,1856,12992,129.92,329.0754070300668,0.27946267893943955,8.200583668421912,2.2541609565214755,
b22f4f387d,180,1857,12999,129.99,328.9525335512296,0.2826454206983084,8.277976582102454,1.7351142499469887,
b22f4f387d,180,1858,13006,130.06,328.8116223442108,0.25762244348429464,7.94303584028862,1.700861289065456,
b22f4f387d,180,1859,13013,130.13,328.6772831201421,0.19620847536720937,8.267052734011198,0.8255120056630709,
b22f4f387d,180,1860,13020,130.2,328.64183350628014,0.25153013834630494,7.84769421833254,1.0415790256997453,
b22f4f387d,180,1861,13027,130.27,328.5058810005564,0.22189799794462914,8.443809792319536,1.5705162320461734,
b22f4f387d,180,1862,13034,130.34,328.3638110363594,0.16473053829462433,7.861118186209899,0.8366081111020238,
b22f4f387d,180,1863,13041,130.41,328.3164827056887,0.1691584775501714,8.420952921453509,1.2421820935115966,
b22f4f387d,180,1864,13048,130.48,328.27162899962,0.14830934481359662,7.915498313423752,0.6002773459611354,
b22f4f387d,180,1865,13055,130.55,328.2124936939507,0.16079214591547927,7.902498557129836,1.1596601801584046,
b22f4f387d,180,1866,13062,130.62,328.17615575660284,0.29519994464435867,7.742909641490112,2.5364937871807425,
b22f4f387d,180,1867,13069,130.69,327.87442749001997,0.20240000096178337,8.091401934826656,1.7291107014916753,
b22f4f387d,180,1868,13076,130.76,327.72716971177204,0.17997670595354032,7.634219658779605,0.7889782207061692,
b22f4f387d,180,1869,13083,130.83,327.6073010988203,0.1511373364959956,7.54632221148845,1.2712246157213156,
b22f4f387d,180,1870,13090,130.9,327.5385337657151,0.1390881983058859,7.692911132331851,1.1790712604562448,
b22f4f387d,180,1871,13097,130.97,327.4887707870582,0.13840082673155987,7.267965364457042,1.0003777651714718,
b22f4f387d,180,1872,13104,131.04,327.4137009912338,0.18967297703227584,7.577502107271645,1.8743875868597275,
b22f4f387d,180,1873,13111,131.11,327.26071381281866,0.13798410085471666,7.600497396208911,0.8034379205830728,
b22f4f387d,180,1874,13118,131.18,327.18673965670035,0.20606859455200877,7.780286782543107,2.0718674801992054,
b22f4f387d,180,1875,13125,131.25,327.0436911753039,0.139951334693558,7.8549131795141305,0.6238693384611119,
b22f4f387d,180,1876,13132,131.32,326.9779861951395,0.09569252601426967,7.917678870420666,0.6940138246289328,
b22f4f387d,180,1877,13139,131.39,326.94239868905,0.2666617551947321,7.965634082898653,1.3046455064671547,
b22f4f387d,180,1878,13146,131.46,326.93415980681084,0.15170638474721065,8.314692922997747,0.9160894696762167,
b22f4f387d,180,1879,13153,131.53,326.84112544808403,0.11041722469386892,8.154448066185846,0.5872884008716593,
b22f4f387d,180,1880,13160,131.6,326.8213184697882,0.14380993053410918,8.130670001895977,0.9245399527862429,
b22f4f387d,180,1881,13167,131.67,326.72902558874176,0.07723572430865093,8.166721542862502,0.3973650807526279,
b22f4f387d,180,1882,13174,131.74,326.71417012093366,0.10098635383162523,8.254307722440778,0.8953198027235924,
b22f4f387d,180,1883,13181,131.81,326.6756232274028,0.21350805582755567,8.152365568633336,1.9046558834435328,
b22f4f387d,180,1884,13188,131.88,326.48472213438544,0.11321082529563344,8.109829694362354,0.9064301561882773,
b22f4f387d,180,1885,13195,131.95,326.45642915561325,0.10611444770705832,7.990113797685033,0.48282468788442445,
b22f4f387d,180,1886,13202,132.02,326.4493441803815,0.19199383552864668,7.804982281416825,1.5194226334493022,
b22f4f387d,180,1887,13209,132.09,326.391532411082,0.2869080476088867,7.963313112119329,2.607868769193248,
b22f4f387d,180,1888,13216,132.16,326.1560559566234,0.22867945876083,7.691948585735356,0.989530970317296,
b22f4f387d,180,1889,13223,132.23,326.14388921522556,0.1514704436302686,8.172592375727195,1.9317305461722398,
b22f4f387d,180,1890,13230,132.3,325.9202347260762,0.0725822814300418,7.272977569547904,0.36221746364188634,
b22f4f387d,180,1891,13237,132.37,325.90205941294647,0.2125736042413774,7.313169699135951,2.036106507886313,
b22f4f387d,180,1892,13244,132.44,325.70337362736876,0.05663498850064154,7.221151693797466,0.4493898122304064,
b22f4f387d,180,1893,13251,132.51,325.697395339818,0.05487861414302636,7.127930332657998,0.2544613097262621,
b22f4f387d,180,1894,13258,132.58,325.68945213696225,0.19285316076551137,7.039660420292278,1.2785811048913704,
b22f4f387d,180,1895,13265,132.65,325.5618992319008,0.15003385432046817,7.545517277221649,1.0909079062419207,
b22f4f387d,180,1896,13272,132.72,325.48815420524295,0.10886650742938404,7.239888784705997,1.0099539311547436,
b22f4f387d,180,1897,13279,132.79,325.43557813941965,0.061868959142442254,7.4396013892836965,0.36529321920711844,
b22f4f387d,180,1898,13286,132.86,325.42380995567305,0.08046181166610838,7.389479286632332,0.6830389664738005,
b22f4f387d,180,1899,13293,132.93,325.40258562938874,0.25480452190999253,7.197862917456054,2.521617127358375,
b22f4f387d,180,1900,13300,133.0,325.1968386337531,0.1866184256980281,7.902526672162661,1.5308815761288117,
b22f4f387d,180,1901,13307,133.07,325.12743817367976,0.13600566108854903,7.674927833616624,0.4798682562381718,
b22f4f387d,180,1902,13314,133.14,325.1023969517861,0.1556981201306108,7.502544291232813,1.1352008392599184,
b22f4f387d,180,1903,13321,133.21,325.0564651257549,0.14038491494862104,7.341450887945775,0.9775035432541206,
b22f4f387d,180,1904,13328,133.28,325.0052996435968,0.08254453353740164,6.986554409775434,0.33277283842967703,
b22f4f387d,180,1905,13335,133.35,324.99092276703277,0.33052596725102046,7.01161847148904,1.4364691387012116,
b22f4f387d,180,1906,13342,133.42,324.96795766668185,0.251858419999557,7.838971097300169,1.8195463997526158,
b22f4f387d,180,1907,13349,133.49,324.6940590557489,0.07504709296259887,7.175436280062786,0.3922339468061604,
b22f4f387d,180,1908,13356,133.56,324.6777938486934,0.07916380549126639,7.019740504125828,0.6243212771966031,
b22f4f387d,180,1909,13363,133.63,324.6627920544446,0.17115687472577124,7.0560106514903085,1.579600873609845,
b22f4f387d,180,1910,13370,133.7,324.55880959467197,0.08705910058155393,6.902023113910746,0.5610121625805615,
b22f4f387d,180,1911,13377,133.77,324.52855232761146,0.16313349906007615,6.899815501759273,1.4929706871008284,
b22f4f387d,180,1912,13384,133.84,324.42311390525265,0.05459758279675198,6.9499900585406555,0.35996907585293497,
b22f4f387d,180,1913,13391,133.91,324.4089377755909,0.116687529326948,6.825233242323759,0.9960610983990179,
b22f4f387d,180,1914,13398,133.98,324.3731409398285,0.1260515320558326,6.972300727836591,0.7512257847434715,
b22f4f387d,180,1915,13405,134.05,324.3101644542605,0.08013250618717897,6.989092784588254,0.6992755301767006,
b22f4f387d,180,1916,13412,134.12,324.28627782863464,0.08066675965045136,7.174203766621331,0.7189748105575768,
b22f4f387d,180,1917,13419,134.19,324.25839102927824,0.11583444990336395,7.107312198544977,0.9646761812929147,
b22f4f387d,180,1918,13426,134.26,324.2057723072386,0.38730785492766584,7.061636472266629,1.9168299638790234,
b22f4f387d,180,1919,13433,134.33,324.1437514041665,0.19628742290541548,7.609069149838543,1.1730615502808592,
b22f4f387d,180,1920,13440,134.4,323.973139918187,0.17266086688227417,6.826769242801903,1.6461108175512984,
b22f4f387d,180,1921,13447,134.47,323.8516008871217,0.13750125262798285,6.945502939476923,0.9745814584785037,
b22f4f387d,180,1922,13454,134.54,323.779310398329,0.1930225229291309,6.55345937961421,1.7185145002978321,
b22f4f387d,180,1923,13461,134.61,323.63096117723745,0.15937286408578888,6.912371759900376,0.9413771297805738,
b22f4f387d,180,1924,13468,134.68,323.57182603863686,0.18890391798711595,7.029357169083143,0.7189887856603876,
b22f4f387d,180,1925,13475,134.75,323.47381431586507,0.16727521210029345,7.141570654702887,1.3082319357614944,
b22f4f387d,180,1926,13482,134.82,323.40250478157463,0.12165274265897842,6.880052466194029,0.6834603172513467,
b22f4f387d,180,1927,13489,134.89,323.3692809533646,0.20893612481220167,6.816269431018263,1.9984457363560448,
b22f4f387d,180,1928,13496,134.96,323.25715897049224,0.1475472950422221,7.353738802069514,0.8518360236696148,
b22f4f387d,180,1929,13503,135.03,323.20453973989055,0.11687926431363688,6.874975754067396,0.8536221906666491,
b22f4f387d,180,1930,13510,135.1,323.1730353917553,0.17629911728041286,6.964329149852137,1.4958356358233469,
b22f4f387d,180,1931,13517,135.17,323.1387389366427,0.230955155397352,7.1708899629036225,1.924145091642055,
b22f4f387d,180,1932,13524,135.24,323.0956861373254,0.24382169829972167,7.285909697223669,1.2208684675049117,
b22f4f387d,180,1933,13531,135.31,323.0297376907596,0.2954106096345544,7.65593938604268,1.8163637706236544,
b22f4f387d,180,1934,13538,135.38,322.8369540847842,0.24708801236737948,7.46722715354796,0.9179051215394511,
b22f4f387d,180,1935,13545,135.45,322.8128950573397,0.13262833251900183,7.782102792301618,1.3845567023450995,
b22f4f387d,180,1936,13552,135.52,322.6360892693145,0.12060284551213346,6.608179111296356,1.139851740033651,
b22f4f387d,180,1937,13559,135.59,322.5715455246053,0.16343399457273036,6.789323246012194,1.5892529279619427,
b22f4f387d,180,1938,13566,135.66,322.5239314015929,0.164489845543672,6.805076563990782,1.124341691054859,
b22f4f387d,180,1939,13573,135.73,322.4940279572805,0.21271158148856437,6.8597292876418665,1.6078452893470023,
b22f4f387d,180,1940,13580,135.8,322.3785272482756,0.16310399684060414,7.055325260458465,0.9955550055659144,
b22f4f387d,180,1941,13587,135.87,322.30421808853674,0.15720646929559084,6.944871176520281,1.1090935842030234,
b22f4f387d,180,1942,13594,135.94,322.2018339048402,0.12895687308187345,6.756307527707708,1.1551149716510098,
b22f4f387d,180,1943,13601,136.01,322.14622497427837,0.1339066848400922,6.952320874757684,0.7121189941224476,
b22f4f387d,180,1944,13608,136.08,322.0952827460428,0.15520962692815604,7.081798691349398,0.7561656717612619,
b22f4f387d,180,1945,13615,136.15,322.0537290864543,0.12844782591765183,7.214837148031583,0.3873981318160181,
b22f4f387d,180,1946,13622,136.22,322.0364694944331,0.13352467588578001,7.256442873684081,0.9962338928230581,
b22f4f387d,180,1947,13629,136.29,321.99575333705815,0.18396730567762076,7.225634220440671,1.0381286572920725,
b22f4f387d,180,1948,13636,136.36,321.86244051690755,0.18744169958837237,7.486562969910716,1.8186121411873293,
b22f4f387d,180,1949,13643,136.43,321.71066802937406,0.09819024634015582,7.535713075493108,0.822922596001621,
b22f4f387d,180,1950,13650,136.5,321.6714205885315,0.0898712282302793,7.4229594369489345,0.7667931790715385,
b22f4f387d,180,1951,13657,136.57,321.6400840465635,0.13028473740100446,7.413538097820934,1.2324868494165035,
b22f4f387d,180,1952,13664,136.64,321.57314673808344,0.18777495917331047,7.463939414909944,1.7573583675254019,
b22f4f387d,180,1953,13671,136.71,321.42998015221036,0.07325673364491957,7.185028989963679,0.5816316954205947,
b22f4f387d,180,1954,13678,136.78,321.41030515003496,0.16956955794706086,7.243675568858487,1.4819942469382794,
b22f4f387d,180,1955,13685,136.85,321.27070263706185,0.15495842026625206,7.509207136952635,0.7930665588906605,
b22f4f387d,180,1956,13692,136.92,321.1702734691582,0.18384976274999643,7.316053654720007,1.7299849922054562,
b22f4f387d,180,1957,13699,136.99,321.01646948546295,0.20000162100134,7.3255381250699765,1.756599889481077,
b22f4f387d,180,1958,13706,137.06,320.8707514254743,0.11489585428124804,7.432932578693432,0.6022189084096972,
b22f4f387d,180,1959,13713,137.13,320.83922039453853,0.32597877396520986,7.527957300015486,3.095694878425,
b22f4f387d,180,1960,13720,137.2,320.30446507171655,0.15175486368251914,7.397663058274073,1.0203038693104365,
b22f4f387d,180,1961,13727,137.27,320.241777671398,0.2185809386141785,7.573068621452208,1.8609108355233608,
b22f4f387d,180,1962,13734,137.34,320.12486243443624,0.2167729888507544,7.344364944265696,1.5678068289501563,
b22f4f387d,180,1963,13741,137.41,319.94029907640265,0.16992416370844335,7.397361349759991,1.534112143428318,
b22f4f387d,180,1964,13748,137.48,319.8107329006044,0.15542663783268781,7.385640509344399,0.8503880273375256,
b22f4f387d,180,1965,13755,137.55,319.73461216389313,0.09901714232572953,7.19792679450835,0.5839342375014963,
b22f4f387d,180,1966,13762,137.62,319.73331897072717,0.19116681227664803,7.43235729558946,1.1963109236907215,
b22f4f387d,180,1967,13769,137.69,319.64677571127095,0.14349350821368848,7.322291670503235,0.6173841856992535,
b22f4f387d,180,1968,13776,137.76,319.62431544725547,0.16838558856215313,7.541989993022974,1.026371867953492,
b22f4f387d,180,1969,13783,137.83,319.5422736931305,0.22642342589516942,7.394274224667974,1.5945504659078444,
b22f4f387d,180,1970,13790,137.9,319.33834042380124,0.11039203777979292,7.820786309975133,0.9740183662763373,
b22f4f387d,180,1971,13797,137.97,319.3068461498503,0.13162219487137855,7.50626125508059,1.0420414535576397,
b22f4f387d,180,1972,13804,138.04,319.2207392620148,0.22860160076896882,7.504089979004553,1.1404283867449125,
b22f4f387d,180,1973,13811,138.11,319.2136954531369,0.18315456859735207,7.575802750034924,1.1243817938992255,
b22f4f387d,180,1974,13818,138.18,319.0689759615746,0.1310203039657071,7.544370653902054,1.307769269758483,
b22f4f387d,180,1975,13825,138.25,319.00502989321086,0.16930131273909874,7.441400440189122,0.6355148387026818,
b22f4f387d,180,1976,13832,138.32,318.88441795032276,0.07177353813865518,7.564557767055025,0.6086158211212811,
b22f4f387d,180,1977,13839,138.39,318.8659949238144,0.2826797612498083,7.477008638578089,1.3396768137695723,
b22f4f387d,180,1978,13846,138.46,318.8236496694661,0.21411223166169863,7.60304151822473,2.0521306557707155,
b22f4f387d,180,1979,13853,138.53,318.6831116218616,0.13708365267158135,7.270263804796137,0.6102326778579275,
b22f4f387d,180,1980,13860,138.6,318.60205867474536,0.0949120597838546,7.179797615926615,0.7566076544652527,
b22f4f387d,180,1981,13867,138.67,318.57143975240496,0.12028493575887808,7.329064650249765,1.0116982783450723,
b22f4f387d,180,1982,13874,138.74,318.5219848904439,0.3120714056731257,7.307565093199907,1.338079736964609,
b22f4f387d,180,1983,13881,138.81,318.5115728240413,0.2110410437694832,8.285436972174963,1.3434959449095067,
b22f4f387d,180,1984,13888,138.88,318.3380206277726,0.15048386045888426,7.759612150354138,0.9178148123879856,
b22f4f387d,180,1985,13895,138.95,318.2714434592048,0.1251526159895534,8.251677846290244,0.9499926637566877,
b22f4f387d,180,1986,13902,139.02,318.2391527816522,0.1507323257101874,7.7839745240206,1.1246517058818568,
b22f4f387d,180,1987,13909,139.09,318.203752715532,0.2135554777443646,8.755389386993595,0.7206504910136619,
b22f4f387d,180,1988,13916,139.16,318.08301540988566,0.1827318469761263,8.453377512266043,1.4450534225175555,
b22f4f387d,180,1989,13923,139.23,317.99727902546266,0.23039152460613113,8.643267359562504,0.46286247233362243,
b22f4f387d,180,1990,13930,139.3,317.8857409487163,0.1901574224066133,8.042633825955654,1.356377203387304,
b22f4f387d,180,1991,13937,139.37,317.83016565757214,0.2835006394197172,8.300192901426717,1.0745962825431516,
b22f4f387d,180,1992,13944,139.44,317.64462390064784,0.2210527267739887,8.389823809002026,1.636614327154162,
b22f4f387d,180,1993,13951,139.51,317.5460461902703,0.20782912954969215,8.060438995849337,1.540322047983449,
b22f4f387d,180,1994,13958,139.58,317.4446492035159,0.1873982983372704,7.792081481158168,1.2709017535652167,
b22f4f387d,180,1995,13965,139.65,317.3600733422384,0.18682062141440142,7.793617248340912,1.1229947383201109,
b22f4f387d,180,1996,13972,139.72,317.26953865768525,0.15873831072566372,7.720921870237705,0.8543754719861106,
b22f4f387d,180,1997,13979,139.79,317.1743545894343,0.11181902677201509,7.619153051284389,0.5496371909707418,
b22f4f387d,180,1998,13986,139.86,317.14477967114914,0.2032900810851056,7.53670817126484,1.2746734448696857,
b22f4f387d,180,1999,13993,139.93,316.9510862666768,0.12786289917369786,7.555975547257694,0.7342908726126582,
b22f4f387d,180,2000,14000,140.0,316.89224815011914,0.23705136507655786,7.89595936818321,2.2018669579728027,
b22f4f387d,180,2001,14007,140.07,316.72272414519654,0.16652703758143522,7.717799842253293,1.0786851387848204,
b22f4f387d,180,2002,14014,140.14,316.63648482697477,0.20954536350763248,7.6149537186500575,1.5060035776724876,
b22f4f387d,180,2003,14021,140.21,316.49404989979104,0.13288518683864725,7.6878461937061235,1.007800909220428,
b22f4f387d,180,2004,14028,140.28,316.42365130169503,0.14126369600330327,7.304763842691812,1.0504734990208622,
b22f4f387d,180,2005,14035,140.35,316.3492455933887,0.08536282433528895,7.4027638213469595,0.476217028506008,
b22f4f387d,180,2006,14042,140.42,316.3194769455426,0.12171264268603932,7.143427624955027,1.1842543428155914,
b22f4f387d,180,2007,14049,140.49,316.2606113481291,0.16732200168590872,6.906828423749493,1.5719216724558358,
b22f4f387d,180,2008,14056,140.56,316.1317133718191,0.11398774875601717,7.3713744019505665,0.988093211186813,
b22f4f387d,180,2009,14063,140.63,316.0816555956369,0.12056449774337184,7.395032247262204,1.0181001996268095,
b22f4f387d,180,2010,14070,140.7,316.05132882092295,0.12035265866170894,7.569466936858587,0.9941107452233622,
b22f4f387d,180,2011,14077,140.77,316.00762449513877,0.15493715080746828,7.556789203178958,1.318027507217666,
b22f4f387d,180,2012,14084,140.84,315.93136016495623,0.1920757311971717,7.361712088659004,1.729313883737121,
b22f4f387d,180,2013,14091,140.91,315.7757103491811,0.1565412599624614,7.650739653296703,1.3119597259804638,
b22f4f387d,180,2014,14098,140.98,315.65521650793397,0.1265549208007767,7.856072700349812,0.8157497569767898,
b22f4f387d,180,2015,14105,141.05,315.600712993787,0.15792038445772602,7.901416363729082,1.5652025358268435,
b22f4f387d,180,2016,14112,141.12,315.49650334547323,0.1424305210383931,7.764626586081829,1.1253774701395431,
b22f4f387d,180,2017,14119,141.19,315.4197084524658,0.08511200724507594,8.078446068835007,0.63778310491419,
b22f4f387d,180,2018,14126,141.26,315.3876727978823,0.10373220239839953,7.914039083484498,1.0415387723096916,
b22f4f387d,180,2019,14133,141.33,315.3539898830228,0.13446037657286933,7.845309929201565,1.3257282961619616,
b22f4f387d,180,2020,14140,141.4,315.29682526347676,0.18796053967349144,7.927211342768326,1.6462097946123324,
b22f4f387d,180,2021,14147,141.47,315.14934347494886,0.1527362680432653,7.722167129869652,1.3816938968385477,
b22f4f387d,180,2022,14154,141.54,315.0816365659249,0.23173112973094312,7.738815437990762,2.035757530252735,
b22f4f387d,180,2023,14161,141.61,314.8837409674394,0.16460567230639095,7.787614952142755,1.2708581311008442,
b22f4f387d,180,2024,14168,141.68,314.7894933321367,0.11970217832956119,7.469504367236557,0.6842554719275803,
b22f4f387d,180,2025,14175,141.75,314.7563993198474,0.19698373411406359,8.01313389577257,1.2641817052849977,
b22f4f387d,180,2026,14182,141.82,314.6685913666348,0.29181130704747676,8.017968422713304,1.8438110213676953,
b22f4f387d,180,2027,14189,141.89,314.4730802749185,0.21347034104739834,8.60021285297712,0.8910610300104366,
b22f4f387d,180,2028,14196,141.96,314.38578793203106,0.1971935617366479,7.859140295409949,1.138123406716037,
b22f4f387d,180,2029,14203,142.03,314.2588070347194,0.2784167872882887,8.179972843214697,2.513707703448245,
b22f4f387d,180,2030,14210,142.1,313.93436150448764,0.17127248635136263,7.562649758131873,1.1948670685448468,
b22f4f387d,180,2031,14217,142.17,313.83033763199415,0.11381802608912023,7.514232862010293,1.004001464321186,
b22f4f387d,180,2032,14224,142.24,313.8040053888828,0.2144988237873584,7.541254993635074,1.6185911808073552,
b22f4f387d,180,2033,14231,142.31,313.57822244236934,0.06957752771191957,7.338066132297691,0.4903883244667312,
b22f4f387d,180,2034,14238,142.38,313.56370063900164,0.2173060313644832,7.498461945587718,1.8046582355750427,
b22f4f387d,180,2035,14245,142.45,313.3374377634861,0.09839921800130735,7.512496416689719,0.307962288896936,
b22f4f387d,180,2036,14252,142.52,313.29613620303013,0.12503899297362406,7.513920302979099,1.1545002629854482,
b22f4f387d,180,2037,14259,142.59,313.27330750254924,0.17711166743680992,7.576980369176738,1.1632148845747798,
b22f4f387d,180,2038,14266,142.66,313.1889987983347,0.14905953790258275,7.602214392658265,1.1955522655137376,
b22f4f387d,180,2039,14273,142.73,313.1672021978023,0.15341097971829737,7.597432849012423,0.8705900533517252,
b22f4f387d,180,2040,14280,142.8,313.1082972477586,0.21921228621817615,7.3332962852303405,1.5519076337905888,
b22f4f387d,180,2041,14287,142.87,313.04171157025905,0.27740633470872184,8.320483973763517,2.4326867565089425,
b22f4f387d,180,2042,14294,142.94,312.92608797993796,0.11963015344914893,7.389471718424144,0.8470989458104524,
b22f4f387d,180,2043,14301,143.01,312.780377385409,0.16671405334394596,7.258801732034997,1.5902337884859064,
b22f4f387d,180,2044,14308,143.08,312.7066737661191,0.1304888394117115,7.641916193117969,0.5777136717150309,
b22f4f387d,180,2045,14315,143.15,312.6489442877615,0.22281197410966053,7.435100116787537,2.152133251879514,
b22f4f387d,180,2046,14322,143.22,312.437625148269,0.38565560926550446,7.5578291958237,1.8070615298691453,
b22f4f387d,180,2047,14329,143.29,312.39235615690046,0.19773318355546335,8.588073864095907,0.6475541548072374,
b22f4f387d,180,2048,14336,143.36,312.23796670795286,0.16373159954193048,7.814994626437309,1.086561712986028,
b22f4f387d,180,2049,14343,143.43,312.18509663225086,0.15145270656382598,7.797491343188966,0.7911391152761909,
b22f4f387d,180,2050,14350,143.5,312.1183101793136,0.1586634718208185,7.648454575728663,1.2026061658996996,
b22f4f387d,180,2051,14357,143.57,312.0589265028766,0.17208656202107786,7.506569837565104,1.5313091578542908,
b22f4f387d,180,2052,14364,143.64,312.0164565241184,0.1691751026365684,7.823495331907155,1.0688093135482537,
b22f4f387d,180,2053,14371,143.71,311.9600910034733,0.168957646725556,7.432808681372982,0.6570331513969283,
b22f4f387d,180,2054,14378,143.78,311.9042125220534,0.12916988513949426,7.7093082759616145,0.6266664169766921,
b22f4f387d,180,2055,14385,143.85,311.86445736333076,0.1805174330055331,7.411998840847871,1.4980103302468497,
b22f4f387d,180,2056,14392,143.92,311.7170789042129,0.11572703970172775,7.514072785677203,0.8905449922635725,
b22f4f387d,180,2057,14399,143.99,311.65761957156354,0.14974029601481914,7.563147056210222,1.3627163667356263,
b22f4f387d,180,2058,14406,144.06,311.590105157711,0.11790376631561846,7.820869209382559,0.9948352821470648,
b22f4f387d,180,2059,14413,144.13,311.560261338391,0.09490983384997936,7.814144755180338,0.44999358588724225,
b22f4f387d,180,2060,14420,144.2,311.5371499693349,0.15841967384575104,7.773156857009867,1.376112932923341,
b22f4f387d,180,2061,14427,144.27,311.49893094476954,0.1967813491050992,8.116081289724349,1.5237541253103077,
b22f4f387d,180,2062,14434,144.34,311.42729768958014,0.19983120547866237,7.790795898546002,0.5720064509859775,
b22f4f387d,180,2063,14441,144.41,311.26766939470775,0.10184908868082557,7.900407636452056,0.565303059855383,
b22f4f387d,180,2064,14448,144.48,311.2420592498916,0.11928400944645992,7.984365432848367,1.0998401072169994,
b22f4f387d,180,2065,14455,144.55,311.17571431132427,0.20233720083079176,7.866059178141792,1.3369529991327749,
b22f4f387d,180,2066,14462,144.62,311.09357378364354,0.20872377986735122,8.15527971846747,1.6587278427882137,
b22f4f387d,180,2067,14469,144.69,310.9211901464625,0.17993997469348266,7.6204484346690196,1.4747402681258586,
b22f4f387d,180,2068,14476,144.76,310.79815939298663,0.12345275813483957,7.844657404248402,0.6263750919393356,
b22f4f387d,180,2069,14483,144.83,310.774183110547,0.21804965949066132,7.914442960293895,2.0212177107953817,
b22f4f387d,180,2070,14490,144.9,310.6368604332582,0.17416252930985465,7.724843334488121,1.0846342105287246,
b22f4f387d,180,2071,14497,144.97,310.58522183453005,0.23432657363465903,7.8583688878355975,1.181991068517897,
b22f4f387d,180,2072,14504,145.04,310.4576475870941,0.18992627685051916,8.190173315618091,1.2519482440752974,
b22f4f387d,180,2073,14511,145.11,310.3687519906438,0.16767796832937915,7.712147799192534,1.3576240011075464,
b22f4f387d,180,2074,14518,145.18,310.2970897869945,0.1589674446406297,7.667613870157545,0.9659424593067822,
b22f4f387d,180,2075,14525,145.25,310.22559175049525,0.22022016237410633,7.674357466403987,0.8924583870194764,
b22f4f387d,180,2076,14532,145.32,310.03285213442786,0.14526676044035172,7.855911948394812,1.3112343219029199,
b22f4f387d,180,2077,14539,145.39,309.94012088650254,0.2460394361035218,7.583682699415835,1.0819010529687842,
b22f4f387d,180,2078,14546,145.46,309.9319635554791,0.2186622237474472,8.3454142826183,0.9005946009801256,
b22f4f387d,180,2079,14553,145.53,309.73579490424436,0.062102156043066556,7.999076786909614,0.3020655880294909,
b22f4f387d,180,2080,14560,145.6,309.71999799018255,0.12532656378280682,7.764521394579002,0.9615590711283122,
b22f4f387d,180,2081,14567,145.67,309.6457239316036,0.20788279596929232,8.07021330573151,1.7265499042022343,
b22f4f387d,180,2082,14574,145.74,309.4754595596898,0.14667671671957416,7.6349835512315165,1.1689916186181901,
b22f4f387d,180,2083,14581,145.81,309.4224222975377,0.15881395306971116,7.865355968209058,0.9929129652979226,
b22f4f387d,180,2084,14588,145.88,309.33145871007633,0.13702826512202862,7.786038467023392,0.6824560165229822,
b22f4f387d,180,2085,14595,145.95,309.2558278212581,0.17111472802622962,7.746197845527241,1.5789878893550608,
b22f4f387d,180,2086,14602,146.02,309.1452424102689,0.12372808376117074,7.8116531725030995,0.7983497785326954,
b22f4f387d,180,2087,14609,146.09,309.0708938873182,0.1676236742513698,7.983405857100683,1.635000327269328,
b22f4f387d,180,2088,14616,146.16,308.9510046570352,0.2538611537173614,7.727199563404462,1.6740397520030001,
b22f4f387d,180,2089,14623,146.23,308.6588044425689,0.06612229938865974,8.023623998471368,0.5576287894700461,
b22f4f387d,180,2090,14630,146.3,308.637667102623,0.090602652933476,7.69878095363691,0.7830765565999827,
b22f4f387d,180,2091,14637,146.37,308.6037096447067,0.10361308091468852,7.90625387190655,0.5227852370133222,
b22f4f387d,180,2092,14644,146.44,308.5871436638191,0.14260109417119013,8.117010102560862,0.9891059287198233,
b22f4f387d,180,2093,14651,146.51,308.5502292597704,0.15223654722620786,7.8999034002277835,1.069427943015046,
b22f4f387d,180,2094,14658,146.58,308.48409855347495,0.18971207641181337,8.065927796189454,1.082212511817858,
b22f4f387d,180,2095,14665,146.65,308.4107540663478,0.194610389684373,7.8488297211225895,1.362175059837543,
b22f4f387d,180,2096,14672,146.72,308.29813434620655,0.20708075209186164,7.992234754523276,1.41132116802949,
b22f4f387d,180,2097,14679,146.79,308.10832663663393,0.1806480376185483,7.82914561521157,1.4695889038071301,
b22f4f387d,180,2098,14686,146.86,307.98354120078,0.1494371881550402,7.727347219346861,0.6819449087556869,
b22f4f387d,180,2099,14693,146.93,307.8904490883022,0.16271809600856862,7.470584495256614,1.325368111936709,
b22f4f387d,180,2100,14700,147.0,307.78588399458005,0.18936988351187756,7.749360446271948,1.6257191695814164,
b22f4f387d,180,2101,14707,147.07,307.66429320675513,0.24406257924863234,7.2911190030008575,2.281356238000241,
b22f4f387d,180,2102,14714,147.14,307.50891220532714,0.14909561013650258,7.7271729064859365,0.7235069503598845,
b22f4f387d,180,2103,14721,147.21,307.47044491133255,0.20974570140098545,6.9498200796696405,1.7492025841232122,
b22f4f387d,180,2104,14728,147.28,307.27014490996226,0.10334700184831286,6.891329196283004,0.9855882776338311,
b22f4f387d,180,2105,14735,147.35,307.2433181409098,0.17193239386217948,6.963765855087764,1.1469450042145088,
b22f4f387d,180,2106,14742,147.42,307.16913838198894,0.12922757833207008,6.931121574122332,1.0144847932593815,
b22f4f387d,180,2107,14749,147.49,307.10803617399995,0.12746501073986832,6.882955223566668,1.1906694313458062,
b22f4f387d,180,2108,14756,147.56,307.03479997397227,0.08454264427145812,6.94697135338973,0.8006042796035995,
b22f4f387d,180,2109,14763,147.63,307.0153465376128,0.12990383888184678,6.934746997288677,1.0298161898214389,
b22f4f387d,180,2110,14770,147.7,306.956369660674,0.1564384481036139,7.05942334078452,1.540431278720533,
b22f4f387d,180,2111,14777,147.77,306.8692628516069,0.08991573181335598,6.850918009151945,0.7304079903981816,
b22f4f387d,180,2112,14784,147.84,306.8412831273838,0.15154655940903855,6.7282135783560415,0.9993125132106442,
b22f4f387d,180,2113,14791,147.91,306.77065568768745,0.17244445242851536,7.1894850030142115,0.8120233294237146,
b22f4f387d,180,2114,14798,147.98,306.70476824731793,0.16719414870787339,6.995369503557199,0.6246633588679886,
b22f4f387d,180,2115,14805,148.05,306.60991668077526,0.1931359342997057,7.342664037478762,1.7518105783551958,
b22f4f387d,180,2116,14812,148.12,306.44871059926635,0.18798533019101782,7.081738595519914,1.611429144891262,
b22f4f387d,180,2117,14819,148.19,306.34010024261886,0.1327253683320166,7.423466993482903,0.9206205403199458,
b22f4f387d,180,2118,14826,148.26,306.28593217982416,0.3480310622660289,6.88350024499552,1.5796457805957946,
b22f4f387d,180,2119,14833,148.33,306.23760058343476,0.21722501697843594,8.014806245550025,1.043303456558865,
b22f4f387d,180,2120,14840,148.4,306.0208457378356,0.09193062413410746,7.216578349558067,0.7517412703337437,
b22f4f387d,180,2121,14847,148.47,305.98030802346113,0.12044423119352668,6.970632364193676,1.1233735490033734,
b22f4f387d,180,2122,14854,148.54,305.9323947276465,0.13293513954601857,7.270622801818039,0.599382634751921,
b22f4f387d,180,2123,14861,148.61,305.87681780551304,0.09721632276419209,7.3381865240142,0.871561394079122,
b22f4f387d,180,2124,14868,148.68,305.84027263218763,0.15711403619918418,7.031644950616169,0.9891340934255496,
b22f4f387d,180,2125,14875,148.75,305.74784550830304,0.09252931689690623,7.29325431601816,0.6772416720244802,
b22f4f387d,180,2126,14882,148.82,305.7324233934545,0.16956661961556788,7.165115143306026,1.4237804514108892,
b22f4f387d,180,2127,14889,148.89,305.656839708632,0.18632666906455048,7.130667520013072,1.6450906590458931,
b22f4f387d,180,2128,14896,148.96,305.5933998519107,0.2052674886577835,7.279962909745208,1.6712646144135495,
b22f4f387d,180,2129,14903,149.03,305.4555537767275,0.17391817678927982,6.859915933434333,1.509721639077319,
b22f4f387d,180,2130,14910,149.1,305.40808662628007,0.22838301730362984,7.419061501669866,1.629806051101703,
b22f4f387d,180,2131,14917,149.17,305.3040556160767,0.19052941528379191,7.349039479650272,0.27454441197391266,
b22f4f387d,180,2132,14924,149.24,305.27129197379537,0.22943565514590936,7.600816333913257,1.8840446539845528,
b22f4f387d,180,2133,14931,149.31,305.162793351904,0.16152968867917755,7.242431077316509,0.5208045643657755,
b22f4f387d,180,2134,14938,149.38,305.1178263538138,0.14285150193842036,7.32084162428116,0.8381309748697061,
b22f4f387d,180,2135,14945,149.45,305.1024271811544,0.17079978227574721,7.233791670641302,1.2712508057993606,
b22f4f387d,180,2136,14952,149.52,305.0434654458061,0.19723717421172282,7.151087986026271,1.1685919245518686,
b22f4f387d,180,2137,14959,149.59,304.9521969268078,0.16131533509749774,7.150552008175318,1.1722458700971907,
b22f4f387d,180,2138,14966,149.66,304.8619519515201,0.25703586182816696,6.99839620877867,2.1524274102600978,
b22f4f387d,180,2139,14973,149.73,304.6579974902878,0.2117450389330003,7.405733901138753,1.9383814333765186,
b22f4f387d,180,2140,14980,149.8,304.5574177388898,0.13602783506012145,7.141971154421334,0.53350446071771,
b22f4f387d,180,2141,14987,149.87,304.5295724716784,0.15486100774354752,7.153111203615014,1.3127904626606646,
b22f4f387d,180,2142,14994,149.94,304.4380451324638,0.15123312634261749,6.582182263057575,1.1121111363350449,
b22f4f387d,180,2143,15001,150.01,304.36859787862994,0.10976458944890119,6.9427100251384655,0.7090092957534561,
b22f4f387d,180,2144,15008,150.08,304.3212069397366,0.1119739126640287,6.672001254961434,0.6356988403024979,
b22f4f387d,180,2145,15015,150.15,304.2768354973377,0.05065844678490759,6.70508234946995,0.256214582200443,
b22f4f387d,180,2146,15022,150.22,304.2704039315862,0.09902771197793188,6.643733420947,0.7045114194171925,
b22f4f387d,180,2147,15029,150.29,304.2411582861909,0.0573805759278751,6.490344533586607,0.3950494679634876,
b22f4f387d,180,2148,15036,150.36,304.23178312966,0.08735733214984533,6.572670778484129,0.5845315810179225,
b22f4f387d,180,2149,15043,150.43,304.20747669819394,0.10016730376184764,6.364260245983725,0.9057195195086929,
b22f4f387d,180,2150,15050,150.5,304.16774659411294,0.09320494194709415,6.354205538479946,0.9523674819163305,
b22f4f387d,180,2151,15057,150.57,304.13926455141706,0.09480433381402695,6.463252139242856,0.6133169420716912,
b22f4f387d,180,2152,15064,150.64,304.11368998417487,0.09526244416996442,6.481393492559428,0.8735123017057759,
b22f4f387d,180,2153,15071,150.71,304.0741751040475,0.16665471992221287,6.4257565156522265,1.5074782716423556,
b22f4f387d,180,2154,15078,150.78,303.9658895385345,0.08842330057829086,6.6943284467666455,0.49406373530470454,
b22f4f387d,180,2155,15085,150.85,303.93606938447095,0.10868770280108489,6.537635846891131,0.591094288440855,
b22f4f387d,180,2156,15092,150.92,303.88277670150705,0.11738408891693486,6.731054468223389,1.1871990368227519,
b22f4f387d,180,2157,15099,150.99,303.8364758724382,0.1733092029765336,6.553410190548527,0.7016397739977339,
b22f4f387d,180,2158,15106,151.06,303.72865601953623,0.1593369653835034,6.80139514556176,1.2192681561703458,
b22f4f387d,180,2159,15113,151.13,303.65389568636766,0.1786490104079291,6.693797877627946,1.6033269034667839,
b22f4f387d,180,2160,15120,151.2,303.52671828102535,0.12694753321725188,6.992053659263687,0.9026793924259386,
b22f4f387d,180,2161,15127,151.27,303.4653939864418,0.19642482452695806,7.024392481964224,1.406530039561955,
b22f4f387d,180,2162,15134,151.34,303.3391350051492,0.212326222616779,7.771621724700058,2.034414610149221,
b22f4f387d,180,2163,15141,151.41,303.1528779626745,0.08731017602755659,7.470715641721233,0.30092714254466224,
b22f4f387d,180,2164,15148,151.48,303.1231964659801,0.11893317705166617,7.795264290895779,0.9576272929870852,
b22f4f387d,180,2165,15155,151.55,303.07087006838657,0.0995669862921991,7.567308612319678,0.5430465517072168,
b22f4f387d,180,2166,15162,151.62,303.0318165323399,0.09035132729282265,7.474635187293576,0.6669502655732348,
b22f4f387d,180,2167,15169,151.69,302.9963678097848,0.18441664239004893,7.465440508035948,1.6940456409459583,
b22f4f387d,180,2168,15176,151.76,302.88856279543927,0.13242982272993223,7.424951043865198,0.981267745394263,
b22f4f387d,180,2169,15183,151.83,302.8404865873209,0.1529174652974339,7.315232718319991,1.0529082144062551,
b22f4f387d,180,2170,15190,151.9,302.78165929290986,0.09535583833467423,7.346774727613615,0.6424730214057035,
b22f4f387d,180,2171,15197,151.97,302.76614815353616,0.16862336069646977,7.0715434811111795,1.6828447334552443,
b22f4f387d,180,2172,15204,152.04,302.6549260804004,0.12431203761423505,7.214321522596118,1.0987495218273757,
b22f4f387d,180,2173,15211,152.11,302.5976737404057,0.09784063866465646,7.298581456600132,0.6790289186588181,
b22f4f387d,180,2174,15218,152.18,302.576421814326,0.1201875051364295,7.187442854438062,0.9874947394721875,
b22f4f387d,180,2175,15225,152.25,302.52767298843594,0.12487735783983935,7.127523417676111,0.8277282013852151,
b22f4f387d,180,2176,15232,152.32,302.4486887864474,0.1401666963749896,6.933349816355218,1.2341779409482134,
b22f4f387d,180,2177,15239,152.39,302.3877536719698,0.12262765037666266,6.974295191421514,0.9944877875203854,
b22f4f387d,180,2178,15246,152.46,302.34082946791625,0.14044834993223934,7.078477921823643,1.147137125284233,
b22f4f387d,180,2179,15253,152.53,302.2843198667494,0.13528522534299903,7.254811395535556,1.123724720385502,
b22f4f387d,180,2180,15260,152.6,302.2455278849509,0.11382316522892158,7.315799458121125,0.1405214468478901,
b22f4f387d,180,2181,15267,152.67,302.2221294373261,0.10997761913687955,7.271711797813425,0.7451944274893733,
b22f4f387d,180,2182,15274,152.74,302.1834935991825,0.13511558186932512,7.460632406493636,1.310596921402935,
b22f4f387d,180,2183,15281,152.81,302.1099385363044,0.11419653284584635,7.17035940220017,0.8066643587992923,
b22f4f387d,180,2184,15288,152.88,302.06016659075107,0.14181165868400608,7.135793654896167,1.4108631696771545,
b22f4f387d,180,2185,15295,152.95,302.0062662057348,0.18039934967471,7.37722605160568,1.56629540696069,
b22f4f387d,180,2186,15302,153.02,301.87517537432376,0.18532990518075806,6.942145337282254,0.321362846251507,
b22f4f387d,180,2187,15309,153.09,301.7908202631507,0.21006114979824325,7.648537934608051,1.5321889716112815,
b22f4f387d,180,2188,15316,153.16,301.73539526553685,0.25127535798118367,7.544194114795087,1.6582478719807996,
b22f4f387d,180,2189,15323,153.23,301.6102233016705,0.2153647290555331,7.243744330590658,0.3977817769495855,
b22f4f387d,180,2190,15330,153.3,301.5440598624626,0.21084798762672924,6.973062366724857,1.1913734495215231,
b22f4f387d,180,2191,15337,153.37,301.46639295601506,0.1874903669783159,6.750293309508128,0.8846095092557721,
b22f4f387d,180,2192,15344,153.44,301.3766594664504,0.12431084906289794,6.4684225633078665,0.29704273352866634,
b22f4f387d,180,2193,15351,153.51,301.3607224954689,0.1467710260574188,6.568150609270645,1.0867980013329408,
b22f4f387d,180,2194,15358,153.58,301.3142344813411,0.16248120080303707,6.350294292767498,1.2002795525640786,
b22f4f387d,180,2195,15365,153.65,301.2231908563508,0.12756474366693932,6.607425833827139,0.8665400154238032,
b22f4f387d,180,2196,15372,153.72,301.18014238313475,0.0859036437887416,6.536885739200279,0.3416094750554775,
b22f4f387d,180,2197,15379,153.79,301.1675866353729,0.10266237430660215,6.527820389125327,0.6331654001828775,
b22f4f387d,180,2198,15386,153.86,301.124668123209,0.14117738672221433,6.62497705056528,1.4253944369787488,
b22f4f387d,180,2199,15393,153.93,301.074740811897,0.10739027554674739,6.859318508020713,0.7659016760314933,
b22f4f387d,180,2200,15400,154.0,301.03202887953137,0.12158108673881798,6.580362933292907,1.1177533946909894,
b22f4f387d,180,2201,15407,154.07,300.98926999832526,0.2608541970569877,6.654189422916864,1.1260891641935709,
b22f4f387d,180,2202,15414,154.14,300.95870790309925,0.2266566323223993,7.033157730927741,0.42485114726369627,
b22f4f387d,180,2203,15421,154.21,300.92909123946646,0.19474103567101145,6.959146847323611,1.1148659771375344,
b22f4f387d,180,2204,15428,154.28,300.7889886731101,0.18820506529853043,6.822233181180461,0.8701139440092793,
b22f4f387d,180,2205,15435,154.35,300.6813908815483,0.14386277169619555,6.218079648180065,0.5888113954068511,
b22f4f387d,180,2206,15442,154.42,300.6578921424274,0.2067197434507098,6.73361344849627,1.8148107556441475,
b22f4f387d,180,2207,15449,154.49,300.619959007411,0.21367230460016842,6.541049895247647,1.0192589116407547,
b22f4f387d,180,2208,15456,154.56,300.5561157048667,0.22192290703132958,6.420122938143089,1.219438717154089,
b22f4f387d,180,2209,15463,154.63,300.4717205425446,0.17308401196975173,6.053657174720562,0.8590594786026646,
b22f4f387d,180,2210,15470,154.7,300.44258260856674,0.1816013056235216,5.928228244462374,0.7790702649842631,
b22f4f387d,180,2211,15477,154.77,300.387431012946,0.19620230478609008,6.064795088841913,1.589687520476221,
b22f4f387d,180,2212,15484,154.84,300.36789518056185,0.21412937010798078,6.3620263488355135,1.2657567092625108,
b22f4f387d,180,2213,15491,154.91,300.32594598912965,0.23280105836282178,6.229584811844139,1.4740806392722203,
b22f4f387d,180,2214,15498,154.98,300.18004610389545,0.22476039066645906,6.306747387608487,1.4986001154836341,
b22f4f387d,180,2215,15505,155.05,300.144816227751,0.11635423297351172,6.755799891026964,0.7597254864830054,
b22f4f387d,180,2216,15512,155.12,300.0165264197382,0.09224932318074003,6.033114710385045,0.8671509624680318,
b22f4f387d,180,2217,15519,155.19,299.99697018118786,0.17631554036092512,6.283176764830137,1.7044816837343792,
b22f4f387d,180,2218,15526,155.26,299.92140821557643,0.16741332924411184,6.248830970656116,1.149349755961948,
b22f4f387d,180,2219,15533,155.33,299.8573726516456,0.1291359995095665,6.622159046853947,0.8144617363537112,
b22f4f387d,180,2220,15540,155.4,299.84869855071923,0.07709008995828139,6.39943576363406,0.7974579736459408,
b22f4f387d,180,2221,15547,155.47,299.7884582262269,0.0948981371833967,6.162793365935637,0.9304601923872956,
b22f4f387d,180,2222,15554,155.54,299.7470541684833,0.07320369904727206,5.84112134265581,0.5481400091937263,
b22f4f387d,180,2223,15561,155.61,299.7248259865398,0.10608463906224788,5.887303254214803,0.7306077421964999,
b22f4f387d,180,2224,15568,155.68,299.68599625548916,0.0618414881474035,5.834815713927114,0.525087143715664,
b22f4f387d,180,2225,15575,155.75,299.6718020598886,0.11240932864418782,5.865303787255957,0.9777785460775898,
b22f4f387d,180,2226,15582,155.82,299.6374369468959,0.09255477141367317,6.097644888888143,0.7528618330858619,
b22f4f387d,180,2227,15589,155.89,299.6115478241218,0.11115121251770155,6.030767656986366,1.0520551596043661,
b22f4f387d,180,2228,15596,155.96,299.56494045554393,0.07137110723032003,6.07596088289623,0.6285102486014483,
b22f4f387d,180,2229,15603,156.03,299.54071260773856,0.040656586693523435,5.9790186103490655,0.35199667081115815,
b22f4f387d,180,2230,15610,156.1,299.5348126231712,0.13575732176037708,6.070316224274035,1.3326178818361274,
b22f4f387d,180,2231,15617,156.17,299.4522540150865,0.08138441114017095,6.1409937875456615,0.7422989390301047,
b22f4f387d,180,2232,15624,156.24,299.43120050651606,0.12943634193773784,5.905563744037568,1.1991812302135878,
b22f4f387d,180,2233,15631,156.31,299.36716675186193,0.10948044658423794,6.108697137559466,0.6077558607468924,
b22f4f387d,180,2234,15638,156.38,299.32011448941796,0.27565541873762844,6.054746135907289,1.2991243469571558,
b22f4f387d,180,2235,15645,156.45,299.26050715539736,0.16565556093336664,6.3154685569782485,1.3315772083612267,
b22f4f387d,180,2236,15652,156.52,299.1395106628994,0.17987123411936798,6.1482755497219745,1.7792611747885054,
b22f4f387d,180,2237,15659,156.59,299.00522522827976,0.1409216433471247,6.2817583440307345,1.3665661570193197,
b22f4f387d,180,2238,15666,156.66,298.947966680775,0.10267670095137,6.4805728729160865,0.6673750433327059,
b22f4f387d,180,2239,15673,156.73,298.91734216615157,0.13357021462993768,6.167986158657154,0.98087088473002,
b22f4f387d,180,2240,15680,156.8,298.8643607524379,0.22214555339381636,6.644710448954002,1.9485574439310958,
b22f4f387d,180,2241,15687,156.87,298.75381856938066,0.15346244719364754,6.300608878617528,0.7626640435177413,
b22f4f387d,180,2242,15694,156.94,298.70325306845007,0.17655515543560965,6.408992030579524,1.4174687966891193,
b22f4f387d,180,2243,15701,157.01,298.62957678141066,0.18050312763799292,6.599513163162936,1.240214065226065,
b22f4f387d,180,2244,15708,157.08,298.5611338618623,0.1440854353209865,6.437825170345709,0.7823844879141292,
b22f4f387d,180,2245,15715,157.15,298.5017431931608,0.11150881999010594,6.494107098131244,0.9032784881586841,
b22f4f387d,180,2246,15722,157.22,298.47523538614786,0.1800631867493527,6.4034246419230865,1.659195667681646,
b22f4f387d,180,2247,15729,157.29,298.3352158203769,0.11141077653870184,6.157537673422883,1.0930880056137449,
b22f4f387d,180,2248,15736,157.36,298.29129051595237,0.10976549264347678,6.180905681252579,0.99385612400993,
b22f4f387d,180,2249,15743,157.43,298.25157491056615,0.08070072825475418,6.301322870320512,0.6026804505942859,
b22f4f387d,180,2250,15750,157.5,298.22838228295484,0.10794789409527901,6.357813724780076,0.8093230353857156,
b22f4f387d,180,2251,15757,157.57,298.1847336740028,0.13043258586664794,5.962107927513916,1.1997561799712078,
b22f4f387d,180,2252,15764,157.64,298.1420745213341,0.1476932024947236,5.97847319795686,1.2595759400882218,
b22f4f387d,180,2253,15771,157.71,298.05325141616566,0.10905565809658728,5.824395490529182,0.941351528642276,
b22f4f387d,180,2254,15778,157.78,298.02473072496934,0.13396410250519994,5.948020300391933,1.2814381188672703,
b22f4f387d,180,2255,15785,157.85,297.98124981378845,0.14935621197421028,5.638634678664537,0.9016348146889749,
b22f4f387d,180,2256,15792,157.92,297.8983068620469,0.09792372989581972,5.978642401559027,0.6821909685691777,
b22f4f387d,180,2257,15799,157.99,297.87527940759,0.15896143720715086,5.8228671854699945,1.5197307387638672,
b22f4f387d,180,2258,15806,158.06,297.75997450209525,0.09260510663711605,6.1240388345231835,0.9354981540560147,
b22f4f387d,180,2259,15813,158.13,297.73008869092376,0.04232088032693866,6.076457116139916,0.20457379121393815,
b22f4f387d,180,2260,15820,158.2,297.7232377747594,0.06426633467901612,6.036545806851511,0.5728218475967325,
b22f4f387d,180,2261,15827,158.27,297.708753654815,0.08818650413464224,6.025892703961723,0.7785558711015964,
b22f4f387d,180,2262,15834,158.34,297.6743286610831,0.1340291681774163,5.830419577367169,1.1316587882434423,
b22f4f387d,180,2263,15841,158.41,297.60331877421294,0.18460448719814745,6.174552569727814,1.1581714272274397,
b22f4f387d,180,2264,15848,158.48,297.46024894829463,0.07709362351465024,6.087370658300255,0.637327723647303,
b22f4f387d,180,2265,15855,158.55,297.4407882723708,0.129718984839775,6.074615624648356,1.2125690243535285,
b22f4f387d,180,2266,15862,158.62,297.3922229103558,0.11658897024195283,6.5043342683870655,0.7735871804004133,
b22f4f387d,180,2267,15869,158.69,297.3759760524157,0.15310336877929828,6.241482304354215,0.9091116941627551,
b22f4f387d,180,2268,15876,158.76,297.32018708943826,0.21492132779859197,6.488532755961877,1.6974060742602481,
b22f4f387d,180,2269,15883,158.83,297.1986019898168,0.17721687815872272,6.563175430174638,1.2084964354543763,
b22f4f387d,180,2270,15890,158.9,297.137692206243,0.15116021394312126,6.512255903428004,1.010012870437451,
b22f4f387d,180,2271,15897,158.97,297.08371550320453,0.12573673871708654,6.504686034216195,0.6425566264833819,
b22f4f387d,180,2272,15904,159.04,297.0406990680211,0.1656879419852473,6.20238049393157,0.579491906397068,
b22f4f387d,180,2273,15911,159.11,296.965423025934,0.1247678188065422,6.968690231136706,0.91486504910663,
b22f4f387d,180,2274,15918,159.18,296.91005453653565,0.11614726061444472,6.38986273134262,0.9760387894122234,
b22f4f387d,180,2275,15925,159.25,296.8555470338211,0.1273333336371414,6.286009838834314,1.2607913843635397,
b22f4f387d,180,2276,15932,159.32,296.7917909308495,0.0943890395065514,6.008121644714881,0.829234576717396,
b22f4f387d,180,2277,15939,159.39,296.76804033126007,0.16121930486562316,6.168697484345347,0.6855828132692071,
b22f4f387d,180,2278,15946,159.46,296.66526713739023,0.14791598744394954,6.181388893895816,1.3683444674126364,
b22f4f387d,180,2279,15953,159.53,296.56127024706495,0.028445587563671444,5.588852139862976,0.253771430064921,
b22f4f387d,180,2280,15960,159.6,296.55743238031465,0.15038137411629407,5.518238872800789,1.4840660656202245,
b22f4f387d,180,2281,15967,159.67,296.4413912490701,0.04256340970886135,5.892201943254588,0.376888294938205,
b22f4f387d,180,2282,15974,159.74,296.43381672315223,0.1714481527013994,5.899076955405556,1.616300507428525,
b22f4f387d,180,2283,15981,159.81,296.31597570894786,0.09470236874401544,5.847904562726948,0.7985215313752774,
b22f4f387d,180,2284,15988,159.88,296.28095484270955,0.13860003466525303,5.606026256499141,1.3777489586103617,
b22f4f387d,180,2285,15995,159.95,296.2073151858868,0.18418346990149348,5.454830099329335,0.6721580495967443,
b22f4f387d,180,2286,16002,160.02,296.08413562579665,0.12442643334429644,5.548480192316259,0.4414124272035985,
b22f4f387d,180,2287,16009,160.09,296.0475216348104,0.1763588810423994,5.616055127573331,1.1838660528464666,
b22f4f387d,180,2288,16016,160.16,295.92621231370225,0.10916398119907472,5.8051307949054145,0.7666800526368525,
b22f4f387d,180,2289,16023,160.23,295.87482476331076,0.08520132473292061,5.586254586200556,0.4926536549153102,
b22f4f387d,180,2290,16030,160.3,295.8479462568831,0.2647247372902735,5.557884876135252,1.3301972517523892,
b22f4f387d,180,2291,16037,160.37,295.8003996773321,0.23901719594633208,6.30465914498991,1.2201486069061942,
b22f4f387d,180,2292,16044,160.44,295.54027989344576,0.11540684619694189,5.975836391943672,0.8451771331081206,
b22f4f387d,180,2293,16051,160.51,295.5004080866981,0.13634982085665662,6.109989297618899,1.1595652283994642,
b22f4f387d,180,2294,16058,160.58,295.4614147596138,0.1611760529137249,5.888496441138467,1.2915054167929763,
b22f4f387d,180,2295,16065,160.65,295.4039015315348,0.23396610471917673,6.453812253462037,0.9997703443465166,
b22f4f387d,180,2296,16072,160.72,295.2421640652053,0.1483404346967168,6.197227039135688,0.6451250940505113,
b22f4f387d,180,2297,16079,160.79,295.1817791672585,0.11495751470649804,6.128156782415527,0.804932787920359,
b22f4f387d,180,2298,16086,160.86,295.146536809808,0.14332752949712718,6.0871018095528715,1.0168895514201424,
b22f4f387d,180,2299,16093,160.93,295.0649350195861,0.11919599895177263,5.628434262276976,1.182538097825309,
b22f4f387d,180,2300,16100,161.0,295.0105086697137,0.10707762285045806,5.778814983409488,0.9528569877679705,
b22f4f387d,180,2301,16107,161.07,294.9710604911499,0.16242979390351833,5.6663522347123125,0.9129741794780063,
b22f4f387d,180,2302,16114,161.14,294.84385723394195,0.18722992498175367,5.7157123422956495,1.7535524289075712,
b22f4f387d,180,2303,16121,161.21,294.66546224994374,0.084597426129815,6.03272315738961,0.6836621111195137,
b22f4f387d,180,2304,16128,161.28,294.64400287175494,0.09808504143594093,6.212866780191742,0.3816802317784016,
b22f4f387d,180,2305,16135,161.35,294.6024700822551,0.1400809551354649,6.231490247007636,0.5735209262980941,
b22f4f387d,180,2306,16142,161.42,294.51629406115387,0.10716432153966611,6.1600707673873165,0.7521799335713175,
b22f4f387d,180,2307,16149,161.49,294.46746909570527,0.1291085778083428,6.2090286860856665,1.3009555820250327,
b22f4f387d,180,2308,16156,161.56,294.417941181978,0.09083105286063405,6.117774695274637,0.7753720088699622,
b22f4f387d,180,2309,16163,161.63,294.3924284796136,0.08237906082031457,5.9172272358021925,0.5119482605762475,
b22f4f387d,180,2310,16170,161.7,294.3629196082196,0.07610036134067943,5.8928028797424306,0.46565170519835447,
b22f4f387d,180,2311,16177,161.77,294.3426139075405,0.10708748798879955,5.911553954663563,0.9586073225119777,
b22f4f387d,180,2312,16184,161.84,294.3065766723333,0.11927182025567924,5.954864706911409,1.025357233069829,
b22f4f387d,180,2313,16191,161.91,294.25832980010364,0.1086672825756097,5.922734382727318,0.8707852705859166,
b22f4f387d,180,2314,16198,161.98,294.2412858695243,0.10684295688631924,6.237361820485404,0.5009575512004071,
b22f4f387d,180,2315,16205,162.05,294.2209257993587,0.1273121421729611,5.956794947670231,0.3848068797028096,
b22f4f387d,180,2316,16212,162.12,294.1646510111506,0.11505136215763809,6.1890072673771925,0.7702650655357819,
b22f4f387d,180,2317,16219,162.19,294.11594240752544,0.08624479437006499,6.025602884849328,0.6497129881268321,
b22f4f387d,180,2318,16226,162.26,294.09425774255817,0.14548141908029247,5.969761799422366,1.2456721549546703,
b22f4f387d,180,2319,16233,162.33,294.02586639084,0.13618670350576728,5.7759158014579315,1.076356383158612,
b22f4f387d,180,2320,16240,162.4,293.9447353665469,0.11698366434275986,5.610478014606728,0.8811386346096446,
b22f4f387d,180,2321,16247,162.47,293.88397452279855,0.12924232914877076,5.486034233774629,1.2768797118319049,
b22f4f387d,180,2322,16254,162.54,293.8117606330994,0.4008149105410042,5.713289631811859,1.9965006261082263,
b22f4f387d,180,2323,16261,162.61,293.79837082946113,0.20885385006374418,6.511714534272999,0.44532491904338717,
b22f4f387d,180,2324,16268,162.68,293.6097580227278,0.15552755847720454,5.508166090484063,1.161109344865178,
b22f4f387d,180,2325,16275,162.75,293.54511844845746,0.1369020327946718,5.4315870275965965,0.9872613058878109,
b22f4f387d,180,2326,16282,162.82,293.502472448767,0.15089626808406437,5.235247677722082,1.0549000552370447,
b22f4f387d,180,2327,16289,162.89,293.44028393428704,0.1450303775936134,5.454241320051334,1.3039956009563733,
b22f4f387d,180,2328,16296,162.96,293.38060595751244,0.1686419169656948,5.485853660925858,0.6252325802584653,
b22f4f387d,180,2329,16303,163.03,293.3054490342907,0.14265286552648865,5.644035252813875,1.1787978468507965,
b22f4f387d,180,2330,16310,163.1,293.2314583311189,0.1602634535664435,5.333054421051888,1.5092214645851336,
b22f4f387d,180,2331,16317,163.17,293.1474759169757,0.1216909460585976,5.466972457034216,0.8304968431742787,
b22f4f387d,180,2332,16324,163.24,293.0933428086922,0.15960418869804052,5.2568374313343975,1.4873452702498466,
b22f4f387d,180,2333,16331,163.31,293.00859952499053,0.13329119160267272,5.601241646381366,1.2078109915427333,
b22f4f387d,180,2334,16338,163.38,292.9533115322575,0.10843465764453872,5.793430010754639,0.7400400139969843,
b22f4f387d,180,2335,16345,163.45,292.9338973145021,0.14063998917331177,5.921576883798265,1.2271261676397793,
b22f4f387d,180,2336,16352,163.52,292.8942729094908,0.18061105642919062,5.559473886138407,0.8165711328608087,
b22f4f387d,180,2337,16359,163.59,292.81787171471,0.11161230685803135,5.860250081991664,0.3751562524063631,
b22f4f387d,180,2338,16366,163.66,292.78810117618605,0.25269708521518336,5.51863322170372,1.4694432861191364,
b22f4f387d,180,2339,16373,163.73,292.553065300972,0.13526885624731808,5.863036559348205,1.1445035256916072,
b22f4f387d,180,2340,16380,163.8,292.50100156344,0.11393391397915166,5.375379465288091,0.696422638099455,
b22f4f387d,180,2341,16387,163.87,292.45250473186246,0.18272564395687618,5.842679645507376,1.7911586022134252,
b22f4f387d,180,2342,16394,163.94,292.407930068316,0.17957894013558626,5.607934919888642,0.9205546900541102,
b22f4f387d,180,2343,16401,164.01,292.3325676773131,0.15102513377150498,5.726134180642153,0.9633353855250416,
b22f4f387d,180,2344,16408,164.08,292.26170173220953,0.13753660481850546,5.529819123805004,1.0395873766872834,
b22f4f387d,180,2345,16415,164.15,292.2107090185081,0.1636001066318153,5.674015350607505,1.4038945174710413,
b22f4f387d,180,2346,16422,164.22,292.1114375926616,0.07629765444195188,5.631431471972158,0.3673740562559693,
b22f4f387d,180,2347,16429,164.29,292.097080169878,0.16789158088262351,5.48875808408297,1.6750942858966547,
b22f4f387d,180,2348,16436,164.36,292.00694572291695,0.122935060378586,5.787368144102895,0.7820162149709783,
b22f4f387d,180,2349,16443,164.43,291.9761152320404,0.13875346755113485,5.671361797630422,1.0559414989632894,
b22f4f387d,180,2350,16450,164.5,291.90658251979204,0.07863650003100997,5.506272560619765,0.4334955825023713,
b22f4f387d,180,2351,16457,164.57,291.8907580043606,0.10891449208509911,5.37441915900645,1.0012809558651259,
b22f4f387d,180,2352,16464,164.64,291.83639046422525,0.06319829358513022,5.157104062796471,0.5869618114838602,
b22f4f387d,180,2353,16471,164.71,291.8170732471029,0.03930366162449475,5.283633994908407,0.29816307851736,
b22f4f387d,180,2354,16478,164.78,291.8134733908695,0.08564536624209648,5.232211842849933,0.7334023137305239,
b22f4f387d,180,2355,16485,164.85,291.78775918850465,0.09375053208950997,5.310017452256327,0.8254436015104323,
b22f4f387d,180,2356,16492,164.92,291.75785318027386,0.15247975727096766,5.227030363970566,1.1908600817170711,
b22f4f387d,180,2357,16499,164.99,291.67809352772696,0.07510397548031762,5.503790898962403,0.408810417926706,
b22f4f387d,180,2358,16506,165.06,291.6577760433579,0.1370166806061947,5.414808386724952,1.1031564165556151,
b22f4f387d,180,2359,16513,165.13,291.5816045581482,0.08441384330609797,5.410364972154247,0.6930571290836081,
b22f4f387d,180,2360,16520,165.2,291.5544767585726,0.10353031329556579,5.376687601474478,0.8447366266411424,
b22f4f387d,180,2361,16527,165.27,291.50954337918876,0.05858304240603722,5.2558722776602345,0.21914897740403877,
b22f4f387d,180,2362,16534,165.34,291.49999795654753,0.1080205340568252,5.172002818946201,0.8655374266669316,
b22f4f387d,180,2363,16541,165.41,291.4497089658991,0.1420898874084497,5.318799029319243,1.2918950807513034,
b22f4f387d,180,2364,16548,165.48,291.3801815256061,0.09161755972407924,5.432182379105703,0.7918243236484919,
b22f4f387d,180,2365,16555,165.55,291.3624056306017,0.13147181697319174,5.236758716528636,1.1744673700288628,
b22f4f387d,180,2366,16562,165.62,291.27684303545107,0.06985859813683468,5.320447191767185,0.6296802901962181,
b22f4f387d,180,2367,16569,165.69,291.26595222979955,0.11257567033132157,5.3511116556048774,1.0607055076815166,
b22f4f387d,180,2368,16576,165.76,291.2406339980981,0.09136529476688135,5.277285732320542,0.16592275298935516,
b22f4f387d,180,2369,16583,165.83,291.21775022064344,0.08290571181068353,5.2552820193808705,0.7123151451855547,
b22f4f387d,180,2370,16590,165.9,291.19641030629515,0.06319232386987822,5.40003853349115,0.4507683791676361,
b22f4f387d,180,2371,16597,165.97,291.1853232579555,0.11220703305481308,5.356683587975919,0.8347455927212692,
b22f4f387d,180,2372,16604,166.04,291.13303161810825,0.12391832604019862,5.255015596747669,1.0231601802610948,
b22f4f387d,180,2373,16611,166.11,291.07109614585374,0.1034300275495087,5.073465033754622,0.8681920647348856,
b22f4f387d,180,2374,16618,166.18,291.03261308703475,0.04826491018896578,5.060236293573123,0.266368919037099,
b22f4f387d,180,2375,16625,166.25,291.02668134177827,0.07455547904666822,5.018627570277744,0.283234245040709,
b22f4f387d,180,2376,16632,166.32,291.0019392332061,0.11169003494362593,5.141590826251021,0.5554644186661452,
b22f4f387d,180,2377,16639,166.39,290.9882227084239,0.09667537696897935,5.561669752648113,0.10022459650403732,
b22f4f387d,180,2378,16646,166.46,290.9730242564993,0.12016364195111601,5.136284088265749,0.9657607958084882,
b22f4f387d,180,2379,16653,166.53,290.91980319734864,0.11209148826983624,5.2290489031312175,0.5433853516880305,
b22f4f387d,180,2380,16660,166.6,290.8775397295469,0.12041716380869279,5.056781938938978,0.9666805629192838,
b22f4f387d,180,2381,16667,166.67,290.83206253950385,0.08684015023271119,5.218247929434345,0.5167640729792453,
b22f4f387d,180,2382,16674,166.74,290.8194780739306,0.1287343393647949,5.202123411387644,0.9773256577674837,
b22f4f387d,180,2383,16681,166.81,290.74907050403607,0.1252856019447195,4.908132253587667,1.1616482031000799,
b22f4f387d,180,2384,16688,166.88,290.69468061650616,0.09205336969419542,5.055698499363171,0.7873380892471833,
b22f4f387d,180,2385,16695,166.95,290.66283129247364,0.07368113865954172,4.931426319617929,0.6448190416046118,
b22f4f387d,180,2386,16702,167.02,290.63714391683584,0.0679177836945262,5.092890100327144,0.6476148874884914,
b22f4f387d,180,2387,16709,167.09,290.6352078320587,0.2101527590924027,5.391759172234641,1.837557782435364,
b22f4f387d,180,2388,16716,167.16,290.55611589177386,0.0821922729345901,5.480704735354104,0.3697062715986963,
b22f4f387d,180,2389,16723,167.23,290.4910777943226,0.07655535063577225,5.103200009321716,0.7196952202181244,
b22f4f387d,180,2390,16730,167.3,290.475127570332,0.12853427931123207,4.993071718646059,0.9075401802944317,
b22f4f387d,180,2391,16737,167.37,290.4266110861048,0.1165560299167915,5.22541263157195,1.029061528198041,
b22f4f387d,180,2392,16744,167.44,290.3894993226392,0.13293539359739204,4.809794107729497,1.1348698959716852,
b22f4f387d,180,2393,16751,167.51,290.3294463614877,0.06983253111503522,4.977578612564065,0.4486914319559494,
b22f4f387d,180,2394,16758,167.58,290.30935012155436,0.05071096914754617,4.781568941741625,0.34544088270730716,
b22f4f387d,180,2395,16765,167.65,290.2985310024792,0.1289873182837914,4.83371182706933,1.2892191109267643,
b22f4f387d,180,2396,16772,167.72,290.2437211509936,0.09386787507955176,4.72354200827406,0.6992693528747649,
b22f4f387d,180,2397,16779,167.79,290.2123220261341,0.05074206443170402,4.777884954486495,0.41838586144858864,
b22f4f387d,180,2398,16786,167.86,290.2010371610866,0.1069168692625474,4.793138497510436,0.9154279055394883,
b22f4f387d,180,2399,16793,167.93,290.14650873916736,0.12986786578486653,4.793146481225296,1.209559097133158,
b22f4f387d,180,2400,16800,168.0,290.073731547343,0.08315498206490088,4.509655425705595,0.8115560083919944,
b22f4f387d,180,2401,16807,168.07,290.05081250193115,0.06962909950264665,4.537355684964244,0.6228634580600981,
b22f4f387d,180,2402,16814,168.14,290.03124988850146,0.03366695118068519,4.672675903269742,0.2846602610016465,
b22f4f387d,180,2403,16821,168.21,290.027102610653,0.06778681633683395,4.643309946577426,0.3292201608470091,
b22f4f387d,180,2404,16828,168.28,290.01101384795714,0.09222507310342644,4.716653633972645,0.36873358092430325,
b22f4f387d,180,2405,16835,168.35,289.97823598943717,0.08933717951351615,4.566629928925028,0.8104880503187676,
b22f4f387d,180,2406,16842,168.42,289.96649502651735,0.08686473471343102,4.488180364367445,0.265312921121717,
b22f4f387d,180,2407,16849,168.49,289.9538092234505,0.10072210954799773,4.471025199876882,0.8644925473972273,
b22f4f387d,180,2408,16856,168.56,289.9206466364413,0.07719708048390593,4.551865873613133,0.393573417999436,
b22f4f387d,180,2409,16863,168.63,289.9035055793571,0.08262018469198378,4.396934153224272,0.7493290060056002,
b22f4f387d,180,2410,16870,168.7,289.8879800532982,0.0856799352686085,4.517625253255763,0.5892562066424537,
b22f4f387d,180,2411,16877,168.77,289.8755246032906,0.07611246465917108,4.5279075400330635,0.34024079101425386,
b22f4f387d,180,2412,16884,168.84,289.86291058619065,0.08470853077562371,4.682558434859853,0.6505846494533053,
b22f4f387d,180,2413,16891,168.91,289.8472035425859,0.1218236688587242,4.625313463330839,0.5245717001912508,
b22f4f387d,180,2414,16898,168.98,289.78093645900617,0.09691209190629496,4.865833489662594,0.5147228522051134,
b22f4f387d,180,2415,16905,169.05,289.73786164323514,0.06946989621540048,4.80008557452785,0.37971850738471635,
b22f4f387d,180,2416,16912,169.12,289.7199562488521,0.12547366935473067,4.911896173474801,1.0766371742715684,
b22f4f387d,180,2417,16919,169.19,289.65527354938706,0.07642428834397315,4.883591936002846,0.5932438639720183,
b22f4f387d,180,2418,16926,169.26,289.6347035020216,0.048880751757023354,4.781508740001934,0.42771101453343985,
b22f4f387d,180,2419,16933,169.33,289.62621063063085,0.05441647980479682,4.835680287384086,0.5440121973602685,
b22f4f387d,180,2420,16940,169.4,289.6114060771654,0.0676182254277591,4.763645516972518,0.6616884132826396,
b22f4f387d,180,2421,16947,169.47,289.5907985631573,0.18273846524247633,4.836771696426975,0.7055480696831653,
b22f4f387d,180,2422,16954,169.54,289.58731139211454,0.1037236584952435,5.3412973001318225,0.40763281359091097,
b22f4f387d,180,2423,16961,169.61,289.5364038893459,0.04650456494420675,4.93239474040727,0.4376981706640362,
b22f4f387d,180,2424,16968,169.68,289.52594381020225,0.06552690741853233,4.904806429626955,0.5105067255178012,
b22f4f387d,180,2425,16975,169.75,289.50944064498555,0.05790430033839164,4.952396733462721,0.49826805806797886,
b22f4f387d,180,2426,16982,169.82,289.49391188935255,0.07883869920254465,4.956857842191768,0.7189752565072898,
b22f4f387d,180,2427,16989,169.89,289.4626301262387,0.08428197827110864,4.898188841807217,0.8579199285739052,
b22f4f387d,180,2428,16996,169.96,289.4406774888192,0.10261941296826653,5.197085691598423,0.8672749617150726,
b22f4f387d,180,2429,17003,170.03,289.39093242994846,0.05599879905817422,4.783174944960771,0.4746075894635472,
b22f4f387d,180,2430,17010,170.1,289.37605058759624,0.12454442632247717,4.9062300389211195,1.1145083959813984,
b22f4f387d,180,2431,17017,170.17,289.30970135775414,0.07804740185264976,4.718857157042244,0.6601265766782635,
b22f4f387d,180,2432,17024,170.24,289.28624794094304,0.08199126404841212,4.674168414070069,0.7976010310656843,
b22f4f387d,180,2433,17031,170.31,289.2616793887889,0.046925331876604776,5.097965950150429,0.3603470618764518,
b22f4f387d,180,2434,17038,170.38,289.25188294941444,0.08571705345328802,4.965455220768526,0.7090606189529283,
b22f4f387d,180,2435,17045,170.45,289.2209635148436,0.04867830366105996,5.055624309311651,0.2887894931204022,
b22f4f387d,180,2436,17052,170.52,289.21050354485124,0.09240174777070047,4.905519942323784,0.889931419936154,
b22f4f387d,180,2437,17059,170.59,289.17556038196716,0.11911660233408848,4.981855869140823,1.1284151072328437,
b22f4f387d,180,2438,17066,170.66,289.135721518844,0.10499774108156176,5.098034337524107,0.47530753594927,
b22f4f387d,180,2439,17073,170.73,289.0955423548818,0.10152516224791433,4.985413191812367,0.8458640678776365,
b22f4f387d,180,2440,17080,170.8,289.04965952395895,0.09131671118451906,5.1625401618766515,0.7740478070376529,
b22f4f387d,180,2441,17087,170.87,289.0196682674722,0.12049566655388239,5.315568993636024,1.0063549870097632,
b22f4f387d,180,2442,17094,170.94,288.994023109529,0.15855364241706307,5.170757223897204,1.2766128473703382,
b22f4f387d,180,2443,17101,171.01,288.899161957544,0.1191140055597427,5.0262857533231555,1.0142890311009367,
b22f4f387d,180,2444,17108,171.08,288.8453674839304,0.09357965414552663,4.908416763915093,0.8408205489418634,
b22f4f387d,180,2445,17115,171.15,288.8123390989102,0.10748906540140486,5.003125943585094,1.0208414762359175,
b22f4f387d,180,2446,17122,171.22,288.7864111210807,0.1426685390538196,5.352714688481581,1.036125538701099,
b22f4f387d,180,2447,17129,171.29,288.74451239274515,0.1333811489325326,5.267052863527709,0.9245426150731744,
b22f4f387d,180,2448,17136,171.36,288.7050851159783,0.1277249486966403,5.283223822085036,0.9587542853207983,
b22f4f387d,180,2449,17143,171.43,288.6351533255551,0.12605456528549783,4.96134256489879,1.1285942149054633,
b22f4f387d,180,2450,17150,171.5,288.5735766896746,0.0485554177401398,5.242216326502907,0.3842165228308767,
b22f4f387d,180,2451,17157,171.57,288.5650651271946,0.07783509134814477,5.05576562235424,0.5568507184656456,
b22f4f387d,180,2452,17164,171.64,288.55928824873234,0.11641448075086093,5.438066821907915,0.8032322930743041,
b22f4f387d,180,2453,17171,171.71,288.53540106035723,0.11973310277975216,4.935290594084925,0.8864118222144723,
b22f4f387d,180,2454,17178,171.78,288.51196015843345,0.1538015287500189,5.3708336401995025,0.8332507581041508,
b22f4f387d,180,2455,17185,171.85,288.48021521213946,0.18156116465957262,4.908817616115644,1.4452405219901454,
b22f4f387d,180,2456,17192,171.92,288.3948707072729,0.1610291030938296,5.494615877865233,0.890226381962418,
b22f4f387d,180,2457,17199,171.99,288.34059300955323,0.12437512142343617,4.953368573128184,0.10105587922060738,
b22f4f387d,180,2458,17206,172.06,288.31128703268166,0.166428003583773,5.192043122950598,0.9778760578347578,
b22f4f387d,180,2459,17213,172.13,288.27076681810104,0.17218663237256004,5.003994724224943,1.0537661036248174,
b22f4f387d,180,2460,17220,172.2,288.26668126511885,0.1716288417275158,5.345744981878704,0.46294755929326464,
b22f4f387d,180,2461,17227,172.27,288.24864294452107,0.19129194836157742,4.9461478136853,1.0424448059277855,
b22f4f387d,180,2462,17234,172.34,288.19654475476784,0.17570963677310494,5.416769142713937,0.7205821145228586,
b22f4f387d,180,2463,17241,172.41,288.17874884279604,0.18910998833858672,5.08981761895437,0.8237161197005578,
b22f4f387d,180,2464,17248,172.48,288.17404994995076,0.21048527284443808,5.488189679694272,0.5000385914710809,
b22f4f387d,180,2465,17255,172.55,288.1481583370996,0.24932593102882156,5.181538784649043,1.5466849766818493,
b22f4f387d,180,2466,17262,172.62,288.08125540987805,0.1314248065687224,5.894891440361561,1.1321805966547205,
b22f4f387d,180,2467,17269,172.69,287.91269134051805,0.08649534271813468,4.6221410158874265,0.8080298346323492,
b22f4f387d,180,2468,17276,172.76,287.8915961731524,0.090196235803746,4.947722397049565,0.7179829897495535,
b22f4f387d,180,2469,17283,172.83,287.8788895719774,0.09191167680556907,4.792459531021049,0.7549140197241893,
b22f4f387d,180,2470,17290,172.9,287.86297793699396,0.14198889979313195,4.9884888961281595,0.8544568023260222,
b22f4f387d,180,2471,17297,172.97,287.7846230723952,0.13918430450224847,4.940044024045497,1.2859939767953936,
b22f4f387d,180,2472,17304,173.04,287.72488940084014,0.1231066529939586,5.211835598729612,0.8917488977872323,
b22f4f387d,180,2473,17311,173.11,287.6848483069146,0.12643632912416458,5.08199514033916,1.1102913189628294,
b22f4f387d,180,2474,17318,173.18,287.6689910071572,0.12493846001433692,5.196117166474179,0.6482754028919931,
b22f4f387d,180,2475,17325,173.25,287.6611115614463,0.14622799043062076,5.055504604388442,1.019166970668578,
b22f4f387d,180,2476,17332,173.32,287.60533193820334,0.13356792343454035,5.08191546705976,0.855124564595456,
b22f4f387d,180,2477,17339,173.39,287.5607796015615,0.10785670701635139,4.991040417185627,0.4301225899697303,
b22f4f387d,180,2478,17346,173.46,287.5213336887766,0.13382086936884427,5.015167878530332,1.2963583251850839,
b22f4f387d,180,2479,17353,173.53,287.47720545544587,0.16603434092340794,5.32926999625094,1.2946631396418995,
b22f4f387d,180,2480,17360,173.6,287.3704381797221,0.11002805956142854,5.153511575466888,0.6982333282839196,
b22f4f387d,180,2481,17367,173.67,287.3371816745869,0.11832236467542741,5.3036451124033395,0.7649426810318705,
b22f4f387d,180,2482,17374,173.74,287.2838010432531,0.07600092755567901,5.150662100575979,0.6910119595790624,
b22f4f387d,180,2483,17381,173.81,287.26159280394273,0.07403720770646277,5.254391119579258,0.528651151186052,
b22f4f387d,180,2484,17388,173.88,287.2440382125835,0.11208111393828366,5.202367264535554,1.1297609168221736,
b22f4f387d,180,2485,17395,173.95,287.19756483847283,0.11199726093797875,4.99265245635102,1.0293852066359013,
b22f4f387d,180,2486,17402,174.02,287.14113895746374,0.08415495487108496,5.031377838766192,0.4851700055488331,
b22f4f387d,180,2487,17409,174.09,287.11940258385147,0.1112742149503916,4.938487249671508,1.105521204996526,
b22f4f387d,180,2488,17416,174.16,287.06292838307866,0.1699650758357326,5.065629235505933,1.6279158424057318,
b22f4f387d,180,2489,17423,174.23,286.9204620526282,0.07869110026623052,5.131381958453226,0.7741291948607738,
b22f4f387d,180,2490,17430,174.3,286.9032607192056,0.09480635444635864,5.157858670585438,0.5886974238580567,
b22f4f387d,180,2491,17437,174.37,286.86633085856715,0.0710079284350603,5.037358769808158,0.6279363571920711,
b22f4f387d,180,2492,17444,174.44,286.8463111548068,0.03175851230837279,4.982467230416098,0.16309042337262114,
b22f4f387d,180,2493,17451,174.51,286.84337638164254,0.0796201651877721,4.937670129151321,0.5577762459811079,
b22f4f387d,180,2494,17458,174.58,286.82051670901456,0.23376625567785989,4.95898840185913,0.8740015041200933,
b22f4f387d,180,2495,17465,174.65,286.81660808805924,0.12722080905889604,5.162896790402384,0.29841603566762626,
b22f4f387d,180,2496,17472,174.72,286.75238406701317,0.06628713621591091,4.925236464101872,0.35407318787524966,
b22f4f387d,180,2497,17479,174.79,286.74386029021025,0.10405337927697463,4.764121287339055,0.3694156354831629,
b22f4f387d,180,2498,17486,174.86,286.7128720076324,0.1058251968576286,4.748994135740193,0.8901181994894202,
b22f4f387d,180,2499,17493,174.93,286.6741734629522,0.06867626005795793,4.874266224512565,0.12832268219436804,
b22f4f387d,180,2500,17500,175.0,286.65633810731316,0.09031208852718449,4.732557149292314,0.08537497299668975,
b22f4f387d,180,2501,17507,175.07,286.62149190274374,0.0760712284620072,4.729895771452181,0.4639990185328107,
b22f4f387d,180,2502,17514,175.14,286.5994204569738,0.07747813265804462,4.640085633292261,0.7549400806857947,
b22f4f387d,180,2503,17521,175.21,286.5807418155205,0.059735222708096544,4.629763208413556,0.43463560111611366,
b22f4f387d,180,2504,17528,175.28,286.5688944884582,0.09045622869690707,4.581408364777385,0.8596766470009862,
b22f4f387d,180,2505,17535,175.35,286.53758723249337,0.04982372408178949,4.702242331088423,0.3565062342526211,
b22f4f387d,180,2506,17542,175.42,286.52896437073946,0.06720506708047952,4.611396276436721,0.5089036426411461,
b22f4f387d,180,2507,17549,175.49,286.5070022126048,0.08266895512200068,4.714019239414979,0.4823546166125942,
b22f4f387d,180,2508,17556,175.56,286.4926969575812,0.15010482920320858,4.9792635024424605,1.4225434640476167,
b22f4f387d,180,2509,17563,175.63,286.3890377783688,0.15158136201408895,4.4583307404713715,1.3602858380625729,
b22f4f387d,180,2510,17570,175.7,286.2881503524217,0.09874240821269953,4.452494628335202,0.9379653582850274,
b22f4f387d,180,2511,17577,175.77,286.2437957367338,0.09203707005360962,4.319208239265353,0.3291159493033191,
b22f4f387d,180,2512,17584,175.84,286.2406215344129,0.11102290518968361,4.435304588173429,0.9433170210196409,
b22f4f387d,180,2513,17591,175.91,286.2043737486745,0.12437303444943791,4.728334784088087,1.1525402973254406,
b22f4f387d,180,2514,17598,175.98,286.1460268434784,0.08699210149585025,4.798586761167815,0.5412966982873111,
b22f4f387d,180,2515,17605,176.05,286.1225093420397,0.12875434744836312,4.737776568119733,1.2313215002276066,
b22f4f387d,180,2516,17612,176.12,286.0661682085429,0.10325559413290494,4.826092296823036,0.7677721495296509,
b22f4f387d,180,2517,17619,176.19,286.034095853379,0.10548368208116282,4.739817087246319,0.8644314089911214,
b22f4f387d,180,2518,17626,176.26,285.98646744640655,0.12818886839525287,4.656421028524828,1.031141921653046,
b22f4f387d,180,2519,17633,176.33,285.9295308942923,0.0917097457672554,4.854940980245327,0.7446742040787593,
b22f4f387d,180,2520,17640,176.4,285.920563339194,0.17165725539533225,4.735313157617514,1.3951764830521558,
b22f4f387d,180,2521,17647,176.47,285.8159734128326,0.1131619579262288,4.456113941941724,0.9064113253004233,
b22f4f387d,180,2522,17654,176.54,285.7763530804926,0.09583675526148047,4.486340287876789,0.6000804120979277,
b22f4f387d,180,2523,17661,176.61,285.7345194819202,0.08293205040233052,4.410417859254567,0.8204520571416993,
b22f4f387d,180,2524,17668,176.68,285.70252820090747,0.11288605913998574,4.416374126511708,1.0027083677229414,
b22f4f387d,180,2525,17675,176.75,285.66243392685186,0.09246171440656345,4.631512748127728,0.7123583932502813,
b22f4f387d,180,2526,17682,176.82,285.6323013334366,0.07314739649375757,4.57252805035462,0.6120577240332971,
b22f4f387d,180,2527,17689,176.89,285.61658186156666,0.08746367092577577,4.5793054835858085,0.6175880767120787,
b22f4f387d,180,2528,17696,176.96,285.5956675532601,0.06798376928578355,4.620310855306376,0.5265677454715714,
b22f4f387d,180,2529,17703,177.03,285.5767635646729,0.12479477343577368,4.528527382052019,1.218392150418281,
b22f4f387d,180,2530,17710,177.1,285.5113869308923,0.10368696943235733,4.658758754906569,0.7740359804271096,
b22f4f387d,180,2531,17717,177.17,285.4688620568998,0.0713584186461101,4.394999740732243,0.6525235451926549,
b22f4f387d,180,2532,17724,177.24,285.44811638915644,0.07860396450968134,4.547541627575785,0.5158311039442958,
b22f4f387d,180,2533,17731,177.31,285.4200185694925,0.061237442730983166,4.368592835990821,0.5303489822232955,
b22f4f387d,180,2534,17738,177.38,285.40602614161094,0.10271994316173017,4.50915683787721,0.9190385588353034,
b22f4f387d,180,2535,17745,177.45,285.37004750789583,0.08551297643230725,4.2356556672546395,0.7829892837332058,
b22f4f387d,180,2536,17752,177.52,285.33466804466053,0.06324996769452536,4.217707893003503,0.6090003306147104,
b22f4f387d,180,2537,17759,177.59,285.3178938485287,0.0961802614911356,4.2857754308085765,0.8291562022632785,
b22f4f387d,180,2538,17766,177.66,285.30607735626916,0.1262403567642145,4.63273265202583,0.6006798059216496,
b22f4f387d,180,2539,17773,177.73,285.2782006378944,0.13915658558347785,4.493638607133273,0.9931612526263832,
b22f4f387d,180,2540,17780,177.8,285.2011383051453,0.10576393027624328,4.6780889962023355,0.8939744137861984,
b22f4f387d,180,2541,17787,177.87,285.16738269174397,0.0698221995167313,4.598086814566372,0.49119376202718573,
b22f4f387d,180,2542,17794,177.94,285.15113340617705,0.10058243860405773,4.453534846524806,0.9258411672337019,
b22f4f387d,180,2543,17801,178.01,285.10129008993886,0.08954663441176124,4.710153352131719,0.8538050291172193,
b22f4f387d,180,2544,17808,178.08,285.07198176504176,0.09639810602481727,5.032381537452831,0.9484144314926122,
b22f4f387d,180,2545,17815,178.15,285.03666879971433,0.06423017230109415,4.756016282511863,0.34531889755807116,
b22f4f387d,180,2546,17822,178.22,285.0157156930523,0.07008983626887531,4.684472132987498,0.5525481186517056,
b22f4f387d,180,2547,17829,178.29,285.000088137051,0.10113063998890781,4.699878806712598,0.7201618489913089,
b22f4f387d,180,2548,17836,178.36,284.96272449016874,0.070180279686388,4.569383129648447,0.47039843761607825,
b22f4f387d,180,2549,17843,178.43,284.9458081458333,0.31395902223471966,4.552125167345513,1.4136748369922607,
b22f4f387d,180,2550,17850,178.5,284.9187259339442,0.34985454422103857,5.743406346688201,1.1875047676552748,
b22f4f387d,180,2551,17857,178.57,284.9151447309517,0.18770860217774016,4.7629631056036095,0.5488471831764331,
b22f4f387d,180,2552,17864,178.64,284.7446082384742,0.06203307509088881,4.462497480962292,0.566572792022566,
b22f4f387d,180,2553,17871,178.71,284.72569220465044,0.025491982104341265,4.393286599444987,0.24317273598144945,
b22f4f387d,180,2554,17878,178.78,284.72316930476944,0.13078772596692032,4.40738204194072,1.1977429570214342,
b22f4f387d,180,2555,17885,178.85,284.6529358916578,0.07534241510270423,4.615624544454642,0.5870040849709082,
b22f4f387d,180,2556,17892,178.92,284.6405621781349,0.20091213453807436,4.661461530988103,0.47241045464063014,
b22f4f387d,180,2557,17899,178.99,284.6383517368404,0.13739520023252222,4.99884995120538,0.9619132557425006,
b22f4f387d,180,2558,17906,179.06,284.5943904203397,0.12091038709301324,4.779198107173371,0.6019117457916221,
b22f4f387d,180,2559,17913,179.13,284.55973186915713,0.09653949751374255,4.454686000451297,0.5095097534482593,
b22f4f387d,180,2560,17920,179.2,284.54984290913995,0.11140566754525058,4.38431424753498,0.6073603173469441,
b22f4f387d,180,2561,17927,179.27,284.5446326895882,0.13024343295455296,4.638311822639961,0.7467455591797996,
b22f4f387d,180,2562,17934,179.34,284.51847492593856,0.13620935822550434,4.427919704065386,0.9266252317412687,
b22f4f387d,180,2563,17941,179.41,284.4924105046789,0.11253473335685502,4.470853715728239,0.41781251383154616,
b22f4f387d,180,2564,17948,179.48,284.4802143829258,0.1190427981448684,4.344556879493666,0.7553815253910641,
b22f4f387d,180,2565,17955,179.55,284.4438325533847,0.10224527233985209,4.526928683152628,0.6195435007394923,
b22f4f387d,180,2566,17962,179.62,284.44289596707546,0.11064219739027088,4.716895878211199,0.4137698588162331,
b22f4f387d,180,2567,17969,179.69,284.4361979685757,0.16790704391944933,4.61203760711545,1.0986181898807017,
b22f4f387d,180,2568,17976,179.76,284.34131444251557,0.14586897589608835,4.524591178686362,1.195848505914126,
b22f4f387d,180,2569,17983,179.83,284.3196820326296,0.07035366908706023,4.840197298840978,0.45947114621474866,
b22f4f387d,180,2570,17990,179.9,284.2691202557541,0.09122733794396531,4.467703944263386,0.915137153224039,
b22f4f387d,180,2571,17997,179.97,284.232310997594,,4.483881623031685,0.5585287759650597,
