run_id,equiv_grad_budget,row,deriv_evals,equiv_grad_evals,f_vals,update_norms,full_grad_norms,proj_grad_norms,config_str
490bf50507,180,0,0,0.0,516651013610901.0,21.29414688068434,119640441474639.08,54141104015092.984,"ProjectedCommonDirectionsConfig(subspace_no_grads=1, subspace_no_updates=1, subspace_frac_random=0.05, direction_str=sd, random_proj=True, random_proj_dim_frac=0.2, ensemble=haar, inner_use_full_grad=True, orth_P_k=True, beta=0.001, tau=0.5, c_const=inf, N_try=200, alpha_max=100, p_const=1)"
490bf50507,180,1,26,0.26,28577678507520.324,3.3015519279014724,28137974850719.17,11019382169616.57,
490bf50507,180,2,52,0.52,154872862481.9212,0.26641780738937604,2071414569570.1829,898852807463.9988,
490bf50507,180,3,78,0.78,13025142936.919533,0.08116693998302554,600717952830.6925,184948822980.88223,
490bf50507,180,4,104,1.04,2338192953.36569,0.03551112786562341,254518601531.0737,102289002535.78943,
490bf50507,180,5,130,1.3,627534125.084232,0.019203766486444448,131855424974.19073,51797689295.60527,
490bf50507,180,6,156,1.56,268531011.6509663,0.013060439901046363,86253456171.92532,36313348456.130486,
490bf50507,180,7,182,1.82,166731613.51808265,0.01066052800646262,67965451896.61199,34603936169.88494,
490bf50507,180,8,208,2.08,140685839.4391408,0.009894895428682476,62431590782.5824,20139085172.52715,
490bf50507,180,9,234,2.34,129358960.3937242,0.004834822319876837,59865615583.924934,23213293298.23104,
490bf50507,180,10,260,2.6,38666.14217289881,8.54511786772716e-05,1033656228.5527791,585639906.912263,
490bf50507,180,11,286,2.86,268.5550753369337,5.700881667451621e-06,68107586.41906758,35843112.00118621,
490bf50507,180,12,312,3.12,102.56585457644925,5.330724679830845e-07,6317111.139203465,3335435.8157733046,
490bf50507,180,13,338,3.38,101.14309495840936,5.906948102466176e-08,698774.5359892534,321025.9485336634,
490bf50507,180,14,364,3.64,101.12570158297451,6.792144626100711e-09,80010.78211848967,42051.735565393086,
490bf50507,180,15,390,3.9,101.12547406658113,8.44374177444155e-10,9916.991174700132,4403.27822994368,
490bf50507,180,16,416,4.16,101.12547057427254,1.1098671792690464e-10,1295.9219925915593,583.6885753320181,
490bf50507,180,17,442,4.42,101.1254705139486,8.00128106078687e-12,186.56724928927628,73.92128772233784,
490bf50507,180,18,468,4.68,101.12547051260937,1.6739245799572143e-15,79.52984220579114,42.14057428942834,
490bf50507,180,19,494,4.94,101.12547051125753,5.2403663504498516e-17,79.50980662316307,35.43856529272874,
490bf50507,180,20,520,5.2,101.12547051125753,5.256058638514279e-17,79.50980662316307,32.31738384298127,
490bf50507,180,21,546,5.46,101.12547051125753,2.105885481815207e-16,79.50980662316307,36.7052789500907,
490bf50507,180,22,572,5.72,101.12547051123776,5.277701092975482e-17,79.50964210286783,37.19816875777532,
490bf50507,180,23,598,5.98,101.12547051123776,5.2901967895587814e-17,79.50964210286783,33.82451965507849,
490bf50507,180,24,624,6.24,101.12547051123776,5.300272262579385e-17,79.50964210286783,36.51626034604979,
490bf50507,180,25,650,6.5,101.12547051123776,5.304724362529069e-17,79.50964210286783,36.37430453127823,
490bf50507,180,26,676,6.76,101.12547051123776,5.3106016545854885e-17,79.50964210286783,28.951242974350976,
490bf50507,180,27,702,7.02,101.12547051123776,2.6578434128944392e-17,79.50964210286783,29.42980722926304,
490bf50507,180,28,728,7.28,101.12547051123776,2.660806080329352e-17,79.50964210286783,35.65237453389172,
490bf50507,180,29,754,7.54,101.12547051123776,2.6636581462656367e-17,79.50964210286783,30.97555426659843,
490bf50507,180,30,780,7.8,101.12547051123776,2.6668220544706345e-17,79.50964210286783,44.956029485231745,
490bf50507,180,31,806,8.06,101.12547051123776,3.497675574691843e-12,79.50964210286783,32.04270166348632,
490bf50507,180,32,832,8.32,101.12547051122218,4.23327263666283e-17,31.513111911328632,14.383249939438981,
490bf50507,180,33,858,8.58,101.12547051122218,4.2362422240191324e-17,31.513111911328632,16.444354445430136,
490bf50507,180,34,884,8.84,101.12547051122218,4.23693378265962e-17,31.513111911328632,12.997996379722984,
490bf50507,180,35,910,9.1,101.12547051122218,4.237681496411537e-17,31.513111911328632,12.632986503775198,
490bf50507,180,36,936,9.36,101.12547051122218,4.2392313466134553e-17,31.513111911328632,11.318819455385647,
490bf50507,180,37,962,9.62,101.12547051122218,4.24050123139318e-17,31.513111911328632,14.241622284991937,
490bf50507,180,38,988,9.88,101.12547051122218,4.2438725020981913e-17,31.513111911328632,13.393854038016643,
490bf50507,180,39,1014,10.14,101.12547051122218,2.7818807106502887e-12,31.513111911328632,13.83155495650289,
490bf50507,180,40,1040,10.4,101.12547051097965,2.9269583013069755e-16,6.789713694343289,2.335101019608748,
490bf50507,180,41,1066,10.66,101.12547051084638,7.318642727341174e-17,6.789158703132494,3.41980748258237,
490bf50507,180,42,1092,10.92,101.12547051084638,3.661182719490943e-17,6.789158703132494,3.674203068185897,
490bf50507,180,43,1118,11.18,101.12547051084638,3.662248644887814e-17,6.789158703132494,2.4614255493462966,
490bf50507,180,44,1144,11.44,101.12547051084638,3.6635706910848685e-17,6.789158703132494,3.01959913736909,
490bf50507,180,45,1170,11.7,101.12547051084638,3.66406252573035e-17,6.789158703132494,2.9231038610578004,
490bf50507,180,46,1196,11.96,101.12547051084638,3.6652190287387545e-17,6.789158703132494,2.913389865788583,
490bf50507,180,47,1222,12.22,101.12547051084638,3.6659218608436895e-17,6.789158703132494,2.8274909486157243,
490bf50507,180,48,1248,12.48,101.12547051084638,3.666853830852407e-17,6.789158703132494,2.271642487935873,
490bf50507,180,49,1274,12.74,101.12547051084638,3.667955584731924e-17,6.789158703132494,3.9892834348786312,
490bf50507,180,50,1300,13.0,101.12547051084638,3.6683674890243684e-17,6.789158703132494,2.350344230722884,
490bf50507,180,51,1326,13.26,101.12547051084638,3.6692571371102583e-17,6.789158703132494,3.2181383862579445,
490bf50507,180,52,1352,13.52,101.12547051084638,3.669673489667848e-17,6.789158703132494,3.344673721697448,
490bf50507,180,53,1378,13.78,101.12547051084638,3.670167309552058e-17,6.789158703132494,3.185870359555931,
490bf50507,180,54,1404,14.04,101.12547051084638,3.67219148950065e-17,6.789158703132494,3.596716097718729,
490bf50507,180,55,1430,14.3,101.12547051084638,3.672628862890649e-17,6.789158703132494,2.736306688916493,
490bf50507,180,56,1456,14.56,101.12547051084638,3.672940581490448e-17,6.789158703132494,3.3487653932693893,
490bf50507,180,57,1482,14.82,101.12547051084638,3.673501327181927e-17,6.789158703132494,2.421770644882515,
490bf50507,180,58,1508,15.08,101.12547051084638,3.673740404075077e-17,6.789158703132494,2.6373147609908387,
490bf50507,180,59,1534,15.34,101.12547051084638,3.674301633577404e-17,6.789158703132494,3.654565844348362,
490bf50507,180,60,1560,15.6,101.12547051084638,3.674948332648047e-17,6.789158703132494,3.7949644532363593,
490bf50507,180,61,1586,15.86,101.12547051084638,3.675170020321505e-17,6.789158703132494,2.406219917981502,
490bf50507,180,62,1612,16.12,101.12547051084638,3.675266622309355e-17,6.789158703132494,3.003318351160316,
490bf50507,180,63,1638,16.38,101.12547051084638,3.675413566738202e-17,6.789158703132494,2.956332923703052,
490bf50507,180,64,1664,16.64,101.12547051084638,3.675640783944598e-17,6.789158703132494,3.141564445668595,
490bf50507,180,65,1690,16.9,101.12547051084638,3.6758431500293724e-17,6.789158703132494,3.6384674094467475,
490bf50507,180,66,1716,17.16,101.12547051084638,3.6762994719756056e-17,6.789158703132494,2.7644835781267805,
490bf50507,180,67,1742,17.42,101.12547051084638,3.6764565719601305e-17,6.789158703132494,3.05356191407424,
490bf50507,180,68,1768,17.68,101.12547051084638,3.676916990166241e-17,6.789158703132494,2.7658556698840977,
490bf50507,180,69,1794,17.94,101.12547051084638,3.6772241160930856e-17,6.789158703132494,2.341948520438106,
490bf50507,180,70,1820,18.2,101.12547051084638,3.6773741476375003e-17,6.789158703132494,2.5639023904136358,
490bf50507,180,71,1846,18.46,101.12547051084638,3.677492382298687e-17,6.789158703132494,2.7319790905453916,
490bf50507,180,72,1872,18.72,101.12547051084638,3.6777672459513936e-17,6.789158703132494,3.3778142670315057,
490bf50507,180,73,1898,18.98,101.12547051084638,3.6778419765327745e-17,6.789158703132494,2.217435387873679,
490bf50507,180,74,1924,19.24,101.12547051084638,3.678152200688734e-17,6.789158703132494,2.80527478341271,
490bf50507,180,75,1950,19.5,101.12547051084638,3.678318268765974e-17,6.789158703132494,2.16288125699993,
490bf50507,180,76,1976,19.76,101.12547051084638,3.6783873279734304e-17,6.789158703132494,1.9436825409770355,
490bf50507,180,77,2002,20.02,101.12547051084638,3.678470946824027e-17,6.789158703132494,3.289272990254132,
490bf50507,180,78,2028,20.28,101.12547051084638,3.678577913492153e-17,6.789158703132494,2.966215619784844,
490bf50507,180,79,2054,20.54,101.12547051084638,3.678632502881285e-17,6.789158703132494,2.611504469586577,
490bf50507,180,80,2080,20.8,101.12547051084638,3.6789321973585126e-17,6.789158703132494,3.3820810321927373,
490bf50507,180,81,2106,21.06,101.12547051084638,3.679062962044285e-17,6.789158703132494,3.034478495210238,
490bf50507,180,82,2132,21.32,101.12547051084638,3.6791670775287195e-17,6.789158703132494,2.755239169735299,
490bf50507,180,83,2158,21.58,101.12547051084638,3.6793035977099866e-17,6.789158703132494,3.4379317832359675,
490bf50507,180,84,2184,21.84,101.12547051084638,3.6793491452027274e-17,6.789158703132494,2.9954831206845753,
490bf50507,180,85,2210,22.1,101.12547051084638,3.6794477883608905e-17,6.789158703132494,2.826018001877222,
490bf50507,180,86,2236,22.36,101.12547051084638,3.679481005181931e-17,6.789158703132494,2.922381694065589,
490bf50507,180,87,2262,22.62,101.12547051084638,3.679517414643019e-17,6.789158703132494,3.057140201541372,
490bf50507,180,88,2288,22.88,101.12547051084638,3.6796099704514455e-17,6.789158703132494,2.7237418603037207,
490bf50507,180,89,2314,23.14,101.12547051084638,3.6797237329799266e-17,6.789158703132494,3.4234923466944878,
490bf50507,180,90,2340,23.4,101.12547051084638,3.67976447757293e-17,6.789158703132494,3.048942732428675,
490bf50507,180,91,2366,23.66,101.12547051084638,3.6797934899622396e-17,6.789158703132494,3.2474694663849792,
490bf50507,180,92,2392,23.92,101.12547051084638,3.679803559758307e-17,6.789158703132494,3.075278979792005,
490bf50507,180,93,2418,24.18,101.12547051084638,3.679875529471814e-17,6.789158703132494,3.414591445350926,
490bf50507,180,94,2444,24.44,101.12547051084638,3.679907656314197e-17,6.789158703132494,3.050414495176869,
490bf50507,180,95,2470,24.7,101.12547051084638,3.67997682421508e-17,6.789158703132494,3.3201277858480074,
490bf50507,180,96,2496,24.96,101.12547051084638,3.679998085007432e-17,6.789158703132494,2.6845664469162793,
490bf50507,180,97,2522,25.22,101.12547051084638,3.680025142381768e-17,6.789158703132494,3.512864692034799,
490bf50507,180,98,2548,25.48,101.12547051084638,3.6800349302797725e-17,6.789158703132494,3.0814733984908917,
490bf50507,180,99,2574,25.74,101.12547051084638,3.680068205933259e-17,6.789158703132494,3.071280064639561,
490bf50507,180,100,2600,26.0,101.12547051084638,3.680083957816836e-17,6.789158703132494,2.1818018125210066,
490bf50507,180,101,2626,26.26,101.12547051084638,3.680105943547066e-17,6.789158703132494,2.972826127179714,
490bf50507,180,102,2652,26.52,101.12547051084638,3.680123573476789e-17,6.789158703132494,2.9211204689155785,
490bf50507,180,103,2678,26.78,101.12547051084638,3.6801323530219134e-17,6.789158703132494,2.8869908688342103,
490bf50507,180,104,2704,27.04,101.12547051084638,3.680138686600434e-17,6.789158703132494,2.819334507297622,
490bf50507,180,105,2730,27.3,101.12547051084638,3.680163352346108e-17,6.789158703132494,2.6661007772270944,
490bf50507,180,106,2756,27.56,101.12547051084638,3.6801800831744405e-17,6.789158703132494,2.2637098311565733,
490bf50507,180,107,2782,27.82,101.12547051084638,3.6801961881968205e-17,6.789158703132494,3.375623489713074,
490bf50507,180,108,2808,28.08,101.12547051084638,3.6802095712101984e-17,6.789158703132494,3.501100596651737,
490bf50507,180,109,2834,28.34,101.12547051084638,3.6802210584120905e-17,6.789158703132494,3.4460247739267245,
490bf50507,180,110,2860,28.6,101.12547051084638,3.680225232019128e-17,6.789158703132494,2.5125364102159096,
490bf50507,180,111,2886,28.86,101.12547051084638,3.680232690223857e-17,6.789158703132494,3.099179623003306,
490bf50507,180,112,2912,29.12,101.12547051084638,3.680236207514432e-17,6.789158703132494,3.053366518966545,
490bf50507,180,113,2938,29.38,101.12547051084638,3.68024252933898e-17,6.789158703132494,3.0946708078502914,
490bf50507,180,114,2964,29.64,101.12547051084638,3.6802463702509854e-17,6.789158703132494,2.8293320745013326,
490bf50507,180,115,2990,29.9,101.12547051084638,3.6802491819697014e-17,6.789158703132494,3.4523235421937843,
490bf50507,180,116,3016,30.16,101.12547051084638,3.6802609449287716e-17,6.789158703132494,3.1761316950531127,
490bf50507,180,117,3042,30.42,101.12547051084638,3.680270546545318e-17,6.789158703132494,2.6331336410874857,
490bf50507,180,118,3068,30.68,101.12547051084638,3.680288340534086e-17,6.789158703132494,2.4104999091933275,
490bf50507,180,119,3094,30.94,101.12547051084638,3.680289144400166e-17,6.789158703132494,3.0659369824244416,
490bf50507,180,120,3120,31.2,101.12547051084638,3.6803068403776206e-17,6.789158703132494,3.135805103482024,
490bf50507,180,121,3146,31.46,101.12547051084638,3.680310340199351e-17,6.789158703132494,2.953005159411718,
490bf50507,180,122,3172,31.72,101.12547051084638,3.6803111229384484e-17,6.789158703132494,3.2840073304218182,
490bf50507,180,123,3198,31.98,101.12547051084638,3.6803196497079826e-17,6.789158703132494,3.356112839023234,
490bf50507,180,124,3224,32.24,101.12547051084638,3.680322888412298e-17,6.789158703132494,3.33027112037364,
490bf50507,180,125,3250,32.5,101.12547051084638,3.680326532179487e-17,6.789158703132494,2.77196376951049,
490bf50507,180,126,3276,32.76,101.12547051084638,3.680329936185443e-17,6.789158703132494,3.118061841258791,
490bf50507,180,127,3302,33.02,101.12547051084638,3.68033306998561e-17,6.789158703132494,3.1793817039735512,
490bf50507,180,128,3328,33.28,101.12547051084638,3.6803371268282485e-17,6.789158703132494,2.4158028912609937,
490bf50507,180,129,3354,33.54,101.12547051084638,3.680342322611431e-17,6.789158703132494,2.685126166718195,
490bf50507,180,130,3380,33.8,101.12547051084638,3.6803515302986686e-17,6.789158703132494,3.1314462913609393,
490bf50507,180,131,3406,34.06,101.12547051084638,3.680359933476053e-17,6.789158703132494,3.0318439043259526,
490bf50507,180,132,3432,34.32,101.12547051084638,3.6803613730668314e-17,6.789158703132494,3.151533601098284,
490bf50507,180,133,3458,34.58,101.12547051084638,3.680363054930456e-17,6.789158703132494,3.2719778488575333,
490bf50507,180,134,3484,34.84,101.12547051084638,3.680365163323442e-17,6.789158703132494,3.058800876187859,
490bf50507,180,135,3510,35.1,101.12547051084638,3.6803662107010095e-17,6.789158703132494,3.3396332175095784,
490bf50507,180,136,3536,35.36,101.12547051084638,3.680369524085562e-17,6.789158703132494,2.7616194167093644,
490bf50507,180,137,3562,35.62,101.12547051084638,3.6803727843468327e-17,6.789158703132494,3.5926620807022704,
490bf50507,180,138,3588,35.88,101.12547051084638,3.6803762279111214e-17,6.789158703132494,3.9266571224661653,
490bf50507,180,139,3614,36.14,101.12547051084638,3.680378967632402e-17,6.789158703132494,3.1285667807998587,
490bf50507,180,140,3640,36.4,101.12547051084638,3.680380757384089e-17,6.789158703132494,3.1604412188570272,
490bf50507,180,141,3666,36.66,101.12547051084638,3.680382704922117e-17,6.789158703132494,2.862906156499926,
490bf50507,180,142,3692,36.92,101.12547051084638,3.6803839458906494e-17,6.789158703132494,2.342034711406419,
490bf50507,180,143,3718,37.18,101.12547051084638,3.680387652676134e-17,6.789158703132494,3.0315448584869547,
490bf50507,180,144,3744,37.44,101.12547051084638,3.680388009495703e-17,6.789158703132494,3.698456019098098,
490bf50507,180,145,3770,37.7,101.12547051084638,3.680388637616933e-17,6.789158703132494,3.0889675835139765,
490bf50507,180,146,3796,37.96,101.12547051084638,3.680390269520842e-17,6.789158703132494,2.8286851589349546,
490bf50507,180,147,3822,38.22,101.12547051084638,3.6803909625063243e-17,6.789158703132494,3.195518159800073,
490bf50507,180,148,3848,38.48,101.12547051084638,3.680391593118605e-17,6.789158703132494,2.3025431636632385,
490bf50507,180,149,3874,38.74,101.12547051084638,3.6803919004167284e-17,6.789158703132494,3.5293308541871293,
490bf50507,180,150,3900,39.0,101.12547051084638,3.680392566856138e-17,6.789158703132494,2.545173966776737,
490bf50507,180,151,3926,39.26,101.12547051084638,3.680394060139563e-17,6.789158703132494,2.783229134100831,
490bf50507,180,152,3952,39.52,101.12547051084638,3.680396458003314e-17,6.789158703132494,2.9197111127586006,
490bf50507,180,153,3978,39.78,101.12547051084638,3.6803970621341604e-17,6.789158703132494,3.9556212387171716,
490bf50507,180,154,4004,40.04,101.12547051084638,3.68039783105542e-17,6.789158703132494,2.7358453925509036,
490bf50507,180,155,4030,40.3,101.12547051084638,3.6803985502074965e-17,6.789158703132494,2.990321169232947,
490bf50507,180,156,4056,40.56,101.12547051084638,3.6803989367245575e-17,6.789158703132494,3.1743473491053034,
490bf50507,180,157,4082,40.82,101.12547051084638,3.6803997337015306e-17,6.789158703132494,3.1109139777655623,
490bf50507,180,158,4108,41.08,101.12547051084638,3.6804006199127415e-17,6.789158703132494,2.4990138290877413,
490bf50507,180,159,4134,41.34,101.12547051084638,3.68040159882966e-17,6.789158703132494,2.857666318819611,
490bf50507,180,160,4160,41.6,101.12547051084638,3.680401884569598e-17,6.789158703132494,2.607435386105161,
490bf50507,180,161,4186,41.86,101.12547051084638,3.6804023559552366e-17,6.789158703132494,3.8122274350040657,
490bf50507,180,162,4212,42.12,101.12547051084638,3.6804027838765386e-17,6.789158703132494,2.9700995348386416,
490bf50507,180,163,4238,42.38,101.12547051084638,3.680403420954122e-17,6.789158703132494,3.1763192843143853,
490bf50507,180,164,4264,42.64,101.12547051084638,3.6804038317081956e-17,6.789158703132494,2.888104589374154,
490bf50507,180,165,4290,42.9,101.12547051084638,3.6804039914840975e-17,6.789158703132494,3.07391607309079,
490bf50507,180,166,4316,43.16,101.12547051084638,3.680404472032346e-17,6.789158703132494,2.753664216847023,
490bf50507,180,167,4342,43.42,101.12547051084638,3.680404849066138e-17,6.789158703132494,3.3745729918493685,
490bf50507,180,168,4368,43.68,101.12547051084638,3.680405191338212e-17,6.789158703132494,2.7795470105863855,
490bf50507,180,169,4394,43.94,101.12547051084638,3.6804052761267354e-17,6.789158703132494,3.614999710402295,
490bf50507,180,170,4420,44.2,101.12547051084638,3.6804055945883846e-17,6.789158703132494,2.880510239155275,
490bf50507,180,171,4446,44.46,101.12547051084638,3.6804060252872307e-17,6.789158703132494,2.858082336340601,
490bf50507,180,172,4472,44.72,101.12547051084638,3.680406221712999e-17,6.789158703132494,2.739289961520397,
490bf50507,180,173,4498,44.98,101.12547051084638,3.6804063268568164e-17,6.789158703132494,2.94121686163965,
490bf50507,180,174,4524,45.24,101.12547051084638,3.680406633718375e-17,6.789158703132494,2.780575257848061,
490bf50507,180,175,4550,45.5,101.12547051084638,3.680406751714761e-17,6.789158703132494,3.096928652982029,
490bf50507,180,176,4576,45.76,101.12547051084638,3.680407032024667e-17,6.789158703132494,2.6810746367372604,
490bf50507,180,177,4602,46.02,101.12547051084638,3.680407423464235e-17,6.789158703132494,2.7497268872007345,
490bf50507,180,178,4628,46.28,101.12547051084638,3.680407769035931e-17,6.789158703132494,4.038678030185679,
490bf50507,180,179,4654,46.54,101.12547051084638,3.680407820988043e-17,6.789158703132494,2.5058989437334835,
490bf50507,180,180,4680,46.8,101.12547051084638,3.680407888869241e-17,6.789158703132494,3.483920239191297,
490bf50507,180,181,4706,47.06,101.12547051084638,3.6804079371348425e-17,6.789158703132494,3.4313914808516777,
490bf50507,180,182,4732,47.32,101.12547051084638,3.680408167988587e-17,6.789158703132494,2.6698476254153616,
490bf50507,180,183,4758,47.58,101.12547051084638,3.680408286775971e-17,6.789158703132494,2.6931989827856384,
490bf50507,180,184,4784,47.84,101.12547051084638,3.6804083316914574e-17,6.789158703132494,2.7319116908950787,
490bf50507,180,185,4810,48.1,101.12547051084638,3.6804083725328775e-17,6.789158703132494,3.2979800353503097,
490bf50507,180,186,4836,48.36,101.12547051084638,3.68040852954681e-17,6.789158703132494,3.6127858971491364,
490bf50507,180,187,4862,48.62,101.12547051084638,3.680408684714502e-17,6.789158703132494,3.806903603450034,
490bf50507,180,188,4888,48.88,101.12547051084638,3.680408757977216e-17,6.789158703132494,2.733819875392894,
490bf50507,180,189,4914,49.14,101.12547051084638,3.680408808394283e-17,6.789158703132494,3.7189478947946824,
490bf50507,180,190,4940,49.4,101.12547051084638,3.6804088744426203e-17,6.789158703132494,3.5703222621974438,
490bf50507,180,191,4966,49.66,101.12547051084638,3.680408949974298e-17,6.789158703132494,2.1226414957628275,
490bf50507,180,192,4992,49.92,101.12547051084638,3.680409010378143e-17,6.789158703132494,3.8493400261886226,
490bf50507,180,193,5018,50.18,101.12547051084638,3.680409063352971e-17,6.789158703132494,3.385405349385458,
490bf50507,180,194,5044,50.44,101.12547051084638,3.680409153899091e-17,6.789158703132494,3.1068492553064826,
490bf50507,180,195,5070,50.7,101.12547051084638,3.6804091708997255e-17,6.789158703132494,3.3795919309171727,
490bf50507,180,196,5096,50.96,101.12547051084638,3.6804092825694183e-17,6.789158703132494,2.2095021979171916,
490bf50507,180,197,5122,51.22,101.12547051084638,3.680409320694977e-17,6.789158703132494,2.3401811076241588,
490bf50507,180,198,5148,51.48,101.12547051084638,3.680409376437161e-17,6.789158703132494,2.3205166618280604,
490bf50507,180,199,5174,51.74,101.12547051084638,3.680409392702551e-17,6.789158703132494,2.549379699809057,
490bf50507,180,200,5200,52.0,101.12547051084638,3.680409427321637e-17,6.789158703132494,3.250056479673894,
490bf50507,180,201,5226,52.26,101.12547051084638,3.680409470250561e-17,6.789158703132494,2.985763091895438,
490bf50507,180,202,5252,52.52,101.12547051084638,3.680409511693211e-17,6.789158703132494,3.262655442092786,
490bf50507,180,203,5278,52.78,101.12547051084638,3.680409554586642e-17,6.789158703132494,3.122803586060453,
490bf50507,180,204,5304,53.04,101.12547051084638,3.680409590916729e-17,6.789158703132494,3.1628717201845182,
490bf50507,180,205,5330,53.3,101.12547051084638,3.680409628731118e-17,6.789158703132494,2.495228821055141,
490bf50507,180,206,5356,53.56,101.12547051084638,3.6804096364297955e-17,6.789158703132494,2.677812111123774,
490bf50507,180,207,5382,53.82,101.12547051084638,3.6804096842251164e-17,6.789158703132494,3.5823478683248746,
490bf50507,180,208,5408,54.08,101.12547051084638,3.6804097369524074e-17,6.789158703132494,3.006032430225299,
490bf50507,180,209,5434,54.34,101.12547051084638,3.6804097745326784e-17,6.789158703132494,3.4190631804009666,
490bf50507,180,210,5460,54.6,101.12547051084638,3.680409799989604e-17,6.789158703132494,2.489557563772728,
490bf50507,180,211,5486,54.86,101.12547051084638,3.6804098571414953e-17,6.789158703132494,2.8587815523989404,
490bf50507,180,212,5512,55.12,101.12547051084638,3.680409877951777e-17,6.789158703132494,3.033373233524681,
490bf50507,180,213,5538,55.38,101.12547051084638,3.680409905459601e-17,6.789158703132494,2.986314845374713,
490bf50507,180,214,5564,55.64,101.12547051084638,3.680409913546166e-17,6.789158703132494,2.2885399910293653,
490bf50507,180,215,5590,55.9,101.12547051084638,3.680409929840681e-17,6.789158703132494,3.4588966358742743,
490bf50507,180,216,5616,56.16,101.12547051084638,3.6804099461314593e-17,6.789158703132494,2.8786281422677167,
490bf50507,180,217,5642,56.42,101.12547051084638,3.680409980081436e-17,6.789158703132494,3.56116541435058,
490bf50507,180,218,5668,56.68,101.12547051084638,3.680410011550107e-17,6.789158703132494,3.3814748565171207,
490bf50507,180,219,5694,56.94,101.12547051084638,3.6804100350186816e-17,6.789158703132494,3.169292868618804,
490bf50507,180,220,5720,57.2,101.12547051084638,3.6804100486492514e-17,6.789158703132494,3.7911609328919544,
490bf50507,180,221,5746,57.46,101.12547051084638,3.6804100685784903e-17,6.789158703132494,3.069514683136634,
490bf50507,180,222,5772,57.72,101.12547051084638,3.680410092495576e-17,6.789158703132494,2.4533030766074035,
490bf50507,180,223,5798,57.98,101.12547051084638,3.680410097132601e-17,6.789158703132494,3.3670846516249324,
490bf50507,180,224,5824,58.24,101.12547051084638,3.680410112880249e-17,6.789158703132494,3.302923783579764,
490bf50507,180,225,5850,58.5,101.12547051084638,3.680410124810714e-17,6.789158703132494,2.3635123829103883,
490bf50507,180,226,5876,58.76,101.12547051084638,3.680410135072802e-17,6.789158703132494,2.381342734290172,
490bf50507,180,227,5902,59.02,101.12547051084638,3.680410155405685e-17,6.789158703132494,2.842885562393483,
490bf50507,180,228,5928,59.28,101.12547051084638,3.680410168513989e-17,6.789158703132494,2.45888760702961,
490bf50507,180,229,5954,59.54,101.12547051084638,3.680410174738976e-17,6.789158703132494,2.7329741980477067,
490bf50507,180,230,5980,59.8,101.12547051084638,3.680410183346203e-17,6.789158703132494,2.8670896422418215,
490bf50507,180,231,6006,60.06,101.12547051084638,3.680410186818392e-17,6.789158703132494,3.1008956180426384,
490bf50507,180,232,6032,60.32,101.12547051084638,3.680410195696954e-17,6.789158703132494,2.3801210451127326,
490bf50507,180,233,6058,60.58,101.12547051084638,3.6804102000800465e-17,6.789158703132494,3.522799503201737,
490bf50507,180,234,6084,60.84,101.12547051084638,3.6804102097316826e-17,6.789158703132494,2.9674625305894766,
490bf50507,180,235,6110,61.1,101.12547051084638,3.6804102116565346e-17,6.789158703132494,3.34321982935321,
490bf50507,180,236,6136,61.36,101.12547051084638,3.680410216926917e-17,6.789158703132494,4.146766604561098,
490bf50507,180,237,6162,61.62,101.12547051084638,3.680410221173397e-17,6.789158703132494,3.196420236653863,
490bf50507,180,238,6188,61.88,101.12547051084638,3.68041022712907e-17,6.789158703132494,3.468759186586012,
490bf50507,180,239,6214,62.14,101.12547051084638,3.6804102298572043e-17,6.789158703132494,3.1161936718917995,
490bf50507,180,240,6240,62.4,101.12547051084638,3.6804102350886876e-17,6.789158703132494,3.867579009517423,
490bf50507,180,241,6266,62.66,101.12547051084638,3.680410240121854e-17,6.789158703132494,3.1790595006844176,
490bf50507,180,242,6292,62.92,101.12547051084638,3.6804102449780063e-17,6.789158703132494,3.139520392622114,
490bf50507,180,243,6318,63.18,101.12547051084638,3.680410249028607e-17,6.789158703132494,3.4687968880644724,
490bf50507,180,244,6344,63.44,101.12547051084638,3.6804102525470534e-17,6.789158703132494,3.8559398113410945,
490bf50507,180,245,6370,63.7,101.12547051084638,3.6804102594672346e-17,6.789158703132494,3.0174757182783947,
490bf50507,180,246,6396,63.96,101.12547051084638,3.6804102615143305e-17,6.789158703132494,3.333632981146979,
490bf50507,180,247,6422,64.22,101.12547051084638,3.6804102636779356e-17,6.789158703132494,2.3312250517765913,
490bf50507,180,248,6448,64.48,101.12547051084638,3.680410267202197e-17,6.789158703132494,3.3498821212811984,
490bf50507,180,249,6474,64.74,101.12547051084638,3.6804102677668605e-17,6.789158703132494,3.2854714947502868,
490bf50507,180,250,6500,65.0,101.12547051084638,3.680410269924739e-17,6.789158703132494,3.2993246555928377,
490bf50507,180,251,6526,65.26,101.12547051084638,3.680410275709282e-17,6.789158703132494,3.536950623861583,
490bf50507,180,252,6552,65.52,101.12547051084638,3.6804102767889363e-17,6.789158703132494,3.2264586531535446,
490bf50507,180,253,6578,65.78,101.12547051084638,3.6804102777735346e-17,6.789158703132494,3.2644942522953078,
490bf50507,180,254,6604,66.04,101.12547051084638,3.6804102802185745e-17,6.789158703132494,3.038280869439188,
490bf50507,180,255,6630,66.3,101.12547051084638,3.6804102808286024e-17,6.789158703132494,3.3424150076161943,
490bf50507,180,256,6656,66.56,101.12547051084638,3.6804102817570954e-17,6.789158703132494,3.057016064878811,
490bf50507,180,257,6682,66.82,101.12547051084638,3.680410283492227e-17,6.789158703132494,3.386348176949078,
490bf50507,180,258,6708,67.08,101.12547051084638,3.6804102851005425e-17,6.789158703132494,2.732982549391501,
490bf50507,180,259,6734,67.34,101.12547051084638,3.680410285405567e-17,6.789158703132494,2.4905592083567867,
490bf50507,180,260,6760,67.6,101.12547051084638,3.6804102870031264e-17,6.789158703132494,3.1200059639463382,
490bf50507,180,261,6786,67.86,101.12547051084638,3.680410288649009e-17,6.789158703132494,2.8973186752292617,
490bf50507,180,262,6812,68.12,101.12547051084638,3.6804102897289724e-17,6.789158703132494,3.267548259564819,
490bf50507,180,263,6838,68.38,101.12547051084638,3.680410290850218e-17,6.789158703132494,3.622495926961747,
490bf50507,180,264,6864,68.64,101.12547051084638,3.6804102920266204e-17,6.789158703132494,3.5904196854474777,
490bf50507,180,265,6890,68.9,101.12547051084638,3.6804102930335046e-17,6.789158703132494,3.3060956132589885,
490bf50507,180,266,6916,69.16,101.12547051084638,3.680410293879371e-17,6.789158703132494,2.488039407819106,
490bf50507,180,267,6942,69.42,101.12547051084638,3.680410294385336e-17,6.789158703132494,3.531967721784907,
490bf50507,180,268,6968,69.68,101.12547051084638,3.680410294725674e-17,6.789158703132494,2.549645112474817,
490bf50507,180,269,6994,69.94,101.12547051084638,3.680410296772244e-17,6.789158703132494,2.080378280686056,
490bf50507,180,270,7020,70.2,101.12547051084638,3.6804102969427905e-17,6.789158703132494,3.0867797069502596,
490bf50507,180,271,7046,70.46,101.12547051084638,3.6804102974576677e-17,6.789158703132494,3.43173700164907,
490bf50507,180,272,7072,70.72,101.12547051084638,3.6804102976756786e-17,6.789158703132494,3.5004940250018017,
490bf50507,180,273,7098,70.98,101.12547051084638,3.6804102986074935e-17,6.789158703132494,3.0140523445666783,
490bf50507,180,274,7124,71.24,101.12547051084638,3.680410298971797e-17,6.789158703132494,3.6641474546709505,
490bf50507,180,275,7150,71.5,101.12547051084638,3.6804102990846193e-17,6.789158703132494,3.2723377218412137,
490bf50507,180,276,7176,71.76,101.12547051084638,3.680410299403119e-17,6.789158703132494,3.536582824194191,
490bf50507,180,277,7202,72.02,101.12547051084638,3.6804102998090205e-17,6.789158703132494,2.925578764604733,
490bf50507,180,278,7228,72.28,101.12547051084638,3.680410300499024e-17,6.789158703132494,3.95845486146363,
490bf50507,180,279,7254,72.54,101.12547051084638,3.68041030124066e-17,6.789158703132494,3.180853078506429,
490bf50507,180,280,7280,72.8,101.12547051084638,3.68041030144598e-17,6.789158703132494,2.9096266576484706,
490bf50507,180,281,7306,73.06,101.12547051084638,3.6804103017709077e-17,6.789158703132494,3.3580160293155914,
490bf50507,180,282,7332,73.32,101.12547051084638,3.680410301895628e-17,6.789158703132494,3.364381402227242,
490bf50507,180,283,7358,73.58,101.12547051084638,3.6804103022930455e-17,6.789158703132494,3.5082894007130174,
490bf50507,180,284,7384,73.84,101.12547051084638,3.6804103027293e-17,6.789158703132494,2.5765418562928253,
490bf50507,180,285,7410,74.1,101.12547051084638,3.6804103030881125e-17,6.789158703132494,3.5949777604517825,
490bf50507,180,286,7436,74.36,101.12547051084638,3.680410303281075e-17,6.789158703132494,3.0154557533897166,
490bf50507,180,287,7462,74.62,101.12547051084638,3.6804103034179106e-17,6.789158703132494,2.4958817037304635,
490bf50507,180,288,7488,74.88,101.12547051084638,3.680410303672602e-17,6.789158703132494,2.944976138219067,
490bf50507,180,289,7514,75.14,101.12547051084638,3.680410304162134e-17,6.789158703132494,3.0540840742062807,
490bf50507,180,290,7540,75.4,101.12547051084638,3.680410304260876e-17,6.789158703132494,3.8301987306681373,
490bf50507,180,291,7566,75.66,101.12547051084638,3.6804103045122776e-17,6.789158703132494,2.780949296237573,
490bf50507,180,292,7592,75.92,101.12547051084638,3.680410304640021e-17,6.789158703132494,2.8163054037632236,
490bf50507,180,293,7618,76.18,101.12547051084638,3.6804103048029895e-17,6.789158703132494,2.8278321764158316,
490bf50507,180,294,7644,76.44,101.12547051084638,3.680410304969198e-17,6.789158703132494,2.6808650539702374,
490bf50507,180,295,7670,76.7,101.12547051084638,3.6804103050996825e-17,6.789158703132494,3.886518533422973,
490bf50507,180,296,7696,76.96,101.12547051084638,3.680410305182332e-17,6.789158703132494,3.2910479425759496,
490bf50507,180,297,7722,77.22,101.12547051084638,3.680410305371116e-17,6.789158703132494,3.0724757642242206,
490bf50507,180,298,7748,77.48,101.12547051084638,3.6804103054707806e-17,6.789158703132494,2.8432329955235374,
490bf50507,180,299,7774,77.74,101.12547051084638,3.680410305792978e-17,6.789158703132494,2.2982642989369912,
490bf50507,180,300,7800,78.0,101.12547051084638,3.6804103058317547e-17,6.789158703132494,2.8801358323714346,
490bf50507,180,301,7826,78.26,101.12547051084638,3.6804103058551666e-17,6.789158703132494,3.0418087125189044,
490bf50507,180,302,7852,78.52,101.12547051084638,3.6804103059204793e-17,6.789158703132494,2.6484661987204605,
490bf50507,180,303,7878,78.78,101.12547051084638,3.6804103060936787e-17,6.789158703132494,2.9540196921109927,
490bf50507,180,304,7904,79.04,101.12547051084638,3.680410306174553e-17,6.789158703132494,2.662196713096563,
490bf50507,180,305,7930,79.3,101.12547051084638,3.6804103062794616e-17,6.789158703132494,2.8397758287918653,
490bf50507,180,306,7956,79.56,101.12547051084638,3.680410306396096e-17,6.789158703132494,2.8276194272697537,
490bf50507,180,307,7982,79.82,101.12547051084638,3.6804103066469826e-17,6.789158703132494,3.694273020533685,
490bf50507,180,308,8008,80.08,101.12547051084638,3.6804103066895565e-17,6.789158703132494,3.291590080256773,
490bf50507,180,309,8034,80.34,101.12547051084638,3.6804103067181675e-17,6.789158703132494,3.411294504370243,
490bf50507,180,310,8060,80.6,101.12547051084638,3.6804103067439355e-17,6.789158703132494,2.745799319392377,
490bf50507,180,311,8086,80.86,101.12547051084638,3.680410306774316e-17,6.789158703132494,3.016619250413095,
490bf50507,180,312,8112,81.12,101.12547051084638,3.680410306906843e-17,6.789158703132494,3.1145877865392015,
490bf50507,180,313,8138,81.38,101.12547051084638,3.680410306926914e-17,6.789158703132494,3.795324422568498,
490bf50507,180,314,8164,81.64,101.12547051084638,3.680410306943121e-17,6.789158703132494,3.4468071104654174,
490bf50507,180,315,8190,81.9,101.12547051084638,3.680410306947186e-17,6.789158703132494,3.4465412122981074,
490bf50507,180,316,8216,82.16,101.12547051084638,3.680410306959119e-17,6.789158703132494,2.6565637869891425,
490bf50507,180,317,8242,82.42,101.12547051084638,3.6804103069816304e-17,6.789158703132494,2.6422574432457693,
490bf50507,180,318,8268,82.68,101.12547051084638,3.680410306987829e-17,6.789158703132494,2.8363941350060067,
490bf50507,180,319,8294,82.94,101.12547051084638,3.6804103070783016e-17,6.789158703132494,3.581735120738534,
490bf50507,180,320,8320,83.2,101.12547051084638,3.6804103070940924e-17,6.789158703132494,3.244058351760213,
490bf50507,180,321,8346,83.46,101.12547051084638,3.6804103071142773e-17,6.789158703132494,2.7771734802738837,
490bf50507,180,322,8372,83.72,101.12547051084638,3.680410307131913e-17,6.789158703132494,2.717937563074657,
490bf50507,180,323,8398,83.98,101.12547051084638,3.6804103071659866e-17,6.789158703132494,3.2146722612216525,
490bf50507,180,324,8424,84.24,101.12547051084638,3.680410307193373e-17,6.789158703132494,2.9176741394093315,
490bf50507,180,325,8450,84.5,101.12547051084638,3.680410307214994e-17,6.789158703132494,3.4042168637694745,
490bf50507,180,326,8476,84.76,101.12547051084638,3.680410307245373e-17,6.789158703132494,2.723401437450779,
490bf50507,180,327,8502,85.02,101.12547051084638,3.680410307277405e-17,6.789158703132494,3.5799480892234996,
490bf50507,180,328,8528,85.28,101.12547051084638,3.6804103073026715e-17,6.789158703132494,3.344494173124238,
490bf50507,180,329,8554,85.54,101.12547051084638,3.6804103073101965e-17,6.789158703132494,2.9630663224562928,
490bf50507,180,330,8580,85.8,101.12547051084638,3.6804103073183125e-17,6.789158703132494,2.893733632765246,
490bf50507,180,331,8606,86.06,101.12547051084638,3.68041030732621e-17,6.789158703132494,3.922250702269383,
490bf50507,180,332,8632,86.32,101.12547051084638,3.680410307340721e-17,6.789158703132494,2.9426326311226356,
490bf50507,180,333,8658,86.58,101.12547051084638,3.680410307354084e-17,6.789158703132494,3.6838352506731735,
490bf50507,180,334,8684,86.84,101.12547051084638,3.680410307359376e-17,6.789158703132494,2.9879769060838264,
490bf50507,180,335,8710,87.1,101.12547051084638,3.6804103073861995e-17,6.789158703132494,3.033134279108464,
490bf50507,180,336,8736,87.36,101.12547051084638,3.6804103073974205e-17,6.789158703132494,3.6884334743535643,
490bf50507,180,337,8762,87.62,101.12547051084638,3.680410307416177e-17,6.789158703132494,3.397354084610333,
490bf50507,180,338,8788,87.88,101.12547051084638,3.6804103074318327e-17,6.789158703132494,3.4424649822473556,
490bf50507,180,339,8814,88.14,101.12547051084638,3.680410307436143e-17,6.789158703132494,2.8786768023669937,
490bf50507,180,340,8840,88.4,101.12547051084638,3.680410307439669e-17,6.789158703132494,3.04792121109392,
490bf50507,180,341,8866,88.66,101.12547051084638,3.6804103074446024e-17,6.789158703132494,3.9778178757509757,
490bf50507,180,342,8892,88.92,101.12547051084638,3.6804103074568396e-17,6.789158703132494,2.857331061021989,
490bf50507,180,343,8918,89.18,101.12547051084638,3.6804103074668674e-17,6.789158703132494,2.518805754662651,
490bf50507,180,344,8944,89.44,101.12547051084638,3.6804103074705485e-17,6.789158703132494,3.1312642995795112,
490bf50507,180,345,8970,89.7,101.12547051084638,3.68041030747735e-17,6.789158703132494,3.429531796157008,
490bf50507,180,346,8996,89.96,101.12547051084638,3.680410307484686e-17,6.789158703132494,3.194832443983254,
490bf50507,180,347,9022,90.22,101.12547051084638,3.680410307490017e-17,6.789158703132494,2.3408241713828626,
490bf50507,180,348,9048,90.48,101.12547051084638,3.680410307496449e-17,6.789158703132494,2.6784798214276613,
490bf50507,180,349,9074,90.74,101.12547051084638,3.6804103074992e-17,6.789158703132494,3.3065387570489126,
490bf50507,180,350,9100,91.0,101.12547051084638,3.68041030751186e-17,6.789158703132494,3.217014314783942,
490bf50507,180,351,9126,91.26,101.12547051084638,3.680410307516736e-17,6.789158703132494,3.5001096068124498,
490bf50507,180,352,9152,91.52,101.12547051084638,3.6804103075253534e-17,6.789158703132494,3.09468244397582,
490bf50507,180,353,9178,91.78,101.12547051084638,3.6804103075322276e-17,6.789158703132494,2.9997038850342395,
490bf50507,180,354,9204,92.04,101.12547051084638,3.6804103075396804e-17,6.789158703132494,2.4107800953226346,
490bf50507,180,355,9230,92.3,101.12547051084638,3.680410307542968e-17,6.789158703132494,3.6718688862742863,
490bf50507,180,356,9256,92.56,101.12547051084638,3.680410307547115e-17,6.789158703132494,3.1050732400316194,
490bf50507,180,357,9282,92.82,101.12547051084638,3.6804103075480294e-17,6.789158703132494,3.0203438632465742,
490bf50507,180,358,9308,93.08,101.12547051084638,3.680410307549853e-17,6.789158703132494,2.5368473654586166,
490bf50507,180,359,9334,93.34,101.12547051084638,3.6804103075572646e-17,6.789158703132494,3.1931481589381643,
490bf50507,180,360,9360,93.6,101.12547051084638,3.680410307560651e-17,6.789158703132494,2.1226738650411643,
490bf50507,180,361,9386,93.86,101.12547051084638,3.680410307565342e-17,6.789158703132494,3.6801598125307224,
490bf50507,180,362,9412,94.12,101.12547051084638,3.680410307573199e-17,6.789158703132494,3.4356453437963657,
490bf50507,180,363,9438,94.38,101.12547051084638,3.680410307575106e-17,6.789158703132494,3.250221200852119,
490bf50507,180,364,9464,94.64,101.12547051084638,3.680410307580754e-17,6.789158703132494,3.7144086916741457,
490bf50507,180,365,9490,94.9,101.12547051084638,3.6804103075824564e-17,6.789158703132494,2.636168827834932,
490bf50507,180,366,9516,95.16,101.12547051084638,3.6804103075852236e-17,6.789158703132494,3.478510925696609,
490bf50507,180,367,9542,95.42,101.12547051084638,3.680410307587194e-17,6.789158703132494,3.152198482278156,
490bf50507,180,368,9568,95.68,101.12547051084638,3.6804103075890576e-17,6.789158703132494,3.656304822298901,
490bf50507,180,369,9594,95.94,101.12547051084638,3.6804103075918057e-17,6.789158703132494,2.4741369826585036,
490bf50507,180,370,9620,96.2,101.12547051084638,3.68041030759672e-17,6.789158703132494,2.7917844510223344,
490bf50507,180,371,9646,96.46,101.12547051084638,3.6804103075984235e-17,6.789158703132494,2.730329203471543,
490bf50507,180,372,9672,96.72,101.12547051084638,3.680410307601173e-17,6.789158703132494,3.177955366412528,
490bf50507,180,373,9698,96.98,101.12547051084638,3.680410307605749e-17,6.789158703132494,3.0939143179897166,
490bf50507,180,374,9724,97.24,101.12547051084638,3.680410307608108e-17,6.789158703132494,2.696708844338353,
490bf50507,180,375,9750,97.5,101.12547051084638,3.680410307608723e-17,6.789158703132494,2.582020795669337,
490bf50507,180,376,9776,97.76,101.12547051084638,3.680410307609882e-17,6.789158703132494,2.592447319937691,
490bf50507,180,377,9802,98.02,101.12547051084638,3.68041030761173e-17,6.789158703132494,3.3125054451517792,
490bf50507,180,378,9828,98.28,101.12547051084638,3.6804103076141397e-17,6.789158703132494,3.5705970224346633,
490bf50507,180,379,9854,98.54,101.12547051084638,3.6804103076178516e-17,6.789158703132494,2.958488563532885,
490bf50507,180,380,9880,98.8,101.12547051084638,3.680410307619067e-17,6.789158703132494,2.983360416783942,
490bf50507,180,381,9906,99.06,101.12547051084638,3.680410307620059e-17,6.789158703132494,2.9867445896014018,
490bf50507,180,382,9932,99.32,101.12547051084638,3.680410307622378e-17,6.789158703132494,2.997568838972904,
490bf50507,180,383,9958,99.58,101.12547051084638,3.680410307624096e-17,6.789158703132494,3.0066601114092655,
490bf50507,180,384,9984,99.84,101.12547051084638,3.6804103076250136e-17,6.789158703132494,3.3709065666257603,
490bf50507,180,385,10010,100.1,101.12547051084638,3.6804103076253723e-17,6.789158703132494,3.7964491144008172,
490bf50507,180,386,10036,100.36,101.12547051084638,3.6804103076260854e-17,6.789158703132494,3.052307176778211,
490bf50507,180,387,10062,100.62,101.12547051084638,3.680410307626703e-17,6.789158703132494,3.597158497918127,
490bf50507,180,388,10088,100.88,101.12547051084638,3.680410307628495e-17,6.789158703132494,2.3066666935957723,
490bf50507,180,389,10114,101.14,101.12547051084638,3.6804103076302294e-17,6.789158703132494,3.1309891678336106,
490bf50507,180,390,10140,101.4,101.12547051084638,3.680410307631397e-17,6.789158703132494,3.1671985273173298,
490bf50507,180,391,10166,101.66,101.12547051084638,3.680410307632398e-17,6.789158703132494,3.6703006676438226,
490bf50507,180,392,10192,101.92,101.12547051084638,3.6804103076330193e-17,6.789158703132494,3.4806995131929908,
490bf50507,180,393,10218,102.18,101.12547051084638,3.680410307633752e-17,6.789158703132494,3.23818460472493,
490bf50507,180,394,10244,102.44,101.12547051084638,3.6804103076339666e-17,6.789158703132494,2.7440718680724503,
490bf50507,180,395,10270,102.7,101.12547051084638,3.6804103076351825e-17,6.789158703132494,2.779129995313774,
490bf50507,180,396,10296,102.96,101.12547051084638,3.6804103076356294e-17,6.789158703132494,3.1677195753550906,
490bf50507,180,397,10322,103.22,101.12547051084638,3.680410307636422e-17,6.789158703132494,2.6726173317588646,
490bf50507,180,398,10348,103.48,101.12547051084638,3.6804103076366086e-17,6.789158703132494,3.134234395341521,
490bf50507,180,399,10374,103.74,101.12547051084638,3.680410307636948e-17,6.789158703132494,2.2073552931971885,
490bf50507,180,400,10400,104.0,101.12547051084638,3.6804103076372706e-17,6.789158703132494,3.164165584429101,
490bf50507,180,401,10426,104.26,101.12547051084638,3.680410307637727e-17,6.789158703132494,3.515927333658515,
490bf50507,180,402,10452,104.52,101.12547051084638,3.680410307638076e-17,6.789158703132494,2.5178768834711946,
490bf50507,180,403,10478,104.78,101.12547051084638,3.6804103076381925e-17,6.789158703132494,2.915621093475108,
490bf50507,180,404,10504,105.04,101.12547051084638,3.680410307638866e-17,6.789158703132494,2.774098462076871,
490bf50507,180,405,10530,105.3,101.12547051084638,3.68041030763891e-17,6.789158703132494,2.4312329414139846,
490bf50507,180,406,10556,105.56,101.12547051084638,3.6804103076391885e-17,6.789158703132494,2.757441082174917,
490bf50507,180,407,10582,105.82,101.12547051084638,3.6804103076392797e-17,6.789158703132494,3.067934735402982,
490bf50507,180,408,10608,106.08,101.12547051084638,3.6804103076394165e-17,6.789158703132494,2.948287323686158,
490bf50507,180,409,10634,106.34,101.12547051084638,3.680410307639589e-17,6.789158703132494,2.8232466610332088,
490bf50507,180,410,10660,106.6,101.12547051084638,3.680410307639737e-17,6.789158703132494,2.857639126939932,
490bf50507,180,411,10686,106.86,101.12547051084638,3.6804103076398874e-17,6.789158703132494,2.827545933538929,
490bf50507,180,412,10712,107.12,101.12547051084638,3.680410307639998e-17,6.789158703132494,3.5760971837321733,
490bf50507,180,413,10738,107.38,101.12547051084638,3.6804103076403194e-17,6.789158703132494,2.7852621157269453,
490bf50507,180,414,10764,107.64,101.12547051084638,3.680410307640502e-17,6.789158703132494,4.111440674913506,
490bf50507,180,415,10790,107.9,101.12547051084638,3.680410307640749e-17,6.789158703132494,3.3041033909978985,
490bf50507,180,416,10816,108.16,101.12547051084638,3.680410307640862e-17,6.789158703132494,3.4126490329457213,
490bf50507,180,417,10842,108.42,101.12547051084638,3.6804103076409135e-17,6.789158703132494,2.684497429045517,
490bf50507,180,418,10868,108.68,101.12547051084638,3.680410307640933e-17,6.789158703132494,2.6058645055453535,
490bf50507,180,419,10894,108.94,101.12547051084638,3.680410307640986e-17,6.789158703132494,3.792713131690991,
490bf50507,180,420,10920,109.2,101.12547051084638,3.680410307641061e-17,6.789158703132494,3.226588560526187,
490bf50507,180,421,10946,109.46,101.12547051084638,3.6804103076411477e-17,6.789158703132494,3.2291625818160012,
490bf50507,180,422,10972,109.72,101.12547051084638,3.680410307641232e-17,6.789158703132494,3.2101334882058197,
490bf50507,180,423,10998,109.98,101.12547051084638,3.680410307641324e-17,6.789158703132494,2.7167349777939154,
490bf50507,180,424,11024,110.24,101.12547051084638,3.6804103076413763e-17,6.789158703132494,2.083123345627057,
490bf50507,180,425,11050,110.5,101.12547051084638,3.680410307641432e-17,6.789158703132494,3.454320102201575,
490bf50507,180,426,11076,110.76,101.12547051084638,3.6804103076415353e-17,6.789158703132494,2.8603333992056967,
490bf50507,180,427,11102,111.02,101.12547051084638,3.6804103076416074e-17,6.789158703132494,3.237739830610281,
490bf50507,180,428,11128,111.28,101.12547051084638,3.6804103076416506e-17,6.789158703132494,2.6223720123489738,
490bf50507,180,429,11154,111.54,101.12547051084638,3.680410307641752e-17,6.789158703132494,2.702681265175083,
490bf50507,180,430,11180,111.8,101.12547051084638,3.680410307641777e-17,6.789158703132494,3.218977963872045,
490bf50507,180,431,11206,112.06,101.12547051084638,3.680410307641814e-17,6.789158703132494,2.8495297513675575,
490bf50507,180,432,11232,112.32,101.12547051084638,3.680410307641835e-17,6.789158703132494,3.284895936400861,
490bf50507,180,433,11258,112.58,101.12547051084638,3.680410307641869e-17,6.789158703132494,2.78075615188899,
490bf50507,180,434,11284,112.84,101.12547051084638,3.680410307641879e-17,6.789158703132494,3.17396297339903,
490bf50507,180,435,11310,113.1,101.12547051084638,3.680410307641907e-17,6.789158703132494,2.858552645711856,
490bf50507,180,436,11336,113.36,101.12547051084638,3.680410307641935e-17,6.789158703132494,3.567231264528771,
490bf50507,180,437,11362,113.62,101.12547051084638,3.680410307641991e-17,6.789158703132494,2.7067593153994447,
490bf50507,180,438,11388,113.88,101.12547051084638,3.68041030764202e-17,6.789158703132494,2.3145326358636096,
490bf50507,180,439,11414,114.14,101.12547051084638,3.680410307642061e-17,6.789158703132494,2.8097514391420257,
490bf50507,180,440,11440,114.4,101.12547051084638,3.6804103076420684e-17,6.789158703132494,2.907332962477638,
490bf50507,180,441,11466,114.66,101.12547051084638,3.680410307642088e-17,6.789158703132494,2.9708784956663274,
490bf50507,180,442,11492,114.92,101.12547051084638,3.6804103076421103e-17,6.789158703132494,3.7655238655709034,
490bf50507,180,443,11518,115.18,101.12547051084638,3.6804103076421276e-17,6.789158703132494,3.1617966185415423,
490bf50507,180,444,11544,115.44,101.12547051084638,3.6804103076421356e-17,6.789158703132494,2.889037077419147,
490bf50507,180,445,11570,115.7,101.12547051084638,3.6804103076421455e-17,6.789158703132494,2.704400926339523,
490bf50507,180,446,11596,115.96,101.12547051084638,3.680410307642176e-17,6.789158703132494,2.2829383939805363,
490bf50507,180,447,11622,116.22,101.12547051084638,3.6804103076421837e-17,6.789158703132494,3.2415762166272986,
490bf50507,180,448,11648,116.48,101.12547051084638,3.6804103076422096e-17,6.789158703132494,3.5833248240432005,
490bf50507,180,449,11674,116.74,101.12547051084638,3.68041030764222e-17,6.789158703132494,3.8218278327239035,
490bf50507,180,450,11700,117.0,101.12547051084638,3.6804103076422447e-17,6.789158703132494,3.9458304947063203,
490bf50507,180,451,11726,117.26,101.12547051084638,3.680410307642266e-17,6.789158703132494,3.3479396958654597,
490bf50507,180,452,11752,117.52,101.12547051084638,3.680410307642277e-17,6.789158703132494,2.9614581503083692,
490bf50507,180,453,11778,117.78,101.12547051084638,3.680410307642298e-17,6.789158703132494,3.785892529175533,
490bf50507,180,454,11804,118.04,101.12547051084638,3.680410307642307e-17,6.789158703132494,3.205445151268056,
490bf50507,180,455,11830,118.3,101.12547051084638,3.6804103076423267e-17,6.789158703132494,3.3890262102725393,
490bf50507,180,456,11856,118.56,101.12547051084638,3.680410307642332e-17,6.789158703132494,2.0645563162584137,
490bf50507,180,457,11882,118.82,101.12547051084638,3.680410307642353e-17,6.789158703132494,3.1896975663355214,
490bf50507,180,458,11908,119.08,101.12547051084638,3.6804103076423655e-17,6.789158703132494,2.876840588898587,
490bf50507,180,459,11934,119.34,101.12547051084638,3.680410307642381e-17,6.789158703132494,3.3114771985316525,
490bf50507,180,460,11960,119.6,101.12547051084638,3.680410307642385e-17,6.789158703132494,2.932360417816248,
490bf50507,180,461,11986,119.86,101.12547051084638,3.6804103076423914e-17,6.789158703132494,3.2839437633682733,
490bf50507,180,462,12012,120.12,101.12547051084638,3.680410307642401e-17,6.789158703132494,2.941965753593151,
490bf50507,180,463,12038,120.38,101.12547051084638,3.680410307642405e-17,6.789158703132494,2.9080431965814375,
490bf50507,180,464,12064,120.64,101.12547051084638,3.6804103076424185e-17,6.789158703132494,2.9900486855582287,
490bf50507,180,465,12090,120.9,101.12547051084638,3.680410307642435e-17,6.789158703132494,3.5472859831551355,
490bf50507,180,466,12116,121.16,101.12547051084638,3.680410307642445e-17,6.789158703132494,3.002556836077631,
490bf50507,180,467,12142,121.42,101.12547051084638,3.680410307642449e-17,6.789158703132494,3.433337179513061,
490bf50507,180,468,12168,121.68,101.12547051084638,3.68041030764246e-17,6.789158703132494,3.356130195833436,
490bf50507,180,469,12194,121.94,101.12547051084638,3.6804103076424616e-17,6.789158703132494,3.049269595502643,
490bf50507,180,470,12220,122.2,101.12547051084638,3.680410307642468e-17,6.789158703132494,3.578261284045605,
490bf50507,180,471,12246,122.46,101.12547051084638,3.6804103076424684e-17,6.789158703132494,3.085027553488695,
490bf50507,180,472,12272,122.72,101.12547051084638,3.68041030764248e-17,6.789158703132494,3.682893002402659,
490bf50507,180,473,12298,122.98,101.12547051084638,3.680410307642482e-17,6.789158703132494,3.3636612469782365,
490bf50507,180,474,12324,123.24,101.12547051084638,3.680410307642485e-17,6.789158703132494,3.95818505616941,
490bf50507,180,475,12350,123.5,101.12547051084638,3.6804103076424894e-17,6.789158703132494,2.9187992915291994,
490bf50507,180,476,12376,123.76,101.12547051084638,3.6804103076425e-17,6.789158703132494,2.739986008768062,
490bf50507,180,477,12402,124.02,101.12547051084638,3.6804103076425066e-17,6.789158703132494,3.045354142834773,
490bf50507,180,478,12428,124.28,101.12547051084638,3.680410307642509e-17,6.789158703132494,2.8340824803715354,
490bf50507,180,479,12454,124.54,101.12547051084638,3.680410307642513e-17,6.789158703132494,2.6524695655213053,
490bf50507,180,480,12480,124.8,101.12547051084638,3.680410307642516e-17,6.789158703132494,1.9115570700401179,
490bf50507,180,481,12506,125.06,101.12547051084638,3.6804103076425226e-17,6.789158703132494,3.3700278282225304,
490bf50507,180,482,12532,125.32,101.12547051084638,3.680410307642522e-17,6.789158703132494,3.1853662996278596,
490bf50507,180,483,12558,125.58,101.12547051084638,3.6804103076425263e-17,6.789158703132494,2.9962669289093964,
490bf50507,180,484,12584,125.84,101.12547051084638,3.680410307642534e-17,6.789158703132494,2.561644118186152,
490bf50507,180,485,12610,126.1,101.12547051084638,3.680410307642536e-17,6.789158703132494,3.6807058779358526,
490bf50507,180,486,12636,126.36,101.12547051084638,3.6804103076425387e-17,6.789158703132494,3.414979391959194,
490bf50507,180,487,12662,126.62,101.12547051084638,3.6804103076425374e-17,6.789158703132494,3.1945774841034122,
490bf50507,180,488,12688,126.88,101.12547051084638,3.68041030764254e-17,6.789158703132494,3.098145970978612,
490bf50507,180,489,12714,127.14,101.12547051084638,3.680410307642544e-17,6.789158703132494,2.8751037436804414,
490bf50507,180,490,12740,127.4,101.12547051084638,3.6804103076425424e-17,6.789158703132494,3.259999819860683,
490bf50507,180,491,12766,127.66,101.12547051084638,3.680410307642543e-17,6.789158703132494,2.7948819043451203,
490bf50507,180,492,12792,127.92,101.12547051084638,3.680410307642545e-17,6.789158703132494,2.637754049143775,
490bf50507,180,493,12818,128.18,101.12547051084638,3.680410307642543e-17,6.789158703132494,2.913826512311657,
490bf50507,180,494,12844,128.44,101.12547051084638,3.680410307642543e-17,6.789158703132494,2.4912883665471957,
490bf50507,180,495,12870,128.7,101.12547051084638,3.6804103076425454e-17,6.789158703132494,3.6658367645654923,
490bf50507,180,496,12896,128.96,101.12547051084638,3.680410307642546e-17,6.789158703132494,2.598506447713204,
490bf50507,180,497,12922,129.22,101.12547051084638,3.6804103076425485e-17,6.789158703132494,3.1597416849060393,
490bf50507,180,498,12948,129.48,101.12547051084638,3.680410307642548e-17,6.789158703132494,3.507996254843902,
490bf50507,180,499,12974,129.74,101.12547051084638,3.6804103076425485e-17,6.789158703132494,3.246261191102645,
490bf50507,180,500,13000,130.0,101.12547051084638,3.6804103076425485e-17,6.789158703132494,2.680549841256989,
490bf50507,180,501,13026,130.26,101.12547051084638,3.6804103076425467e-17,6.789158703132494,3.9008778474607837,
490bf50507,180,502,13052,130.52,101.12547051084638,3.680410307642549e-17,6.789158703132494,2.8441602248397246,
490bf50507,180,503,13078,130.78,101.12547051084638,3.6804103076425485e-17,6.789158703132494,3.1608478187407862,
490bf50507,180,504,13104,131.04,101.12547051084638,3.680410307642551e-17,6.789158703132494,2.8713334911851693,
490bf50507,180,505,13130,131.3,101.12547051084638,3.6804103076425504e-17,6.789158703132494,2.9177644506972946,
490bf50507,180,506,13156,131.56,101.12547051084638,3.6804103076425504e-17,6.789158703132494,2.768688984463472,
490bf50507,180,507,13182,131.82,101.12547051084638,3.680410307642551e-17,6.789158703132494,2.8879324732225493,
490bf50507,180,508,13208,132.08,101.12547051084638,3.680410307642552e-17,6.789158703132494,2.563413076462484,
490bf50507,180,509,13234,132.34,101.12547051084638,3.6804103076425516e-17,6.789158703132494,2.5721076225345403,
490bf50507,180,510,13260,132.6,101.12547051084638,3.680410307642552e-17,6.789158703132494,3.2120629499671676,
490bf50507,180,511,13286,132.86,101.12547051084638,3.680410307642554e-17,6.789158703132494,2.784888826588988,
490bf50507,180,512,13312,133.12,101.12547051084638,3.680410307642555e-17,6.789158703132494,3.558284426156755,
490bf50507,180,513,13338,133.38,101.12547051084638,3.680410307642554e-17,6.789158703132494,2.551693502933127,
490bf50507,180,514,13364,133.64,101.12547051084638,3.680410307642556e-17,6.789158703132494,2.699366817989572,
490bf50507,180,515,13390,133.9,101.12547051084638,3.6804103076425535e-17,6.789158703132494,2.810320966534433,
490bf50507,180,516,13416,134.16,101.12547051084638,3.6804103076425535e-17,6.789158703132494,2.94098270941519,
490bf50507,180,517,13442,134.42,101.12547051084638,3.680410307642558e-17,6.789158703132494,3.575965837937063,
490bf50507,180,518,13468,134.68,101.12547051084638,3.6804103076425565e-17,6.789158703132494,3.111692218221341,
490bf50507,180,519,13494,134.94,101.12547051084638,3.680410307642555e-17,6.789158703132494,3.4776727113706256,
490bf50507,180,520,13520,135.2,101.12547051084638,3.680410307642555e-17,6.789158703132494,2.9562627512954167,
490bf50507,180,521,13546,135.46,101.12547051084638,3.680410307642558e-17,6.789158703132494,3.3600434440387645,
490bf50507,180,522,13572,135.72,101.12547051084638,3.6804103076425596e-17,6.789158703132494,2.768341840966388,
490bf50507,180,523,13598,135.98,101.12547051084638,3.6804103076425565e-17,6.789158703132494,2.645092228635727,
490bf50507,180,524,13624,136.24,101.12547051084638,3.6804103076425547e-17,6.789158703132494,3.144547892397594,
490bf50507,180,525,13650,136.5,101.12547051084638,3.680410307642558e-17,6.789158703132494,2.984807477655572,
490bf50507,180,526,13676,136.76,101.12547051084638,3.680410307642558e-17,6.789158703132494,2.157644455262131,
490bf50507,180,527,13702,137.02,101.12547051084638,3.6804103076425584e-17,6.789158703132494,3.5075641384753515,
490bf50507,180,528,13728,137.28,101.12547051084638,3.68041030764256e-17,6.789158703132494,2.6061582291737695,
490bf50507,180,529,13754,137.54,101.12547051084638,3.68041030764256e-17,6.789158703132494,3.311828307197654,
490bf50507,180,530,13780,137.8,101.12547051084638,3.680410307642557e-17,6.789158703132494,3.3015816647144804,
490bf50507,180,531,13806,138.06,101.12547051084638,3.680410307642559e-17,6.789158703132494,2.3797852959144365,
490bf50507,180,532,13832,138.32,101.12547051084638,3.6804103076425584e-17,6.789158703132494,2.7989660716107525,
490bf50507,180,533,13858,138.58,101.12547051084638,3.680410307642558e-17,6.789158703132494,2.359493608195747,
490bf50507,180,534,13884,138.84,101.12547051084638,3.680410307642559e-17,6.789158703132494,2.636001105177319,
490bf50507,180,535,13910,139.1,101.12547051084638,3.680410307642558e-17,6.789158703132494,2.860371039977857,
490bf50507,180,536,13936,139.36,101.12547051084638,3.6804103076425596e-17,6.789158703132494,2.9601070599918637,
490bf50507,180,537,13962,139.62,101.12547051084638,3.680410307642559e-17,6.789158703132494,3.014417968377483,
490bf50507,180,538,13988,139.88,101.12547051084638,3.680410307642558e-17,6.789158703132494,2.774665813576041,
490bf50507,180,539,14014,140.14,101.12547051084638,3.68041030764256e-17,6.789158703132494,2.772763152045933,
490bf50507,180,540,14040,140.4,101.12547051084638,3.6804103076425584e-17,6.789158703132494,3.5344499291831286,
490bf50507,180,541,14066,140.66,101.12547051084638,3.68041030764256e-17,6.789158703132494,3.2329717690017326,
490bf50507,180,542,14092,140.92,101.12547051084638,3.6804103076425584e-17,6.789158703132494,3.3291721637595253,
490bf50507,180,543,14118,141.18,101.12547051084638,3.6804103076425584e-17,6.789158703132494,2.965027912465348,
490bf50507,180,544,14144,141.44,101.12547051084638,3.68041030764256e-17,6.789158703132494,3.225213667687549,
490bf50507,180,545,14170,141.7,101.12547051084638,3.680410307642562e-17,6.789158703132494,2.335311389023615,
490bf50507,180,546,14196,141.96,101.12547051084638,3.680410307642558e-17,6.789158703132494,3.9561300312353116,
490bf50507,180,547,14222,142.22,101.12547051084638,3.680410307642559e-17,6.789158703132494,3.1708261595827945,
490bf50507,180,548,14248,142.48,101.12547051084638,3.680410307642559e-17,6.789158703132494,2.7777215516557776,
490bf50507,180,549,14274,142.74,101.12547051084638,3.68041030764256e-17,6.789158703132494,2.8770301291870966,
490bf50507,180,550,14300,143.0,101.12547051084638,3.68041030764256e-17,6.789158703132494,2.630571459511451,
490bf50507,180,551,14326,143.26,101.12547051084638,3.6804103076425615e-17,6.789158703132494,2.790442845160569,
490bf50507,180,552,14352,143.52,101.12547051084638,3.680410307642559e-17,6.789158703132494,2.6612280020006875,
490bf50507,180,553,14378,143.78,101.12547051084638,3.680410307642558e-17,6.789158703132494,3.3528039151052282,
490bf50507,180,554,14404,144.04,101.12547051084638,3.68041030764256e-17,6.789158703132494,3.1237790294132446,
490bf50507,180,555,14430,144.3,101.12547051084638,3.680410307642561e-17,6.789158703132494,2.9051660173699188,
490bf50507,180,556,14456,144.56,101.12547051084638,3.68041030764256e-17,6.789158703132494,3.2132697056561272,
490bf50507,180,557,14482,144.82,101.12547051084638,3.6804103076425596e-17,6.789158703132494,3.1605083539394085,
490bf50507,180,558,14508,145.08,101.12547051084638,3.6804103076425596e-17,6.789158703132494,2.463288283696645,
490bf50507,180,559,14534,145.34,101.12547051084638,3.68041030764256e-17,6.789158703132494,3.2746675346320653,
490bf50507,180,560,14560,145.6,101.12547051084638,3.680410307642559e-17,6.789158703132494,2.61475900195942,
490bf50507,180,561,14586,145.86,101.12547051084638,3.6804103076425615e-17,6.789158703132494,2.691669538097249,
490bf50507,180,562,14612,146.12,101.12547051084638,3.680410307642559e-17,6.789158703132494,2.75356802708389,
490bf50507,180,563,14638,146.38,101.12547051084638,3.6804103076425584e-17,6.789158703132494,3.1466956671887956,
490bf50507,180,564,14664,146.64,101.12547051084638,3.6804103076425584e-17,6.789158703132494,2.7665597093347896,
490bf50507,180,565,14690,146.9,101.12547051084638,3.680410307642559e-17,6.789158703132494,2.5078078629794076,
490bf50507,180,566,14716,147.16,101.12547051084638,3.680410307642559e-17,6.789158703132494,2.6196353757815687,
490bf50507,180,567,14742,147.42,101.12547051084638,3.680410307642562e-17,6.789158703132494,3.723031821409979,
490bf50507,180,568,14768,147.68,101.12547051084638,3.6804103076425584e-17,6.789158703132494,2.9405082122540467,
490bf50507,180,569,14794,147.94,101.12547051084638,3.6804103076425615e-17,6.789158703132494,3.466976634273502,
490bf50507,180,570,14820,148.2,101.12547051084638,3.680410307642562e-17,6.789158703132494,2.986952829238816,
490bf50507,180,571,14846,148.46,101.12547051084638,3.68041030764256e-17,6.789158703132494,2.697943399256304,
490bf50507,180,572,14872,148.72,101.12547051084638,3.680410307642561e-17,6.789158703132494,3.003477188525422,
490bf50507,180,573,14898,148.98,101.12547051084638,3.6804103076425615e-17,6.789158703132494,3.124508780483088,
490bf50507,180,574,14924,149.24,101.12547051084638,3.68041030764256e-17,6.789158703132494,3.4545204762081823,
490bf50507,180,575,14950,149.5,101.12547051084638,3.680410307642559e-17,6.789158703132494,2.933691787511375,
490bf50507,180,576,14976,149.76,101.12547051084638,3.68041030764256e-17,6.789158703132494,3.2263105876827294,
490bf50507,180,577,15002,150.02,101.12547051084638,3.6804103076425615e-17,6.789158703132494,2.872772287480406,
490bf50507,180,578,15028,150.28,101.12547051084638,3.68041030764256e-17,6.789158703132494,3.029480655970309,
490bf50507,180,579,15054,150.54,101.12547051084638,3.680410307642559e-17,6.789158703132494,2.9126394162961837,
490bf50507,180,580,15080,150.8,101.12547051084638,3.680410307642563e-17,6.789158703132494,3.0396437094264375,
490bf50507,180,581,15106,151.06,101.12547051084638,3.6804103076425596e-17,6.789158703132494,2.5797172571945284,
490bf50507,180,582,15132,151.32,101.12547051084638,3.68041030764256e-17,6.789158703132494,2.963558303185214,
490bf50507,180,583,15158,151.58,101.12547051084638,3.6804103076425584e-17,6.789158703132494,2.347093387670932,
490bf50507,180,584,15184,151.84,101.12547051084638,3.680410307642559e-17,6.789158703132494,2.9738439920134105,
490bf50507,180,585,15210,152.1,101.12547051084638,3.6804103076425596e-17,6.789158703132494,2.745156681853897,
490bf50507,180,586,15236,152.36,101.12547051084638,3.680410307642561e-17,6.789158703132494,2.581771316032866,
490bf50507,180,587,15262,152.62,101.12547051084638,3.6804103076425596e-17,6.789158703132494,3.516428604955189,
490bf50507,180,588,15288,152.88,101.12547051084638,3.6804103076425615e-17,6.789158703132494,2.690327009656272,
490bf50507,180,589,15314,153.14,101.12547051084638,3.68041030764256e-17,6.789158703132494,2.8927616655354695,
490bf50507,180,590,15340,153.4,101.12547051084638,3.680410307642559e-17,6.789158703132494,2.168446593005425,
490bf50507,180,591,15366,153.66,101.12547051084638,3.6804103076425615e-17,6.789158703132494,2.3964941596284985,
490bf50507,180,592,15392,153.92,101.12547051084638,3.6804103076425584e-17,6.789158703132494,3.060666498919058,
490bf50507,180,593,15418,154.18,101.12547051084638,3.68041030764256e-17,6.789158703132494,3.3500136610848497,
490bf50507,180,594,15444,154.44,101.12547051084638,3.6804103076425596e-17,6.789158703132494,2.5762663585078367,
490bf50507,180,595,15470,154.7,101.12547051084638,3.68041030764256e-17,6.789158703132494,3.2402493795552556,
490bf50507,180,596,15496,154.96,101.12547051084638,3.680410307642558e-17,6.789158703132494,2.6785009915206572,
490bf50507,180,597,15522,155.22,101.12547051084638,3.6804103076425584e-17,6.789158703132494,3.0317924349751038,
490bf50507,180,598,15548,155.48,101.12547051084638,3.680410307642562e-17,6.789158703132494,2.680491624545954,
490bf50507,180,599,15574,155.74,101.12547051084638,3.680410307642559e-17,6.789158703132494,3.0833942064707607,
490bf50507,180,600,15600,156.0,101.12547051084638,3.680410307642562e-17,6.789158703132494,2.4167365425373495,
490bf50507,180,601,15626,156.26,101.12547051084638,3.680410307642559e-17,6.789158703132494,3.1259609591331654,
490bf50507,180,602,15652,156.52,101.12547051084638,3.68041030764256e-17,6.789158703132494,2.704666860001484,
490bf50507,180,603,15678,156.78,101.12547051084638,3.680410307642559e-17,6.789158703132494,2.9346227172947215,
490bf50507,180,604,15704,157.04,101.12547051084638,3.6804103076425584e-17,6.789158703132494,2.698759330450479,
490bf50507,180,605,15730,157.3,101.12547051084638,3.680410307642561e-17,6.789158703132494,2.8582090586278404,
490bf50507,180,606,15756,157.56,101.12547051084638,3.6804103076425615e-17,6.789158703132494,2.268362308563056,
490bf50507,180,607,15782,157.82,101.12547051084638,3.68041030764256e-17,6.789158703132494,3.272949934249484,
490bf50507,180,608,15808,158.08,101.12547051084638,3.680410307642562e-17,6.789158703132494,2.8814018170528732,
490bf50507,180,609,15834,158.34,101.12547051084638,3.6804103076425615e-17,6.789158703132494,3.6572863813357124,
490bf50507,180,610,15860,158.6,101.12547051084638,3.6804103076425596e-17,6.789158703132494,3.1488353596465273,
490bf50507,180,611,15886,158.86,101.12547051084638,3.6804103076425596e-17,6.789158703132494,3.3818391921030413,
490bf50507,180,612,15912,159.12,101.12547051084638,3.6804103076425584e-17,6.789158703132494,2.693378544173735,
490bf50507,180,613,15938,159.38,101.12547051084638,3.680410307642559e-17,6.789158703132494,3.35315663193579,
490bf50507,180,614,15964,159.64,101.12547051084638,3.680410307642562e-17,6.789158703132494,2.7008972519405625,
490bf50507,180,615,15990,159.9,101.12547051084638,3.680410307642559e-17,6.789158703132494,3.549278676372839,
490bf50507,180,616,16016,160.16,101.12547051084638,3.680410307642562e-17,6.789158703132494,2.9006086557210793,
490bf50507,180,617,16042,160.42,101.12547051084638,3.68041030764256e-17,6.789158703132494,3.4013538585729357,
490bf50507,180,618,16068,160.68,101.12547051084638,3.68041030764256e-17,6.789158703132494,2.9983844719960473,
490bf50507,180,619,16094,160.94,101.12547051084638,3.6804103076425584e-17,6.789158703132494,3.1160107476424646,
490bf50507,180,620,16120,161.2,101.12547051084638,3.68041030764256e-17,6.789158703132494,2.709584912322683,
490bf50507,180,621,16146,161.46,101.12547051084638,3.680410307642561e-17,6.789158703132494,3.139510196759306,
490bf50507,180,622,16172,161.72,101.12547051084638,3.6804103076425584e-17,6.789158703132494,2.574474587555191,
490bf50507,180,623,16198,161.98,101.12547051084638,3.680410307642558e-17,6.789158703132494,2.5842715268622523,
490bf50507,180,624,16224,162.24,101.12547051084638,3.68041030764256e-17,6.789158703132494,2.8317634258135627,
490bf50507,180,625,16250,162.5,101.12547051084638,3.680410307642559e-17,6.789158703132494,3.0983750986130048,
490bf50507,180,626,16276,162.76,101.12547051084638,3.6804103076425584e-17,6.789158703132494,2.7769446216665106,
490bf50507,180,627,16302,163.02,101.12547051084638,3.68041030764256e-17,6.789158703132494,2.974174633814803,
490bf50507,180,628,16328,163.28,101.12547051084638,3.680410307642561e-17,6.789158703132494,3.1836014529991967,
490bf50507,180,629,16354,163.54,101.12547051084638,3.68041030764256e-17,6.789158703132494,2.4023164861526696,
490bf50507,180,630,16380,163.8,101.12547051084638,3.68041030764256e-17,6.789158703132494,2.465811236808262,
490bf50507,180,631,16406,164.06,101.12547051084638,3.68041030764256e-17,6.789158703132494,2.4646229003155304,
490bf50507,180,632,16432,164.32,101.12547051084638,3.68041030764256e-17,6.789158703132494,2.3796494665476895,
490bf50507,180,633,16458,164.58,101.12547051084638,3.68041030764256e-17,6.789158703132494,2.433499015309104,
490bf50507,180,634,16484,164.84,101.12547051084638,3.6804103076425615e-17,6.789158703132494,3.2050074945094913,
490bf50507,180,635,16510,165.1,101.12547051084638,3.68041030764256e-17,6.789158703132494,3.5151306935442106,
490bf50507,180,636,16536,165.36,101.12547051084638,3.68041030764256e-17,6.789158703132494,3.6292311626498988,
490bf50507,180,637,16562,165.62,101.12547051084638,3.68041030764256e-17,6.789158703132494,2.631844917610255,
490bf50507,180,638,16588,165.88,101.12547051084638,3.6804103076425596e-17,6.789158703132494,3.0200463937552295,
490bf50507,180,639,16614,166.14,101.12547051084638,3.68041030764256e-17,6.789158703132494,2.895567864334726,
490bf50507,180,640,16640,166.4,101.12547051084638,3.680410307642562e-17,6.789158703132494,3.069433131196223,
490bf50507,180,641,16666,166.66,101.12547051084638,3.68041030764256e-17,6.789158703132494,3.2946752658217817,
490bf50507,180,642,16692,166.92,101.12547051084638,3.6804103076425596e-17,6.789158703132494,2.9437828885375663,
490bf50507,180,643,16718,167.18,101.12547051084638,3.68041030764256e-17,6.789158703132494,3.027883714732565,
490bf50507,180,644,16744,167.44,101.12547051084638,3.680410307642562e-17,6.789158703132494,3.716364175510593,
490bf50507,180,645,16770,167.7,101.12547051084638,3.680410307642562e-17,6.789158703132494,3.5287721140752755,
490bf50507,180,646,16796,167.96,101.12547051084638,3.6804103076425584e-17,6.789158703132494,2.8306469151278804,
490bf50507,180,647,16822,168.22,101.12547051084638,3.6804103076425596e-17,6.789158703132494,3.336926190925114,
490bf50507,180,648,16848,168.48,101.12547051084638,3.68041030764256e-17,6.789158703132494,2.6185410443719896,
490bf50507,180,649,16874,168.74,101.12547051084638,3.6804103076425596e-17,6.789158703132494,3.4690956608128474,
490bf50507,180,650,16900,169.0,101.12547051084638,3.680410307642559e-17,6.789158703132494,2.244086552445823,
490bf50507,180,651,16926,169.26,101.12547051084638,3.6804103076425596e-17,6.789158703132494,3.416606543444797,
490bf50507,180,652,16952,169.52,101.12547051084638,3.6804103076425615e-17,6.789158703132494,2.744540754188051,
490bf50507,180,653,16978,169.78,101.12547051084638,3.6804103076425596e-17,6.789158703132494,2.5920912732488466,
490bf50507,180,654,17004,170.04,101.12547051084638,3.680410307642561e-17,6.789158703132494,2.7267252120419707,
490bf50507,180,655,17030,170.3,101.12547051084638,3.6804103076425584e-17,6.789158703132494,2.459902200214263,
490bf50507,180,656,17056,170.56,101.12547051084638,3.6804103076425596e-17,6.789158703132494,3.8381956807321003,
490bf50507,180,657,17082,170.82,101.12547051084638,3.680410307642561e-17,6.789158703132494,3.038448443786641,
490bf50507,180,658,17108,171.08,101.12547051084638,3.680410307642559e-17,6.789158703132494,2.6886208439876778,
490bf50507,180,659,17134,171.34,101.12547051084638,3.680410307642561e-17,6.789158703132494,2.7669379916580312,
490bf50507,180,660,17160,171.6,101.12547051084638,3.680410307642562e-17,6.789158703132494,2.761609518466769,
490bf50507,180,661,17186,171.86,101.12547051084638,3.680410307642561e-17,6.789158703132494,3.2351542314897492,
490bf50507,180,662,17212,172.12,101.12547051084638,3.68041030764256e-17,6.789158703132494,3.4069583418524694,
490bf50507,180,663,17238,172.38,101.12547051084638,3.6804103076425615e-17,6.789158703132494,3.3434351718177098,
490bf50507,180,664,17264,172.64,101.12547051084638,3.680410307642563e-17,6.789158703132494,2.821054490407927,
490bf50507,180,665,17290,172.9,101.12547051084638,3.68041030764256e-17,6.789158703132494,2.716740448366556,
490bf50507,180,666,17316,173.16,101.12547051084638,3.68041030764256e-17,6.789158703132494,2.263242661966843,
490bf50507,180,667,17342,173.42,101.12547051084638,3.680410307642559e-17,6.789158703132494,2.8978015478754355,
490bf50507,180,668,17368,173.68,101.12547051084638,3.68041030764256e-17,6.789158703132494,3.3216070433660274,
490bf50507,180,669,17394,173.94,101.12547051084638,3.6804103076425584e-17,6.789158703132494,3.1688589756126144,
490bf50507,180,670,17420,174.2,101.12547051084638,3.680410307642559e-17,6.789158703132494,3.0160182105901345,
490bf50507,180,671,17446,174.46,101.12547051084638,3.6804103076425584e-17,6.789158703132494,3.00578206247252,
490bf50507,180,672,17472,174.72,101.12547051084638,3.68041030764256e-17,6.789158703132494,3.1020997301532027,
490bf50507,180,673,17498,174.98,101.12547051084638,3.68041030764256e-17,6.789158703132494,2.9756736784597324,
490bf50507,180,674,17524,175.24,101.12547051084638,3.6804103076425584e-17,6.789158703132494,3.2500380731177634,
490bf50507,180,675,17550,175.5,101.12547051084638,3.680410307642562e-17,6.789158703132494,2.7783398404853363,
490bf50507,180,676,17576,175.76,101.12547051084638,3.680410307642561e-17,6.789158703132494,3.11659725161766,
490bf50507,180,677,17602,176.02,101.12547051084638,3.6804103076425615e-17,6.789158703132494,3.003363065440376,
490bf50507,180,678,17628,176.28,101.12547051084638,3.68041030764256e-17,6.789158703132494,2.7528249599205634,
490bf50507,180,679,17654,176.54,101.12547051084638,3.6804103076425596e-17,6.789158703132494,4.167235883983957,
490bf50507,180,680,17680,176.8,101.12547051084638,3.68041030764256e-17,6.789158703132494,2.613551966267942,
490bf50507,180,681,17706,177.06,101.12547051084638,3.68041030764256e-17,6.789158703132494,3.5685716385142023,
490bf50507,180,682,17732,177.32,101.12547051084638,3.680410307642559e-17,6.789158703132494,2.343427564530399,
490bf50507,180,683,17758,177.58,101.12547051084638,3.680410307642561e-17,6.789158703132494,3.2840969049854536,
490bf50507,180,684,17784,177.84,101.12547051084638,3.680410307642559e-17,6.789158703132494,3.2048336473413204,
490bf50507,180,685,17810,178.1,101.12547051084638,3.6804103076425596e-17,6.789158703132494,3.3318508528324005,
490bf50507,180,686,17836,178.36,101.12547051084638,3.6804103076425565e-17,6.789158703132494,4.299370684699116,
490bf50507,180,687,17862,178.62,101.12547051084638,3.680410307642561e-17,6.789158703132494,2.756253807010224,
490bf50507,180,688,17888,178.88,101.12547051084638,3.680410307642561e-17,6.789158703132494,2.717450210340704,
490bf50507,180,689,17914,179.14,101.12547051084638,3.680410307642559e-17,6.789158703132494,2.7749230445676076,
490bf50507,180,690,17940,179.4,101.12547051084638,3.680410307642561e-17,6.789158703132494,2.5587411348352846,
490bf50507,180,691,17966,179.66,101.12547051084638,3.68041030764256e-17,6.789158703132494,3.4645691384913655,
490bf50507,180,692,17992,179.92,101.12547051084638,,6.789158703132494,4.064115876965981,
e6f4cde589,180,0,0,0.0,516651013610901.0,22.997775591612417,119640441474639.08,58338493610346.414,"ProjectedCommonDirectionsConfig(subspace_no_grads=1, subspace_no_updates=1, subspace_frac_random=0.05, direction_str=sd, random_proj=True, random_proj_dim_frac=0.2, ensemble=haar, inner_use_full_grad=True, orth_P_k=True, beta=0.001, tau=0.5, c_const=inf, N_try=200, alpha_max=100, p_const=1)"
e6f4cde589,180,1,26,0.26,100358187248744.98,6.106094661189389,52729756777459.914,23047014071002.28,
e6f4cde589,180,2,52,0.52,209750406118.2852,0.2908263491769692,2410631177395.592,868281328626.1011,
e6f4cde589,180,3,78,0.78,3823977650.9324384,0.04290829820248331,325489535831.78534,157750833486.4328,
e6f4cde589,180,4,104,1.04,482490931.7920958,0.01587443343114731,115617585677.3691,56182075313.77897,
e6f4cde589,180,5,130,1.3,106628172.75241868,0.008060515254385508,54351951445.41585,30357399944.77526,
e6f4cde589,180,6,156,1.56,54528934.83243122,0.0060963531955700555,38868024558.120834,20879948783.643017,
e6f4cde589,180,7,182,1.82,45999397.94107603,0.005634030525406186,35698910366.86702,12376877433.739689,
e6f4cde589,180,8,208,2.08,40848365.06999145,0.00534612422974218,33640788445.173588,12169147310.790367,
e6f4cde589,180,9,234,2.34,38390416.21979639,0.0026124181162254785,32612958841.270493,15293846835.697714,
e6f4cde589,180,10,260,2.6,123.77909441234848,2.034747806035879e-06,25052334.80071112,9352221.236706307,
e6f4cde589,180,11,286,2.86,101.14432940533905,5.898111197752157e-08,722832.1115688045,318607.58306559006,
e6f4cde589,180,12,312,3.12,101.12549837512323,2.2921391575269056e-09,27782.4577152641,17173.123002403736,
e6f4cde589,180,13,338,3.38,101.12547062035053,1.4260676335391257e-10,1711.9595970857247,637.0451049128694,
e6f4cde589,180,14,364,3.64,101.12547051492999,1.1787490147649045e-11,140.78155199525395,56.57639953963383,
e6f4cde589,180,15,390,3.9,101.12547051450866,2.2067294781649836e-12,13.148793446362937,6.82648754576335,
e6f4cde589,180,16,416,4.16,101.12547051369174,2.5923592604545988e-15,15.732952315368847,8.015575165123858,
e6f4cde589,180,17,442,4.42,101.12547051354576,1.3002040452632543e-15,15.697574196237952,7.863554477961165,
e6f4cde589,180,18,468,4.68,101.1254705135036,1.6332081103429322e-16,15.68274251739042,7.602023803226568,
e6f4cde589,180,19,494,4.94,101.1254705134715,1.6407021146377806e-16,15.682611390254264,6.313607794726964,
e6f4cde589,180,20,520,5.2,101.1254705134556,1.6421404085988954e-16,15.682405723041388,7.8482144592049226,
e6f4cde589,180,21,546,5.46,101.12547051342831,4.109287079046095e-17,15.682170834465119,7.679569048645355,
e6f4cde589,180,22,572,5.72,101.12547051342831,4.116504023362152e-17,15.682170834465119,7.324665175339081,
e6f4cde589,180,23,598,5.98,101.12547051342831,4.12402676601986e-17,15.682170834465119,7.644046266806375,
e6f4cde589,180,24,624,6.24,101.12547051342831,4.1283851129202283e-17,15.682170834465119,5.160763801464288,
e6f4cde589,180,25,650,6.5,101.12547051342831,4.138321461308206e-17,15.682170834465119,6.827883802193385,
e6f4cde589,180,26,676,6.76,101.12547051342831,4.141096610553866e-17,15.682170834465119,5.53120212902588,
e6f4cde589,180,27,702,7.02,101.12547051342831,8.298063254902634e-17,15.682170834465119,6.8723837565220585,
e6f4cde589,180,28,728,7.28,101.12547051342831,4.157894410354324e-17,15.682170834465119,5.982457487889796,
e6f4cde589,180,29,754,7.54,101.12547051342831,4.1591886853582815e-17,15.682170834465119,7.067321999144277,
e6f4cde589,180,30,780,7.8,101.12547051342831,4.16876800140308e-17,15.682170834465119,7.017570266129159,
e6f4cde589,180,31,806,8.06,101.12547051342831,4.171783269390979e-17,15.682170834465119,7.820841018621115,
e6f4cde589,180,32,832,8.32,101.12547051342831,4.176828441195378e-17,15.682170834465119,6.073849605635328,
e6f4cde589,180,33,858,8.58,101.12547051342831,4.1794509179825654e-17,15.682170834465119,6.564775049761955,
e6f4cde589,180,34,884,8.84,101.12547051342831,8.362961919874621e-17,15.682170834465119,7.543849340863343,
e6f4cde589,180,35,910,9.1,101.12547051342496,8.368274847867197e-17,15.682161461929327,8.14466239220355,
e6f4cde589,180,36,936,9.36,101.12547051342496,4.189654175205543e-17,15.682161461929327,7.123465518906515,
e6f4cde589,180,37,962,9.62,101.12547051342496,4.195324730790095e-17,15.682161461929327,6.212534399329947,
e6f4cde589,180,38,988,9.88,101.12547051342496,4.1979117383766983e-17,15.682161461929327,6.210499144564813,
e6f4cde589,180,39,1014,10.14,101.12547051342496,4.203246335488257e-17,15.682161461929327,6.547038866450522,
e6f4cde589,180,40,1040,10.4,101.12547051342496,4.2055494198449235e-17,15.682161461929327,8.164880907734098,
e6f4cde589,180,41,1066,10.66,101.12547051342496,4.211558359355867e-17,15.682161461929327,7.655683741222378,
e6f4cde589,180,42,1092,10.92,101.12547051342496,8.42863509821355e-17,15.682161461929327,8.657848595919477,
e6f4cde589,180,43,1118,11.18,101.12547051342496,4.2173966145830145e-17,15.682161461929327,6.649740576097024,
e6f4cde589,180,44,1144,11.44,101.12547051342496,4.219468657086073e-17,15.682161461929327,7.266826093953193,
e6f4cde589,180,45,1170,11.7,101.12547051342496,4.221018051854413e-17,15.682161461929327,6.264624291032124,
e6f4cde589,180,46,1196,11.96,101.12547051342496,4.222816762615853e-17,15.682161461929327,6.728379120804123,
e6f4cde589,180,47,1222,12.22,101.12547051342496,4.2255015806441114e-17,15.682161461929327,8.536962164982572,
e6f4cde589,180,48,1248,12.48,101.12547051342496,4.226425885767924e-17,15.682161461929327,6.713200327692178,
e6f4cde589,180,49,1274,12.74,101.12547051342496,4.2287226295978073e-17,15.682161461929327,6.040203244801997,
e6f4cde589,180,50,1300,13.0,101.12547051342496,4.2305539882337315e-17,15.682161461929327,7.454193358292753,
e6f4cde589,180,51,1326,13.26,101.12547051342496,4.2325648109182547e-17,15.682161461929327,5.856358012005901,
e6f4cde589,180,52,1352,13.52,101.12547051342496,4.2331170785679147e-17,15.682161461929327,4.515998031297209,
e6f4cde589,180,53,1378,13.78,101.12547051342496,4.2342434871387946e-17,15.682161461929327,7.934601864926301,
e6f4cde589,180,54,1404,14.04,101.12547051342496,4.236325983898996e-17,15.682161461929327,7.452150476249107,
e6f4cde589,180,55,1430,14.3,101.12547051342496,4.237269397899883e-17,15.682161461929327,6.620584742826904,
e6f4cde589,180,56,1456,14.56,101.12547051342496,4.237708683301464e-17,15.682161461929327,6.809554750428279,
e6f4cde589,180,57,1482,14.82,101.12547051342496,4.238024925756356e-17,15.682161461929327,6.688450528920338,
e6f4cde589,180,58,1508,15.08,101.12547051342496,4.2387772681053183e-17,15.682161461929327,7.879793927890833,
e6f4cde589,180,59,1534,15.34,101.12547051342496,4.239334508134097e-17,15.682161461929327,5.630234632534525,
e6f4cde589,180,60,1560,15.6,101.12547051342496,4.239648625779693e-17,15.682161461929327,7.574586667161838,
e6f4cde589,180,61,1586,15.86,101.12547051342496,4.240334080698891e-17,15.682161461929327,7.90249704330196,
e6f4cde589,180,62,1612,16.12,101.12547051342496,4.241441981493181e-17,15.682161461929327,6.732684211098391,
e6f4cde589,180,63,1638,16.38,101.12547051342496,4.2419725319380816e-17,15.682161461929327,7.9611168066514475,
e6f4cde589,180,64,1664,16.64,101.12547051342496,4.2427163149347476e-17,15.682161461929327,6.947768370878544,
e6f4cde589,180,65,1690,16.9,101.12547051342496,4.2432120601364144e-17,15.682161461929327,7.462850413454506,
e6f4cde589,180,66,1716,17.16,101.12547051342496,4.244014598135131e-17,15.682161461929327,6.38494652731884,
e6f4cde589,180,67,1742,17.42,101.12547051342496,4.244150022055169e-17,15.682161461929327,7.493846955389113,
e6f4cde589,180,68,1768,17.68,101.12547051342496,4.24452236900407e-17,15.682161461929327,7.241540219505775,
e6f4cde589,180,69,1794,17.94,101.12547051342496,4.245347265653802e-17,15.682161461929327,6.928590796472418,
e6f4cde589,180,70,1820,18.2,101.12547051342496,4.246023828762233e-17,15.682161461929327,7.023773342664876,
e6f4cde589,180,71,1846,18.46,101.12547051342496,4.2462985410369833e-17,15.682161461929327,7.297306862294605,
e6f4cde589,180,72,1872,18.72,101.12547051342496,4.2466110906557616e-17,15.682161461929327,7.575319101137299,
e6f4cde589,180,73,1898,18.98,101.12547051342496,4.246876118556736e-17,15.682161461929327,7.662015917329124,
e6f4cde589,180,74,1924,19.24,101.12547051342496,4.247273712377982e-17,15.682161461929327,8.661970492806828,
e6f4cde589,180,75,1950,19.5,101.12547051342496,4.2476148696039516e-17,15.682161461929327,7.716941525475406,
e6f4cde589,180,76,1976,19.76,101.12547051342496,4.2478121213226936e-17,15.682161461929327,6.920620413435818,
e6f4cde589,180,77,2002,20.02,101.12547051342496,4.248069801586045e-17,15.682161461929327,7.078661891829068,
e6f4cde589,180,78,2028,20.28,101.12547051342496,4.248418488161109e-17,15.682161461929327,7.522052672573983,
e6f4cde589,180,79,2054,20.54,101.12547051342496,4.248685755749171e-17,15.682161461929327,7.734808708682608,
e6f4cde589,180,80,2080,20.8,101.12547051342496,4.2488558580083486e-17,15.682161461929327,6.295854645184015,
e6f4cde589,180,81,2106,21.06,101.12547051342496,4.2489112207811456e-17,15.682161461929327,7.047033635981007,
e6f4cde589,180,82,2132,21.32,101.12547051342496,4.248960618969386e-17,15.682161461929327,7.555637424852792,
e6f4cde589,180,83,2158,21.58,101.12547051342496,4.249019432458017e-17,15.682161461929327,5.650036990936203,
e6f4cde589,180,84,2184,21.84,101.12547051342496,4.2490726736116076e-17,15.682161461929327,6.278594568202051,
e6f4cde589,180,85,2210,22.1,101.12547051342496,4.249164244639353e-17,15.682161461929327,3.9261201114167665,
e6f4cde589,180,86,2236,22.36,101.12547051342496,4.249212568983679e-17,15.682161461929327,7.177227685175881,
e6f4cde589,180,87,2262,22.62,101.12547051342496,4.249270749347678e-17,15.682161461929327,5.9260346625478935,
e6f4cde589,180,88,2288,22.88,101.12547051342496,4.2493816371776733e-17,15.682161461929327,7.9528508422501885,
e6f4cde589,180,89,2314,23.14,101.12547051342496,4.249468061405475e-17,15.682161461929327,7.506261603212569,
e6f4cde589,180,90,2340,23.4,101.12547051342496,4.2495225754150875e-17,15.682161461929327,6.675129701893529,
e6f4cde589,180,91,2366,23.66,101.12547051342496,4.249611528300514e-17,15.682161461929327,8.910620865656695,
e6f4cde589,180,92,2392,23.92,101.12547051342496,4.2496669295620966e-17,15.682161461929327,6.645795715323078,
e6f4cde589,180,93,2418,24.18,101.12547051342496,4.2496957544653465e-17,15.682161461929327,7.478363464315074,
e6f4cde589,180,94,2444,24.44,101.12547051342496,4.2497717886901365e-17,15.682161461929327,7.697159165373846,
e6f4cde589,180,95,2470,24.7,101.12547051342496,4.2498098630796865e-17,15.682161461929327,7.407304805326824,
e6f4cde589,180,96,2496,24.96,101.12547051342496,4.249856710946001e-17,15.682161461929327,5.955720759999049,
e6f4cde589,180,97,2522,25.22,101.12547051342496,4.249886372415138e-17,15.682161461929327,5.889307942334793,
e6f4cde589,180,98,2548,25.48,101.12547051342496,4.249942961733355e-17,15.682161461929327,5.9083560756431766,
e6f4cde589,180,99,2574,25.74,101.12547051342496,4.2499732471957775e-17,15.682161461929327,8.822565400089639,
e6f4cde589,180,100,2600,26.0,101.12547051342496,4.249990489916264e-17,15.682161461929327,7.165125355051249,
e6f4cde589,180,101,2626,26.26,101.12547051342496,4.2500107268617636e-17,15.682161461929327,7.287696997538129,
e6f4cde589,180,102,2652,26.52,101.12547051342496,4.250029583465101e-17,15.682161461929327,6.935783268225967,
e6f4cde589,180,103,2678,26.78,101.12547051342496,4.250048729187091e-17,15.682161461929327,7.074650239980523,
e6f4cde589,180,104,2704,27.04,101.12547051342496,4.2500904473071e-17,15.682161461929327,5.299799771866178,
e6f4cde589,180,105,2730,27.3,101.12547051342496,4.2501071802124227e-17,15.682161461929327,4.966156030746819,
e6f4cde589,180,106,2756,27.56,101.12547051342496,4.2501119496603496e-17,15.682161461929327,5.7401163405450575,
e6f4cde589,180,107,2782,27.82,101.12547051342496,4.2501778221511087e-17,15.682161461929327,6.006690425232697,
e6f4cde589,180,108,2808,28.08,101.12547051342496,4.2502332157819755e-17,15.682161461929327,8.033893111568581,
e6f4cde589,180,109,2834,28.34,101.12547051342496,4.250266228478829e-17,15.682161461929327,6.501847378108289,
e6f4cde589,180,110,2860,28.6,101.12547051342496,4.2502740802529535e-17,15.682161461929327,7.7810557538534555,
e6f4cde589,180,111,2886,28.86,101.12547051342496,4.2503076358142286e-17,15.682161461929327,6.870573087987702,
e6f4cde589,180,112,2912,29.12,101.12547051342496,4.25033975877051e-17,15.682161461929327,4.462964230495257,
e6f4cde589,180,113,2938,29.38,101.12547051342496,4.250381995087091e-17,15.682161461929327,5.6494503571094326,
e6f4cde589,180,114,2964,29.64,101.12547051342496,5.571087429528701e-12,15.682161461929327,5.917672153418735,
e6f4cde589,180,115,2990,29.9,101.1254705130653,1.6665277350099524e-16,61.48750541452826,28.396007808685646,
e6f4cde589,180,116,3016,30.16,101.1254705130561,4.166310694585433e-17,61.48728656603256,32.09487293680196,
e6f4cde589,180,117,3042,30.42,101.1254705130561,4.1663169381056484e-17,61.48728656603256,31.258641822594328,
e6f4cde589,180,118,3068,30.68,101.1254705130561,4.1663319645351983e-17,61.48728656603256,29.58694575486639,
e6f4cde589,180,119,3094,30.94,101.1254705130561,4.166339904436418e-17,61.48728656603256,24.211691120522058,
e6f4cde589,180,120,3120,31.2,101.1254705130561,4.166350304631173e-17,61.48728656603256,30.93019395819792,
e6f4cde589,180,121,3146,31.46,101.1254705130561,4.166362738780206e-17,61.48728656603256,19.43044916737076,
e6f4cde589,180,122,3172,31.72,101.1254705130561,4.166376480397181e-17,61.48728656603256,24.226260984138825,
e6f4cde589,180,123,3198,31.98,101.1254705130561,4.166379530769504e-17,61.48728656603256,26.378645922169515,
e6f4cde589,180,124,3224,32.24,101.1254705130561,4.166392880183444e-17,61.48728656603256,27.762028194338246,
e6f4cde589,180,125,3250,32.5,101.1254705130561,4.1664086245383283e-17,61.48728656603256,31.293233050689253,
e6f4cde589,180,126,3276,32.76,101.1254705130561,4.1664139769930174e-17,61.48728656603256,23.876792077174883,
e6f4cde589,180,127,3302,33.02,101.1254705130561,4.1664165299988855e-17,61.48728656603256,24.2922668289999,
e6f4cde589,180,128,3328,33.28,101.1254705130561,4.16642818942424e-17,61.48728656603256,20.045052178180807,
e6f4cde589,180,129,3354,33.54,101.1254705130561,4.1664330230493076e-17,61.48728656603256,24.99992147401992,
e6f4cde589,180,130,3380,33.8,101.1254705130561,4.1664439772588334e-17,61.48728656603256,25.511150706562688,
e6f4cde589,180,131,3406,34.06,101.1254705130561,4.1664530411041225e-17,61.48728656603256,18.884349461471935,
e6f4cde589,180,132,3432,34.32,101.1254705130561,4.166455516707655e-17,61.48728656603256,24.659354383104915,
e6f4cde589,180,133,3458,34.58,101.1254705130561,4.166465479245257e-17,61.48728656603256,29.554005427271868,
e6f4cde589,180,134,3484,34.84,101.1254705130561,4.166469729965817e-17,61.48728656603256,29.132257066055097,
e6f4cde589,180,135,3510,35.1,101.1254705130561,4.166472734807529e-17,61.48728656603256,23.971703331022486,
e6f4cde589,180,136,3536,35.36,101.1254705130561,4.166475397643573e-17,61.48728656603256,28.564918538967838,
e6f4cde589,180,137,3562,35.62,101.1254705130561,4.166479388745401e-17,61.48728656603256,22.47895981660749,
e6f4cde589,180,138,3588,35.88,101.1254705130561,4.166483730404189e-17,61.48728656603256,30.616803110445584,
e6f4cde589,180,139,3614,36.14,101.1254705130561,4.1664873202055353e-17,61.48728656603256,24.362363875228272,
e6f4cde589,180,140,3640,36.4,101.1254705130561,4.1664877443649526e-17,61.48728656603256,25.543927513927752,
e6f4cde589,180,141,3666,36.66,101.1254705130561,4.1664886260079495e-17,61.48728656603256,25.890655732027366,
e6f4cde589,180,142,3692,36.92,101.1254705130561,4.166489748480922e-17,61.48728656603256,29.9660449406818,
e6f4cde589,180,143,3718,37.18,101.1254705130561,4.166492738013648e-17,61.48728656603256,32.349782105711675,
e6f4cde589,180,144,3744,37.44,101.1254705130561,4.1664963736366267e-17,61.48728656603256,27.60750782833448,
e6f4cde589,180,145,3770,37.7,101.1254705130561,4.1665013172329e-17,61.48728656603256,26.7063970567695,
e6f4cde589,180,146,3796,37.96,101.1254705130561,4.1665053515103006e-17,61.48728656603256,24.273983746819226,
e6f4cde589,180,147,3822,38.22,101.1254705130561,4.166507190178416e-17,61.48728656603256,31.03174484711865,
e6f4cde589,180,148,3848,38.48,101.1254705130561,4.166509434013351e-17,61.48728656603256,26.124670830336747,
e6f4cde589,180,149,3874,38.74,101.1254705130561,4.166509981886492e-17,61.48728656603256,37.338334090292186,
e6f4cde589,180,150,3900,39.0,101.1254705130561,4.1665109518972305e-17,61.48728656603256,28.066695611415835,
e6f4cde589,180,151,3926,39.26,101.1254705130561,4.1665130615750615e-17,61.48728656603256,28.634559848608227,
e6f4cde589,180,152,3952,39.52,101.1254705130561,4.166514705332463e-17,61.48728656603256,25.39781601476977,
e6f4cde589,180,153,3978,39.78,101.1254705130561,4.166516036328662e-17,61.48728656603256,28.03044676946272,
e6f4cde589,180,154,4004,40.04,101.1254705130561,4.166518697408301e-17,61.48728656603256,29.165817400078176,
e6f4cde589,180,155,4030,40.3,101.1254705130561,4.166520029659957e-17,61.48728656603256,24.007338770220514,
e6f4cde589,180,156,4056,40.56,101.1254705130561,4.166520769417887e-17,61.48728656603256,25.113159671219385,
e6f4cde589,180,157,4082,40.82,101.1254705130561,4.166522480275055e-17,61.48728656603256,28.35821342685725,
e6f4cde589,180,158,4108,41.08,101.1254705130561,4.1665239044559955e-17,61.48728656603256,23.724025903307144,
e6f4cde589,180,159,4134,41.34,101.1254705130561,4.1665242429326994e-17,61.48728656603256,39.08170676252544,
e6f4cde589,180,160,4160,41.6,101.1254705130561,4.16652609771538e-17,61.48728656603256,32.99440579781676,
e6f4cde589,180,161,4186,41.86,101.1254705130561,4.166527169748676e-17,61.48728656603256,26.53584113996337,
e6f4cde589,180,162,4212,42.12,101.1254705130561,4.166527365263294e-17,61.48728656603256,24.246588540644964,
e6f4cde589,180,163,4238,42.38,101.1254705130561,4.1665277801513405e-17,61.48728656603256,31.549242174892687,
e6f4cde589,180,164,4264,42.64,101.1254705130561,4.1665285078654134e-17,61.48728656603256,30.294400269075886,
e6f4cde589,180,165,4290,42.9,101.1254705130561,4.1665294036419646e-17,61.48728656603256,31.56848409635534,
e6f4cde589,180,166,4316,43.16,101.1254705130561,4.1665296038076355e-17,61.48728656603256,26.491258414193382,
e6f4cde589,180,167,4342,43.42,101.1254705130561,4.166530437087794e-17,61.48728656603256,30.926168564445383,
e6f4cde589,180,168,4368,43.68,101.1254705130561,4.166530703244194e-17,61.48728656603256,29.69942856322659,
e6f4cde589,180,169,4394,43.94,101.1254705130561,4.166530905986498e-17,61.48728656603256,29.165176219939237,
e6f4cde589,180,170,4420,44.2,101.1254705130561,4.166531208274717e-17,61.48728656603256,19.16493552057276,
e6f4cde589,180,171,4446,44.46,101.1254705130561,4.1665319905434725e-17,61.48728656603256,28.235539766697936,
e6f4cde589,180,172,4472,44.72,101.1254705130561,4.166532616560723e-17,61.48728656603256,29.92215668924505,
e6f4cde589,180,173,4498,44.98,101.1254705130561,4.16653272885144e-17,61.48728656603256,30.308433458748823,
e6f4cde589,180,174,4524,45.24,101.1254705130561,4.1665328976770304e-17,61.48728656603256,22.261660036812042,
e6f4cde589,180,175,4550,45.5,101.1254705130561,4.166533305707079e-17,61.48728656603256,21.769004373581904,
e6f4cde589,180,176,4576,45.76,101.1254705130561,4.166533802380026e-17,61.48728656603256,28.447131591750853,
e6f4cde589,180,177,4602,46.02,101.1254705130561,4.166534158037401e-17,61.48728656603256,28.50450829347267,
e6f4cde589,180,178,4628,46.28,101.1254705130561,4.16653442761108e-17,61.48728656603256,24.388418813504515,
e6f4cde589,180,179,4654,46.54,101.1254705130561,4.166534524400961e-17,61.48728656603256,27.528176241405927,
e6f4cde589,180,180,4680,46.8,101.1254705130561,4.166535010486794e-17,61.48728656603256,31.842737976371396,
e6f4cde589,180,181,4706,47.06,101.1254705130561,4.166535567708011e-17,61.48728656603256,24.76785245273867,
e6f4cde589,180,182,4732,47.32,101.1254705130561,4.1665364302672694e-17,61.48728656603256,33.28977876256011,
e6f4cde589,180,183,4758,47.58,101.1254705130561,4.166536763380908e-17,61.48728656603256,33.62208810156302,
e6f4cde589,180,184,4784,47.84,101.1254705130561,4.1665368993776776e-17,61.48728656603256,27.739567316737034,
e6f4cde589,180,185,4810,48.1,101.1254705130561,4.166537223101955e-17,61.48728656603256,26.668853939161288,
e6f4cde589,180,186,4836,48.36,101.1254705130561,4.166537347307357e-17,61.48728656603256,19.773264917657833,
e6f4cde589,180,187,4862,48.62,101.1254705130561,4.166537625160812e-17,61.48728656603256,23.295655899928025,
e6f4cde589,180,188,4888,48.88,101.1254705130561,4.1665377900661124e-17,61.48728656603256,31.4085037119923,
e6f4cde589,180,189,4914,49.14,101.1254705130561,4.16653786201267e-17,61.48728656603256,31.28001595351998,
e6f4cde589,180,190,4940,49.4,101.1254705130561,4.166538079544567e-17,61.48728656603256,30.485742008531155,
e6f4cde589,180,191,4966,49.66,101.1254705130561,4.166538207738292e-17,61.48728656603256,21.619255265095,
e6f4cde589,180,192,4992,49.92,101.1254705130561,4.1665382765820007e-17,61.48728656603256,28.687686654711378,
e6f4cde589,180,193,5018,50.18,101.1254705130561,4.166538389987452e-17,61.48728656603256,30.004467929011067,
e6f4cde589,180,194,5044,50.44,101.1254705130561,4.1665384488802455e-17,61.48728656603256,22.56874146785072,
e6f4cde589,180,195,5070,50.7,101.1254705130561,4.166538555009862e-17,61.48728656603256,26.178259273126276,
e6f4cde589,180,196,5096,50.96,101.1254705130561,4.166538615292803e-17,61.48728656603256,34.82997986887316,
e6f4cde589,180,197,5122,51.22,101.1254705130561,4.1665388115348995e-17,61.48728656603256,21.718480521938382,
e6f4cde589,180,198,5148,51.48,101.1254705130561,4.1665389545085344e-17,61.48728656603256,29.59150201363322,
e6f4cde589,180,199,5174,51.74,101.1254705130561,4.16653898780237e-17,61.48728656603256,27.20570971416753,
e6f4cde589,180,200,5200,52.0,101.1254705130561,4.1665390843451016e-17,61.48728656603256,32.33530647068282,
e6f4cde589,180,201,5226,52.26,101.1254705130561,4.16653912347766e-17,61.48728656603256,26.819790340970254,
e6f4cde589,180,202,5252,52.52,101.1254705130561,4.1665391774837356e-17,61.48728656603256,26.442813345888393,
e6f4cde589,180,203,5278,52.78,101.1254705130561,4.166539209044657e-17,61.48728656603256,23.361697990029548,
e6f4cde589,180,204,5304,53.04,101.1254705130561,4.1665392599796635e-17,61.48728656603256,30.23083130916411,
e6f4cde589,180,205,5330,53.3,101.1254705130561,4.166539335090936e-17,61.48728656603256,31.322760289754978,
e6f4cde589,180,206,5356,53.56,101.1254705130561,4.1665395312032814e-17,61.48728656603256,25.782477632103678,
e6f4cde589,180,207,5382,53.82,101.1254705130561,4.166539547101036e-17,61.48728656603256,25.713989409236376,
e6f4cde589,180,208,5408,54.08,101.1254705130561,4.1665395876129775e-17,61.48728656603256,27.742257908547476,
e6f4cde589,180,209,5434,54.34,101.1254705130561,4.166539697277732e-17,61.48728656603256,29.563471211343536,
e6f4cde589,180,210,5460,54.6,101.1254705130561,4.166539753935179e-17,61.48728656603256,26.69462003786398,
e6f4cde589,180,211,5486,54.86,101.1254705130561,4.166539841432697e-17,61.48728656603256,29.038627186579653,
e6f4cde589,180,212,5512,55.12,101.1254705130561,4.1665398779516467e-17,61.48728656603256,26.907738003418967,
e6f4cde589,180,213,5538,55.38,101.1254705130561,4.166539928350449e-17,61.48728656603256,24.87196613780022,
e6f4cde589,180,214,5564,55.64,101.1254705130561,4.166539942211588e-17,61.48728656603256,28.328975449837536,
e6f4cde589,180,215,5590,55.9,101.1254705130561,4.166539963751893e-17,61.48728656603256,27.672671596758317,
e6f4cde589,180,216,5616,56.16,101.1254705130561,4.166539980436143e-17,61.48728656603256,34.10406936674448,
e6f4cde589,180,217,5642,56.42,101.1254705130561,4.166540034912476e-17,61.48728656603256,27.656495158775236,
e6f4cde589,180,218,5668,56.68,101.1254705130561,4.166540066784341e-17,61.48728656603256,21.75369386438926,
e6f4cde589,180,219,5694,56.94,101.1254705130561,4.166540110934194e-17,61.48728656603256,25.478216179124264,
e6f4cde589,180,220,5720,57.2,101.1254705130561,4.166540125358226e-17,61.48728656603256,30.820507229726676,
e6f4cde589,180,221,5746,57.46,101.1254705130561,4.16654018126446e-17,61.48728656603256,15.224734362928231,
e6f4cde589,180,222,5772,57.72,101.1254705130561,4.1665402093466415e-17,61.48728656603256,26.2602489825448,
e6f4cde589,180,223,5798,57.98,101.1254705130561,4.166540249293142e-17,61.48728656603256,28.715029701421624,
e6f4cde589,180,224,5824,58.24,101.1254705130561,4.16654027831044e-17,61.48728656603256,24.93104872519256,
e6f4cde589,180,225,5850,58.5,101.1254705130561,4.1665403181738213e-17,61.48728656603256,20.668679676141434,
e6f4cde589,180,226,5876,58.76,101.1254705130561,4.166540341287589e-17,61.48728656603256,22.487819440262243,
e6f4cde589,180,227,5902,59.02,101.1254705130561,4.166540361190755e-17,61.48728656603256,30.972183072568352,
e6f4cde589,180,228,5928,59.28,101.1254705130561,4.166540377563033e-17,61.48728656603256,24.020690316880337,
e6f4cde589,180,229,5954,59.54,101.1254705130561,4.166540384438287e-17,61.48728656603256,25.39199878897179,
e6f4cde589,180,230,5980,59.8,101.1254705130561,4.166540389932054e-17,61.48728656603256,29.047618313597997,
e6f4cde589,180,231,6006,60.06,101.1254705130561,4.166540395575765e-17,61.48728656603256,27.014188191318457,
e6f4cde589,180,232,6032,60.32,101.1254705130561,4.166540402017751e-17,61.48728656603256,39.84974626191701,
e6f4cde589,180,233,6058,60.58,101.1254705130561,4.1665404113350833e-17,61.48728656603256,28.278099566436403,
e6f4cde589,180,234,6084,60.84,101.1254705130561,4.1665404191009684e-17,61.48728656603256,24.531604447873804,
e6f4cde589,180,235,6110,61.1,101.1254705130561,4.1665404467311476e-17,61.48728656603256,24.30017750012184,
e6f4cde589,180,236,6136,61.36,101.1254705130561,4.1665404580331313e-17,61.48728656603256,28.554263218815674,
e6f4cde589,180,237,6162,61.62,101.1254705130561,4.166540468624737e-17,61.48728656603256,30.07003359616355,
e6f4cde589,180,238,6188,61.88,101.1254705130561,4.166540473268391e-17,61.48728656603256,22.441095454945618,
e6f4cde589,180,239,6214,62.14,101.1254705130561,4.16654047937646e-17,61.48728656603256,22.160666720210813,
e6f4cde589,180,240,6240,62.4,101.1254705130561,4.1665404841370755e-17,61.48728656603256,29.729706100746515,
e6f4cde589,180,241,6266,62.66,101.1254705130561,4.166540490661037e-17,61.48728656603256,30.067372886842406,
e6f4cde589,180,242,6292,62.92,101.1254705130561,4.1665404960248093e-17,61.48728656603256,21.9742266825196,
e6f4cde589,180,243,6318,63.18,101.1254705130561,4.1665405034164977e-17,61.48728656603256,35.34900926858376,
e6f4cde589,180,244,6344,63.44,101.1254705130561,4.16654051214776e-17,61.48728656603256,27.51185238415462,
e6f4cde589,180,245,6370,63.7,101.1254705130561,4.1665405135204827e-17,61.48728656603256,32.71002629951422,
e6f4cde589,180,246,6396,63.96,101.1254705130561,4.166540517796172e-17,61.48728656603256,19.052504910835047,
e6f4cde589,180,247,6422,64.22,101.1254705130561,4.1665405229617105e-17,61.48728656603256,26.660674727746127,
e6f4cde589,180,248,6448,64.48,101.1254705130561,4.1665405270751135e-17,61.48728656603256,37.17048977799292,
e6f4cde589,180,249,6474,64.74,101.1254705130561,4.1665405323882205e-17,61.48728656603256,26.79895113174297,
e6f4cde589,180,250,6500,65.0,101.1254705130561,4.166540534474756e-17,61.48728656603256,29.41877050322769,
e6f4cde589,180,251,6526,65.26,101.1254705130561,4.1665405380304526e-17,61.48728656603256,17.791789650696224,
e6f4cde589,180,252,6552,65.52,101.1254705130561,4.1665405417997114e-17,61.48728656603256,22.14086180287418,
e6f4cde589,180,253,6578,65.78,101.1254705130561,4.166540546897984e-17,61.48728656603256,25.002932227658572,
e6f4cde589,180,254,6604,66.04,101.1254705130561,4.1665405479192314e-17,61.48728656603256,29.38495950686138,
e6f4cde589,180,255,6630,66.3,101.1254705130561,4.1665405502637957e-17,61.48728656603256,32.871210534865845,
e6f4cde589,180,256,6656,66.56,101.1254705130561,4.166540558849874e-17,61.48728656603256,19.09864314202411,
e6f4cde589,180,257,6682,66.82,101.1254705130561,4.16654055985402e-17,61.48728656603256,21.90503203844414,
e6f4cde589,180,258,6708,67.08,101.1254705130561,4.16654056211446e-17,61.48728656603256,32.88980177146821,
e6f4cde589,180,259,6734,67.34,101.1254705130561,4.166540564083244e-17,61.48728656603256,24.590123631291004,
e6f4cde589,180,260,6760,67.6,101.1254705130561,4.1665405680543803e-17,61.48728656603256,26.088341129219035,
e6f4cde589,180,261,6786,67.86,101.1254705130561,4.1665405693373856e-17,61.48728656603256,28.25541263352022,
e6f4cde589,180,262,6812,68.12,101.1254705130561,4.1665405718815384e-17,61.48728656603256,25.07324716296915,
e6f4cde589,180,263,6838,68.38,101.1254705130561,4.166540573537455e-17,61.48728656603256,31.493481598842532,
e6f4cde589,180,264,6864,68.64,101.1254705130561,4.1665405752658984e-17,61.48728656603256,26.789219334430868,
e6f4cde589,180,265,6890,68.9,101.1254705130561,4.166540576587288e-17,61.48728656603256,28.227555338266587,
e6f4cde589,180,266,6916,69.16,101.1254705130561,4.166540577917878e-17,61.48728656603256,24.54795265547425,
e6f4cde589,180,267,6942,69.42,101.1254705130561,4.1665405789308216e-17,61.48728656603256,21.54019650411174,
e6f4cde589,180,268,6968,69.68,101.1254705130561,4.166540581359541e-17,61.48728656603256,24.163330625475783,
e6f4cde589,180,269,6994,69.94,101.1254705130561,4.16654058328871e-17,61.48728656603256,23.58269765810617,
e6f4cde589,180,270,7020,70.2,101.1254705130561,4.16654058404341e-17,61.48728656603256,29.138859235288965,
e6f4cde589,180,271,7046,70.46,101.1254705130561,4.1665405854912145e-17,61.48728656603256,29.99830974698522,
e6f4cde589,180,272,7072,70.72,101.1254705130561,4.166540586365497e-17,61.48728656603256,25.70776035717507,
e6f4cde589,180,273,7098,70.98,101.1254705130561,4.166540587175151e-17,61.48728656603256,31.213722541151437,
e6f4cde589,180,274,7124,71.24,101.1254705130561,4.1665405884022363e-17,61.48728656603256,28.5812142135444,
e6f4cde589,180,275,7150,71.5,101.1254705130561,4.1665405886459333e-17,61.48728656603256,24.211957329166264,
e6f4cde589,180,276,7176,71.76,101.1254705130561,4.166540590327815e-17,61.48728656603256,17.41847372126371,
e6f4cde589,180,277,7202,72.02,101.1254705130561,4.1665405916965133e-17,61.48728656603256,28.95349203143672,
e6f4cde589,180,278,7228,72.28,101.1254705130561,4.166540592437456e-17,61.48728656603256,27.534005547982755,
e6f4cde589,180,279,7254,72.54,101.1254705130561,4.1665405926186116e-17,61.48728656603256,25.769383855236836,
e6f4cde589,180,280,7280,72.8,101.1254705130561,4.166540593369078e-17,61.48728656603256,21.606428566751475,
e6f4cde589,180,281,7306,73.06,101.1254705130561,4.166540594154887e-17,61.48728656603256,24.739523921838387,
e6f4cde589,180,282,7332,73.32,101.1254705130561,4.166540595426133e-17,61.48728656603256,27.018267957498146,
e6f4cde589,180,283,7358,73.58,101.1254705130561,4.166540595671593e-17,61.48728656603256,25.742466743244805,
e6f4cde589,180,284,7384,73.84,101.1254705130561,4.1665405960958014e-17,61.48728656603256,23.769872355860443,
e6f4cde589,180,285,7410,74.1,101.1254705130561,4.1665405962967236e-17,61.48728656603256,25.933808222354227,
e6f4cde589,180,286,7436,74.36,101.1254705130561,4.166540596553694e-17,61.48728656603256,30.55767687625494,
e6f4cde589,180,287,7462,74.62,101.1254705130561,4.1665405971803914e-17,61.48728656603256,25.631178340510484,
e6f4cde589,180,288,7488,74.88,101.1254705130561,4.166540597433353e-17,61.48728656603256,26.804708763361734,
e6f4cde589,180,289,7514,75.14,101.1254705130561,4.16654059787252e-17,61.48728656603256,32.79643890497275,
e6f4cde589,180,290,7540,75.4,101.1254705130561,4.1665405983247766e-17,61.48728656603256,31.20670984728081,
e6f4cde589,180,291,7566,75.66,101.1254705130561,4.166540598669174e-17,61.48728656603256,32.11750017769759,
e6f4cde589,180,292,7592,75.92,101.1254705130561,4.166540598741065e-17,61.48728656603256,25.10630294882831,
e6f4cde589,180,293,7618,76.18,101.1254705130561,4.166540599310803e-17,61.48728656603256,24.428105952256093,
e6f4cde589,180,294,7644,76.44,101.1254705130561,4.16654059977565e-17,61.48728656603256,32.40360087432461,
e6f4cde589,180,295,7670,76.7,101.1254705130561,4.166540599872167e-17,61.48728656603256,27.709614532236778,
e6f4cde589,180,296,7696,76.96,101.1254705130561,4.1665406006728605e-17,61.48728656603256,22.174863233320558,
e6f4cde589,180,297,7722,77.22,101.1254705130561,4.1665406007040254e-17,61.48728656603256,26.49659746688695,
e6f4cde589,180,298,7748,77.48,101.1254705130561,4.166540600991516e-17,61.48728656603256,25.65293828463806,
e6f4cde589,180,299,7774,77.74,101.1254705130561,4.166540601564015e-17,61.48728656603256,21.81298696840967,
e6f4cde589,180,300,7800,78.0,101.1254705130561,4.1665406019135895e-17,61.48728656603256,28.250009997355043,
e6f4cde589,180,301,7826,78.26,101.1254705130561,4.166540601953796e-17,61.48728656603256,25.26501600884028,
e6f4cde589,180,302,7852,78.52,101.1254705130561,4.166540602051378e-17,61.48728656603256,29.52492452113618,
e6f4cde589,180,303,7878,78.78,101.1254705130561,4.166540602226371e-17,61.48728656603256,33.47563977362213,
e6f4cde589,180,304,7904,79.04,101.1254705130561,4.1665406022676975e-17,61.48728656603256,24.36814042990176,
e6f4cde589,180,305,7930,79.3,101.1254705130561,4.1665406023387504e-17,61.48728656603256,28.410506779859602,
e6f4cde589,180,306,7956,79.56,101.1254705130561,4.1665406025404634e-17,61.48728656603256,20.40149382328172,
e6f4cde589,180,307,7982,79.82,101.1254705130561,4.16654060262576e-17,61.48728656603256,21.79947697918019,
e6f4cde589,180,308,8008,80.08,101.1254705130561,4.166540602713986e-17,61.48728656603256,24.348588710354722,
e6f4cde589,180,309,8034,80.34,101.1254705130561,4.1665406028633294e-17,61.48728656603256,35.192537844234394,
e6f4cde589,180,310,8060,80.6,101.1254705130561,4.16654060294014e-17,61.48728656603256,28.680156977206646,
e6f4cde589,180,311,8086,80.86,101.1254705130561,4.1665406030668025e-17,61.48728656603256,24.469765785617625,
e6f4cde589,180,312,8112,81.12,101.1254705130561,4.166540603118302e-17,61.48728656603256,30.247736394342965,
e6f4cde589,180,313,8138,81.38,101.1254705130561,4.166540603167273e-17,61.48728656603256,27.029054211245157,
e6f4cde589,180,314,8164,81.64,101.1254705130561,4.166540603302874e-17,61.48728656603256,29.323296103226678,
e6f4cde589,180,315,8190,81.9,101.1254705130561,4.1665406033420083e-17,61.48728656603256,18.900825829690493,
e6f4cde589,180,316,8216,82.16,101.1254705130561,4.1665406033891354e-17,61.48728656603256,27.896990143616474,
e6f4cde589,180,317,8242,82.42,101.1254705130561,4.1665406036113575e-17,61.48728656603256,29.52796666183722,
e6f4cde589,180,318,8268,82.68,101.1254705130561,4.16654060368747e-17,61.48728656603256,30.67502436303454,
e6f4cde589,180,319,8294,82.94,101.1254705130561,4.166540603727492e-17,61.48728656603256,25.599729348494233,
e6f4cde589,180,320,8320,83.2,101.1254705130561,4.166540603788199e-17,61.48728656603256,33.21316288852437,
e6f4cde589,180,321,8346,83.46,101.1254705130561,4.1665406038667216e-17,61.48728656603256,33.93201492704,
e6f4cde589,180,322,8372,83.72,101.1254705130561,4.1665406039437225e-17,61.48728656603256,29.84277091159097,
e6f4cde589,180,323,8398,83.98,101.1254705130561,4.166540603960292e-17,61.48728656603256,30.619429181605508,
e6f4cde589,180,324,8424,84.24,101.1254705130561,4.166540603992152e-17,61.48728656603256,28.80145756896847,
e6f4cde589,180,325,8450,84.5,101.1254705130561,4.1665406040115836e-17,61.48728656603256,24.100848626161177,
e6f4cde589,180,326,8476,84.76,101.1254705130561,4.166540604061775e-17,61.48728656603256,24.533774129289654,
e6f4cde589,180,327,8502,85.02,101.1254705130561,4.166540604116203e-17,61.48728656603256,21.31487300772638,
e6f4cde589,180,328,8528,85.28,101.1254705130561,4.166540604163057e-17,61.48728656603256,31.6139854467655,
e6f4cde589,180,329,8554,85.54,101.1254705130561,4.166540604194163e-17,61.48728656603256,31.654652558877235,
e6f4cde589,180,330,8580,85.8,101.1254705130561,4.1665406042183095e-17,61.48728656603256,24.939145470751864,
e6f4cde589,180,331,8606,86.06,101.1254705130561,4.1665406042495065e-17,61.48728656603256,32.71342081595748,
e6f4cde589,180,332,8632,86.32,101.1254705130561,4.1665406042649516e-17,61.48728656603256,25.692812982679143,
e6f4cde589,180,333,8658,86.58,101.1254705130561,4.1665406043307666e-17,61.48728656603256,25.21388187140818,
e6f4cde589,180,334,8684,86.84,101.1254705130561,4.1665406043540935e-17,61.48728656603256,20.60655340600849,
e6f4cde589,180,335,8710,87.1,101.1254705130561,4.166540604359986e-17,61.48728656603256,31.50008803661628,
e6f4cde589,180,336,8736,87.36,101.1254705130561,4.166540604372199e-17,61.48728656603256,28.588170385073454,
e6f4cde589,180,337,8762,87.62,101.1254705130561,4.1665406043836246e-17,61.48728656603256,30.38206102573822,
e6f4cde589,180,338,8788,87.88,101.1254705130561,4.166540604401441e-17,61.48728656603256,29.01778107395363,
e6f4cde589,180,339,8814,88.14,101.1254705130561,4.166540604414974e-17,61.48728656603256,29.80012054372186,
e6f4cde589,180,340,8840,88.4,101.1254705130561,4.1665406044322455e-17,61.48728656603256,26.00353954370265,
e6f4cde589,180,341,8866,88.66,101.1254705130561,4.1665406044509563e-17,61.48728656603256,26.267122999738955,
e6f4cde589,180,342,8892,88.92,101.1254705130561,4.1665406044816196e-17,61.48728656603256,31.025929076706046,
e6f4cde589,180,343,8918,89.18,101.1254705130561,4.1665406044862314e-17,61.48728656603256,30.93066636101693,
e6f4cde589,180,344,8944,89.44,101.1254705130561,4.166540604508698e-17,61.48728656603256,27.757570260185677,
e6f4cde589,180,345,8970,89.7,101.1254705130561,4.166540604518336e-17,61.48728656603256,24.41089500171175,
e6f4cde589,180,346,8996,89.96,101.1254705130561,4.166540604528678e-17,61.48728656603256,34.509608723398394,
e6f4cde589,180,347,9022,90.22,101.1254705130561,4.166540604534505e-17,61.48728656603256,31.220686120388105,
e6f4cde589,180,348,9048,90.48,101.1254705130561,4.1665406045470285e-17,61.48728656603256,27.404558190549352,
e6f4cde589,180,349,9074,90.74,101.1254705130561,4.166540604552972e-17,61.48728656603256,25.942570070034787,
e6f4cde589,180,350,9100,91.0,101.1254705130561,4.166540604575225e-17,61.48728656603256,21.980602437028168,
e6f4cde589,180,351,9126,91.26,101.1254705130561,4.1665406045806845e-17,61.48728656603256,26.589822387794,
e6f4cde589,180,352,9152,91.52,101.1254705130561,4.166540604584857e-17,61.48728656603256,27.050352446236563,
e6f4cde589,180,353,9178,91.78,101.1254705130561,4.166540604602496e-17,61.48728656603256,19.82168635795659,
e6f4cde589,180,354,9204,92.04,101.1254705130561,4.1665406046060347e-17,61.48728656603256,27.864087129058415,
e6f4cde589,180,355,9230,92.3,101.1254705130561,4.1665406046088536e-17,61.48728656603256,25.523387404813057,
e6f4cde589,180,356,9256,92.56,101.1254705130561,4.166540604611971e-17,61.48728656603256,27.098383769253918,
e6f4cde589,180,357,9282,92.82,101.1254705130561,4.166540604616992e-17,61.48728656603256,31.55728638713107,
e6f4cde589,180,358,9308,93.08,101.1254705130561,4.166540604617973e-17,61.48728656603256,23.059623166047082,
e6f4cde589,180,359,9334,93.34,101.1254705130561,4.166540604622296e-17,61.48728656603256,28.32002121559086,
e6f4cde589,180,360,9360,93.6,101.1254705130561,4.1665406046254974e-17,61.48728656603256,28.6820190092022,
e6f4cde589,180,361,9386,93.86,101.1254705130561,4.1665406046293763e-17,61.48728656603256,26.725326822867654,
e6f4cde589,180,362,9412,94.12,101.1254705130561,4.166540604634733e-17,61.48728656603256,34.38907637336841,
e6f4cde589,180,363,9438,94.38,101.1254705130561,4.1665406046434384e-17,61.48728656603256,31.217634995326634,
e6f4cde589,180,364,9464,94.64,101.1254705130561,4.166540604645158e-17,61.48728656603256,30.203175415875062,
e6f4cde589,180,365,9490,94.9,101.1254705130561,4.166540604648077e-17,61.48728656603256,23.468075181171834,
e6f4cde589,180,366,9516,95.16,101.1254705130561,4.166540604649411e-17,61.48728656603256,27.000396071727323,
e6f4cde589,180,367,9542,95.42,101.1254705130561,4.166540604656047e-17,61.48728656603256,29.963681839450857,
e6f4cde589,180,368,9568,95.68,101.1254705130561,4.1665406046577507e-17,61.48728656603256,22.025222013832092,
e6f4cde589,180,369,9594,95.94,101.1254705130561,4.1665406046592187e-17,61.48728656603256,29.38957205450464,
e6f4cde589,180,370,9620,96.2,101.1254705130561,4.166540604659733e-17,61.48728656603256,31.747779032398125,
e6f4cde589,180,371,9646,96.46,101.1254705130561,4.1665406046630724e-17,61.48728656603256,30.65976750704358,
e6f4cde589,180,372,9672,96.72,101.1254705130561,4.1665406046657995e-17,61.48728656603256,30.6091111140277,
e6f4cde589,180,373,9698,96.98,101.1254705130561,4.1665406046662993e-17,61.48728656603256,24.17748133238377,
e6f4cde589,180,374,9724,97.24,101.1254705130561,4.166540604666913e-17,61.48728656603256,21.275467927629116,
e6f4cde589,180,375,9750,97.5,101.1254705130561,4.1665406046676774e-17,61.48728656603256,34.78541356744076,
e6f4cde589,180,376,9776,97.76,101.1254705130561,4.1665406046698085e-17,61.48728656603256,25.03550367929502,
e6f4cde589,180,377,9802,98.02,101.1254705130561,4.166540604672094e-17,61.48728656603256,27.200685158898295,
e6f4cde589,180,378,9828,98.28,101.1254705130561,4.1665406046738576e-17,61.48728656603256,32.73258844292719,
e6f4cde589,180,379,9854,98.54,101.1254705130561,4.166540604674701e-17,61.48728656603256,28.75074030277124,
e6f4cde589,180,380,9880,98.8,101.1254705130561,4.166540604675142e-17,61.48728656603256,29.870247824551104,
e6f4cde589,180,381,9906,99.06,101.1254705130561,4.166540604675324e-17,61.48728656603256,32.18831928725096,
e6f4cde589,180,382,9932,99.32,101.1254705130561,4.1665406046761404e-17,61.48728656603256,25.896546756741213,
e6f4cde589,180,383,9958,99.58,101.1254705130561,4.166540604677356e-17,61.48728656603256,25.57930855029597,
e6f4cde589,180,384,9984,99.84,101.1254705130561,4.1665406046780096e-17,61.48728656603256,34.8725468151397,
e6f4cde589,180,385,10010,100.1,101.1254705130561,4.166540604680037e-17,61.48728656603256,26.287035346222243,
e6f4cde589,180,386,10036,100.36,101.1254705130561,4.16654060468055e-17,61.48728656603256,17.60643499799447,
e6f4cde589,180,387,10062,100.62,101.1254705130561,4.166540604681626e-17,61.48728656603256,23.939592519371615,
e6f4cde589,180,388,10088,100.88,101.1254705130561,4.166540604682064e-17,61.48728656603256,28.374870704773688,
e6f4cde589,180,389,10114,101.14,101.1254705130561,4.16654060468276e-17,61.48728656603256,27.855129261622235,
e6f4cde589,180,390,10140,101.4,101.1254705130561,4.166540604684112e-17,61.48728656603256,28.079525213179085,
e6f4cde589,180,391,10166,101.66,101.1254705130561,4.166540604684594e-17,61.48728656603256,26.600192635824015,
e6f4cde589,180,392,10192,101.92,101.1254705130561,4.166540604684844e-17,61.48728656603256,30.822736869138947,
e6f4cde589,180,393,10218,102.18,101.1254705130561,4.1665406046851494e-17,61.48728656603256,25.23018516485313,
e6f4cde589,180,394,10244,102.44,101.1254705130561,4.1665406046858e-17,61.48728656603256,27.010318993387333,
e6f4cde589,180,395,10270,102.7,101.1254705130561,4.166540604686346e-17,61.48728656603256,25.60366063546604,
e6f4cde589,180,396,10296,102.96,101.1254705130561,4.166540604687638e-17,61.48728656603256,28.301456343649306,
e6f4cde589,180,397,10322,103.22,101.1254705130561,4.1665406046882266e-17,61.48728656603256,27.946207042782962,
e6f4cde589,180,398,10348,103.48,101.1254705130561,4.166540604689053e-17,61.48728656603256,23.642514823010348,
e6f4cde589,180,399,10374,103.74,101.1254705130561,4.166540604689489e-17,61.48728656603256,26.87740204563858,
e6f4cde589,180,400,10400,104.0,101.1254705130561,4.166540604689722e-17,61.48728656603256,26.81005320309821,
e6f4cde589,180,401,10426,104.26,101.1254705130561,4.166540604690326e-17,61.48728656603256,18.351186274891223,
e6f4cde589,180,402,10452,104.52,101.1254705130561,4.1665406046908625e-17,61.48728656603256,28.944079892726553,
e6f4cde589,180,403,10478,104.78,101.1254705130561,4.166540604691457e-17,61.48728656603256,25.891341577368905,
e6f4cde589,180,404,10504,105.04,101.1254705130561,4.166540604691626e-17,61.48728656603256,31.234056260324543,
e6f4cde589,180,405,10530,105.3,101.1254705130561,4.1665406046920914e-17,61.48728656603256,23.756443851276327,
e6f4cde589,180,406,10556,105.56,101.1254705130561,4.1665406046921247e-17,61.48728656603256,31.144327711013275,
e6f4cde589,180,407,10582,105.82,101.1254705130561,4.166540604692276e-17,61.48728656603256,26.277970547926788,
e6f4cde589,180,408,10608,106.08,101.1254705130561,4.1665406046924414e-17,61.48728656603256,32.8830390251075,
e6f4cde589,180,409,10634,106.34,101.1254705130561,4.16654060469277e-17,61.48728656603256,21.657884089190905,
e6f4cde589,180,410,10660,106.6,101.1254705130561,4.166540604692914e-17,61.48728656603256,24.889552355480646,
e6f4cde589,180,411,10686,106.86,101.1254705130561,4.166540604693101e-17,61.48728656603256,22.479873930894215,
e6f4cde589,180,412,10712,107.12,101.1254705130561,4.1665406046932346e-17,61.48728656603256,24.57655152301245,
e6f4cde589,180,413,10738,107.38,101.1254705130561,4.1665406046933215e-17,61.48728656603256,30.45215450512029,
e6f4cde589,180,414,10764,107.64,101.1254705130561,4.166540604693409e-17,61.48728656603256,28.51663245218111,
e6f4cde589,180,415,10790,107.9,101.1254705130561,4.166540604693559e-17,61.48728656603256,28.838518722631218,
e6f4cde589,180,416,10816,108.16,101.1254705130561,4.166540604693703e-17,61.48728656603256,25.903471568663548,
e6f4cde589,180,417,10842,108.42,101.1254705130561,4.1665406046937955e-17,61.48728656603256,18.387899014907315,
e6f4cde589,180,418,10868,108.68,101.1254705130561,4.166540604693911e-17,61.48728656603256,21.639554310219125,
e6f4cde589,180,419,10894,108.94,101.1254705130561,4.166540604694001e-17,61.48728656603256,31.63615658707708,
e6f4cde589,180,420,10920,109.2,101.1254705130561,4.1665406046942324e-17,61.48728656603256,28.157698876396395,
e6f4cde589,180,421,10946,109.46,101.1254705130561,4.1665406046942916e-17,61.48728656603256,23.977499896092382,
e6f4cde589,180,422,10972,109.72,101.1254705130561,4.166540604694386e-17,61.48728656603256,27.761635876652193,
e6f4cde589,180,423,10998,109.98,101.1254705130561,4.166540604694489e-17,61.48728656603256,25.09577015943637,
e6f4cde589,180,424,11024,110.24,101.1254705130561,4.1665406046945634e-17,61.48728656603256,23.269902386661624,
e6f4cde589,180,425,11050,110.5,101.1254705130561,4.166540604694623e-17,61.48728656603256,31.456543352518047,
e6f4cde589,180,426,11076,110.76,101.1254705130561,4.166540604694656e-17,61.48728656603256,31.15198616389941,
e6f4cde589,180,427,11102,111.02,101.1254705130561,4.166540604694754e-17,61.48728656603256,29.649199535261562,
e6f4cde589,180,428,11128,111.28,101.1254705130561,4.166540604694794e-17,61.48728656603256,21.635645506947988,
e6f4cde589,180,429,11154,111.54,101.1254705130561,4.166540604694895e-17,61.48728656603256,23.92838325402102,
e6f4cde589,180,430,11180,111.8,101.1254705130561,4.166540604694919e-17,61.48728656603256,22.930075167667745,
e6f4cde589,180,431,11206,112.06,101.1254705130561,4.1665406046949535e-17,61.48728656603256,25.076406416007064,
e6f4cde589,180,432,11232,112.32,101.1254705130561,4.1665406046950435e-17,61.48728656603256,20.408311171507314,
e6f4cde589,180,433,11258,112.58,101.1254705130561,4.166540604695107e-17,61.48728656603256,33.65013180451214,
e6f4cde589,180,434,11284,112.84,101.1254705130561,4.166540604695127e-17,61.48728656603256,27.118357622495783,
e6f4cde589,180,435,11310,113.1,101.1254705130561,4.166540604695149e-17,61.48728656603256,25.700908950771836,
e6f4cde589,180,436,11336,113.36,101.1254705130561,4.166540604695189e-17,61.48728656603256,24.079943607231154,
e6f4cde589,180,437,11362,113.62,101.1254705130561,4.166540604695207e-17,61.48728656603256,25.85155466884741,
e6f4cde589,180,438,11388,113.88,101.1254705130561,4.166540604695241e-17,61.48728656603256,28.086198845065603,
e6f4cde589,180,439,11414,114.14,101.1254705130561,4.1665406046952474e-17,61.48728656603256,22.205893794635255,
e6f4cde589,180,440,11440,114.4,101.1254705130561,4.166540604695256e-17,61.48728656603256,19.901387181795826,
e6f4cde589,180,441,11466,114.66,101.1254705130561,4.16654060469527e-17,61.48728656603256,26.51906849730772,
e6f4cde589,180,442,11492,114.92,101.1254705130561,4.1665406046953035e-17,61.48728656603256,26.4997305591602,
e6f4cde589,180,443,11518,115.18,101.1254705130561,4.166540604695328e-17,61.48728656603256,26.773974595120077,
e6f4cde589,180,444,11544,115.44,101.1254705130561,4.166540604695359e-17,61.48728656603256,24.14100468111705,
e6f4cde589,180,445,11570,115.7,101.1254705130561,4.166540604695366e-17,61.48728656603256,22.626547446277105,
e6f4cde589,180,446,11596,115.96,101.1254705130561,4.16654060469537e-17,61.48728656603256,23.663258523127418,
e6f4cde589,180,447,11622,116.22,101.1254705130561,4.166540604695393e-17,61.48728656603256,33.3086700270499,
e6f4cde589,180,448,11648,116.48,101.1254705130561,4.166540604695402e-17,61.48728656603256,27.09512099085004,
e6f4cde589,180,449,11674,116.74,101.1254705130561,4.1665406046954305e-17,61.48728656603256,21.30576445733564,
e6f4cde589,180,450,11700,117.0,101.1254705130561,4.16654060469546e-17,61.48728656603256,25.450658900365593,
e6f4cde589,180,451,11726,117.26,101.1254705130561,4.166540604695464e-17,61.48728656603256,24.59153136095579,
e6f4cde589,180,452,11752,117.52,101.1254705130561,4.166540604695482e-17,61.48728656603256,23.35059661782445,
e6f4cde589,180,453,11778,117.78,101.1254705130561,4.1665406046954853e-17,61.48728656603256,20.891219129370736,
e6f4cde589,180,454,11804,118.04,101.1254705130561,4.166540604695505e-17,61.48728656603256,23.788367755253137,
e6f4cde589,180,455,11830,118.3,101.1254705130561,4.1665406046955094e-17,61.48728656603256,25.74984974808745,
e6f4cde589,180,456,11856,118.56,101.1254705130561,4.166540604695517e-17,61.48728656603256,28.335177159214695,
e6f4cde589,180,457,11882,118.82,101.1254705130561,4.166540604695532e-17,61.48728656603256,28.247608477489898,
e6f4cde589,180,458,11908,119.08,101.1254705130561,4.166540604695539e-17,61.48728656603256,31.386419418509636,
e6f4cde589,180,459,11934,119.34,101.1254705130561,4.16654060469555e-17,61.48728656603256,31.796575733568243,
e6f4cde589,180,460,11960,119.6,101.1254705130561,4.166540604695568e-17,61.48728656603256,22.866821831817827,
e6f4cde589,180,461,11986,119.86,101.1254705130561,4.166540604695571e-17,61.48728656603256,19.420862888827045,
e6f4cde589,180,462,12012,120.12,101.1254705130561,4.166540604695589e-17,61.48728656603256,26.982265893405433,
e6f4cde589,180,463,12038,120.38,101.1254705130561,4.1665406046955944e-17,61.48728656603256,26.2957725274061,
e6f4cde589,180,464,12064,120.64,101.1254705130561,4.166540604695597e-17,61.48728656603256,27.340863438129198,
e6f4cde589,180,465,12090,120.9,101.1254705130561,4.166540604695606e-17,61.48728656603256,25.926222658265306,
e6f4cde589,180,466,12116,121.16,101.1254705130561,4.1665406046956074e-17,61.48728656603256,21.149333605017027,
e6f4cde589,180,467,12142,121.42,101.1254705130561,4.1665406046956074e-17,61.48728656603256,23.859036070006503,
e6f4cde589,180,468,12168,121.68,101.1254705130561,4.166540604695621e-17,61.48728656603256,19.760621171550532,
e6f4cde589,180,469,12194,121.94,101.1254705130561,4.1665406046956234e-17,61.48728656603256,30.652669017300205,
e6f4cde589,180,470,12220,122.2,101.1254705130561,4.166540604695632e-17,61.48728656603256,28.585923188701095,
e6f4cde589,180,471,12246,122.46,101.1254705130561,4.166540604695634e-17,61.48728656603256,25.40555025637016,
e6f4cde589,180,472,12272,122.72,101.1254705130561,4.166540604695638e-17,61.48728656603256,27.48787931723012,
e6f4cde589,180,473,12298,122.98,101.1254705130561,4.1665406046956394e-17,61.48728656603256,27.913551429774095,
e6f4cde589,180,474,12324,123.24,101.1254705130561,4.166540604695642e-17,61.48728656603256,23.747114021751162,
e6f4cde589,180,475,12350,123.5,101.1254705130561,4.166540604695646e-17,61.48728656603256,24.452755981386932,
e6f4cde589,180,476,12376,123.76,101.1254705130561,4.1665406046956505e-17,61.48728656603256,31.316128343678862,
e6f4cde589,180,477,12402,124.02,101.1254705130561,4.1665406046956505e-17,61.48728656603256,23.77441893830981,
e6f4cde589,180,478,12428,124.28,101.1254705130561,4.1665406046956554e-17,61.48728656603256,30.496302758081725,
e6f4cde589,180,479,12454,124.54,101.1254705130561,4.1665406046956616e-17,61.48728656603256,22.935271168219856,
e6f4cde589,180,480,12480,124.8,101.1254705130561,4.166540604695664e-17,61.48728656603256,27.24721686457583,
e6f4cde589,180,481,12506,125.06,101.1254705130561,4.166540604695666e-17,61.48728656603256,14.79048141022956,
e6f4cde589,180,482,12532,125.32,101.1254705130561,4.166540604695671e-17,61.48728656603256,24.214774491857295,
e6f4cde589,180,483,12558,125.58,101.1254705130561,4.1665406046956715e-17,61.48728656603256,27.89024601224131,
e6f4cde589,180,484,12584,125.84,101.1254705130561,4.1665406046956745e-17,61.48728656603256,22.858797119082293,
e6f4cde589,180,485,12610,126.1,101.1254705130561,4.166540604695675e-17,61.48728656603256,33.35196774171938,
e6f4cde589,180,486,12636,126.36,101.1254705130561,4.1665406046956776e-17,61.48728656603256,27.81943018072774,
e6f4cde589,180,487,12662,126.62,101.1254705130561,4.1665406046956776e-17,61.48728656603256,25.9320306572161,
e6f4cde589,180,488,12688,126.88,101.1254705130561,4.166540604695679e-17,61.48728656603256,25.833369445659756,
e6f4cde589,180,489,12714,127.14,101.1254705130561,4.166540604695684e-17,61.48728656603256,25.413064015466922,
e6f4cde589,180,490,12740,127.4,101.1254705130561,4.166540604695683e-17,61.48728656603256,26.92877884553325,
e6f4cde589,180,491,12766,127.66,101.1254705130561,4.166540604695683e-17,61.48728656603256,35.15363562629878,
e6f4cde589,180,492,12792,127.92,101.1254705130561,4.166540604695684e-17,61.48728656603256,35.63471235741119,
e6f4cde589,180,493,12818,128.18,101.1254705130561,4.166540604695684e-17,61.48728656603256,30.2589144105386,
e6f4cde589,180,494,12844,128.44,101.1254705130561,4.166540604695684e-17,61.48728656603256,36.14721774222785,
e6f4cde589,180,495,12870,128.7,101.1254705130561,4.1665406046956875e-17,61.48728656603256,27.2563935816047,
e6f4cde589,180,496,12896,128.96,101.1254705130561,4.166540604695686e-17,61.48728656603256,26.278665934054608,
e6f4cde589,180,497,12922,129.22,101.1254705130561,4.166540604695689e-17,61.48728656603256,26.055062237430015,
e6f4cde589,180,498,12948,129.48,101.1254705130561,4.166540604695689e-17,61.48728656603256,28.95433942526755,
e6f4cde589,180,499,12974,129.74,101.1254705130561,4.1665406046956875e-17,61.48728656603256,32.113683005449616,
e6f4cde589,180,500,13000,130.0,101.1254705130561,4.1665406046956906e-17,61.48728656603256,28.264308827349346,
e6f4cde589,180,501,13026,130.26,101.1254705130561,4.1665406046956906e-17,61.48728656603256,26.027036235295245,
e6f4cde589,180,502,13052,130.52,101.1254705130561,4.1665406046956893e-17,61.48728656603256,30.085170006073977,
e6f4cde589,180,503,13078,130.78,101.1254705130561,4.166540604695692e-17,61.48728656603256,27.386760364450318,
e6f4cde589,180,504,13104,131.04,101.1254705130561,4.1665406046956936e-17,61.48728656603256,22.68612691022328,
e6f4cde589,180,505,13130,131.3,101.1254705130561,4.166540604695693e-17,61.48728656603256,36.09196593775155,
e6f4cde589,180,506,13156,131.56,101.1254705130561,4.1665406046956936e-17,61.48728656603256,29.8515608706941,
e6f4cde589,180,507,13182,131.82,101.1254705130561,4.166540604695691e-17,61.48728656603256,26.875409681610535,
e6f4cde589,180,508,13208,132.08,101.1254705130561,4.166540604695693e-17,61.48728656603256,29.993234132874736,
e6f4cde589,180,509,13234,132.34,101.1254705130561,4.166540604695694e-17,61.48728656603256,31.242572287690614,
e6f4cde589,180,510,13260,132.6,101.1254705130561,4.166540604695695e-17,61.48728656603256,19.33603905659047,
e6f4cde589,180,511,13286,132.86,101.1254705130561,4.166540604695695e-17,61.48728656603256,25.237269443162894,
e6f4cde589,180,512,13312,133.12,101.1254705130561,4.166540604695696e-17,61.48728656603256,29.99426312452801,
e6f4cde589,180,513,13338,133.38,101.1254705130561,4.166540604695697e-17,61.48728656603256,26.47173990475359,
e6f4cde589,180,514,13364,133.64,101.1254705130561,4.1665406046956973e-17,61.48728656603256,34.954559319090485,
e6f4cde589,180,515,13390,133.9,101.1254705130561,4.1665406046956986e-17,61.48728656603256,27.124634570067062,
e6f4cde589,180,516,13416,134.16,101.1254705130561,4.166540604695699e-17,61.48728656603256,26.741444196186993,
e6f4cde589,180,517,13442,134.42,101.1254705130561,4.1665406046956986e-17,61.48728656603256,27.012304189378757,
e6f4cde589,180,518,13468,134.68,101.1254705130561,4.1665406046956973e-17,61.48728656603256,32.21959076949275,
e6f4cde589,180,519,13494,134.94,101.1254705130561,4.1665406046956986e-17,61.48728656603256,33.54262499691985,
e6f4cde589,180,520,13520,135.2,101.1254705130561,4.1665406046957004e-17,61.48728656603256,31.599689705574256,
e6f4cde589,180,521,13546,135.46,101.1254705130561,4.1665406046957e-17,61.48728656603256,19.960051297601154,
e6f4cde589,180,522,13572,135.72,101.1254705130561,4.1665406046957004e-17,61.48728656603256,26.730762548597056,
e6f4cde589,180,523,13598,135.98,101.1254705130561,4.166540604695702e-17,61.48728656603256,26.410012667914483,
e6f4cde589,180,524,13624,136.24,101.1254705130561,4.1665406046957e-17,61.48728656603256,25.064286580943797,
e6f4cde589,180,525,13650,136.5,101.1254705130561,4.1665406046957e-17,61.48728656603256,18.89486784105069,
e6f4cde589,180,526,13676,136.76,101.1254705130561,4.166540604695701e-17,61.48728656603256,28.129489087757378,
e6f4cde589,180,527,13702,137.02,101.1254705130561,4.166540604695701e-17,61.48728656603256,21.401701723925626,
e6f4cde589,180,528,13728,137.28,101.1254705130561,4.1665406046957004e-17,61.48728656603256,26.817501580647463,
e6f4cde589,180,529,13754,137.54,101.1254705130561,4.1665406046957035e-17,61.48728656603256,24.227064684843036,
e6f4cde589,180,530,13780,137.8,101.1254705130561,4.166540604695701e-17,61.48728656603256,24.698515816649053,
e6f4cde589,180,531,13806,138.06,101.1254705130561,4.1665406046957017e-17,61.48728656603256,25.21341616776716,
e6f4cde589,180,532,13832,138.32,101.1254705130561,4.166540604695705e-17,61.48728656603256,28.634293564101267,
e6f4cde589,180,533,13858,138.58,101.1254705130561,4.1665406046957035e-17,61.48728656603256,24.13810505413443,
e6f4cde589,180,534,13884,138.84,101.1254705130561,4.1665406046957035e-17,61.48728656603256,29.007211065198508,
e6f4cde589,180,535,13910,139.1,101.1254705130561,4.166540604695701e-17,61.48728656603256,20.844848047562703,
e6f4cde589,180,536,13936,139.36,101.1254705130561,4.166540604695703e-17,61.48728656603256,24.018443037838917,
e6f4cde589,180,537,13962,139.62,101.1254705130561,4.166540604695701e-17,61.48728656603256,26.255788817267273,
e6f4cde589,180,538,13988,139.88,101.1254705130561,4.1665406046957035e-17,61.48728656603256,32.783935531237255,
e6f4cde589,180,539,14014,140.14,101.1254705130561,4.166540604695702e-17,61.48728656603256,22.601231998466325,
e6f4cde589,180,540,14040,140.4,101.1254705130561,4.166540604695705e-17,61.48728656603256,26.741156677269977,
e6f4cde589,180,541,14066,140.66,101.1254705130561,4.1665406046957017e-17,61.48728656603256,26.982414212794577,
e6f4cde589,180,542,14092,140.92,101.1254705130561,4.166540604695703e-17,61.48728656603256,28.580453833704315,
e6f4cde589,180,543,14118,141.18,101.1254705130561,4.166540604695704e-17,61.48728656603256,24.367806032386067,
e6f4cde589,180,544,14144,141.44,101.1254705130561,4.166540604695702e-17,61.48728656603256,30.069931572270338,
e6f4cde589,180,545,14170,141.7,101.1254705130561,4.166540604695703e-17,61.48728656603256,18.23362740723038,
e6f4cde589,180,546,14196,141.96,101.1254705130561,4.166540604695704e-17,61.48728656603256,27.171049361547272,
e6f4cde589,180,547,14222,142.22,101.1254705130561,4.166540604695705e-17,61.48728656603256,26.348970694156723,
e6f4cde589,180,548,14248,142.48,101.1254705130561,4.1665406046957017e-17,61.48728656603256,34.1055600907183,
e6f4cde589,180,549,14274,142.74,101.1254705130561,4.166540604695705e-17,61.48728656603256,29.450490861714304,
e6f4cde589,180,550,14300,143.0,101.1254705130561,4.1665406046957035e-17,61.48728656603256,25.380901854852144,
e6f4cde589,180,551,14326,143.26,101.1254705130561,4.166540604695702e-17,61.48728656603256,30.04605330143951,
e6f4cde589,180,552,14352,143.52,101.1254705130561,4.1665406046957054e-17,61.48728656603256,23.43607824782161,
e6f4cde589,180,553,14378,143.78,101.1254705130561,4.166540604695705e-17,61.48728656603256,35.465098564029255,
e6f4cde589,180,554,14404,144.04,101.1254705130561,4.166540604695703e-17,61.48728656603256,22.121102670233785,
e6f4cde589,180,555,14430,144.3,101.1254705130561,4.1665406046957017e-17,61.48728656603256,20.88818797954935,
e6f4cde589,180,556,14456,144.56,101.1254705130561,4.1665406046957035e-17,61.48728656603256,27.880935279410714,
e6f4cde589,180,557,14482,144.82,101.1254705130561,4.166540604695705e-17,61.48728656603256,23.858053318229206,
e6f4cde589,180,558,14508,145.08,101.1254705130561,4.166540604695703e-17,61.48728656603256,28.24781478878613,
e6f4cde589,180,559,14534,145.34,101.1254705130561,4.166540604695703e-17,61.48728656603256,32.51776307403291,
e6f4cde589,180,560,14560,145.6,101.1254705130561,4.166540604695703e-17,61.48728656603256,28.50786318764245,
e6f4cde589,180,561,14586,145.86,101.1254705130561,4.1665406046957035e-17,61.48728656603256,25.35588207901063,
e6f4cde589,180,562,14612,146.12,101.1254705130561,4.166540604695706e-17,61.48728656603256,38.4131148848094,
e6f4cde589,180,563,14638,146.38,101.1254705130561,4.166540604695705e-17,61.48728656603256,19.694884278988624,
e6f4cde589,180,564,14664,146.64,101.1254705130561,4.166540604695703e-17,61.48728656603256,22.210643244677374,
e6f4cde589,180,565,14690,146.9,101.1254705130561,4.166540604695703e-17,61.48728656603256,32.042231487245495,
e6f4cde589,180,566,14716,147.16,101.1254705130561,4.1665406046957035e-17,61.48728656603256,40.23271227017242,
e6f4cde589,180,567,14742,147.42,101.1254705130561,4.166540604695705e-17,61.48728656603256,27.28420386800625,
e6f4cde589,180,568,14768,147.68,101.1254705130561,4.166540604695706e-17,61.48728656603256,27.501189761467174,
e6f4cde589,180,569,14794,147.94,101.1254705130561,4.166540604695705e-17,61.48728656603256,29.517582297765284,
e6f4cde589,180,570,14820,148.2,101.1254705130561,4.1665406046957054e-17,61.48728656603256,35.27742695443979,
e6f4cde589,180,571,14846,148.46,101.1254705130561,4.1665406046957054e-17,61.48728656603256,25.38135445955199,
e6f4cde589,180,572,14872,148.72,101.1254705130561,4.166540604695705e-17,61.48728656603256,24.110586426997898,
e6f4cde589,180,573,14898,148.98,101.1254705130561,4.1665406046957054e-17,61.48728656603256,25.220797755899433,
e6f4cde589,180,574,14924,149.24,101.1254705130561,4.166540604695705e-17,61.48728656603256,26.770614290694912,
e6f4cde589,180,575,14950,149.5,101.1254705130561,4.166540604695702e-17,61.48728656603256,26.07111294010892,
e6f4cde589,180,576,14976,149.76,101.1254705130561,4.166540604695702e-17,61.48728656603256,26.66715318489708,
e6f4cde589,180,577,15002,150.02,101.1254705130561,4.166540604695704e-17,61.48728656603256,28.629775888460077,
e6f4cde589,180,578,15028,150.28,101.1254705130561,4.166540604695705e-17,61.48728656603256,27.703040206860983,
e6f4cde589,180,579,15054,150.54,101.1254705130561,4.1665406046957054e-17,61.48728656603256,19.33216805955145,
e6f4cde589,180,580,15080,150.8,101.1254705130561,4.166540604695706e-17,61.48728656603256,18.663277775474302,
e6f4cde589,180,581,15106,151.06,101.1254705130561,4.166540604695705e-17,61.48728656603256,22.220098750604347,
e6f4cde589,180,582,15132,151.32,101.1254705130561,4.1665406046957054e-17,61.48728656603256,27.657635899123747,
e6f4cde589,180,583,15158,151.58,101.1254705130561,4.1665406046957054e-17,61.48728656603256,25.534189296350814,
e6f4cde589,180,584,15184,151.84,101.1254705130561,4.1665406046957035e-17,61.48728656603256,22.81813431203293,
e6f4cde589,180,585,15210,152.1,101.1254705130561,4.166540604695707e-17,61.48728656603256,28.03043838775968,
e6f4cde589,180,586,15236,152.36,101.1254705130561,4.166540604695704e-17,61.48728656603256,25.2160728875139,
e6f4cde589,180,587,15262,152.62,101.1254705130561,4.166540604695705e-17,61.48728656603256,25.174469858370884,
e6f4cde589,180,588,15288,152.88,101.1254705130561,4.166540604695705e-17,61.48728656603256,27.39550017548578,
e6f4cde589,180,589,15314,153.14,101.1254705130561,4.166540604695704e-17,61.48728656603256,26.724621427277974,
e6f4cde589,180,590,15340,153.4,101.1254705130561,4.166540604695706e-17,61.48728656603256,26.318808306361678,
e6f4cde589,180,591,15366,153.66,101.1254705130561,4.166540604695706e-17,61.48728656603256,26.081364372216047,
e6f4cde589,180,592,15392,153.92,101.1254705130561,4.166540604695705e-17,61.48728656603256,37.081022465983175,
e6f4cde589,180,593,15418,154.18,101.1254705130561,4.166540604695702e-17,61.48728656603256,25.849019732425937,
e6f4cde589,180,594,15444,154.44,101.1254705130561,4.1665406046957035e-17,61.48728656603256,31.207396530231673,
e6f4cde589,180,595,15470,154.7,101.1254705130561,4.1665406046957054e-17,61.48728656603256,26.501342710987497,
e6f4cde589,180,596,15496,154.96,101.1254705130561,4.166540604695705e-17,61.48728656603256,29.81067440688337,
e6f4cde589,180,597,15522,155.22,101.1254705130561,4.1665406046957035e-17,61.48728656603256,35.17489847073136,
e6f4cde589,180,598,15548,155.48,101.1254705130561,4.166540604695706e-17,61.48728656603256,27.656717643816055,
e6f4cde589,180,599,15574,155.74,101.1254705130561,4.166540604695703e-17,61.48728656603256,29.07684118068885,
e6f4cde589,180,600,15600,156.0,101.1254705130561,4.1665406046957054e-17,61.48728656603256,31.306824125979364,
e6f4cde589,180,601,15626,156.26,101.1254705130561,4.166540604695705e-17,61.48728656603256,27.727057701164657,
e6f4cde589,180,602,15652,156.52,101.1254705130561,4.1665406046957035e-17,61.48728656603256,26.31758006112789,
e6f4cde589,180,603,15678,156.78,101.1254705130561,4.166540604695706e-17,61.48728656603256,20.516280047198787,
e6f4cde589,180,604,15704,157.04,101.1254705130561,4.1665406046957035e-17,61.48728656603256,35.238060126797194,
e6f4cde589,180,605,15730,157.3,101.1254705130561,4.1665406046957035e-17,61.48728656603256,31.891177687184726,
e6f4cde589,180,606,15756,157.56,101.1254705130561,4.1665406046957035e-17,61.48728656603256,37.6746271960672,
e6f4cde589,180,607,15782,157.82,101.1254705130561,4.1665406046957054e-17,61.48728656603256,27.623133703063292,
e6f4cde589,180,608,15808,158.08,101.1254705130561,4.1665406046957054e-17,61.48728656603256,32.377017413168026,
e6f4cde589,180,609,15834,158.34,101.1254705130561,4.1665406046957035e-17,61.48728656603256,28.47008879215747,
e6f4cde589,180,610,15860,158.6,101.1254705130561,4.1665406046957054e-17,61.48728656603256,26.27798438975478,
e6f4cde589,180,611,15886,158.86,101.1254705130561,4.1665406046957054e-17,61.48728656603256,36.73892374096926,
e6f4cde589,180,612,15912,159.12,101.1254705130561,4.1665406046957035e-17,61.48728656603256,25.319270175086686,
e6f4cde589,180,613,15938,159.38,101.1254705130561,4.1665406046957035e-17,61.48728656603256,27.48776546822053,
e6f4cde589,180,614,15964,159.64,101.1254705130561,4.1665406046957035e-17,61.48728656603256,33.25364860908681,
e6f4cde589,180,615,15990,159.9,101.1254705130561,4.166540604695706e-17,61.48728656603256,24.187852314281482,
e6f4cde589,180,616,16016,160.16,101.1254705130561,4.166540604695705e-17,61.48728656603256,27.553283766099426,
e6f4cde589,180,617,16042,160.42,101.1254705130561,4.166540604695703e-17,61.48728656603256,23.526558701580228,
e6f4cde589,180,618,16068,160.68,101.1254705130561,4.1665406046957054e-17,61.48728656603256,32.532473932113504,
e6f4cde589,180,619,16094,160.94,101.1254705130561,4.166540604695705e-17,61.48728656603256,21.997087706368973,
e6f4cde589,180,620,16120,161.2,101.1254705130561,4.166540604695703e-17,61.48728656603256,32.664187985592925,
e6f4cde589,180,621,16146,161.46,101.1254705130561,4.166540604695706e-17,61.48728656603256,30.413807390120695,
e6f4cde589,180,622,16172,161.72,101.1254705130561,4.166540604695702e-17,61.48728656603256,27.559164065821946,
e6f4cde589,180,623,16198,161.98,101.1254705130561,4.1665406046957066e-17,61.48728656603256,17.312978088785016,
e6f4cde589,180,624,16224,162.24,101.1254705130561,4.1665406046957035e-17,61.48728656603256,29.102618581765704,
e6f4cde589,180,625,16250,162.5,101.1254705130561,4.166540604695702e-17,61.48728656603256,18.272612001730295,
e6f4cde589,180,626,16276,162.76,101.1254705130561,4.166540604695703e-17,61.48728656603256,22.989162116907842,
e6f4cde589,180,627,16302,163.02,101.1254705130561,4.1665406046957035e-17,61.48728656603256,22.620386744762865,
e6f4cde589,180,628,16328,163.28,101.1254705130561,4.166540604695702e-17,61.48728656603256,32.05158665323311,
e6f4cde589,180,629,16354,163.54,101.1254705130561,4.1665406046957054e-17,61.48728656603256,28.858299474867678,
e6f4cde589,180,630,16380,163.8,101.1254705130561,4.166540604695705e-17,61.48728656603256,25.282758648554474,
e6f4cde589,180,631,16406,164.06,101.1254705130561,4.166540604695705e-17,61.48728656603256,24.95328004480148,
e6f4cde589,180,632,16432,164.32,101.1254705130561,4.166540604695705e-17,61.48728656603256,28.150956781960893,
e6f4cde589,180,633,16458,164.58,101.1254705130561,4.166540604695706e-17,61.48728656603256,27.475945144671705,
e6f4cde589,180,634,16484,164.84,101.1254705130561,4.1665406046957054e-17,61.48728656603256,22.32157574362381,
e6f4cde589,180,635,16510,165.1,101.1254705130561,4.1665406046957054e-17,61.48728656603256,24.513224747227508,
e6f4cde589,180,636,16536,165.36,101.1254705130561,4.166540604695705e-17,61.48728656603256,30.52124374663718,
e6f4cde589,180,637,16562,165.62,101.1254705130561,4.166540604695705e-17,61.48728656603256,31.282138202894277,
e6f4cde589,180,638,16588,165.88,101.1254705130561,4.166540604695705e-17,61.48728656603256,31.375038683558472,
e6f4cde589,180,639,16614,166.14,101.1254705130561,4.166540604695703e-17,61.48728656603256,28.673634565777053,
e6f4cde589,180,640,16640,166.4,101.1254705130561,4.166540604695705e-17,61.48728656603256,35.113959390715685,
e6f4cde589,180,641,16666,166.66,101.1254705130561,4.1665406046957054e-17,61.48728656603256,28.69742538416177,
e6f4cde589,180,642,16692,166.92,101.1254705130561,4.1665406046957035e-17,61.48728656603256,19.00368747853604,
e6f4cde589,180,643,16718,167.18,101.1254705130561,4.166540604695707e-17,61.48728656603256,21.654842837526044,
e6f4cde589,180,644,16744,167.44,101.1254705130561,4.1665406046957054e-17,61.48728656603256,32.604345953004454,
e6f4cde589,180,645,16770,167.7,101.1254705130561,4.1665406046957054e-17,61.48728656603256,28.816998840958913,
e6f4cde589,180,646,16796,167.96,101.1254705130561,4.1665406046957035e-17,61.48728656603256,32.39269452849352,
e6f4cde589,180,647,16822,168.22,101.1254705130561,4.1665406046957017e-17,61.48728656603256,23.1039891353725,
e6f4cde589,180,648,16848,168.48,101.1254705130561,4.166540604695701e-17,61.48728656603256,29.47485488424009,
e6f4cde589,180,649,16874,168.74,101.1254705130561,4.166540604695704e-17,61.48728656603256,25.901388541592436,
e6f4cde589,180,650,16900,169.0,101.1254705130561,4.166540604695702e-17,61.48728656603256,30.043097804137354,
e6f4cde589,180,651,16926,169.26,101.1254705130561,4.166540604695703e-17,61.48728656603256,32.96183299142658,
e6f4cde589,180,652,16952,169.52,101.1254705130561,4.166540604695703e-17,61.48728656603256,23.538642146935697,
e6f4cde589,180,653,16978,169.78,101.1254705130561,4.1665406046957035e-17,61.48728656603256,24.69279675838655,
e6f4cde589,180,654,17004,170.04,101.1254705130561,4.1665406046957035e-17,61.48728656603256,23.789474587954437,
e6f4cde589,180,655,17030,170.3,101.1254705130561,4.1665406046957054e-17,61.48728656603256,27.68493248129407,
e6f4cde589,180,656,17056,170.56,101.1254705130561,4.1665406046957054e-17,61.48728656603256,28.427884456043955,
e6f4cde589,180,657,17082,170.82,101.1254705130561,4.166540604695706e-17,61.48728656603256,28.20648776212112,
e6f4cde589,180,658,17108,171.08,101.1254705130561,4.1665406046957035e-17,61.48728656603256,25.925891503567286,
e6f4cde589,180,659,17134,171.34,101.1254705130561,4.166540604695705e-17,61.48728656603256,21.09133911957447,
e6f4cde589,180,660,17160,171.6,101.1254705130561,4.166540604695705e-17,61.48728656603256,26.38167639281014,
e6f4cde589,180,661,17186,171.86,101.1254705130561,4.166540604695704e-17,61.48728656603256,26.72841888160212,
e6f4cde589,180,662,17212,172.12,101.1254705130561,4.166540604695707e-17,61.48728656603256,26.90228790910165,
e6f4cde589,180,663,17238,172.38,101.1254705130561,4.1665406046957054e-17,61.48728656603256,31.1579082461531,
e6f4cde589,180,664,17264,172.64,101.1254705130561,4.166540604695705e-17,61.48728656603256,22.031364198538387,
e6f4cde589,180,665,17290,172.9,101.1254705130561,4.166540604695703e-17,61.48728656603256,34.01587822269271,
e6f4cde589,180,666,17316,173.16,101.1254705130561,4.166540604695703e-17,61.48728656603256,22.811737628250206,
e6f4cde589,180,667,17342,173.42,101.1254705130561,4.1665406046957035e-17,61.48728656603256,30.5280915226511,
e6f4cde589,180,668,17368,173.68,101.1254705130561,4.1665406046957054e-17,61.48728656603256,24.75584802587659,
e6f4cde589,180,669,17394,173.94,101.1254705130561,4.166540604695704e-17,61.48728656603256,29.200008085053355,
e6f4cde589,180,670,17420,174.2,101.1254705130561,4.1665406046957035e-17,61.48728656603256,31.171667041564913,
e6f4cde589,180,671,17446,174.46,101.1254705130561,4.1665406046957054e-17,61.48728656603256,25.53947975424649,
e6f4cde589,180,672,17472,174.72,101.1254705130561,4.166540604695707e-17,61.48728656603256,31.956962562670714,
e6f4cde589,180,673,17498,174.98,101.1254705130561,4.166540604695706e-17,61.48728656603256,22.815738903518067,
e6f4cde589,180,674,17524,175.24,101.1254705130561,4.1665406046957054e-17,61.48728656603256,24.701205423314875,
e6f4cde589,180,675,17550,175.5,101.1254705130561,4.1665406046957054e-17,61.48728656603256,28.551639691615296,
e6f4cde589,180,676,17576,175.76,101.1254705130561,4.166540604695706e-17,61.48728656603256,30.929214875865807,
e6f4cde589,180,677,17602,176.02,101.1254705130561,4.166540604695705e-17,61.48728656603256,25.27654793948723,
e6f4cde589,180,678,17628,176.28,101.1254705130561,4.166540604695705e-17,61.48728656603256,21.14931063937837,
e6f4cde589,180,679,17654,176.54,101.1254705130561,4.166540604695703e-17,61.48728656603256,25.08680178368396,
e6f4cde589,180,680,17680,176.8,101.1254705130561,4.166540604695707e-17,61.48728656603256,18.43442491595844,
e6f4cde589,180,681,17706,177.06,101.1254705130561,4.1665406046957054e-17,61.48728656603256,26.44540444338869,
e6f4cde589,180,682,17732,177.32,101.1254705130561,4.1665406046957035e-17,61.48728656603256,31.195992695564914,
e6f4cde589,180,683,17758,177.58,101.1254705130561,4.1665406046957035e-17,61.48728656603256,26.938573082436598,
e6f4cde589,180,684,17784,177.84,101.1254705130561,4.1665406046957054e-17,61.48728656603256,24.06798312129187,
e6f4cde589,180,685,17810,178.1,101.1254705130561,4.166540604695703e-17,61.48728656603256,25.679797575982516,
e6f4cde589,180,686,17836,178.36,101.1254705130561,4.1665406046957035e-17,61.48728656603256,22.74571548643833,
e6f4cde589,180,687,17862,178.62,101.1254705130561,4.166540604695705e-17,61.48728656603256,25.96580532855012,
e6f4cde589,180,688,17888,178.88,101.1254705130561,4.166540604695705e-17,61.48728656603256,23.20002311546233,
e6f4cde589,180,689,17914,179.14,101.1254705130561,4.1665406046957035e-17,61.48728656603256,26.034287166835128,
e6f4cde589,180,690,17940,179.4,101.1254705130561,4.166540604695706e-17,61.48728656603256,25.84764840136449,
e6f4cde589,180,691,17966,179.66,101.1254705130561,4.166540604695705e-17,61.48728656603256,19.783987706840694,
e6f4cde589,180,692,17992,179.92,101.1254705130561,,61.48728656603256,26.638957282963883,
2c64be32f9,180,0,0,0.0,516651013610901.0,20.0475618414498,119640441474639.08,51661786309938.15,"ProjectedCommonDirectionsConfig(subspace_no_grads=1, subspace_no_updates=1, subspace_frac_random=0.05, direction_str=sd, random_proj=True, random_proj_dim_frac=0.2, ensemble=haar, inner_use_full_grad=True, orth_P_k=True, beta=0.001, tau=0.5, c_const=inf, N_try=200, alpha_max=100, p_const=1)"
2c64be32f9,180,1,26,0.26,4643372082393.066,1.290120787207126,11342168815529.623,5558707130835.623,
2c64be32f9,180,2,52,0.52,371445307.1721545,0.012661116508117003,101444088169.94052,43749422830.749176,
2c64be32f9,180,3,78,0.78,17131202.207651787,0.002832709284679047,21785724277.734333,9226304770.680794,
2c64be32f9,180,4,104,1.04,1737202.7891080333,0.0009525857995085472,6937324062.726699,2793819377.0039115,
2c64be32f9,180,5,130,1.3,384409.8656555851,0.00045542533836196255,3263018190.051787,1130293092.6096463,
2c64be32f9,180,6,156,1.56,103669.338587636,0.00024974197903767086,1693918868.7627456,802883902.939257,
2c64be32f9,180,7,182,1.82,50142.16692502701,0.0001783636078298762,1177450162.2103567,632763851.8065238,
2c64be32f9,180,8,208,2.08,31290.34629119382,0.00014410953937637875,929568988.3190014,413079927.5497477,
2c64be32f9,180,9,234,2.34,23937.85570946715,0.0001274370934422076,812648437.7954983,339877709.5269608,
2c64be32f9,180,10,260,2.6,20176.58613202605,5.986467766362494e-05,745782389.2962236,287509596.7991838,
2c64be32f9,180,11,286,2.86,101.61788022356302,2.989489667728045e-07,3693538.818694425,1395829.6512709355,
2c64be32f9,180,12,312,3.12,101.12570308538534,6.554915750636501e-09,80270.57681852329,32058.263218534063,
2c64be32f9,180,13,338,3.38,101.12547088659879,2.64573571110651e-10,3214.0219516108973,1857.9372684878874,
2c64be32f9,180,14,364,3.64,101.12547051507417,1.512118195455143e-11,182.79915442838364,61.76880725824354,
2c64be32f9,180,15,390,3.9,101.12547051427994,8.218502134391843e-12,12.28501038604035,5.496944706402779,
2c64be32f9,180,16,416,4.16,101.12547051421629,2.000863664391929e-12,94.9023644111915,39.62889970340988,
2c64be32f9,180,17,442,4.42,101.12547051402662,1.1371810717311547e-14,68.58612035055764,35.7337991359246,
2c64be32f9,180,18,468,4.68,101.12547051369847,3.5576230559567603e-16,68.43615469121038,22.51367686544178,
2c64be32f9,180,19,494,4.94,101.12547051358435,5.842361171751915e-12,68.43505655191848,28.7614697200427,
2c64be32f9,180,20,520,5.2,101.12547051316483,3.127690745754416e-15,9.355066270148338,4.559692035548893,
2c64be32f9,180,21,546,5.46,101.12547051314247,1.5611141929979738e-15,9.313361296573223,4.385655823953444,
2c64be32f9,180,22,572,5.72,101.1254705124224,1.2183009471170012e-17,9.291988774291662,3.2232354838145736,
2c64be32f9,180,23,598,5.98,101.1254705124224,3.053855270832866e-18,9.291988774291662,4.048458916692264,
2c64be32f9,180,24,624,6.24,101.1254705124224,1.966336450120127e-16,9.291988774291662,4.11226168655608,
2c64be32f9,180,25,650,6.5,101.12547051241644,6.153204447765545e-18,9.291521431037252,5.2691423171061444,
2c64be32f9,180,26,676,6.76,101.12547051241644,3.0852154292124743e-18,9.291521431037252,4.17431347723993,
2c64be32f9,180,27,702,7.02,101.12547051241644,3.087687621811514e-18,9.291521431037252,3.8353795085929008,
2c64be32f9,180,28,728,7.28,101.12547051241644,3.0956054095324907e-18,9.291521431037252,4.878960311267448,
2c64be32f9,180,29,754,7.54,101.12547051241644,3.098274127956885e-18,9.291521431037252,4.1664717949610335,
2c64be32f9,180,30,780,7.8,101.12547051241644,3.0999603779631333e-18,9.291521431037252,4.11961286375933,
2c64be32f9,180,31,806,8.06,101.12547051241644,3.1005645084066013e-18,9.291521431037252,4.336392511682952,
2c64be32f9,180,32,832,8.32,101.12547051241644,9.93747503845023e-17,9.291521431037252,2.779766611043389,
2c64be32f9,180,33,858,8.58,101.1254705123922,9.945149871444522e-17,9.29143651152606,3.867664140552427,
2c64be32f9,180,34,884,8.84,101.1254705123155,9.951549591145996e-17,9.29122583164635,5.577825492488678,
2c64be32f9,180,35,910,9.1,101.12547051223417,9.958512671380102e-17,9.2910665288779,4.251110646391561,
2c64be32f9,180,36,936,9.36,101.12547051221037,4.98434601325732e-17,9.290915365349043,4.769991357701795,
2c64be32f9,180,37,962,9.62,101.12547051217706,2.4933630667842236e-17,9.290893852126606,4.212443343675368,
2c64be32f9,180,38,988,9.88,101.12547051217706,1.2473167759783092e-17,9.290893852126606,4.347191436334889,
2c64be32f9,180,39,1014,10.14,101.12547051217706,3.1199961911911647e-18,9.290893852126606,2.6818003815161173,
2c64be32f9,180,40,1040,10.4,101.12547051217706,3.123844823458849e-18,9.290893852126606,4.674331376291163,
2c64be32f9,180,41,1066,10.66,101.12547051217706,3.1258357570531805e-18,9.290893852126606,4.3575475001709,
2c64be32f9,180,42,1092,10.92,101.12547051217706,3.128507682870205e-18,9.290893852126606,3.5107376159493193,
2c64be32f9,180,43,1118,11.18,101.12547051217706,3.1297673575607787e-18,9.290893852126606,3.6169062456588175,
2c64be32f9,180,44,1144,11.44,101.12547051217706,3.1313438418155426e-18,9.290893852126606,3.3062883134559287,
2c64be32f9,180,45,1170,11.7,101.12547051217706,3.1321060522832882e-18,9.290893852126606,4.500535110803445,
2c64be32f9,180,46,1196,11.96,101.12547051217706,3.133797156118563e-18,9.290893852126606,3.5616424473004242,
2c64be32f9,180,47,1222,12.22,101.12547051217706,3.1349694272187516e-18,9.290893852126606,3.764415210898026,
2c64be32f9,180,48,1248,12.48,101.12547051217706,3.136061265805578e-18,9.290893852126606,3.888261066996229,
2c64be32f9,180,49,1274,12.74,101.12547051217706,3.1366813875476016e-18,9.290893852126606,4.024769316916808,
2c64be32f9,180,50,1300,13.0,101.12547051217706,3.137305263871942e-18,9.290893852126606,4.586769209875997,
2c64be32f9,180,51,1326,13.26,101.12547051217706,3.1379753931457214e-18,9.290893852126606,4.05817059368454,
2c64be32f9,180,52,1352,13.52,101.12547051217706,3.1385161107078167e-18,9.290893852126606,3.9691966934886254,
2c64be32f9,180,53,1378,13.78,101.12547051217706,3.1390256185034697e-18,9.290893852126606,3.44952397042892,
2c64be32f9,180,54,1404,14.04,101.12547051217706,3.1400712858303263e-18,9.290893852126606,4.434198616399574,
2c64be32f9,180,55,1430,14.3,101.12547051217706,3.1410946889132693e-18,9.290893852126606,5.137277297748577,
2c64be32f9,180,56,1456,14.56,101.12547051217706,3.1416451556186334e-18,9.290893852126606,2.729369874554501,
2c64be32f9,180,57,1482,14.82,101.12547051217706,3.1417706512757943e-18,9.290893852126606,3.6630667762835993,
2c64be32f9,180,58,1508,15.08,101.12547051217706,3.1425852330291237e-18,9.290893852126606,4.637435325207123,
2c64be32f9,180,59,1534,15.34,101.12547051217706,3.142911752088184e-18,9.290893852126606,3.2467689471099526,
2c64be32f9,180,60,1560,15.6,101.12547051217706,6.592120825996751e-12,9.290893852126606,5.609977887306013,
2c64be32f9,180,61,1586,15.86,101.12547051205432,1.108374716141189e-16,81.89383103306854,20.916747930392873,
2c64be32f9,180,62,1612,16.12,101.12547051197802,2.7711460102062815e-17,81.89357574119106,32.25027699810304,
2c64be32f9,180,63,1638,16.38,101.12547051197802,3.464105832646123e-18,81.89357574119106,37.51878657065124,
2c64be32f9,180,64,1664,16.64,101.12547051197802,3.46456013348695e-18,81.89357574119106,29.627777539545622,
2c64be32f9,180,65,1690,16.9,101.12547051197802,3.4649474654153013e-18,81.89357574119106,35.5020609234477,
2c64be32f9,180,66,1716,17.16,101.12547051197802,3.46529061755403e-18,81.89357574119106,38.98858670797823,
2c64be32f9,180,67,1742,17.42,101.12547051197802,3.465464551667824e-18,81.89357574119106,33.56292692362146,
2c64be32f9,180,68,1768,17.68,101.12547051197802,3.4656247414210126e-18,81.89357574119106,31.676890714549142,
2c64be32f9,180,69,1794,17.94,101.12547051197802,3.4657605642994304e-18,81.89357574119106,35.66046236550318,
2c64be32f9,180,70,1820,18.2,101.12547051197802,3.4659056726470588e-18,81.89357574119106,23.80920690680941,
2c64be32f9,180,71,1846,18.46,101.12547051197802,3.466041864700951e-18,81.89357574119106,41.32684131484,
2c64be32f9,180,72,1872,18.72,101.12547051197802,3.466192511565036e-18,81.89357574119106,39.98977661098502,
2c64be32f9,180,73,1898,18.98,101.12547051197802,3.4664393553786393e-18,81.89357574119106,39.22347821640978,
2c64be32f9,180,74,1924,19.24,101.12547051197802,3.4666728068355643e-18,81.89357574119106,38.6823850612456,
2c64be32f9,180,75,1950,19.5,101.12547051197802,3.466776584462923e-18,81.89357574119106,43.67674475791217,
2c64be32f9,180,76,1976,19.76,101.12547051197802,3.4669478076074102e-18,81.89357574119106,42.23814291901481,
2c64be32f9,180,77,2002,20.02,101.12547051197802,3.46699475827358e-18,81.89357574119106,41.42866112868877,
2c64be32f9,180,78,2028,20.28,101.12547051197802,3.46704879432566e-18,81.89357574119106,38.21153955862329,
2c64be32f9,180,79,2054,20.54,101.12547051197802,3.467096712978309e-18,81.89357574119106,37.63410362539797,
2c64be32f9,180,80,2080,20.8,101.12547051197802,3.467141910060992e-18,81.89357574119106,40.43748661630889,
2c64be32f9,180,81,2106,21.06,101.12547051197802,3.467180921467859e-18,81.89357574119106,28.324525262547347,
2c64be32f9,180,82,2132,21.32,101.12547051197802,3.467242970467191e-18,81.89357574119106,33.63682233351559,
2c64be32f9,180,83,2158,21.58,101.12547051197802,3.4672739099367184e-18,81.89357574119106,32.93228540239565,
2c64be32f9,180,84,2184,21.84,101.12547051197802,3.4673734601056415e-18,81.89357574119106,31.98061626687785,
2c64be32f9,180,85,2210,22.1,101.12547051197802,3.4674321816446357e-18,81.89357574119106,40.17256398251574,
2c64be32f9,180,86,2236,22.36,101.12547051197802,3.4674598134856504e-18,81.89357574119106,37.25052293410049,
2c64be32f9,180,87,2262,22.62,101.12547051197802,3.467472679406507e-18,81.89357574119106,43.40883124586733,
2c64be32f9,180,88,2288,22.88,101.12547051197802,3.467555434312184e-18,81.89357574119106,38.89941300206758,
2c64be32f9,180,89,2314,23.14,101.12547051197802,3.4676506800242565e-18,81.89357574119106,32.798061315217595,
2c64be32f9,180,90,2340,23.4,101.12547051197802,3.467682836449456e-18,81.89357574119106,29.56744960118935,
2c64be32f9,180,91,2366,23.66,101.12547051197802,3.4677429129127773e-18,81.89357574119106,37.67370129329825,
2c64be32f9,180,92,2392,23.92,101.12547051197802,3.4677792379927573e-18,81.89357574119106,36.68488761335162,
2c64be32f9,180,93,2418,24.18,101.12547051197802,3.467789261976348e-18,81.89357574119106,35.13024311080142,
2c64be32f9,180,94,2444,24.44,101.12547051197802,3.467806007577944e-18,81.89357574119106,32.83031804690455,
2c64be32f9,180,95,2470,24.7,101.12547051197802,3.467831022101628e-18,81.89357574119106,30.369962696001316,
2c64be32f9,180,96,2496,24.96,101.12547051197802,3.467845737713751e-18,81.89357574119106,47.15476341692748,
2c64be32f9,180,97,2522,25.22,101.12547051197802,3.4678802666769974e-18,81.89357574119106,34.218151662514444,
2c64be32f9,180,98,2548,25.48,101.12547051197802,3.467924396348606e-18,81.89357574119106,33.74083141982871,
2c64be32f9,180,99,2574,25.74,101.12547051197802,3.467944357144709e-18,81.89357574119106,30.451430263311742,
2c64be32f9,180,100,2600,26.0,101.12547051197802,3.4679665291232518e-18,81.89357574119106,39.58651082072845,
2c64be32f9,180,101,2626,26.26,101.12547051197802,3.468000279325186e-18,81.89357574119106,33.109381967871805,
2c64be32f9,180,102,2652,26.52,101.12547051197802,3.46802776577053e-18,81.89357574119106,23.44705564727596,
2c64be32f9,180,103,2678,26.78,101.12547051197802,3.468035697278183e-18,81.89357574119106,40.03693217306201,
2c64be32f9,180,104,2704,27.04,101.12547051197802,3.468048025087109e-18,81.89357574119106,34.284040607463936,
2c64be32f9,180,105,2730,27.3,101.12547051197802,3.468061168689213e-18,81.89357574119106,31.23348086252739,
2c64be32f9,180,106,2756,27.56,101.12547051197802,3.4680702758738445e-18,81.89357574119106,41.36929545567997,
2c64be32f9,180,107,2782,27.82,101.12547051197802,3.468074805620874e-18,81.89357574119106,35.614101575067686,
2c64be32f9,180,108,2808,28.08,101.12547051197802,3.4680870808337182e-18,81.89357574119106,28.84183329737212,
2c64be32f9,180,109,2834,28.34,101.12547051197802,3.4680950301288634e-18,81.89357574119106,36.26378036159147,
2c64be32f9,180,110,2860,28.6,101.12547051197802,3.4681098767135827e-18,81.89357574119106,50.86274558570358,
2c64be32f9,180,111,2886,28.86,101.12547051197802,3.4681326889419424e-18,81.89357574119106,23.535655712390533,
2c64be32f9,180,112,2912,29.12,101.12547051197802,3.4681385831792196e-18,81.89357574119106,45.57398920161496,
2c64be32f9,180,113,2938,29.38,101.12547051197802,3.468150346865665e-18,81.89357574119106,32.681661511476825,
2c64be32f9,180,114,2964,29.64,101.12547051197802,3.468159893169641e-18,81.89357574119106,38.510145866360816,
2c64be32f9,180,115,2990,29.9,101.12547051197802,3.4681899722313454e-18,81.89357574119106,37.68904542613952,
2c64be32f9,180,116,3016,30.16,101.12547051197802,3.4681952018769812e-18,81.89357574119106,32.724718021429055,
2c64be32f9,180,117,3042,30.42,101.12547051197802,3.4681983321887432e-18,81.89357574119106,36.13834792784511,
2c64be32f9,180,118,3068,30.68,101.12547051197802,3.468204263984807e-18,81.89357574119106,38.593453387672504,
2c64be32f9,180,119,3094,30.94,101.12547051197802,3.4682196859075187e-18,81.89357574119106,36.903655789188655,
2c64be32f9,180,120,3120,31.2,101.12547051197802,3.468224533828017e-18,81.89357574119106,36.14824239293663,
2c64be32f9,180,121,3146,31.46,101.12547051197802,3.468244065748152e-18,81.89357574119106,37.23015626335481,
2c64be32f9,180,122,3172,31.72,101.12547051197802,3.468246571296794e-18,81.89357574119106,28.729211501279153,
2c64be32f9,180,123,3198,31.98,101.12547051197802,3.4682570228172975e-18,81.89357574119106,36.054690468034934,
2c64be32f9,180,124,3224,32.24,101.12547051197802,3.4682614329985252e-18,81.89357574119106,41.191749452548784,
2c64be32f9,180,125,3250,32.5,101.12547051197802,3.4682638163171133e-18,81.89357574119106,31.985463908938303,
2c64be32f9,180,126,3276,32.76,101.12547051197802,3.46827194352327e-18,81.89357574119106,35.24326282613707,
2c64be32f9,180,127,3302,33.02,101.12547051197802,3.468275538455596e-18,81.89357574119106,42.93350168843539,
2c64be32f9,180,128,3328,33.28,101.12547051197802,3.4682766666464385e-18,81.89357574119106,38.3589237860696,
2c64be32f9,180,129,3354,33.54,101.12547051197802,3.4682851234187457e-18,81.89357574119106,32.91211397680155,
2c64be32f9,180,130,3380,33.8,101.12547051197802,3.4682868073463527e-18,81.89357574119106,46.86337587915194,
2c64be32f9,180,131,3406,34.06,101.12547051197802,3.4682876179473662e-18,81.89357574119106,35.046163053127636,
2c64be32f9,180,132,3432,34.32,101.12547051197802,3.4682911157831404e-18,81.89357574119106,29.994736262852737,
2c64be32f9,180,133,3458,34.58,101.12547051197802,3.4682958914844706e-18,81.89357574119106,25.971388331980723,
2c64be32f9,180,134,3484,34.84,101.12547051197802,3.4682968563627575e-18,81.89357574119106,41.26927145215795,
2c64be32f9,180,135,3510,35.1,101.12547051197802,3.468300174645406e-18,81.89357574119106,44.90532682093907,
2c64be32f9,180,136,3536,35.36,101.12547051197802,3.4683006626973193e-18,81.89357574119106,45.38468529180887,
2c64be32f9,180,137,3562,35.62,101.12547051197802,3.468303036843949e-18,81.89357574119106,29.15706221999871,
2c64be32f9,180,138,3588,35.88,101.12547051197802,3.4683047068537145e-18,81.89357574119106,43.74490304067095,
2c64be32f9,180,139,3614,36.14,101.12547051197802,3.4683061194737533e-18,81.89357574119106,36.78288644241444,
2c64be32f9,180,140,3640,36.4,101.12547051197802,3.4683066821076257e-18,81.89357574119106,34.263307289624436,
2c64be32f9,180,141,3666,36.66,101.12547051197802,3.4683073739600336e-18,81.89357574119106,38.932672211404615,
2c64be32f9,180,142,3692,36.92,101.12547051197802,3.468308186308488e-18,81.89357574119106,36.13399457837667,
2c64be32f9,180,143,3718,37.18,101.12547051197802,3.4683092341920236e-18,81.89357574119106,42.929276010789906,
2c64be32f9,180,144,3744,37.44,101.12547051197802,3.4683099796993456e-18,81.89357574119106,33.6056242144078,
2c64be32f9,180,145,3770,37.7,101.12547051197802,3.4683114797062528e-18,81.89357574119106,34.609011481967116,
2c64be32f9,180,146,3796,37.96,101.12547051197802,3.468311884060801e-18,81.89357574119106,30.679841582772987,
2c64be32f9,180,147,3822,38.22,101.12547051197802,3.4683126507824797e-18,81.89357574119106,28.896580906111062,
2c64be32f9,180,148,3848,38.48,101.12547051197802,3.4683132590655344e-18,81.89357574119106,39.70300823289676,
2c64be32f9,180,149,3874,38.74,101.12547051197802,3.46831371591898e-18,81.89357574119106,39.72924706767765,
2c64be32f9,180,150,3900,39.0,101.12547051197802,3.4683146458129713e-18,81.89357574119106,27.15218051830796,
2c64be32f9,180,151,3926,39.26,101.12547051197802,3.4683159918094634e-18,81.89357574119106,33.203974778210416,
2c64be32f9,180,152,3952,39.52,101.12547051197802,3.4683166158342864e-18,81.89357574119106,37.977114686216204,
2c64be32f9,180,153,3978,39.78,101.12547051197802,3.4683182609608735e-18,81.89357574119106,41.07887970622202,
2c64be32f9,180,154,4004,40.04,101.12547051197802,3.468318782232567e-18,81.89357574119106,38.93349871559578,
2c64be32f9,180,155,4030,40.3,101.12547051197802,3.4683193398378134e-18,81.89357574119106,32.21314242094392,
2c64be32f9,180,156,4056,40.56,101.12547051197802,3.468320239179295e-18,81.89357574119106,31.133558659652223,
2c64be32f9,180,157,4082,40.82,101.12547051197802,3.4683203356755787e-18,81.89357574119106,27.970847527901174,
2c64be32f9,180,158,4108,41.08,101.12547051197802,3.4683205993030043e-18,81.89357574119106,34.90950339971692,
2c64be32f9,180,159,4134,41.34,101.12547051197802,3.4683209497243977e-18,81.89357574119106,30.438657200577797,
2c64be32f9,180,160,4160,41.6,101.12547051197802,3.468321137587019e-18,81.89357574119106,38.62830198844049,
2c64be32f9,180,161,4186,41.86,101.12547051197802,3.4683218296268194e-18,81.89357574119106,35.393268948557676,
2c64be32f9,180,162,4212,42.12,101.12547051197802,3.4683222290169803e-18,81.89357574119106,48.58289727982252,
2c64be32f9,180,163,4238,42.38,101.12547051197802,3.4683223959529872e-18,81.89357574119106,34.32463187750941,
2c64be32f9,180,164,4264,42.64,101.12547051197802,3.4683231778626685e-18,81.89357574119106,30.205202211824282,
2c64be32f9,180,165,4290,42.9,101.12547051197802,3.468323403704889e-18,81.89357574119106,41.08290428411586,
2c64be32f9,180,166,4316,43.16,101.12547051197802,3.468323575103278e-18,81.89357574119106,33.444160604780855,
2c64be32f9,180,167,4342,43.42,101.12547051197802,3.4683238227930004e-18,81.89357574119106,34.80191101966355,
2c64be32f9,180,168,4368,43.68,101.12547051197802,3.4683241252328806e-18,81.89357574119106,43.105724258230794,
2c64be32f9,180,169,4394,43.94,101.12547051197802,3.4683242647021786e-18,81.89357574119106,41.40973280286561,
2c64be32f9,180,170,4420,44.2,101.12547051197802,3.4683243558748902e-18,81.89357574119106,35.1937275391902,
2c64be32f9,180,171,4446,44.46,101.12547051197802,3.4683246276548505e-18,81.89357574119106,41.880414586638246,
2c64be32f9,180,172,4472,44.72,101.12547051197802,3.4683249553928902e-18,81.89357574119106,35.83620288711617,
2c64be32f9,180,173,4498,44.98,101.12547051197802,3.4683251428507237e-18,81.89357574119106,47.62002149987374,
2c64be32f9,180,174,4524,45.24,101.12547051197802,3.4683253669923693e-18,81.89357574119106,40.12576115261733,
2c64be32f9,180,175,4550,45.5,101.12547051197802,3.4683254464144484e-18,81.89357574119106,28.28054069932257,
2c64be32f9,180,176,4576,45.76,101.12547051197802,3.4683255821252244e-18,81.89357574119106,39.89999975243765,
2c64be32f9,180,177,4602,46.02,101.12547051197802,3.4683256652058055e-18,81.89357574119106,26.686413946357643,
2c64be32f9,180,178,4628,46.28,101.12547051197802,3.4683258837459315e-18,81.89357574119106,40.22723231674448,
2c64be32f9,180,179,4654,46.54,101.12547051197802,3.4683259007590832e-18,81.89357574119106,32.95456897951768,
2c64be32f9,180,180,4680,46.8,101.12547051197802,3.468326073644829e-18,81.89357574119106,40.11509461348843,
2c64be32f9,180,181,4706,47.06,101.12547051197802,3.4683261290349954e-18,81.89357574119106,42.65939723782686,
2c64be32f9,180,182,4732,47.32,101.12547051197802,3.468326225122831e-18,81.89357574119106,32.5244109127187,
2c64be32f9,180,183,4758,47.58,101.12547051197802,3.4683263311680943e-18,81.89357574119106,40.42630350071469,
2c64be32f9,180,184,4784,47.84,101.12547051197802,3.468326459298289e-18,81.89357574119106,44.50382726944012,
2c64be32f9,180,185,4810,48.1,101.12547051197802,3.468326562385621e-18,81.89357574119106,40.47942661177372,
2c64be32f9,180,186,4836,48.36,101.12547051197802,3.4683265948994747e-18,81.89357574119106,30.672050079295975,
2c64be32f9,180,187,4862,48.62,101.12547051197802,3.468326677743249e-18,81.89357574119106,36.83966115216062,
2c64be32f9,180,188,4888,48.88,101.12547051197802,3.468326757268705e-18,81.89357574119106,34.7406633479881,
2c64be32f9,180,189,4914,49.14,101.12547051197802,3.468326882491165e-18,81.89357574119106,43.41351854180026,
2c64be32f9,180,190,4940,49.4,101.12547051197802,3.4683269158748887e-18,81.89357574119106,39.61721536281891,
2c64be32f9,180,191,4966,49.66,101.12547051197802,3.4683269572851474e-18,81.89357574119106,36.03132730787707,
2c64be32f9,180,192,4992,49.92,101.12547051197802,3.468327005809579e-18,81.89357574119106,41.36036577846483,
2c64be32f9,180,193,5018,50.18,101.12547051197802,3.4683270583046084e-18,81.89357574119106,31.68323721292595,
2c64be32f9,180,194,5044,50.44,101.12547051197802,3.468327088916505e-18,81.89357574119106,39.27234156414512,
2c64be32f9,180,195,5070,50.7,101.12547051197802,3.468327102472702e-18,81.89357574119106,29.26286371094835,
2c64be32f9,180,196,5096,50.96,101.12547051197802,3.4683271129342738e-18,81.89357574119106,42.765869613964625,
2c64be32f9,180,197,5122,51.22,101.12547051197802,3.468327145693069e-18,81.89357574119106,31.300666548451083,
2c64be32f9,180,198,5148,51.48,101.12547051197802,3.468327175720431e-18,81.89357574119106,33.59936200837777,
2c64be32f9,180,199,5174,51.74,101.12547051197802,3.4683271789993624e-18,81.89357574119106,30.17404222067833,
2c64be32f9,180,200,5200,52.0,101.12547051197802,3.4683272411219214e-18,81.89357574119106,41.30678607858211,
2c64be32f9,180,201,5226,52.26,101.12547051197802,3.468327270316791e-18,81.89357574119106,34.74944868379348,
2c64be32f9,180,202,5252,52.52,101.12547051197802,3.4683273178077617e-18,81.89357574119106,19.138477935050226,
2c64be32f9,180,203,5278,52.78,101.12547051197802,3.468327330774476e-18,81.89357574119106,35.60267517894567,
2c64be32f9,180,204,5304,53.04,101.12547051197802,3.468327358041772e-18,81.89357574119106,36.99569294786702,
2c64be32f9,180,205,5330,53.3,101.12547051197802,3.4683274137570912e-18,81.89357574119106,29.779434530557573,
2c64be32f9,180,206,5356,53.56,101.12547051197802,3.468327419116928e-18,81.89357574119106,26.27492340972624,
2c64be32f9,180,207,5382,53.82,101.12547051197802,3.4683274396722998e-18,81.89357574119106,45.098985967688705,
2c64be32f9,180,208,5408,54.08,101.12547051197802,3.4683274645739095e-18,81.89357574119106,24.298134119666102,
2c64be32f9,180,209,5434,54.34,101.12547051197802,3.4683274915696977e-18,81.89357574119106,42.16238987189345,
2c64be32f9,180,210,5460,54.6,101.12547051197802,3.468327521582799e-18,81.89357574119106,45.496217704092125,
2c64be32f9,180,211,5486,54.86,101.12547051197802,3.4683275435580168e-18,81.89357574119106,35.5240861334561,
2c64be32f9,180,212,5512,55.12,101.12547051197802,3.468327565072843e-18,81.89357574119106,38.99294447530582,
2c64be32f9,180,213,5538,55.38,101.12547051197802,3.4683275803875813e-18,81.89357574119106,39.173361173007805,
2c64be32f9,180,214,5564,55.64,101.12547051197802,3.468327583785889e-18,81.89357574119106,40.95736035184007,
2c64be32f9,180,215,5590,55.9,101.12547051197802,3.4683275996802848e-18,81.89357574119106,30.33047768554148,
2c64be32f9,180,216,5616,56.16,101.12547051197802,3.4683276191515717e-18,81.89357574119106,41.7228638382447,
2c64be32f9,180,217,5642,56.42,101.12547051197802,3.4683276289893244e-18,81.89357574119106,27.816838345876544,
2c64be32f9,180,218,5668,56.68,101.12547051197802,3.468327639820413e-18,81.89357574119106,35.007556450591466,
2c64be32f9,180,219,5694,56.94,101.12547051197802,3.4683276553645116e-18,81.89357574119106,26.303220274564076,
2c64be32f9,180,220,5720,57.2,101.12547051197802,3.4683276727309266e-18,81.89357574119106,33.14123461803645,
2c64be32f9,180,221,5746,57.46,101.12547051197802,3.4683276838751203e-18,81.89357574119106,33.47574370766267,
2c64be32f9,180,222,5772,57.72,101.12547051197802,3.4683276885661826e-18,81.89357574119106,37.35230893830421,
2c64be32f9,180,223,5798,57.98,101.12547051197802,3.4683276925811953e-18,81.89357574119106,36.96538527540258,
2c64be32f9,180,224,5824,58.24,101.12547051197802,3.468327696618224e-18,81.89357574119106,34.51187916883152,
2c64be32f9,180,225,5850,58.5,101.12547051197802,3.4683277038919747e-18,81.89357574119106,42.66099802613285,
2c64be32f9,180,226,5876,58.76,101.12547051197802,3.468327706888867e-18,81.89357574119106,27.653859523114466,
2c64be32f9,180,227,5902,59.02,101.12547051197802,3.468327714275527e-18,81.89357574119106,38.086561076391206,
2c64be32f9,180,228,5928,59.28,101.12547051197802,3.468327722970321e-18,81.89357574119106,42.804604534277274,
2c64be32f9,180,229,5954,59.54,101.12547051197802,3.4683277348276254e-18,81.89357574119106,35.370521216042626,
2c64be32f9,180,230,5980,59.8,101.12547051197802,3.4683277404978944e-18,81.89357574119106,31.533812055419386,
2c64be32f9,180,231,6006,60.06,101.12547051197802,3.468327744325208e-18,81.89357574119106,38.71339345091768,
2c64be32f9,180,232,6032,60.32,101.12547051197802,3.4683277501906422e-18,81.89357574119106,31.727956462971758,
2c64be32f9,180,233,6058,60.58,101.12547051197802,3.4683277545865165e-18,81.89357574119106,33.641962464617485,
2c64be32f9,180,234,6084,60.84,101.12547051197802,3.468327758125618e-18,81.89357574119106,38.998168651041176,
2c64be32f9,180,235,6110,61.1,101.12547051197802,3.468327763052393e-18,81.89357574119106,41.561278781125665,
2c64be32f9,180,236,6136,61.36,101.12547051197802,3.468327765774263e-18,81.89357574119106,28.796872375901415,
2c64be32f9,180,237,6162,61.62,101.12547051197802,3.46832776949715e-18,81.89357574119106,38.09964769918401,
2c64be32f9,180,238,6188,61.88,101.12547051197802,3.4683277703681006e-18,81.89357574119106,36.306905752458505,
2c64be32f9,180,239,6214,62.14,101.12547051197802,3.468327774855407e-18,81.89357574119106,27.152658116708395,
2c64be32f9,180,240,6240,62.4,101.12547051197802,3.4683277777950165e-18,81.89357574119106,35.39336554940588,
2c64be32f9,180,241,6266,62.66,101.12547051197802,3.468327781092256e-18,81.89357574119106,43.024224135151485,
2c64be32f9,180,242,6292,62.92,101.12547051197802,3.468327783836843e-18,81.89357574119106,34.0752519448057,
2c64be32f9,180,243,6318,63.18,101.12547051197802,3.468327785661272e-18,81.89357574119106,39.992587098468505,
2c64be32f9,180,244,6344,63.44,101.12547051197802,3.468327789187946e-18,81.89357574119106,28.433301153681906,
2c64be32f9,180,245,6370,63.7,101.12547051197802,3.4683277899558755e-18,81.89357574119106,30.59828819801755,
2c64be32f9,180,246,6396,63.96,101.12547051197802,3.468327793663735e-18,81.89357574119106,34.62978843777978,
2c64be32f9,180,247,6422,64.22,101.12547051197802,3.4683277986030487e-18,81.89357574119106,44.50338305066654,
2c64be32f9,180,248,6448,64.48,101.12547051197802,3.468327799280048e-18,81.89357574119106,42.72166334413922,
2c64be32f9,180,249,6474,64.74,101.12547051197802,3.4683278021614435e-18,81.89357574119106,38.26689848428546,
2c64be32f9,180,250,6500,65.0,101.12547051197802,3.4683278046236964e-18,81.89357574119106,39.07220526402589,
2c64be32f9,180,251,6526,65.26,101.12547051197802,3.468327805234802e-18,81.89357574119106,44.839437622640034,
2c64be32f9,180,252,6552,65.52,101.12547051197802,3.4683278095138493e-18,81.89357574119106,45.05212657331942,
2c64be32f9,180,253,6578,65.78,101.12547051197802,3.4683278103446924e-18,81.89357574119106,26.264946003376913,
2c64be32f9,180,254,6604,66.04,101.12547051197802,3.4683278127755596e-18,81.89357574119106,35.05722338117965,
2c64be32f9,180,255,6630,66.3,101.12547051197802,3.468327814439994e-18,81.89357574119106,36.28095841809261,
2c64be32f9,180,256,6656,66.56,101.12547051197802,3.468327816295262e-18,81.89357574119106,33.43623668010693,
2c64be32f9,180,257,6682,66.82,101.12547051197802,3.468327818668788e-18,81.89357574119106,43.1919067243306,
2c64be32f9,180,258,6708,67.08,101.12547051197802,3.468327820826072e-18,81.89357574119106,44.917337181482466,
2c64be32f9,180,259,6734,67.34,101.12547051197802,3.4683278209125393e-18,81.89357574119106,38.04390744196604,
2c64be32f9,180,260,6760,67.6,101.12547051197802,3.4683278221280715e-18,81.89357574119106,35.317075093482075,
2c64be32f9,180,261,6786,67.86,101.12547051197802,3.468327823868367e-18,81.89357574119106,41.48287269985421,
2c64be32f9,180,262,6812,68.12,101.12547051197802,3.46832782488106e-18,81.89357574119106,29.641168469608004,
2c64be32f9,180,263,6838,68.38,101.12547051197802,3.4683278261969583e-18,81.89357574119106,39.8585057584247,
2c64be32f9,180,264,6864,68.64,101.12547051197802,3.468327827579168e-18,81.89357574119106,44.44685237930731,
2c64be32f9,180,265,6890,68.9,101.12547051197802,3.468327829360636e-18,81.89357574119106,37.57283543689868,
2c64be32f9,180,266,6916,69.16,101.12547051197802,3.46832783020388e-18,81.89357574119106,44.629481603623134,
2c64be32f9,180,267,6942,69.42,101.12547051197802,3.4683278307074827e-18,81.89357574119106,33.578358576644696,
2c64be32f9,180,268,6968,69.68,101.12547051197802,3.4683278316764254e-18,81.89357574119106,34.0926890622917,
2c64be32f9,180,269,6994,69.94,101.12547051197802,3.468327832365544e-18,81.89357574119106,35.2243728367823,
2c64be32f9,180,270,7020,70.2,101.12547051197802,3.4683278331400582e-18,81.89357574119106,35.941412103842744,
2c64be32f9,180,271,7046,70.46,101.12547051197802,3.4683278334167492e-18,81.89357574119106,32.54364151248838,
2c64be32f9,180,272,7072,70.72,101.12547051197802,3.4683278336989045e-18,81.89357574119106,42.821411421361844,
2c64be32f9,180,273,7098,70.98,101.12547051197802,3.468327833956512e-18,81.89357574119106,37.24579305617132,
2c64be32f9,180,274,7124,71.24,101.12547051197802,3.468327834179438e-18,81.89357574119106,34.23946169925343,
2c64be32f9,180,275,7150,71.5,101.12547051197802,3.468327834791207e-18,81.89357574119106,39.80513212765328,
2c64be32f9,180,276,7176,71.76,101.12547051197802,3.4683278353958876e-18,81.89357574119106,40.84263782181996,
2c64be32f9,180,277,7202,72.02,101.12547051197802,3.468327835756487e-18,81.89357574119106,43.98475900132477,
2c64be32f9,180,278,7228,72.28,101.12547051197802,3.468327835878653e-18,81.89357574119106,40.97401561335335,
2c64be32f9,180,279,7254,72.54,101.12547051197802,3.468327836664192e-18,81.89357574119106,37.74228131660813,
2c64be32f9,180,280,7280,72.8,101.12547051197802,3.4683278369574362e-18,81.89357574119106,30.88305501160679,
2c64be32f9,180,281,7306,73.06,101.12547051197802,3.4683278373486643e-18,81.89357574119106,39.562643070861874,
2c64be32f9,180,282,7332,73.32,101.12547051197802,3.4683278375747407e-18,81.89357574119106,42.573767153125615,
2c64be32f9,180,283,7358,73.58,101.12547051197802,3.4683278376493135e-18,81.89357574119106,35.50756371765703,
2c64be32f9,180,284,7384,73.84,101.12547051197802,3.4683278379493025e-18,81.89357574119106,41.82626123543539,
2c64be32f9,180,285,7410,74.1,101.12547051197802,3.4683278381730736e-18,81.89357574119106,39.09121958057017,
2c64be32f9,180,286,7436,74.36,101.12547051197802,3.468327838448887e-18,81.89357574119106,32.74331057412572,
2c64be32f9,180,287,7462,74.62,101.12547051197802,3.4683278386889278e-18,81.89357574119106,27.317539826146337,
2c64be32f9,180,288,7488,74.88,101.12547051197802,3.468327838782496e-18,81.89357574119106,32.408459609521564,
2c64be32f9,180,289,7514,75.14,101.12547051197802,3.468327838993032e-18,81.89357574119106,30.199020747088078,
2c64be32f9,180,290,7540,75.4,101.12547051197802,3.4683278392121116e-18,81.89357574119106,29.575614359215006,
2c64be32f9,180,291,7566,75.66,101.12547051197802,3.468327839371374e-18,81.89357574119106,32.56339677735434,
2c64be32f9,180,292,7592,75.92,101.12547051197802,3.468327839438836e-18,81.89357574119106,35.95008449646948,
2c64be32f9,180,293,7618,76.18,101.12547051197802,3.468327839527545e-18,81.89357574119106,44.77558774482158,
2c64be32f9,180,294,7644,76.44,101.12547051197802,3.4683278396704764e-18,81.89357574119106,37.76384773855765,
2c64be32f9,180,295,7670,76.7,101.12547051197802,3.468327839807119e-18,81.89357574119106,37.96232174441744,
2c64be32f9,180,296,7696,76.96,101.12547051197802,3.468327839940372e-18,81.89357574119106,43.051157337681104,
2c64be32f9,180,297,7722,77.22,101.12547051197802,3.468327839952519e-18,81.89357574119106,27.62199782618969,
2c64be32f9,180,298,7748,77.48,101.12547051197802,3.4683278400045305e-18,81.89357574119106,32.31710624152588,
2c64be32f9,180,299,7774,77.74,101.12547051197802,3.4683278400269356e-18,81.89357574119106,39.93602900623975,
2c64be32f9,180,300,7800,78.0,101.12547051197802,3.468327840090309e-18,81.89357574119106,32.951808088570864,
2c64be32f9,180,301,7826,78.26,101.12547051197802,3.4683278401716885e-18,81.89357574119106,42.41717182822972,
2c64be32f9,180,302,7852,78.52,101.12547051197802,3.468327840233521e-18,81.89357574119106,32.39695316205393,
2c64be32f9,180,303,7878,78.78,101.12547051197802,3.468327840298087e-18,81.89357574119106,38.54231985808057,
2c64be32f9,180,304,7904,79.04,101.12547051197802,3.4683278403301016e-18,81.89357574119106,30.63493761287221,
2c64be32f9,180,305,7930,79.3,101.12547051197802,3.4683278403974645e-18,81.89357574119106,41.8906087422332,
2c64be32f9,180,306,7956,79.56,101.12547051197802,3.4683278404272113e-18,81.89357574119106,42.20947999735962,
2c64be32f9,180,307,7982,79.82,101.12547051197802,3.468327840483552e-18,81.89357574119106,31.896454113904102,
2c64be32f9,180,308,8008,80.08,101.12547051197802,3.468327840531787e-18,81.89357574119106,43.68267120621418,
2c64be32f9,180,309,8034,80.34,101.12547051197802,3.4683278405478696e-18,81.89357574119106,40.25690813777563,
2c64be32f9,180,310,8060,80.6,101.12547051197802,3.468327840595965e-18,81.89357574119106,37.893274319476404,
2c64be32f9,180,311,8086,80.86,101.12547051197802,3.4683278406329014e-18,81.89357574119106,40.205329817193956,
2c64be32f9,180,312,8112,81.12,101.12547051197802,3.4683278406460986e-18,81.89357574119106,40.224011437109674,
2c64be32f9,180,313,8138,81.38,101.12547051197802,3.4683278406652058e-18,81.89357574119106,37.431234789997795,
2c64be32f9,180,314,8164,81.64,101.12547051197802,3.468327840689694e-18,81.89357574119106,33.281969240541315,
2c64be32f9,180,315,8190,81.9,101.12547051197802,3.4683278407340878e-18,81.89357574119106,41.53647314029005,
2c64be32f9,180,316,8216,82.16,101.12547051197802,3.4683278407620897e-18,81.89357574119106,34.780421527288475,
2c64be32f9,180,317,8242,82.42,101.12547051197802,3.468327840774205e-18,81.89357574119106,37.741986024527066,
2c64be32f9,180,318,8268,82.68,101.12547051197802,3.4683278408128502e-18,81.89357574119106,43.193908720121875,
2c64be32f9,180,319,8294,82.94,101.12547051197802,3.4683278408296424e-18,81.89357574119106,37.79081029932358,
2c64be32f9,180,320,8320,83.2,101.12547051197802,3.468327840840598e-18,81.89357574119106,36.99273089457281,
2c64be32f9,180,321,8346,83.46,101.12547051197802,3.4683278408483813e-18,81.89357574119106,34.78230817754041,
2c64be32f9,180,322,8372,83.72,101.12547051197802,3.468327840851944e-18,81.89357574119106,31.274173140712744,
2c64be32f9,180,323,8398,83.98,101.12547051197802,3.468327840869906e-18,81.89357574119106,36.50846903955791,
2c64be32f9,180,324,8424,84.24,101.12547051197802,3.4683278408837133e-18,81.89357574119106,39.6350024684084,
2c64be32f9,180,325,8450,84.5,101.12547051197802,3.468327840888508e-18,81.89357574119106,36.42672456973925,
2c64be32f9,180,326,8476,84.76,101.12547051197802,3.4683278408971305e-18,81.89357574119106,38.43620630734825,
2c64be32f9,180,327,8502,85.02,101.12547051197802,3.4683278408992725e-18,81.89357574119106,45.11516733328079,
2c64be32f9,180,328,8528,85.28,101.12547051197802,3.4683278409159537e-18,81.89357574119106,29.97689561448234,
2c64be32f9,180,329,8554,85.54,101.12547051197802,3.4683278409225373e-18,81.89357574119106,31.688917609873926,
2c64be32f9,180,330,8580,85.8,101.12547051197802,3.4683278409339924e-18,81.89357574119106,38.82321574463368,
2c64be32f9,180,331,8606,86.06,101.12547051197802,3.4683278409449097e-18,81.89357574119106,32.25742737298143,
2c64be32f9,180,332,8632,86.32,101.12547051197802,3.4683278409468264e-18,81.89357574119106,32.0224843621877,
2c64be32f9,180,333,8658,86.58,101.12547051197802,3.4683278409518015e-18,81.89357574119106,43.85027010154203,
2c64be32f9,180,334,8684,86.84,101.12547051197802,3.468327840960691e-18,81.89357574119106,28.13831517382476,
2c64be32f9,180,335,8710,87.1,101.12547051197802,3.468327840962576e-18,81.89357574119106,38.36180051322486,
2c64be32f9,180,336,8736,87.36,101.12547051197802,3.468327840967611e-18,81.89357574119106,37.674890275601506,
2c64be32f9,180,337,8762,87.62,101.12547051197802,3.4683278409741045e-18,81.89357574119106,29.301841739344848,
2c64be32f9,180,338,8788,87.88,101.12547051197802,3.468327840976142e-18,81.89357574119106,36.17604883346547,
2c64be32f9,180,339,8814,88.14,101.12547051197802,3.468327840985085e-18,81.89357574119106,37.45295675286585,
2c64be32f9,180,340,8840,88.4,101.12547051197802,3.4683278409900123e-18,81.89357574119106,41.422100436331625,
2c64be32f9,180,341,8866,88.66,101.12547051197802,3.468327840991927e-18,81.89357574119106,39.174150830577794,
2c64be32f9,180,342,8892,88.92,101.12547051197802,3.4683278409947643e-18,81.89357574119106,46.86638243291933,
2c64be32f9,180,343,8918,89.18,101.12547051197802,3.4683278409964965e-18,81.89357574119106,45.549270667562745,
2c64be32f9,180,344,8944,89.44,101.12547051197802,3.4683278409999266e-18,81.89357574119106,42.08127080101806,
2c64be32f9,180,345,8970,89.7,101.12547051197802,3.468327841003514e-18,81.89357574119106,36.25049255868197,
2c64be32f9,180,346,8996,89.96,101.12547051197802,3.468327841005159e-18,81.89357574119106,29.247842683825926,
2c64be32f9,180,347,9022,90.22,101.12547051197802,3.4683278410082412e-18,81.89357574119106,29.598592113378288,
2c64be32f9,180,348,9048,90.48,101.12547051197802,3.4683278410130395e-18,81.89357574119106,32.83635632289913,
2c64be32f9,180,349,9074,90.74,101.12547051197802,3.4683278410156464e-18,81.89357574119106,38.17036464823446,
2c64be32f9,180,350,9100,91.0,101.12547051197802,3.4683278410177996e-18,81.89357574119106,26.490425592542795,
2c64be32f9,180,351,9126,91.26,101.12547051197802,3.468327841019737e-18,81.89357574119106,49.88273624966961,
2c64be32f9,180,352,9152,91.52,101.12547051197802,3.468327841021629e-18,81.89357574119106,30.750268840975206,
2c64be32f9,180,353,9178,91.78,101.12547051197802,3.4683278410227427e-18,81.89357574119106,30.514801331364726,
2c64be32f9,180,354,9204,92.04,101.12547051197802,3.4683278410269863e-18,81.89357574119106,39.48673720123806,
2c64be32f9,180,355,9230,92.3,101.12547051197802,3.4683278410275005e-18,81.89357574119106,43.84123317776509,
2c64be32f9,180,356,9256,92.56,101.12547051197802,3.4683278410308436e-18,81.89357574119106,35.92310312824456,
2c64be32f9,180,357,9282,92.82,101.12547051197802,3.468327841033176e-18,81.89357574119106,29.6274770725914,
2c64be32f9,180,358,9308,93.08,101.12547051197802,3.4683278410346053e-18,81.89357574119106,35.34976857352729,
2c64be32f9,180,359,9334,93.34,101.12547051197802,3.46832784103804e-18,81.89357574119106,31.677406218524595,
2c64be32f9,180,360,9360,93.6,101.12547051197802,3.468327841039028e-18,81.89357574119106,31.26393146952146,
2c64be32f9,180,361,9386,93.86,101.12547051197802,3.4683278410396716e-18,81.89357574119106,43.276129078108454,
2c64be32f9,180,362,9412,94.12,101.12547051197802,3.4683278410422736e-18,81.89357574119106,33.71017126088861,
2c64be32f9,180,363,9438,94.38,101.12547051197802,3.4683278410427192e-18,81.89357574119106,38.86786132304825,
2c64be32f9,180,364,9464,94.64,101.12547051197802,3.4683278410432735e-18,81.89357574119106,32.172687124728235,
2c64be32f9,180,365,9490,94.9,101.12547051197802,3.468327841045136e-18,81.89357574119106,31.494981945802113,
2c64be32f9,180,366,9516,95.16,101.12547051197802,3.468327841046349e-18,81.89357574119106,42.91851480893325,
2c64be32f9,180,367,9542,95.42,101.12547051197802,3.4683278410471157e-18,81.89357574119106,31.266737622489156,
2c64be32f9,180,368,9568,95.68,101.12547051197802,3.4683278410487227e-18,81.89357574119106,33.13707492899643,
2c64be32f9,180,369,9594,95.94,101.12547051197802,3.46832784104967e-18,81.89357574119106,33.67625301445167,
2c64be32f9,180,370,9620,96.2,101.12547051197802,3.4683278410503848e-18,81.89357574119106,32.37219763692782,
2c64be32f9,180,371,9646,96.46,101.12547051197802,3.4683278410511398e-18,81.89357574119106,43.373754824802354,
2c64be32f9,180,372,9672,96.72,101.12547051197802,3.468327841051846e-18,81.89357574119106,33.77233485468283,
2c64be32f9,180,373,9698,96.98,101.12547051197802,3.4683278410523258e-18,81.89357574119106,29.870551784114536,
2c64be32f9,180,374,9724,97.24,101.12547051197802,3.468327841052957e-18,81.89357574119106,46.7222130469323,
2c64be32f9,180,375,9750,97.5,101.12547051197802,3.468327841053481e-18,81.89357574119106,24.50820304959125,
2c64be32f9,180,376,9776,97.76,101.12547051197802,3.468327841054305e-18,81.89357574119106,29.41046466584743,
2c64be32f9,180,377,9802,98.02,101.12547051197802,3.4683278410545213e-18,81.89357574119106,34.558846744634025,
2c64be32f9,180,378,9828,98.28,101.12547051197802,3.4683278410545957e-18,81.89357574119106,31.56819879807313,
2c64be32f9,180,379,9854,98.54,101.12547051197802,3.468327841055096e-18,81.89357574119106,39.40094751009105,
2c64be32f9,180,380,9880,98.8,101.12547051197802,3.4683278410553468e-18,81.89357574119106,42.95023179648326,
2c64be32f9,180,381,9906,99.06,101.12547051197802,3.4683278410558155e-18,81.89357574119106,39.22410572708949,
2c64be32f9,180,382,9932,99.32,101.12547051197802,3.4683278410560832e-18,81.89357574119106,38.623377166192896,
2c64be32f9,180,383,9958,99.58,101.12547051197802,3.468327841056314e-18,81.89357574119106,32.24153138470692,
2c64be32f9,180,384,9984,99.84,101.12547051197802,3.468327841056681e-18,81.89357574119106,31.789754151956352,
2c64be32f9,180,385,10010,100.1,101.12547051197802,3.468327841057076e-18,81.89357574119106,38.87065602348405,
2c64be32f9,180,386,10036,100.36,101.12547051197802,3.4683278410571745e-18,81.89357574119106,35.92495575285517,
2c64be32f9,180,387,10062,100.62,101.12547051197802,3.4683278410577434e-18,81.89357574119106,37.195750977427565,
2c64be32f9,180,388,10088,100.88,101.12547051197802,3.4683278410579036e-18,81.89357574119106,46.62634075313923,
2c64be32f9,180,389,10114,101.14,101.12547051197802,3.468327841058206e-18,81.89357574119106,35.28640338026101,
2c64be32f9,180,390,10140,101.4,101.12547051197802,3.4683278410586174e-18,81.89357574119106,43.431633694713064,
2c64be32f9,180,391,10166,101.66,101.12547051197802,3.4683278410591474e-18,81.89357574119106,42.18430004539536,
2c64be32f9,180,392,10192,101.92,101.12547051197802,3.4683278410593415e-18,81.89357574119106,30.267890088978632,
2c64be32f9,180,393,10218,102.18,101.12547051197802,3.4683278410593874e-18,81.89357574119106,38.01561053246315,
2c64be32f9,180,394,10244,102.44,101.12547051197802,3.4683278410595784e-18,81.89357574119106,35.53457964459696,
2c64be32f9,180,395,10270,102.7,101.12547051197802,3.468327841059766e-18,81.89357574119106,43.34156147237101,
2c64be32f9,180,396,10296,102.96,101.12547051197802,3.4683278410600025e-18,81.89357574119106,39.78238923370734,
2c64be32f9,180,397,10322,103.22,101.12547051197802,3.4683278410601747e-18,81.89357574119106,47.28600350209964,
2c64be32f9,180,398,10348,103.48,101.12547051197802,3.468327841060285e-18,81.89357574119106,25.96820550066865,
2c64be32f9,180,399,10374,103.74,101.12547051197802,3.4683278410605063e-18,81.89357574119106,33.98357125133407,
2c64be32f9,180,400,10400,104.0,101.12547051197802,3.4683278410606373e-18,81.89357574119106,33.62550031692623,
2c64be32f9,180,401,10426,104.26,101.12547051197802,3.468327841060763e-18,81.89357574119106,39.44591826492749,
2c64be32f9,180,402,10452,104.52,101.12547051197802,3.4683278410608e-18,81.89357574119106,34.20825377679121,
2c64be32f9,180,403,10478,104.78,101.12547051197802,3.468327841061016e-18,81.89357574119106,33.48306804667354,
2c64be32f9,180,404,10504,105.04,101.12547051197802,3.468327841061145e-18,81.89357574119106,33.93402233355375,
2c64be32f9,180,405,10530,105.3,101.12547051197802,3.468327841061213e-18,81.89357574119106,33.44993582648039,
2c64be32f9,180,406,10556,105.56,101.12547051197802,3.4683278410612775e-18,81.89357574119106,38.3978570145607,
2c64be32f9,180,407,10582,105.82,101.12547051197802,3.468327841061405e-18,81.89357574119106,33.94531061560548,
2c64be32f9,180,408,10608,106.08,101.12547051197802,3.4683278410615806e-18,81.89357574119106,38.19834803947033,
2c64be32f9,180,409,10634,106.34,101.12547051197802,3.4683278410617486e-18,81.89357574119106,31.864671053842088,
2c64be32f9,180,410,10660,106.6,101.12547051197802,3.4683278410618518e-18,81.89357574119106,29.8828673611218,
2c64be32f9,180,411,10686,106.86,101.12547051197802,3.4683278410619023e-18,81.89357574119106,43.640775613281136,
2c64be32f9,180,412,10712,107.12,101.12547051197802,3.4683278410619227e-18,81.89357574119106,31.831234021101054,
2c64be32f9,180,413,10738,107.38,101.12547051197802,3.4683278410619496e-18,81.89357574119106,38.385464102053646,
2c64be32f9,180,414,10764,107.64,101.12547051197802,3.4683278410619762e-18,81.89357574119106,31.786015331806173,
2c64be32f9,180,415,10790,107.9,101.12547051197802,3.4683278410620012e-18,81.89357574119106,27.971967935809346,
2c64be32f9,180,416,10816,108.16,101.12547051197802,3.4683278410620263e-18,81.89357574119106,39.51730946469681,
2c64be32f9,180,417,10842,108.42,101.12547051197802,3.468327841062043e-18,81.89357574119106,38.37528125532633,
2c64be32f9,180,418,10868,108.68,101.12547051197802,3.4683278410621045e-18,81.89357574119106,33.42993485163532,
2c64be32f9,180,419,10894,108.94,101.12547051197802,3.4683278410621168e-18,81.89357574119106,33.00812043172307,
2c64be32f9,180,420,10920,109.2,101.12547051197802,3.4683278410621376e-18,81.89357574119106,39.58945758058946,
2c64be32f9,180,421,10946,109.46,101.12547051197802,3.4683278410621765e-18,81.89357574119106,33.80333507407826,
2c64be32f9,180,422,10972,109.72,101.12547051197802,3.4683278410622073e-18,81.89357574119106,37.371505499196786,
2c64be32f9,180,423,10998,109.98,101.12547051197802,3.4683278410622277e-18,81.89357574119106,49.64840233698396,
2c64be32f9,180,424,11024,110.24,101.12547051197802,3.4683278410622678e-18,81.89357574119106,36.61706297011433,
2c64be32f9,180,425,11050,110.5,101.12547051197802,3.4683278410623032e-18,81.89357574119106,36.005158067033534,
2c64be32f9,180,426,11076,110.76,101.12547051197802,3.468327841062349e-18,81.89357574119106,50.19598239526309,
2c64be32f9,180,427,11102,111.02,101.12547051197802,3.4683278410623656e-18,81.89357574119106,31.22252844912688,
2c64be32f9,180,428,11128,111.28,101.12547051197802,3.4683278410623972e-18,81.89357574119106,40.33837703303354,
2c64be32f9,180,429,11154,111.54,101.12547051197802,3.468327841062406e-18,81.89357574119106,24.422797243582814,
2c64be32f9,180,430,11180,111.8,101.12547051197802,3.468327841062432e-18,81.89357574119106,37.96944213368219,
2c64be32f9,180,431,11206,112.06,101.12547051197802,3.468327841062455e-18,81.89357574119106,38.582902629617315,
2c64be32f9,180,432,11232,112.32,101.12547051197802,3.468327841062464e-18,81.89357574119106,32.1056451953669,
2c64be32f9,180,433,11258,112.58,101.12547051197802,3.4683278410624716e-18,81.89357574119106,38.33822791434075,
2c64be32f9,180,434,11284,112.84,101.12547051197802,3.468327841062502e-18,81.89357574119106,31.13780900307518,
2c64be32f9,180,435,11310,113.1,101.12547051197802,3.4683278410625162e-18,81.89357574119106,37.424608127571894,
2c64be32f9,180,436,11336,113.36,101.12547051197802,3.4683278410625313e-18,81.89357574119106,36.697849094658665,
2c64be32f9,180,437,11362,113.62,101.12547051197802,3.4683278410625444e-18,81.89357574119106,35.783978725234064,
2c64be32f9,180,438,11388,113.88,101.12547051197802,3.4683278410625524e-18,81.89357574119106,34.114291664190716,
2c64be32f9,180,439,11414,114.14,101.12547051197802,3.4683278410625663e-18,81.89357574119106,35.02302555600547,
2c64be32f9,180,440,11440,114.4,101.12547051197802,3.468327841062572e-18,81.89357574119106,32.69014067095346,
2c64be32f9,180,441,11466,114.66,101.12547051197802,3.468327841062576e-18,81.89357574119106,31.74896121040592,
2c64be32f9,180,442,11492,114.92,101.12547051197802,3.468327841062586e-18,81.89357574119106,31.727984697309743,
2c64be32f9,180,443,11518,115.18,101.12547051197802,3.468327841062603e-18,81.89357574119106,34.793160577113646,
2c64be32f9,180,444,11544,115.44,101.12547051197802,3.4683278410626075e-18,81.89357574119106,33.850805444908126,
2c64be32f9,180,445,11570,115.7,101.12547051197802,3.4683278410626125e-18,81.89357574119106,35.839650080846155,
2c64be32f9,180,446,11596,115.96,101.12547051197802,3.4683278410626137e-18,81.89357574119106,42.7712030738753,
2c64be32f9,180,447,11622,116.22,101.12547051197802,3.468327841062619e-18,81.89357574119106,37.14748280157972,
2c64be32f9,180,448,11648,116.48,101.12547051197802,3.4683278410626256e-18,81.89357574119106,31.335737559550292,
2c64be32f9,180,449,11674,116.74,101.12547051197802,3.4683278410626283e-18,81.89357574119106,36.9555992320867,
2c64be32f9,180,450,11700,117.0,101.12547051197802,3.4683278410626364e-18,81.89357574119106,37.22328181312354,
2c64be32f9,180,451,11726,117.26,101.12547051197802,3.4683278410626414e-18,81.89357574119106,29.12183962241562,
2c64be32f9,180,452,11752,117.52,101.12547051197802,3.4683278410626472e-18,81.89357574119106,38.516270781583465,
2c64be32f9,180,453,11778,117.78,101.12547051197802,3.46832784106265e-18,81.89357574119106,29.614626726598424,
2c64be32f9,180,454,11804,118.04,101.12547051197802,3.4683278410626603e-18,81.89357574119106,36.16005269259296,
2c64be32f9,180,455,11830,118.3,101.12547051197802,3.468327841062669e-18,81.89357574119106,38.9469646699252,
2c64be32f9,180,456,11856,118.56,101.12547051197802,3.4683278410626707e-18,81.89357574119106,34.50311200073798,
2c64be32f9,180,457,11882,118.82,101.12547051197802,3.468327841062675e-18,81.89357574119106,35.58202331166084,
2c64be32f9,180,458,11908,119.08,101.12547051197802,3.468327841062677e-18,81.89357574119106,38.62406628238855,
2c64be32f9,180,459,11934,119.34,101.12547051197802,3.4683278410626776e-18,81.89357574119106,42.26981663047428,
2c64be32f9,180,460,11960,119.6,101.12547051197802,3.4683278410626838e-18,81.89357574119106,40.57910535136845,
2c64be32f9,180,461,11986,119.86,101.12547051197802,3.468327841062687e-18,81.89357574119106,30.178681805806356,
2c64be32f9,180,462,12012,120.12,101.12547051197802,3.4683278410626865e-18,81.89357574119106,42.31279641718395,
2c64be32f9,180,463,12038,120.38,101.12547051197802,3.4683278410626876e-18,81.89357574119106,30.995822539794027,
2c64be32f9,180,464,12064,120.64,101.12547051197802,3.4683278410626915e-18,81.89357574119106,31.695130972406208,
2c64be32f9,180,465,12090,120.9,101.12547051197802,3.468327841062693e-18,81.89357574119106,30.317222785019716,
2c64be32f9,180,466,12116,121.16,101.12547051197802,3.4683278410626927e-18,81.89357574119106,44.74439210824024,
2c64be32f9,180,467,12142,121.42,101.12547051197802,3.4683278410626942e-18,81.89357574119106,42.346296707959965,
2c64be32f9,180,468,12168,121.68,101.12547051197802,3.468327841062696e-18,81.89357574119106,35.65979910269438,
2c64be32f9,180,469,12194,121.94,101.12547051197802,3.468327841062697e-18,81.89357574119106,32.741998592883114,
2c64be32f9,180,470,12220,122.2,101.12547051197802,3.4683278410626977e-18,81.89357574119106,37.95646414703927,
2c64be32f9,180,471,12246,122.46,101.12547051197802,3.4683278410626992e-18,81.89357574119106,38.30256889814829,
2c64be32f9,180,472,12272,122.72,101.12547051197802,3.468327841062699e-18,81.89357574119106,32.75869000793983,
2c64be32f9,180,473,12298,122.98,101.12547051197802,3.468327841062702e-18,81.89357574119106,25.248213131437527,
2c64be32f9,180,474,12324,123.24,101.12547051197802,3.468327841062702e-18,81.89357574119106,32.22495389994989,
2c64be32f9,180,475,12350,123.5,101.12547051197802,3.468327841062701e-18,81.89357574119106,29.59117969011161,
2c64be32f9,180,476,12376,123.76,101.12547051197802,3.4683278410627027e-18,81.89357574119106,40.555510307527015,
2c64be32f9,180,477,12402,124.02,101.12547051197802,3.468327841062703e-18,81.89357574119106,36.444936848104405,
2c64be32f9,180,478,12428,124.28,101.12547051197802,3.4683278410627054e-18,81.89357574119106,38.22946424784569,
2c64be32f9,180,479,12454,124.54,101.12547051197802,3.4683278410627057e-18,81.89357574119106,22.71240140576686,
2c64be32f9,180,480,12480,124.8,101.12547051197802,3.4683278410627065e-18,81.89357574119106,37.01648919284877,
2c64be32f9,180,481,12506,125.06,101.12547051197802,3.468327841062708e-18,81.89357574119106,41.985079271390575,
2c64be32f9,180,482,12532,125.32,101.12547051197802,3.468327841062709e-18,81.89357574119106,36.27747520810516,
2c64be32f9,180,483,12558,125.58,101.12547051197802,3.4683278410627077e-18,81.89357574119106,38.12665593003669,
2c64be32f9,180,484,12584,125.84,101.12547051197802,3.468327841062707e-18,81.89357574119106,39.76498395232447,
2c64be32f9,180,485,12610,126.1,101.12547051197802,3.468327841062708e-18,81.89357574119106,43.23635764851216,
2c64be32f9,180,486,12636,126.36,101.12547051197802,3.468327841062708e-18,81.89357574119106,27.919418062294614,
2c64be32f9,180,487,12662,126.62,101.12547051197802,3.4683278410627092e-18,81.89357574119106,41.86204128370928,
2c64be32f9,180,488,12688,126.88,101.12547051197802,3.4683278410627096e-18,81.89357574119106,29.328222960751265,
2c64be32f9,180,489,12714,127.14,101.12547051197802,3.4683278410627115e-18,81.89357574119106,40.30094164469313,
2c64be32f9,180,490,12740,127.4,101.12547051197802,3.468327841062712e-18,81.89357574119106,30.081682116611066,
2c64be32f9,180,491,12766,127.66,101.12547051197802,3.4683278410627127e-18,81.89357574119106,33.628467815722544,
2c64be32f9,180,492,12792,127.92,101.12547051197802,3.4683278410627108e-18,81.89357574119106,35.79743786720134,
2c64be32f9,180,493,12818,128.18,101.12547051197802,3.468327841062713e-18,81.89357574119106,36.867700537809974,
2c64be32f9,180,494,12844,128.44,101.12547051197802,3.4683278410627127e-18,81.89357574119106,37.62067147779914,
2c64be32f9,180,495,12870,128.7,101.12547051197802,3.4683278410627142e-18,81.89357574119106,34.91911473734154,
2c64be32f9,180,496,12896,128.96,101.12547051197802,3.4683278410627135e-18,81.89357574119106,41.018489961983136,
2c64be32f9,180,497,12922,129.22,101.12547051197802,3.468327841062713e-18,81.89357574119106,37.66560056497333,
2c64be32f9,180,498,12948,129.48,101.12547051197802,3.4683278410627135e-18,81.89357574119106,39.75422560333806,
2c64be32f9,180,499,12974,129.74,101.12547051197802,3.468327841062713e-18,81.89357574119106,34.04594544936488,
2c64be32f9,180,500,13000,130.0,101.12547051197802,3.468327841062715e-18,81.89357574119106,43.221720796853205,
2c64be32f9,180,501,13026,130.26,101.12547051197802,3.4683278410627146e-18,81.89357574119106,36.065321190370604,
2c64be32f9,180,502,13052,130.52,101.12547051197802,3.4683278410627154e-18,81.89357574119106,38.83302683071606,
2c64be32f9,180,503,13078,130.78,101.12547051197802,3.468327841062713e-18,81.89357574119106,39.42000208232933,
2c64be32f9,180,504,13104,131.04,101.12547051197802,3.468327841062714e-18,81.89357574119106,46.6085788004955,
2c64be32f9,180,505,13130,131.3,101.12547051197802,3.468327841062714e-18,81.89357574119106,36.37803135115632,
2c64be32f9,180,506,13156,131.56,101.12547051197802,3.468327841062714e-18,81.89357574119106,34.21413796370342,
2c64be32f9,180,507,13182,131.82,101.12547051197802,3.4683278410627142e-18,81.89357574119106,39.952504881394475,
2c64be32f9,180,508,13208,132.08,101.12547051197802,3.4683278410627154e-18,81.89357574119106,31.73023593722561,
2c64be32f9,180,509,13234,132.34,101.12547051197802,3.4683278410627158e-18,81.89357574119106,35.87070169932805,
2c64be32f9,180,510,13260,132.6,101.12547051197802,3.468327841062714e-18,81.89357574119106,33.936729216462886,
2c64be32f9,180,511,13286,132.86,101.12547051197802,3.4683278410627165e-18,81.89357574119106,46.659128820256576,
2c64be32f9,180,512,13312,133.12,101.12547051197802,3.468327841062714e-18,81.89357574119106,37.566214626344085,
2c64be32f9,180,513,13338,133.38,101.12547051197802,3.468327841062714e-18,81.89357574119106,32.67882031673127,
2c64be32f9,180,514,13364,133.64,101.12547051197802,3.4683278410627165e-18,81.89357574119106,37.637614466995934,
2c64be32f9,180,515,13390,133.9,101.12547051197802,3.4683278410627154e-18,81.89357574119106,29.646629606771274,
2c64be32f9,180,516,13416,134.16,101.12547051197802,3.4683278410627154e-18,81.89357574119106,38.96835919360541,
2c64be32f9,180,517,13442,134.42,101.12547051197802,3.468327841062716e-18,81.89357574119106,41.79157270735937,
2c64be32f9,180,518,13468,134.68,101.12547051197802,3.4683278410627177e-18,81.89357574119106,34.67900024771843,
2c64be32f9,180,519,13494,134.94,101.12547051197802,3.4683278410627165e-18,81.89357574119106,32.33355504113222,
2c64be32f9,180,520,13520,135.2,101.12547051197802,3.4683278410627165e-18,81.89357574119106,33.483458668764214,
2c64be32f9,180,521,13546,135.46,101.12547051197802,3.468327841062717e-18,81.89357574119106,24.72728723143484,
2c64be32f9,180,522,13572,135.72,101.12547051197802,3.4683278410627158e-18,81.89357574119106,40.91953756935087,
2c64be32f9,180,523,13598,135.98,101.12547051197802,3.4683278410627173e-18,81.89357574119106,29.833595617091166,
2c64be32f9,180,524,13624,136.24,101.12547051197802,3.4683278410627173e-18,81.89357574119106,40.56190976129676,
2c64be32f9,180,525,13650,136.5,101.12547051197802,3.4683278410627158e-18,81.89357574119106,43.19829522387785,
2c64be32f9,180,526,13676,136.76,101.12547051197802,3.4683278410627154e-18,81.89357574119106,33.99006527448676,
2c64be32f9,180,527,13702,137.02,101.12547051197802,3.4683278410627165e-18,81.89357574119106,33.715866600958535,
2c64be32f9,180,528,13728,137.28,101.12547051197802,3.468327841062716e-18,81.89357574119106,40.94056771576502,
2c64be32f9,180,529,13754,137.54,101.12547051197802,3.4683278410627165e-18,81.89357574119106,34.59430507204458,
2c64be32f9,180,530,13780,137.8,101.12547051197802,3.468327841062716e-18,81.89357574119106,36.19598768675221,
2c64be32f9,180,531,13806,138.06,101.12547051197802,3.4683278410627173e-18,81.89357574119106,32.838371987411826,
2c64be32f9,180,532,13832,138.32,101.12547051197802,3.468327841062716e-18,81.89357574119106,41.804394220312744,
2c64be32f9,180,533,13858,138.58,101.12547051197802,3.4683278410627173e-18,81.89357574119106,30.435009562022323,
2c64be32f9,180,534,13884,138.84,101.12547051197802,3.4683278410627173e-18,81.89357574119106,35.40425331757842,
2c64be32f9,180,535,13910,139.1,101.12547051197802,3.4683278410627173e-18,81.89357574119106,31.302859368866603,
2c64be32f9,180,536,13936,139.36,101.12547051197802,3.4683278410627173e-18,81.89357574119106,47.30951765831054,
2c64be32f9,180,537,13962,139.62,101.12547051197802,3.468327841062717e-18,81.89357574119106,33.029547464805624,
2c64be32f9,180,538,13988,139.88,101.12547051197802,3.468327841062716e-18,81.89357574119106,32.20264805292058,
2c64be32f9,180,539,14014,140.14,101.12547051197802,3.4683278410627165e-18,81.89357574119106,33.041282255048024,
2c64be32f9,180,540,14040,140.4,101.12547051197802,3.4683278410627173e-18,81.89357574119106,36.31798137489837,
2c64be32f9,180,541,14066,140.66,101.12547051197802,3.468327841062716e-18,81.89357574119106,40.08935303514328,
2c64be32f9,180,542,14092,140.92,101.12547051197802,3.468327841062716e-18,81.89357574119106,39.12189331684989,
2c64be32f9,180,543,14118,141.18,101.12547051197802,3.468327841062716e-18,81.89357574119106,32.39458410014744,
2c64be32f9,180,544,14144,141.44,101.12547051197802,3.4683278410627158e-18,81.89357574119106,36.2906110366505,
2c64be32f9,180,545,14170,141.7,101.12547051197802,3.4683278410627173e-18,81.89357574119106,32.90650342604029,
2c64be32f9,180,546,14196,141.96,101.12547051197802,3.4683278410627165e-18,81.89357574119106,32.689768410114375,
2c64be32f9,180,547,14222,142.22,101.12547051197802,3.4683278410627173e-18,81.89357574119106,30.69069908470376,
2c64be32f9,180,548,14248,142.48,101.12547051197802,3.4683278410627154e-18,81.89357574119106,35.66347212278432,
2c64be32f9,180,549,14274,142.74,101.12547051197802,3.468327841062717e-18,81.89357574119106,37.58606677942236,
2c64be32f9,180,550,14300,143.0,101.12547051197802,3.468327841062717e-18,81.89357574119106,34.98948732655896,
2c64be32f9,180,551,14326,143.26,101.12547051197802,3.4683278410627158e-18,81.89357574119106,42.67906581076944,
2c64be32f9,180,552,14352,143.52,101.12547051197802,3.468327841062717e-18,81.89357574119106,34.44651100862243,
2c64be32f9,180,553,14378,143.78,101.12547051197802,3.468327841062716e-18,81.89357574119106,22.530542372233818,
2c64be32f9,180,554,14404,144.04,101.12547051197802,3.4683278410627173e-18,81.89357574119106,33.62071761009957,
2c64be32f9,180,555,14430,144.3,101.12547051197802,3.468327841062717e-18,81.89357574119106,26.822389058713867,
2c64be32f9,180,556,14456,144.56,101.12547051197802,3.4683278410627165e-18,81.89357574119106,45.49576670354509,
2c64be32f9,180,557,14482,144.82,101.12547051197802,3.4683278410627173e-18,81.89357574119106,34.485910502942076,
2c64be32f9,180,558,14508,145.08,101.12547051197802,3.468327841062718e-18,81.89357574119106,28.55301576879281,
2c64be32f9,180,559,14534,145.34,101.12547051197802,3.468327841062717e-18,81.89357574119106,42.229497929656254,
2c64be32f9,180,560,14560,145.6,101.12547051197802,3.468327841062717e-18,81.89357574119106,33.40988062585616,
2c64be32f9,180,561,14586,145.86,101.12547051197802,3.4683278410627158e-18,81.89357574119106,34.66898701599018,
2c64be32f9,180,562,14612,146.12,101.12547051197802,3.4683278410627158e-18,81.89357574119106,32.0205139475012,
2c64be32f9,180,563,14638,146.38,101.12547051197802,3.4683278410627165e-18,81.89357574119106,40.5683679841576,
2c64be32f9,180,564,14664,146.64,101.12547051197802,3.468327841062719e-18,81.89357574119106,34.463238865094404,
2c64be32f9,180,565,14690,146.9,101.12547051197802,3.4683278410627158e-18,81.89357574119106,29.310466741121946,
2c64be32f9,180,566,14716,147.16,101.12547051197802,3.4683278410627177e-18,81.89357574119106,39.34955498218947,
2c64be32f9,180,567,14742,147.42,101.12547051197802,3.4683278410627165e-18,81.89357574119106,39.63329390010525,
2c64be32f9,180,568,14768,147.68,101.12547051197802,3.4683278410627165e-18,81.89357574119106,40.94585534380198,
2c64be32f9,180,569,14794,147.94,101.12547051197802,3.4683278410627192e-18,81.89357574119106,37.28536942817047,
2c64be32f9,180,570,14820,148.2,101.12547051197802,3.4683278410627154e-18,81.89357574119106,37.6138074611924,
2c64be32f9,180,571,14846,148.46,101.12547051197802,3.468327841062718e-18,81.89357574119106,37.69407178412903,
2c64be32f9,180,572,14872,148.72,101.12547051197802,3.4683278410627185e-18,81.89357574119106,34.239948007326184,
2c64be32f9,180,573,14898,148.98,101.12547051197802,3.4683278410627165e-18,81.89357574119106,43.91077611848521,
2c64be32f9,180,574,14924,149.24,101.12547051197802,3.4683278410627173e-18,81.89357574119106,43.23499665115444,
2c64be32f9,180,575,14950,149.5,101.12547051197802,3.468327841062717e-18,81.89357574119106,33.320755292933875,
2c64be32f9,180,576,14976,149.76,101.12547051197802,3.468327841062716e-18,81.89357574119106,38.82482349662427,
2c64be32f9,180,577,15002,150.02,101.12547051197802,3.468327841062716e-18,81.89357574119106,33.84934934134895,
2c64be32f9,180,578,15028,150.28,101.12547051197802,3.4683278410627177e-18,81.89357574119106,39.989578590082495,
2c64be32f9,180,579,15054,150.54,101.12547051197802,3.468327841062719e-18,81.89357574119106,38.800205762043014,
2c64be32f9,180,580,15080,150.8,101.12547051197802,3.4683278410627177e-18,81.89357574119106,24.44287053791775,
2c64be32f9,180,581,15106,151.06,101.12547051197802,3.4683278410627192e-18,81.89357574119106,37.24693799186967,
2c64be32f9,180,582,15132,151.32,101.12547051197802,3.4683278410627165e-18,81.89357574119106,38.31095538393863,
2c64be32f9,180,583,15158,151.58,101.12547051197802,3.468327841062716e-18,81.89357574119106,42.379588656070354,
2c64be32f9,180,584,15184,151.84,101.12547051197802,3.468327841062717e-18,81.89357574119106,38.27366049862951,
2c64be32f9,180,585,15210,152.1,101.12547051197802,3.468327841062716e-18,81.89357574119106,36.317646466892505,
2c64be32f9,180,586,15236,152.36,101.12547051197802,3.4683278410627158e-18,81.89357574119106,34.09792217286598,
2c64be32f9,180,587,15262,152.62,101.12547051197802,3.4683278410627154e-18,81.89357574119106,36.26306862450422,
2c64be32f9,180,588,15288,152.88,101.12547051197802,3.468327841062717e-18,81.89357574119106,40.75722193090041,
2c64be32f9,180,589,15314,153.14,101.12547051197802,3.4683278410627158e-18,81.89357574119106,37.392582740616405,
2c64be32f9,180,590,15340,153.4,101.12547051197802,3.4683278410627185e-18,81.89357574119106,42.2104753881946,
2c64be32f9,180,591,15366,153.66,101.12547051197802,3.468327841062717e-18,81.89357574119106,37.50136324792502,
2c64be32f9,180,592,15392,153.92,101.12547051197802,3.468327841062717e-18,81.89357574119106,35.401029430225314,
2c64be32f9,180,593,15418,154.18,101.12547051197802,3.468327841062717e-18,81.89357574119106,29.573929729055656,
2c64be32f9,180,594,15444,154.44,101.12547051197802,3.4683278410627173e-18,81.89357574119106,40.994294863504045,
2c64be32f9,180,595,15470,154.7,101.12547051197802,3.4683278410627173e-18,81.89357574119106,41.99922872776825,
2c64be32f9,180,596,15496,154.96,101.12547051197802,3.4683278410627165e-18,81.89357574119106,39.19790757146704,
2c64be32f9,180,597,15522,155.22,101.12547051197802,3.4683278410627173e-18,81.89357574119106,37.46917926957261,
2c64be32f9,180,598,15548,155.48,101.12547051197802,3.4683278410627173e-18,81.89357574119106,32.98568954585066,
2c64be32f9,180,599,15574,155.74,101.12547051197802,3.468327841062716e-18,81.89357574119106,39.923235483770014,
2c64be32f9,180,600,15600,156.0,101.12547051197802,3.4683278410627158e-18,81.89357574119106,39.697878864212306,
2c64be32f9,180,601,15626,156.26,101.12547051197802,3.4683278410627177e-18,81.89357574119106,40.01270798643221,
2c64be32f9,180,602,15652,156.52,101.12547051197802,3.4683278410627154e-18,81.89357574119106,41.062703979472495,
2c64be32f9,180,603,15678,156.78,101.12547051197802,3.468327841062715e-18,81.89357574119106,34.51472472575832,
2c64be32f9,180,604,15704,157.04,101.12547051197802,3.4683278410627185e-18,81.89357574119106,27.998697337751945,
2c64be32f9,180,605,15730,157.3,101.12547051197802,3.4683278410627158e-18,81.89357574119106,31.0557880380621,
2c64be32f9,180,606,15756,157.56,101.12547051197802,3.468327841062716e-18,81.89357574119106,39.345084743378614,
2c64be32f9,180,607,15782,157.82,101.12547051197802,3.4683278410627173e-18,81.89357574119106,39.22741794154064,
2c64be32f9,180,608,15808,158.08,101.12547051197802,3.4683278410627177e-18,81.89357574119106,28.123237771965893,
2c64be32f9,180,609,15834,158.34,101.12547051197802,3.4683278410627165e-18,81.89357574119106,44.8332942869883,
2c64be32f9,180,610,15860,158.6,101.12547051197802,3.4683278410627173e-18,81.89357574119106,36.200261204331426,
2c64be32f9,180,611,15886,158.86,101.12547051197802,3.4683278410627158e-18,81.89357574119106,36.41486842454575,
2c64be32f9,180,612,15912,159.12,101.12547051197802,3.4683278410627177e-18,81.89357574119106,44.9184453823083,
2c64be32f9,180,613,15938,159.38,101.12547051197802,3.468327841062716e-18,81.89357574119106,40.26925615516744,
2c64be32f9,180,614,15964,159.64,101.12547051197802,3.4683278410627158e-18,81.89357574119106,39.619596874778175,
2c64be32f9,180,615,15990,159.9,101.12547051197802,3.468327841062716e-18,81.89357574119106,34.94209013310295,
2c64be32f9,180,616,16016,160.16,101.12547051197802,3.468327841062716e-18,81.89357574119106,29.32813172568798,
2c64be32f9,180,617,16042,160.42,101.12547051197802,3.468327841062718e-18,81.89357574119106,27.014641786057755,
2c64be32f9,180,618,16068,160.68,101.12547051197802,3.468327841062717e-18,81.89357574119106,34.019839919580726,
2c64be32f9,180,619,16094,160.94,101.12547051197802,3.4683278410627173e-18,81.89357574119106,33.71024530068792,
2c64be32f9,180,620,16120,161.2,101.12547051197802,3.4683278410627158e-18,81.89357574119106,54.325345717623044,
2c64be32f9,180,621,16146,161.46,101.12547051197802,3.468327841062717e-18,81.89357574119106,39.34722927263813,
2c64be32f9,180,622,16172,161.72,101.12547051197802,3.468327841062718e-18,81.89357574119106,20.402197540838614,
2c64be32f9,180,623,16198,161.98,101.12547051197802,3.4683278410627158e-18,81.89357574119106,36.37242330891336,
2c64be32f9,180,624,16224,162.24,101.12547051197802,3.4683278410627173e-18,81.89357574119106,38.32772105754897,
2c64be32f9,180,625,16250,162.5,101.12547051197802,3.4683278410627165e-18,81.89357574119106,30.061812505965385,
2c64be32f9,180,626,16276,162.76,101.12547051197802,3.4683278410627185e-18,81.89357574119106,36.50406577763617,
2c64be32f9,180,627,16302,163.02,101.12547051197802,3.468327841062717e-18,81.89357574119106,36.00306923086092,
2c64be32f9,180,628,16328,163.28,101.12547051197802,3.4683278410627165e-18,81.89357574119106,34.8369758137251,
2c64be32f9,180,629,16354,163.54,101.12547051197802,3.4683278410627158e-18,81.89357574119106,32.7800695564506,
2c64be32f9,180,630,16380,163.8,101.12547051197802,3.468327841062716e-18,81.89357574119106,33.375047447700524,
2c64be32f9,180,631,16406,164.06,101.12547051197802,3.468327841062717e-18,81.89357574119106,43.357532882800015,
2c64be32f9,180,632,16432,164.32,101.12547051197802,3.4683278410627185e-18,81.89357574119106,33.58760749159028,
2c64be32f9,180,633,16458,164.58,101.12547051197802,3.4683278410627173e-18,81.89357574119106,33.53232253352435,
2c64be32f9,180,634,16484,164.84,101.12547051197802,3.468327841062716e-18,81.89357574119106,37.58929650023035,
2c64be32f9,180,635,16510,165.1,101.12547051197802,3.4683278410627158e-18,81.89357574119106,37.25809969086739,
2c64be32f9,180,636,16536,165.36,101.12547051197802,3.4683278410627173e-18,81.89357574119106,41.899036566515115,
2c64be32f9,180,637,16562,165.62,101.12547051197802,3.4683278410627192e-18,81.89357574119106,31.060543727629465,
2c64be32f9,180,638,16588,165.88,101.12547051197802,3.4683278410627177e-18,81.89357574119106,25.17701331694205,
2c64be32f9,180,639,16614,166.14,101.12547051197802,3.4683278410627154e-18,81.89357574119106,31.820315450186406,
2c64be32f9,180,640,16640,166.4,101.12547051197802,3.4683278410627158e-18,81.89357574119106,40.474763846478716,
2c64be32f9,180,641,16666,166.66,101.12547051197802,3.4683278410627158e-18,81.89357574119106,40.61153044437259,
2c64be32f9,180,642,16692,166.92,101.12547051197802,3.4683278410627154e-18,81.89357574119106,37.272759812377146,
2c64be32f9,180,643,16718,167.18,101.12547051197802,3.468327841062719e-18,81.89357574119106,35.841181247171725,
2c64be32f9,180,644,16744,167.44,101.12547051197802,3.468327841062718e-18,81.89357574119106,40.454052271378224,
2c64be32f9,180,645,16770,167.7,101.12547051197802,3.468327841062717e-18,81.89357574119106,41.77211375677801,
2c64be32f9,180,646,16796,167.96,101.12547051197802,3.4683278410627173e-18,81.89357574119106,40.069426902502805,
2c64be32f9,180,647,16822,168.22,101.12547051197802,3.4683278410627154e-18,81.89357574119106,28.857491300328597,
2c64be32f9,180,648,16848,168.48,101.12547051197802,3.4683278410627173e-18,81.89357574119106,40.04437629756536,
2c64be32f9,180,649,16874,168.74,101.12547051197802,3.468327841062718e-18,81.89357574119106,34.19982896570442,
2c64be32f9,180,650,16900,169.0,101.12547051197802,3.468327841062717e-18,81.89357574119106,27.945075710905183,
2c64be32f9,180,651,16926,169.26,101.12547051197802,3.4683278410627177e-18,81.89357574119106,36.13454810172386,
2c64be32f9,180,652,16952,169.52,101.12547051197802,3.4683278410627158e-18,81.89357574119106,42.29157704247654,
2c64be32f9,180,653,16978,169.78,101.12547051197802,3.468327841062717e-18,81.89357574119106,32.86356660825291,
2c64be32f9,180,654,17004,170.04,101.12547051197802,3.468327841062717e-18,81.89357574119106,39.02769817915065,
2c64be32f9,180,655,17030,170.3,101.12547051197802,3.468327841062717e-18,81.89357574119106,41.252439252506456,
2c64be32f9,180,656,17056,170.56,101.12547051197802,3.468327841062719e-18,81.89357574119106,33.05547937165186,
2c64be32f9,180,657,17082,170.82,101.12547051197802,3.4683278410627192e-18,81.89357574119106,34.226332426054825,
2c64be32f9,180,658,17108,171.08,101.12547051197802,3.468327841062714e-18,81.89357574119106,31.03171283236573,
2c64be32f9,180,659,17134,171.34,101.12547051197802,3.468327841062715e-18,81.89357574119106,36.024841598360005,
2c64be32f9,180,660,17160,171.6,101.12547051197802,3.468327841062715e-18,81.89357574119106,32.890248138978684,
2c64be32f9,180,661,17186,171.86,101.12547051197802,3.4683278410627158e-18,81.89357574119106,38.57847498225622,
2c64be32f9,180,662,17212,172.12,101.12547051197802,3.4683278410627177e-18,81.89357574119106,36.761581742126914,
2c64be32f9,180,663,17238,172.38,101.12547051197802,3.468327841062717e-18,81.89357574119106,43.40106546554845,
2c64be32f9,180,664,17264,172.64,101.12547051197802,3.4683278410627177e-18,81.89357574119106,38.290874961384745,
2c64be32f9,180,665,17290,172.9,101.12547051197802,3.468327841062715e-18,81.89357574119106,35.251958328773746,
2c64be32f9,180,666,17316,173.16,101.12547051197802,3.4683278410627165e-18,81.89357574119106,33.045827472810224,
2c64be32f9,180,667,17342,173.42,101.12547051197802,3.4683278410627177e-18,81.89357574119106,37.01258056472947,
2c64be32f9,180,668,17368,173.68,101.12547051197802,3.4683278410627173e-18,81.89357574119106,39.09545116397606,
2c64be32f9,180,669,17394,173.94,101.12547051197802,3.4683278410627185e-18,81.89357574119106,38.47742955771089,
2c64be32f9,180,670,17420,174.2,101.12547051197802,3.4683278410627154e-18,81.89357574119106,42.675807488612385,
2c64be32f9,180,671,17446,174.46,101.12547051197802,3.468327841062716e-18,81.89357574119106,27.90198738418659,
2c64be32f9,180,672,17472,174.72,101.12547051197802,3.468327841062717e-18,81.89357574119106,35.129837899064306,
2c64be32f9,180,673,17498,174.98,101.12547051197802,3.468327841062715e-18,81.89357574119106,37.65275334384537,
2c64be32f9,180,674,17524,175.24,101.12547051197802,3.4683278410627177e-18,81.89357574119106,46.61122560911025,
2c64be32f9,180,675,17550,175.5,101.12547051197802,3.4683278410627158e-18,81.89357574119106,34.17293337468402,
2c64be32f9,180,676,17576,175.76,101.12547051197802,3.4683278410627173e-18,81.89357574119106,42.79643031787579,
2c64be32f9,180,677,17602,176.02,101.12547051197802,3.4683278410627173e-18,81.89357574119106,47.71383556230153,
2c64be32f9,180,678,17628,176.28,101.12547051197802,3.4683278410627165e-18,81.89357574119106,41.12049275806912,
2c64be32f9,180,679,17654,176.54,101.12547051197802,3.4683278410627177e-18,81.89357574119106,39.90301022861717,
2c64be32f9,180,680,17680,176.8,101.12547051197802,3.4683278410627158e-18,81.89357574119106,23.50339187736279,
2c64be32f9,180,681,17706,177.06,101.12547051197802,3.468327841062718e-18,81.89357574119106,40.7949739978586,
2c64be32f9,180,682,17732,177.32,101.12547051197802,3.4683278410627185e-18,81.89357574119106,34.88965790877984,
2c64be32f9,180,683,17758,177.58,101.12547051197802,3.4683278410627173e-18,81.89357574119106,27.97007832118932,
2c64be32f9,180,684,17784,177.84,101.12547051197802,3.468327841062718e-18,81.89357574119106,40.438796982996095,
2c64be32f9,180,685,17810,178.1,101.12547051197802,3.468327841062717e-18,81.89357574119106,34.28776165473344,
2c64be32f9,180,686,17836,178.36,101.12547051197802,3.4683278410627173e-18,81.89357574119106,31.430358784320326,
2c64be32f9,180,687,17862,178.62,101.12547051197802,3.468327841062717e-18,81.89357574119106,34.97809046823331,
2c64be32f9,180,688,17888,178.88,101.12547051197802,3.4683278410627185e-18,81.89357574119106,31.756592685235535,
2c64be32f9,180,689,17914,179.14,101.12547051197802,3.468327841062717e-18,81.89357574119106,39.01947735396218,
2c64be32f9,180,690,17940,179.4,101.12547051197802,3.468327841062716e-18,81.89357574119106,41.63891749710473,
2c64be32f9,180,691,17966,179.66,101.12547051197802,3.4683278410627177e-18,81.89357574119106,36.121399698713695,
2c64be32f9,180,692,17992,179.92,101.12547051197802,,81.89357574119106,32.41270384853488,
7242f88c6a,180,0,0,0.0,516651013610901.0,19.889531934616187,119640441474639.08,45083949410961.9,"ProjectedCommonDirectionsConfig(subspace_no_grads=1, subspace_no_updates=1, subspace_frac_random=0.05, direction_str=sd, random_proj=True, random_proj_dim_frac=0.2, ensemble=haar, inner_use_full_grad=True, orth_P_k=True, beta=0.001, tau=0.5, c_const=inf, N_try=200, alpha_max=100, p_const=1)"
7242f88c6a,180,1,26,0.26,3111954940756.165,1.0961545008700158,9285301583506.549,4900122405884.603,
7242f88c6a,180,2,52,0.52,23446762981.04488,0.10538014744397724,805973587346.7723,350828208535.78955,
7242f88c6a,180,3,78,0.78,2602114639.20735,0.03689186114729792,268498935730.51517,110752576287.99992,
7242f88c6a,180,4,104,1.04,580265116.9464421,0.01830552004486263,126792205971.43665,68883812409.98184,
7242f88c6a,180,5,130,1.3,227003321.63521805,0.011636294861949033,79304051158.97864,33593720572.790844,
7242f88c6a,180,6,156,1.56,104641819.53768258,0.007982425700218208,53843315624.41434,21896459636.611607,
7242f88c6a,180,7,182,1.82,53342422.0947334,0.005849220912335088,38442827084.366425,16384437068.648819,
7242f88c6a,180,8,208,2.08,34598224.13697024,0.004773746209682963,30960333718.681713,15547471732.729126,
7242f88c6a,180,9,234,2.34,25232101.32257188,0.004133692388615353,26439619677.57167,12668079166.514135,
7242f88c6a,180,10,260,2.6,20719768.96057623,0.0038343517087496954,23959114246.987293,10599071327.626366,
7242f88c6a,180,11,286,2.86,20607576.47116224,0.0019229806808183662,23894159505.533424,5879079290.201694,
7242f88c6a,180,12,312,3.12,2232.8987812441856,1.965956796692583e-05,243024397.0776092,84606417.31568071,
7242f88c6a,180,13,338,3.38,102.03447895868737,4.076128397965237e-07,5018377.448136513,1976340.748331559,
7242f88c6a,180,14,364,3.64,101.12623276959158,1.2047509772555303e-08,145321.38265357123,76765.25348179329,
7242f88c6a,180,15,390,3.9,101.1254744578139,8.700539293976695e-10,10452.116551462479,4882.864820149515,
7242f88c6a,180,16,416,4.16,101.1254705396936,7.047896432342566e-11,843.6749335193808,437.716251199767,
7242f88c6a,180,17,442,4.42,101.1254705150718,6.263549552476306e-12,74.59653759047615,33.846545556237565,
7242f88c6a,180,18,468,4.68,101.12547051436101,1.2559682552391337e-12,7.4288684616279,3.4893592458913814,
7242f88c6a,180,19,494,4.94,101.12547051418964,1.944882919240615e-13,9.12961055188782,3.757910563789662,
7242f88c6a,180,20,520,5.2,101.12547051391793,1.396388641149082e-13,6.54536931913084,2.732721824108292,
7242f88c6a,180,21,546,5.46,101.12547051369246,8.021751349690672e-13,4.689515541723959,1.7868724138854153,
7242f88c6a,180,22,572,5.72,101.125470513448,2.513739942744051e-16,6.009530879506006,2.3468643821394393,
7242f88c6a,180,23,598,5.98,101.12547051339192,1.2598802593455976e-16,6.00877077073321,2.4158346669022737,
7242f88c6a,180,24,624,6.24,101.12547051333307,3.153321068007176e-17,6.0084439228844495,2.4632027778430143,
7242f88c6a,180,25,650,6.5,101.12547051333307,3.159829032541132e-17,6.0084439228844495,2.7762949441051474,
7242f88c6a,180,26,676,6.76,101.12547051333307,3.161933174338647e-17,6.0084439228844495,2.974174696865465,
7242f88c6a,180,27,702,7.02,101.12547051333307,3.165458919685636e-17,6.0084439228844495,2.762180856523614,
7242f88c6a,180,28,728,7.28,101.12547051333307,3.170582868155724e-17,6.0084439228844495,2.9189230769753074,
7242f88c6a,180,29,754,7.54,101.12547051333307,3.179983994565181e-17,6.0084439228844495,2.7567263053372697,
7242f88c6a,180,30,780,7.8,101.12547051333307,3.1834747472436257e-17,6.0084439228844495,2.59450425702566,
7242f88c6a,180,31,806,8.06,101.12547051333307,3.186471405192575e-17,6.0084439228844495,2.4428152117346174,
7242f88c6a,180,32,832,8.32,101.12547051333307,3.187972699942797e-17,6.0084439228844495,2.7599454224509827,
7242f88c6a,180,33,858,8.58,101.12547051333307,6.532137684440032e-14,6.0084439228844495,3.2474914675931066,
7242f88c6a,180,34,884,8.84,101.12547051300632,4.35431631460185e-16,5.119773952594499,2.4640070392392768,
7242f88c6a,180,35,910,9.1,101.1254705129529,2.1778092904042234e-16,5.117268775537752,2.07540796669483,
7242f88c6a,180,36,936,9.36,101.1254705129432,2.1783393016007986e-16,5.1165294934835295,2.156133530363262,
7242f88c6a,180,37,962,9.62,101.12547051292505,2.1840577347850914e-16,5.115821096115881,1.9715191871226208,
7242f88c6a,180,38,988,9.88,101.12547051290012,5.470437893894412e-17,5.115119669217579,2.475403952787658,
7242f88c6a,180,39,1014,10.14,101.12547051287045,5.474978738328658e-17,5.1150232220415655,1.531561881407666,
7242f88c6a,180,40,1040,10.4,101.12547051284938,1.0960329589032234e-16,5.114916445455282,2.1047441022367908,
7242f88c6a,180,41,1066,10.66,101.12547051282803,5.4869753366748027e-17,5.114654853595284,2.8617808683325054,
7242f88c6a,180,42,1092,10.92,101.12547051278602,2.746546171587704e-17,5.114531052385459,1.879866696092012,
7242f88c6a,180,43,1118,11.18,101.12547051278602,2.7488171138394548e-17,5.114531052385459,1.7504938716914327,
7242f88c6a,180,44,1144,11.44,101.12547051278602,2.7496425493838873e-17,5.114531052385459,2.11393299799232,
7242f88c6a,180,45,1170,11.7,101.12547051278602,2.7509878852189494e-17,5.114531052385459,2.689388023816728,
7242f88c6a,180,46,1196,11.96,101.12547051278602,2.7520124560579378e-17,5.114531052385459,2.2184731262244193,
7242f88c6a,180,47,1222,12.22,101.12547051278602,2.752378604544273e-17,5.114531052385459,2.6784301860117643,
7242f88c6a,180,48,1248,12.48,101.12547051278602,2.7540320493811918e-17,5.114531052385459,1.507073376920772,
7242f88c6a,180,49,1274,12.74,101.12547051278602,2.7549191204236635e-17,5.114531052385459,2.3329300485214737,
7242f88c6a,180,50,1300,13.0,101.12547051278602,2.7556568169701117e-17,5.114531052385459,2.5974656319226854,
7242f88c6a,180,51,1326,13.26,101.12547051278602,2.7568884011458386e-17,5.114531052385459,2.6038313176452172,
7242f88c6a,180,52,1352,13.52,101.12547051278602,2.757405099790155e-17,5.114531052385459,1.6708222039593752,
7242f88c6a,180,53,1378,13.78,101.12547051278602,2.7577522605550204e-17,5.114531052385459,2.2729718912941266,
7242f88c6a,180,54,1404,14.04,101.12547051278602,2.7590315832311907e-17,5.114531052385459,2.396582599994981,
7242f88c6a,180,55,1430,14.3,101.12547051278602,2.759170419694511e-17,5.114531052385459,2.2606404063117402,
7242f88c6a,180,56,1456,14.56,101.12547051278602,2.759997970290719e-17,5.114531052385459,2.0704869802970705,
7242f88c6a,180,57,1482,14.82,101.12547051278602,2.7606588416066028e-17,5.114531052385459,2.4946212536406693,
7242f88c6a,180,58,1508,15.08,101.12547051278602,2.7613857382631973e-17,5.114531052385459,2.635189472117205,
7242f88c6a,180,59,1534,15.34,101.12547051278602,2.7622224624236973e-17,5.114531052385459,2.059803128990907,
7242f88c6a,180,60,1560,15.6,101.12547051278602,2.76329646766269e-17,5.114531052385459,2.4916953185786714,
7242f88c6a,180,61,1586,15.86,101.12547051278602,2.7637429855926806e-17,5.114531052385459,2.1606969662598616,
7242f88c6a,180,62,1612,16.12,101.12547051278602,2.7642791784753327e-17,5.114531052385459,2.4653899892863675,
7242f88c6a,180,63,1638,16.38,101.12547051278602,2.764389918497989e-17,5.114531052385459,2.3835676565834927,
7242f88c6a,180,64,1664,16.64,101.12547051278602,2.76476533683882e-17,5.114531052385459,2.6026798542662353,
7242f88c6a,180,65,1690,16.9,101.12547051278602,2.7653488070900625e-17,5.114531052385459,1.6865565316036082,
7242f88c6a,180,66,1716,17.16,101.12547051278602,2.765563271338264e-17,5.114531052385459,2.3524527606266386,
7242f88c6a,180,67,1742,17.42,101.12547051278602,2.7660096766579722e-17,5.114531052385459,2.129437528223671,
7242f88c6a,180,68,1768,17.68,101.12547051278602,2.766675087419967e-17,5.114531052385459,2.64919964073616,
7242f88c6a,180,69,1794,17.94,101.12547051278602,2.7673530522699406e-17,5.114531052385459,1.8023367189982764,
7242f88c6a,180,70,1820,18.2,101.12547051278602,2.7675784951928636e-17,5.114531052385459,2.0078923388121033,
7242f88c6a,180,71,1846,18.46,101.12547051278602,2.767966346834867e-17,5.114531052385459,1.7219431012483442,
7242f88c6a,180,72,1872,18.72,101.12547051278602,2.7683595273709682e-17,5.114531052385459,2.17570688885894,
7242f88c6a,180,73,1898,18.98,101.12547051278602,2.7687005715149973e-17,5.114531052385459,2.678519939789855,
7242f88c6a,180,74,1924,19.24,101.12547051278602,2.7689288663257214e-17,5.114531052385459,2.494360607806868,
7242f88c6a,180,75,1950,19.5,101.12547051278602,2.7690602008506144e-17,5.114531052385459,1.966163604911336,
7242f88c6a,180,76,1976,19.76,101.12547051278602,2.769433959633572e-17,5.114531052385459,1.9186174836148353,
7242f88c6a,180,77,2002,20.02,101.12547051278602,2.7696569490016598e-17,5.114531052385459,2.5922093842286698,
7242f88c6a,180,78,2028,20.28,101.12547051278602,2.7696903492026567e-17,5.114531052385459,1.7371791850031693,
7242f88c6a,180,79,2054,20.54,101.12547051278602,2.7698746159631336e-17,5.114531052385459,2.6453513570823612,
7242f88c6a,180,80,2080,20.8,101.12547051278602,2.7699525778801895e-17,5.114531052385459,2.8876204113514947,
7242f88c6a,180,81,2106,21.06,101.12547051278602,2.77006199690336e-17,5.114531052385459,2.7472468454798604,
7242f88c6a,180,82,2132,21.32,101.12547051278602,2.770133180836795e-17,5.114531052385459,2.188115792104343,
7242f88c6a,180,83,2158,21.58,101.12547051278602,2.7702073848753458e-17,5.114531052385459,2.0022788450162885,
7242f88c6a,180,84,2184,21.84,101.12547051278602,2.7702555154591353e-17,5.114531052385459,2.4180507131057603,
7242f88c6a,180,85,2210,22.1,101.12547051278602,2.77039829576853e-17,5.114531052385459,2.592637376824815,
7242f88c6a,180,86,2236,22.36,101.12547051278602,2.7704503887374964e-17,5.114531052385459,1.5600483746695786,
7242f88c6a,180,87,2262,22.62,101.12547051278602,2.7705505635591166e-17,5.114531052385459,1.9128319838027255,
7242f88c6a,180,88,2288,22.88,101.12547051278602,2.7707835652286788e-17,5.114531052385459,1.8092023253015475,
7242f88c6a,180,89,2314,23.14,101.12547051278602,2.7708276235071473e-17,5.114531052385459,2.5839705246165,
7242f88c6a,180,90,2340,23.4,101.12547051278602,2.7708651775404505e-17,5.114531052385459,2.458281818807134,
7242f88c6a,180,91,2366,23.66,101.12547051278602,2.7709393811400794e-17,5.114531052385459,1.981581988095026,
7242f88c6a,180,92,2392,23.92,101.12547051278602,2.7710606645355318e-17,5.114531052385459,2.5828495678930743,
7242f88c6a,180,93,2418,24.18,101.12547051278602,2.7711785829945324e-17,5.114531052385459,2.4150244783066506,
7242f88c6a,180,94,2444,24.44,101.12547051278602,2.7712939888722713e-17,5.114531052385459,2.366822264272742,
7242f88c6a,180,95,2470,24.7,101.12547051278602,2.7713686511247014e-17,5.114531052385459,2.5153257868404832,
7242f88c6a,180,96,2496,24.96,101.12547051278602,2.7713965590357422e-17,5.114531052385459,2.0821228036900212,
7242f88c6a,180,97,2522,25.22,101.12547051278602,2.7714444067750664e-17,5.114531052385459,2.0165744470885896,
7242f88c6a,180,98,2548,25.48,101.12547051278602,2.771515236080727e-17,5.114531052385459,2.150974088875425,
7242f88c6a,180,99,2574,25.74,101.12547051278602,2.7716097477161377e-17,5.114531052385459,2.1271758691728038,
7242f88c6a,180,100,2600,26.0,101.12547051278602,2.7718084576005564e-17,5.114531052385459,2.0455729600716466,
7242f88c6a,180,101,2626,26.26,101.12547051278602,2.7718507298522763e-17,5.114531052385459,2.2284550128264966,
7242f88c6a,180,102,2652,26.52,101.12547051278602,2.7719247471516923e-17,5.114531052385459,2.064822592823467,
7242f88c6a,180,103,2678,26.78,101.12547051278602,2.7719333622795116e-17,5.114531052385459,2.0349061112691533,
7242f88c6a,180,104,2704,27.04,101.12547051278602,2.771954949323353e-17,5.114531052385459,2.0101659338428237,
7242f88c6a,180,105,2730,27.3,101.12547051278602,2.7719728560366667e-17,5.114531052385459,2.6580971589320908,
7242f88c6a,180,106,2756,27.56,101.12547051278602,2.772012892718739e-17,5.114531052385459,2.195867731885027,
7242f88c6a,180,107,2782,27.82,101.12547051278602,2.7720435533093836e-17,5.114531052385459,1.3185783842570036,
7242f88c6a,180,108,2808,28.08,101.12547051278602,2.7720864108438472e-17,5.114531052385459,2.7435188007600266,
7242f88c6a,180,109,2834,28.34,101.12547051278602,2.7721050746886097e-17,5.114531052385459,2.666327208985183,
7242f88c6a,180,110,2860,28.6,101.12547051278602,2.7721244753399195e-17,5.114531052385459,2.6831621785392485,
7242f88c6a,180,111,2886,28.86,101.12547051278602,2.7721332790937973e-17,5.114531052385459,2.3259638239249436,
7242f88c6a,180,112,2912,29.12,101.12547051278602,2.772143712249388e-17,5.114531052385459,2.395266248816319,
7242f88c6a,180,113,2938,29.38,101.12547051278602,2.7721564822239667e-17,5.114531052385459,2.3658245005749023,
7242f88c6a,180,114,2964,29.64,101.12547051278602,2.7721657933107123e-17,5.114531052385459,2.171585474459374,
7242f88c6a,180,115,2990,29.9,101.12547051278602,2.772171342819031e-17,5.114531052385459,2.180662027425732,
7242f88c6a,180,116,3016,30.16,101.12547051278602,2.772221172057083e-17,5.114531052385459,2.168872452066935,
7242f88c6a,180,117,3042,30.42,101.12547051278602,2.7722405430129184e-17,5.114531052385459,2.379784215938339,
7242f88c6a,180,118,3068,30.68,101.12547051278602,2.7722540849339114e-17,5.114531052385459,2.393181665725042,
7242f88c6a,180,119,3094,30.94,101.12547051278602,2.7722774674862257e-17,5.114531052385459,2.314945090997706,
7242f88c6a,180,120,3120,31.2,101.12547051278602,2.7722885927167726e-17,5.114531052385459,1.9560287655431476,
7242f88c6a,180,121,3146,31.46,101.12547051278602,2.7722928162167838e-17,5.114531052385459,2.4129427855241543,
7242f88c6a,180,122,3172,31.72,101.12547051278602,2.7722952107568486e-17,5.114531052385459,2.5203017702058412,
7242f88c6a,180,123,3198,31.98,101.12547051278602,2.772321809739722e-17,5.114531052385459,2.2706115294969575,
7242f88c6a,180,124,3224,32.24,101.12547051278602,2.772325268858814e-17,5.114531052385459,2.211340816171868,
7242f88c6a,180,125,3250,32.5,101.12547051278602,2.7723381898290118e-17,5.114531052385459,2.4468230809490823,
7242f88c6a,180,126,3276,32.76,101.12547051278602,2.7723477862475746e-17,5.114531052385459,2.746872910816382,
7242f88c6a,180,127,3302,33.02,101.12547051278602,2.7723525732441374e-17,5.114531052385459,2.8728620610262094,
7242f88c6a,180,128,3328,33.28,101.12547051278602,2.7723617870615052e-17,5.114531052385459,1.9087776653503006,
7242f88c6a,180,129,3354,33.54,101.12547051278602,2.772388201547959e-17,5.114531052385459,2.288345572929137,
7242f88c6a,180,130,3380,33.8,101.12547051278602,2.7723937809195607e-17,5.114531052385459,2.2670811338660037,
7242f88c6a,180,131,3406,34.06,101.12547051278602,2.7724079608481513e-17,5.114531052385459,1.8861569304610748,
7242f88c6a,180,132,3432,34.32,101.12547051278602,2.7724206423760615e-17,5.114531052385459,2.2829440133421897,
7242f88c6a,180,133,3458,34.58,101.12547051278602,2.7724423660997054e-17,5.114531052385459,2.0913009162361953,
7242f88c6a,180,134,3484,34.84,101.12547051278602,2.7724448249556722e-17,5.114531052385459,1.7897704810455235,
7242f88c6a,180,135,3510,35.1,101.12547051278602,2.772449590739581e-17,5.114531052385459,2.32009809184295,
7242f88c6a,180,136,3536,35.36,101.12547051278602,2.772461158463998e-17,5.114531052385459,2.5921536595297097,
7242f88c6a,180,137,3562,35.62,101.12547051278602,2.772467148554796e-17,5.114531052385459,1.9629273321485132,
7242f88c6a,180,138,3588,35.88,101.12547051278602,2.7724751369349196e-17,5.114531052385459,2.8062674168807353,
7242f88c6a,180,139,3614,36.14,101.12547051278602,2.7724804545477638e-17,5.114531052385459,2.5907993628411687,
7242f88c6a,180,140,3640,36.4,101.12547051278602,2.7724954370557406e-17,5.114531052385459,2.1756078222362767,
7242f88c6a,180,141,3666,36.66,101.12547051278602,2.7725086959905755e-17,5.114531052385459,2.3419936935736265,
7242f88c6a,180,142,3692,36.92,101.12547051278602,2.7725165123739616e-17,5.114531052385459,2.53132711950014,
7242f88c6a,180,143,3718,37.18,101.12547051278602,2.772519226875162e-17,5.114531052385459,2.05699825422888,
7242f88c6a,180,144,3744,37.44,101.12547051278602,2.7725229799806798e-17,5.114531052385459,2.016709222974115,
7242f88c6a,180,145,3770,37.7,101.12547051278602,2.7725291958554763e-17,5.114531052385459,2.092933424652381,
7242f88c6a,180,146,3796,37.96,101.12547051278602,2.7725374997134275e-17,5.114531052385459,2.424721822968659,
7242f88c6a,180,147,3822,38.22,101.12547051278602,2.772538946857649e-17,5.114531052385459,1.934949571766053,
7242f88c6a,180,148,3848,38.48,101.12547051278602,2.7725399831071852e-17,5.114531052385459,2.2336687634046593,
7242f88c6a,180,149,3874,38.74,101.12547051278602,2.7725408632192468e-17,5.114531052385459,2.2523699530261396,
7242f88c6a,180,150,3900,39.0,101.12547051278602,2.772548354953203e-17,5.114531052385459,2.37503385952982,
7242f88c6a,180,151,3926,39.26,101.12547051278602,2.7725502890323823e-17,5.114531052385459,2.2177456398813464,
7242f88c6a,180,152,3952,39.52,101.12547051278602,2.772550942924782e-17,5.114531052385459,1.686229411298721,
7242f88c6a,180,153,3978,39.78,101.12547051278602,2.7725520421018346e-17,5.114531052385459,2.1946663334427017,
7242f88c6a,180,154,4004,40.04,101.12547051278602,2.7725547527748586e-17,5.114531052385459,2.3172540794789853,
7242f88c6a,180,155,4030,40.3,101.12547051278602,2.7725581363259324e-17,5.114531052385459,1.518890646992029,
7242f88c6a,180,156,4056,40.56,101.12547051278602,2.77255989874107e-17,5.114531052385459,1.7257677099470912,
7242f88c6a,180,157,4082,40.82,101.12547051278602,2.7725613076451485e-17,5.114531052385459,1.8783770749907525,
7242f88c6a,180,158,4108,41.08,101.12547051278602,2.7725651511311888e-17,5.114531052385459,1.9558547517034979,
7242f88c6a,180,159,4134,41.34,101.12547051278602,2.772566303950359e-17,5.114531052385459,2.4291582090694863,
7242f88c6a,180,160,4160,41.6,101.12547051278602,2.7725675937078546e-17,5.114531052385459,2.498077922153949,
7242f88c6a,180,161,4186,41.86,101.12547051278602,2.7725680775220136e-17,5.114531052385459,2.4501921766433825,
7242f88c6a,180,162,4212,42.12,101.12547051278602,2.7725688613273114e-17,5.114531052385459,2.2890986004334946,
7242f88c6a,180,163,4238,42.38,101.12547051278602,2.7725694088735022e-17,5.114531052385459,2.408533218091051,
7242f88c6a,180,164,4264,42.64,101.12547051278602,2.772570685991361e-17,5.114531052385459,2.407448924407721,
7242f88c6a,180,165,4290,42.9,101.12547051278602,2.7725712056386253e-17,5.114531052385459,2.3321996284080204,
7242f88c6a,180,166,4316,43.16,101.12547051278602,2.7725724521637713e-17,5.114531052385459,2.6341970359461686,
7242f88c6a,180,167,4342,43.42,101.12547051278602,2.77257293907213e-17,5.114531052385459,2.5990136424734875,
7242f88c6a,180,168,4368,43.68,101.12547051278602,2.7725747240169307e-17,5.114531052385459,2.334291827290645,
7242f88c6a,180,169,4394,43.94,101.12547051278602,2.772577245892487e-17,5.114531052385459,2.4655392960259075,
7242f88c6a,180,170,4420,44.2,101.12547051278602,2.7725783394519632e-17,5.114531052385459,1.6944356387162003,
7242f88c6a,180,171,4446,44.46,101.12547051278602,2.7725787758879873e-17,5.114531052385459,1.6448120215866058,
7242f88c6a,180,172,4472,44.72,101.12547051278602,2.7725794705885274e-17,5.114531052385459,2.2126957860942578,
7242f88c6a,180,173,4498,44.98,101.12547051278602,2.7725801118620243e-17,5.114531052385459,2.9675160831351093,
7242f88c6a,180,174,4524,45.24,101.12547051278602,2.7725806618963727e-17,5.114531052385459,2.092305779317257,
7242f88c6a,180,175,4550,45.5,101.12547051278602,2.7725815609421668e-17,5.114531052385459,2.5097864145663507,
7242f88c6a,180,176,4576,45.76,101.12547051278602,2.7725834329740838e-17,5.114531052385459,1.9951823905701735,
7242f88c6a,180,177,4602,46.02,101.12547051278602,2.7725845109032822e-17,5.114531052385459,2.379163976728811,
7242f88c6a,180,178,4628,46.28,101.12547051278602,2.7725846903203033e-17,5.114531052385459,1.817400071424589,
7242f88c6a,180,179,4654,46.54,101.12547051278602,2.7725853462285767e-17,5.114531052385459,2.345601073252249,
7242f88c6a,180,180,4680,46.8,101.12547051278602,2.7725856945427237e-17,5.114531052385459,1.9106755191391913,
7242f88c6a,180,181,4706,47.06,101.12547051278602,2.7725863504412536e-17,5.114531052385459,2.43472966511525,
7242f88c6a,180,182,4732,47.32,101.12547051278602,2.7725864157283602e-17,5.114531052385459,1.7755691038466417,
7242f88c6a,180,183,4758,47.58,101.12547051278602,2.7725866731992233e-17,5.114531052385459,1.9885450802963318,
7242f88c6a,180,184,4784,47.84,101.12547051278602,2.772586984793052e-17,5.114531052385459,2.272687331335053,
7242f88c6a,180,185,4810,48.1,101.12547051278602,2.7725878646228173e-17,5.114531052385459,1.893316089105348,
7242f88c6a,180,186,4836,48.36,101.12547051278602,2.7725879405656354e-17,5.114531052385459,2.0557895666420367,
7242f88c6a,180,187,4862,48.62,101.12547051278602,2.7725883819522008e-17,5.114531052385459,2.0074431083487103,
7242f88c6a,180,188,4888,48.88,101.12547051278602,2.772588761640518e-17,5.114531052385459,2.0101744053296122,
7242f88c6a,180,189,4914,49.14,101.12547051278602,2.772588931725953e-17,5.114531052385459,2.7403312823825137,
7242f88c6a,180,190,4940,49.4,101.12547051278602,2.7725891408679248e-17,5.114531052385459,2.2439293061021024,
7242f88c6a,180,191,4966,49.66,101.12547051278602,2.7725893622330686e-17,5.114531052385459,2.052661222431409,
7242f88c6a,180,192,4992,49.92,101.12547051278602,2.772589646718851e-17,5.114531052385459,2.6858919306857167,
7242f88c6a,180,193,5018,50.18,101.12547051278602,2.77258981589326e-17,5.114531052385459,2.774102400829229,
7242f88c6a,180,194,5044,50.44,101.12547051278602,2.772589983397237e-17,5.114531052385459,1.7973398625462298,
7242f88c6a,180,195,5070,50.7,101.12547051278602,2.7725902352006053e-17,5.114531052385459,2.7126013065226022,
7242f88c6a,180,196,5096,50.96,101.12547051278602,2.7725903408503474e-17,5.114531052385459,1.9404002349746152,
7242f88c6a,180,197,5122,51.22,101.12547051278602,2.7725904734220885e-17,5.114531052385459,2.3795755051230683,
7242f88c6a,180,198,5148,51.48,101.12547051278602,2.7725906861284892e-17,5.114531052385459,2.3625193336912123,
7242f88c6a,180,199,5174,51.74,101.12547051278602,2.7725908144683013e-17,5.114531052385459,2.237038317189292,
7242f88c6a,180,200,5200,52.0,101.12547051278602,2.7725909942557e-17,5.114531052385459,2.0254280321899967,
7242f88c6a,180,201,5226,52.26,101.12547051278602,2.7725910896025594e-17,5.114531052385459,2.1372066630759856,
7242f88c6a,180,202,5252,52.52,101.12547051278602,2.77259120228346e-17,5.114531052385459,2.393678189699152,
7242f88c6a,180,203,5278,52.78,101.12547051278602,2.772591301822834e-17,5.114531052385459,2.2342253995503127,
7242f88c6a,180,204,5304,53.04,101.12547051278602,2.7725914655299048e-17,5.114531052385459,2.6697352120314575,
7242f88c6a,180,205,5330,53.3,101.12547051278602,2.7725914963982616e-17,5.114531052385459,2.26664601854361,
7242f88c6a,180,206,5356,53.56,101.12547051278602,2.7725916270979782e-17,5.114531052385459,2.2092928600874773,
7242f88c6a,180,207,5382,53.82,101.12547051278602,2.7725916868158996e-17,5.114531052385459,2.3487835137138267,
7242f88c6a,180,208,5408,54.08,101.12547051278602,2.772591823836661e-17,5.114531052385459,2.531282612458183,
7242f88c6a,180,209,5434,54.34,101.12547051278602,2.7725918946094727e-17,5.114531052385459,2.106586772228083,
7242f88c6a,180,210,5460,54.6,101.12547051278602,2.772591919978732e-17,5.114531052385459,2.0566254361132015,
7242f88c6a,180,211,5486,54.86,101.12547051278602,2.7725919426843166e-17,5.114531052385459,2.0144082632103766,
7242f88c6a,180,212,5512,55.12,101.12547051278602,2.7725919579369746e-17,5.114531052385459,2.3874354141919416,
7242f88c6a,180,213,5538,55.38,101.12547051278602,2.7725919973922136e-17,5.114531052385459,1.738371230612707,
7242f88c6a,180,214,5564,55.64,101.12547051278602,2.772592028943681e-17,5.114531052385459,2.182933328075425,
7242f88c6a,180,215,5590,55.9,101.12547051278602,2.7725920777525868e-17,5.114531052385459,2.8623667960044044,
7242f88c6a,180,216,5616,56.16,101.12547051278602,2.772592112038199e-17,5.114531052385459,2.736197569166222,
7242f88c6a,180,217,5642,56.42,101.12547051278602,2.77259217973699e-17,5.114531052385459,2.003703216185442,
7242f88c6a,180,218,5668,56.68,101.12547051278602,2.772592214615753e-17,5.114531052385459,2.5749530299571166,
7242f88c6a,180,219,5694,56.94,101.12547051278602,2.7725922517874513e-17,5.114531052385459,2.4605681097424377,
7242f88c6a,180,220,5720,57.2,101.12547051278602,2.772592285386254e-17,5.114531052385459,2.0126960368304987,
7242f88c6a,180,221,5746,57.46,101.12547051278602,2.7725923248605725e-17,5.114531052385459,2.0694034019346,
7242f88c6a,180,222,5772,57.72,101.12547051278602,2.7725923780254902e-17,5.114531052385459,2.248520153901168,
7242f88c6a,180,223,5798,57.98,101.12547051278602,2.772592420045347e-17,5.114531052385459,1.8327631467296013,
7242f88c6a,180,224,5824,58.24,101.12547051278602,2.772592459706486e-17,5.114531052385459,2.315956953369061,
7242f88c6a,180,225,5850,58.5,101.12547051278602,2.7725924808827565e-17,5.114531052385459,2.517363012801,
7242f88c6a,180,226,5876,58.76,101.12547051278602,2.772592499483928e-17,5.114531052385459,1.976666494484351,
7242f88c6a,180,227,5902,59.02,101.12547051278602,2.7725925218340536e-17,5.114531052385459,2.235213855018825,
7242f88c6a,180,228,5928,59.28,101.12547051278602,2.7725925398612432e-17,5.114531052385459,1.7276413070942227,
7242f88c6a,180,229,5954,59.54,101.12547051278602,2.772592548656404e-17,5.114531052385459,2.670864938202037,
7242f88c6a,180,230,5980,59.8,101.12547051278602,2.7725925783226984e-17,5.114531052385459,1.4844872591895433,
7242f88c6a,180,231,6006,60.06,101.12547051278602,2.7725925962413876e-17,5.114531052385459,2.095952309601665,
7242f88c6a,180,232,6032,60.32,101.12547051278602,2.772592612365067e-17,5.114531052385459,2.4408046518464954,
7242f88c6a,180,233,6058,60.58,101.12547051278602,2.7725926200763853e-17,5.114531052385459,2.557430583473887,
7242f88c6a,180,234,6084,60.84,101.12547051278602,2.772592632160333e-17,5.114531052385459,2.634152382185188,
7242f88c6a,180,235,6110,61.1,101.12547051278602,2.7725926509857706e-17,5.114531052385459,2.3695516384441517,
7242f88c6a,180,236,6136,61.36,101.12547051278602,2.772592663201657e-17,5.114531052385459,2.2544778414795377,
7242f88c6a,180,237,6162,61.62,101.12547051278602,2.772592676297154e-17,5.114531052385459,2.2175559372440947,
7242f88c6a,180,238,6188,61.88,101.12547051278602,2.7725926835456485e-17,5.114531052385459,2.076698748188273,
7242f88c6a,180,239,6214,62.14,101.12547051278602,2.7725926922379377e-17,5.114531052385459,1.8770784690307991,
7242f88c6a,180,240,6240,62.4,101.12547051278602,2.7725926933901316e-17,5.114531052385459,3.0309468934478336,
7242f88c6a,180,241,6266,62.66,101.12547051278602,2.772592702876029e-17,5.114531052385459,2.3093892795384154,
7242f88c6a,180,242,6292,62.92,101.12547051278602,2.7725927102454015e-17,5.114531052385459,2.200655066778521,
7242f88c6a,180,243,6318,63.18,101.12547051278602,2.7725927201219597e-17,5.114531052385459,2.183319400520157,
7242f88c6a,180,244,6344,63.44,101.12547051278602,2.772592725239253e-17,5.114531052385459,2.5682505695306146,
7242f88c6a,180,245,6370,63.7,101.12547051278602,2.772592729143624e-17,5.114531052385459,1.3638115767472458,
7242f88c6a,180,246,6396,63.96,101.12547051278602,2.772592731409558e-17,5.114531052385459,1.8591477475450569,
7242f88c6a,180,247,6422,64.22,101.12547051278602,2.7725927401664056e-17,5.114531052385459,1.9469403275730606,
7242f88c6a,180,248,6448,64.48,101.12547051278602,2.7725927446384815e-17,5.114531052385459,1.9784620500151937,
7242f88c6a,180,249,6474,64.74,101.12547051278602,2.772592751893646e-17,5.114531052385459,2.330701692642693,
7242f88c6a,180,250,6500,65.0,101.12547051278602,2.7725927594682426e-17,5.114531052385459,1.4554000462138377,
7242f88c6a,180,251,6526,65.26,101.12547051278602,2.772592761703538e-17,5.114531052385459,2.5931998020366684,
7242f88c6a,180,252,6552,65.52,101.12547051278602,2.7725927640522846e-17,5.114531052385459,2.2853036037982406,
7242f88c6a,180,253,6578,65.78,101.12547051278602,2.7725927714102115e-17,5.114531052385459,2.272588587327618,
7242f88c6a,180,254,6604,66.04,101.12547051278602,2.772592778122476e-17,5.114531052385459,2.3230065320110125,
7242f88c6a,180,255,6630,66.3,101.12547051278602,2.7725927862630295e-17,5.114531052385459,2.5695878804943066,
7242f88c6a,180,256,6656,66.56,101.12547051278602,2.7725927901900475e-17,5.114531052385459,2.3554912113423803,
7242f88c6a,180,257,6682,66.82,101.12547051278602,2.7725927908698172e-17,5.114531052385459,1.9718198580574378,
7242f88c6a,180,258,6708,67.08,101.12547051278602,2.772592793457703e-17,5.114531052385459,2.8113006931298146,
7242f88c6a,180,259,6734,67.34,101.12547051278602,2.772592795245343e-17,5.114531052385459,1.829346822321019,
7242f88c6a,180,260,6760,67.6,101.12547051278602,2.7725927975196312e-17,5.114531052385459,2.31459031156189,
7242f88c6a,180,261,6786,67.86,101.12547051278602,2.7725927991444582e-17,5.114531052385459,1.7292591047284387,
7242f88c6a,180,262,6812,68.12,101.12547051278602,2.7725928007845477e-17,5.114531052385459,2.029998723792184,
7242f88c6a,180,263,6838,68.38,101.12547051278602,2.772592802139241e-17,5.114531052385459,2.467470697161442,
7242f88c6a,180,264,6864,68.64,101.12547051278602,2.7725928072447204e-17,5.114531052385459,2.807279824591184,
7242f88c6a,180,265,6890,68.9,101.12547051278602,2.7725928075675972e-17,5.114531052385459,2.3459561121036496,
7242f88c6a,180,266,6916,69.16,101.12547051278602,2.7725928102873634e-17,5.114531052385459,2.7103600056039645,
7242f88c6a,180,267,6942,69.42,101.12547051278602,2.772592812080561e-17,5.114531052385459,1.8821044387062462,
7242f88c6a,180,268,6968,69.68,101.12547051278602,2.7725928141231497e-17,5.114531052385459,2.4360372672203177,
7242f88c6a,180,269,6994,69.94,101.12547051278602,2.772592816054279e-17,5.114531052385459,2.4331939634840882,
7242f88c6a,180,270,7020,70.2,101.12547051278602,2.772592816632341e-17,5.114531052385459,1.6799213526283119,
7242f88c6a,180,271,7046,70.46,101.12547051278602,2.77259281766138e-17,5.114531052385459,2.2571702410504626,
7242f88c6a,180,272,7072,70.72,101.12547051278602,2.772592820113532e-17,5.114531052385459,2.155555472478894,
7242f88c6a,180,273,7098,70.98,101.12547051278602,2.7725928211083496e-17,5.114531052385459,2.358064508121415,
7242f88c6a,180,274,7124,71.24,101.12547051278602,2.772592822635447e-17,5.114531052385459,2.6794148263918354,
7242f88c6a,180,275,7150,71.5,101.12547051278602,2.7725928236096436e-17,5.114531052385459,2.3497275096469052,
7242f88c6a,180,276,7176,71.76,101.12547051278602,2.7725928245185208e-17,5.114531052385459,2.284484616782163,
7242f88c6a,180,277,7202,72.02,101.12547051278602,2.7725928249104124e-17,5.114531052385459,2.427699774936752,
7242f88c6a,180,278,7228,72.28,101.12547051278602,2.772592825507391e-17,5.114531052385459,2.4056847596912134,
7242f88c6a,180,279,7254,72.54,101.12547051278602,2.7725928260940288e-17,5.114531052385459,1.7929693974288956,
7242f88c6a,180,280,7280,72.8,101.12547051278602,2.7725928267483085e-17,5.114531052385459,2.613782909090876,
7242f88c6a,180,281,7306,73.06,101.12547051278602,2.7725928275461976e-17,5.114531052385459,2.1630337427654975,
7242f88c6a,180,282,7332,73.32,101.12547051278602,2.7725928277178186e-17,5.114531052385459,2.400429542297296,
7242f88c6a,180,283,7358,73.58,101.12547051278602,2.7725928279168303e-17,5.114531052385459,1.9544764980347975,
7242f88c6a,180,284,7384,73.84,101.12547051278602,2.7725928289280156e-17,5.114531052385459,2.4750917014912592,
7242f88c6a,180,285,7410,74.1,101.12547051278602,2.7725928301139577e-17,5.114531052385459,2.26918612225229,
7242f88c6a,180,286,7436,74.36,101.12547051278602,2.7725928305595467e-17,5.114531052385459,3.031201871284278,
7242f88c6a,180,287,7462,74.62,101.12547051278602,2.7725928310833956e-17,5.114531052385459,2.201285984626162,
7242f88c6a,180,288,7488,74.88,101.12547051278602,2.7725928313698428e-17,5.114531052385459,2.062676214553586,
7242f88c6a,180,289,7514,75.14,101.12547051278602,2.7725928314639283e-17,5.114531052385459,2.490766532470225,
7242f88c6a,180,290,7540,75.4,101.12547051278602,2.772592831887637e-17,5.114531052385459,2.2979668052280426,
7242f88c6a,180,291,7566,75.66,101.12547051278602,2.7725928319637034e-17,5.114531052385459,1.703258136545587,
7242f88c6a,180,292,7592,75.92,101.12547051278602,2.77259283252937e-17,5.114531052385459,2.33463957663298,
7242f88c6a,180,293,7618,76.18,101.12547051278602,2.7725928328783072e-17,5.114531052385459,2.5752137109720206,
7242f88c6a,180,294,7644,76.44,101.12547051278602,2.7725928331451693e-17,5.114531052385459,2.462069360481058,
7242f88c6a,180,295,7670,76.7,101.12547051278602,2.7725928335613575e-17,5.114531052385459,2.3568318709703893,
7242f88c6a,180,296,7696,76.96,101.12547051278602,2.7725928338276255e-17,5.114531052385459,2.3691415243350518,
7242f88c6a,180,297,7722,77.22,101.12547051278602,2.7725928341240135e-17,5.114531052385459,2.5917415421640304,
7242f88c6a,180,298,7748,77.48,101.12547051278602,2.772592834362311e-17,5.114531052385459,1.993058375410003,
7242f88c6a,180,299,7774,77.74,101.12547051278602,2.7725928348982724e-17,5.114531052385459,1.8227539622803506,
7242f88c6a,180,300,7800,78.0,101.12547051278602,2.7725928351714793e-17,5.114531052385459,1.7655373298566652,
7242f88c6a,180,301,7826,78.26,101.12547051278602,2.7725928353750486e-17,5.114531052385459,2.5131263754441537,
7242f88c6a,180,302,7852,78.52,101.12547051278602,2.772592835666079e-17,5.114531052385459,2.237359291286579,
7242f88c6a,180,303,7878,78.78,101.12547051278602,2.772592835861269e-17,5.114531052385459,2.3936970466198653,
7242f88c6a,180,304,7904,79.04,101.12547051278602,2.7725928359646676e-17,5.114531052385459,2.2257291339301233,
7242f88c6a,180,305,7930,79.3,101.12547051278602,2.7725928361322475e-17,5.114531052385459,2.2419910376148375,
7242f88c6a,180,306,7956,79.56,101.12547051278602,2.7725928364189858e-17,5.114531052385459,2.287169192529178,
7242f88c6a,180,307,7982,79.82,101.12547051278602,2.7725928366368245e-17,5.114531052385459,2.913819530672891,
7242f88c6a,180,308,8008,80.08,101.12547051278602,2.7725928367736503e-17,5.114531052385459,2.2175746788652217,
7242f88c6a,180,309,8034,80.34,101.12547051278602,2.7725928368724668e-17,5.114531052385459,2.4127330386590904,
7242f88c6a,180,310,8060,80.6,101.12547051278602,2.772592836988605e-17,5.114531052385459,2.608932895920536,
7242f88c6a,180,311,8086,80.86,101.12547051278602,2.7725928371040933e-17,5.114531052385459,2.2795604780187944,
7242f88c6a,180,312,8112,81.12,101.12547051278602,2.7725928371542156e-17,5.114531052385459,2.4345146852373127,
7242f88c6a,180,313,8138,81.38,101.12547051278602,2.772592837243289e-17,5.114531052385459,2.7490573766908595,
7242f88c6a,180,314,8164,81.64,101.12547051278602,2.7725928372950682e-17,5.114531052385459,2.319444801951437,
7242f88c6a,180,315,8190,81.9,101.12547051278602,2.7725928374046703e-17,5.114531052385459,2.3527900973104425,
7242f88c6a,180,316,8216,82.16,101.12547051278602,2.7725928375579302e-17,5.114531052385459,2.288201561003194,
7242f88c6a,180,317,8242,82.42,101.12547051278602,2.7725928376244204e-17,5.114531052385459,3.0611672870292357,
7242f88c6a,180,318,8268,82.68,101.12547051278602,2.7725928377675183e-17,5.114531052385459,1.8644079776971034,
7242f88c6a,180,319,8294,82.94,101.12547051278602,2.7725928378439653e-17,5.114531052385459,2.089033419445587,
7242f88c6a,180,320,8320,83.2,101.12547051278602,2.7725928378929172e-17,5.114531052385459,2.6758556650028393,
7242f88c6a,180,321,8346,83.46,101.12547051278602,2.7725928379581114e-17,5.114531052385459,2.6155471451491135,
7242f88c6a,180,322,8372,83.72,101.12547051278602,2.7725928380934445e-17,5.114531052385459,2.109306472761258,
7242f88c6a,180,323,8398,83.98,101.12547051278602,2.7725928381437448e-17,5.114531052385459,2.075150087898997,
7242f88c6a,180,324,8424,84.24,101.12547051278602,2.7725928381884113e-17,5.114531052385459,2.5534106039313063,
7242f88c6a,180,325,8450,84.5,101.12547051278602,2.7725928382556013e-17,5.114531052385459,2.8580064859838554,
7242f88c6a,180,326,8476,84.76,101.12547051278602,2.772592838309619e-17,5.114531052385459,2.0035541552879392,
7242f88c6a,180,327,8502,85.02,101.12547051278602,2.7725928383140506e-17,5.114531052385459,2.4769233740348398,
7242f88c6a,180,328,8528,85.28,101.12547051278602,2.77259283840014e-17,5.114531052385459,1.74775239318639,
7242f88c6a,180,329,8554,85.54,101.12547051278602,2.772592838416476e-17,5.114531052385459,2.3149964256067723,
7242f88c6a,180,330,8580,85.8,101.12547051278602,2.7725928384600287e-17,5.114531052385459,2.0933342415201035,
7242f88c6a,180,331,8606,86.06,101.12547051278602,2.7725928385250894e-17,5.114531052385459,2.0924602206921614,
7242f88c6a,180,332,8632,86.32,101.12547051278602,2.7725928385953966e-17,5.114531052385459,2.4687285698251293,
7242f88c6a,180,333,8658,86.58,101.12547051278602,2.772592838606199e-17,5.114531052385459,2.23195501421115,
7242f88c6a,180,334,8684,86.84,101.12547051278602,2.7725928386578513e-17,5.114531052385459,2.007613254254361,
7242f88c6a,180,335,8710,87.1,101.12547051278602,2.7725928386990884e-17,5.114531052385459,2.660578368878555,
7242f88c6a,180,336,8736,87.36,101.12547051278602,2.7725928387068716e-17,5.114531052385459,1.7006653624306796,
7242f88c6a,180,337,8762,87.62,101.12547051278602,2.7725928387273232e-17,5.114531052385459,2.1865903486671505,
7242f88c6a,180,338,8788,87.88,101.12547051278602,2.7725928387404586e-17,5.114531052385459,2.2040366513493894,
7242f88c6a,180,339,8814,88.14,101.12547051278602,2.7725928387485053e-17,5.114531052385459,2.0960744035959014,
7242f88c6a,180,340,8840,88.4,101.12547051278602,2.7725928388047274e-17,5.114531052385459,1.6734891089671902,
7242f88c6a,180,341,8866,88.66,101.12547051278602,2.772592838818918e-17,5.114531052385459,1.776718444401556,
7242f88c6a,180,342,8892,88.92,101.12547051278602,2.772592838845078e-17,5.114531052385459,2.0320436127562274,
7242f88c6a,180,343,8918,89.18,101.12547051278602,2.7725928388497753e-17,5.114531052385459,2.6186072534637987,
7242f88c6a,180,344,8944,89.44,101.12547051278602,2.7725928388639172e-17,5.114531052385459,3.4918328068712685,
7242f88c6a,180,345,8970,89.7,101.12547051278602,2.7725928389012128e-17,5.114531052385459,1.984630399324576,
7242f88c6a,180,346,8996,89.96,101.12547051278602,2.7725928389267863e-17,5.114531052385459,2.4328092220484194,
7242f88c6a,180,347,9022,90.22,101.12547051278602,2.7725928389418323e-17,5.114531052385459,1.8613945259475786,
7242f88c6a,180,348,9048,90.48,101.12547051278602,2.7725928389539863e-17,5.114531052385459,2.6473922497166584,
7242f88c6a,180,349,9074,90.74,101.12547051278602,2.7725928389582875e-17,5.114531052385459,1.8406577225333063,
7242f88c6a,180,350,9100,91.0,101.12547051278602,2.7725928389645922e-17,5.114531052385459,2.1712645282328324,
7242f88c6a,180,351,9126,91.26,101.12547051278602,2.7725928389739852e-17,5.114531052385459,2.3431013640884757,
7242f88c6a,180,352,9152,91.52,101.12547051278602,2.7725928389840903e-17,5.114531052385459,1.940701236726259,
7242f88c6a,180,353,9178,91.78,101.12547051278602,2.7725928390005337e-17,5.114531052385459,2.1427121856634366,
7242f88c6a,180,354,9204,92.04,101.12547051278602,2.7725928390047393e-17,5.114531052385459,2.298624743708409,
7242f88c6a,180,355,9230,92.3,101.12547051278602,2.7725928390068218e-17,5.114531052385459,1.8709051464659163,
7242f88c6a,180,356,9256,92.56,101.12547051278602,2.7725928390114105e-17,5.114531052385459,2.6037810902966925,
7242f88c6a,180,357,9282,92.82,101.12547051278602,2.7725928390179565e-17,5.114531052385459,2.0221180902024796,
7242f88c6a,180,358,9308,93.08,101.12547051278602,2.772592839019472e-17,5.114531052385459,1.8757227150154847,
7242f88c6a,180,359,9334,93.34,101.12547051278602,2.7725928390256543e-17,5.114531052385459,2.4729110523075115,
7242f88c6a,180,360,9360,93.6,101.12547051278602,2.772592839037675e-17,5.114531052385459,2.5062527932564977,
7242f88c6a,180,361,9386,93.86,101.12547051278602,2.7725928390424062e-17,5.114531052385459,2.1115314475502958,
7242f88c6a,180,362,9412,94.12,101.12547051278602,2.7725928390439282e-17,5.114531052385459,1.8127672037347995,
7242f88c6a,180,363,9438,94.38,101.12547051278602,2.772592839049752e-17,5.114531052385459,2.247080285619174,
7242f88c6a,180,364,9464,94.64,101.12547051278602,2.7725928390554918e-17,5.114531052385459,2.3857953291203087,
7242f88c6a,180,365,9490,94.9,101.12547051278602,2.7725928390601658e-17,5.114531052385459,2.7079990475567506,
7242f88c6a,180,366,9516,95.16,101.12547051278602,2.772592839064724e-17,5.114531052385459,2.37609648145809,
7242f88c6a,180,367,9542,95.42,101.12547051278602,2.7725928390676288e-17,5.114531052385459,2.1312503293844123,
7242f88c6a,180,368,9568,95.68,101.12547051278602,2.7725928390725768e-17,5.114531052385459,2.028593416628797,
7242f88c6a,180,369,9594,95.94,101.12547051278602,2.772592839074739e-17,5.114531052385459,1.605007019675544,
7242f88c6a,180,370,9620,96.2,101.12547051278602,2.772592839076225e-17,5.114531052385459,2.2701336275035087,
7242f88c6a,180,371,9646,96.46,101.12547051278602,2.772592839079174e-17,5.114531052385459,1.899013078290342,
7242f88c6a,180,372,9672,96.72,101.12547051278602,2.7725928390805618e-17,5.114531052385459,2.4414937319031713,
7242f88c6a,180,373,9698,96.98,101.12547051278602,2.7725928390823543e-17,5.114531052385459,2.5602110192926815,
7242f88c6a,180,374,9724,97.24,101.12547051278602,2.772592839084822e-17,5.114531052385459,2.5603203878472107,
7242f88c6a,180,375,9750,97.5,101.12547051278602,2.772592839085427e-17,5.114531052385459,1.4660871266969429,
7242f88c6a,180,376,9776,97.76,101.12547051278602,2.7725928390870715e-17,5.114531052385459,1.9078281954039684,
7242f88c6a,180,377,9802,98.02,101.12547051278602,2.7725928390883253e-17,5.114531052385459,2.2212792090694733,
7242f88c6a,180,378,9828,98.28,101.12547051278602,2.772592839090146e-17,5.114531052385459,2.6100336272741274,
7242f88c6a,180,379,9854,98.54,101.12547051278602,2.7725928390930135e-17,5.114531052385459,2.087170328778169,
7242f88c6a,180,380,9880,98.8,101.12547051278602,2.7725928390945207e-17,5.114531052385459,2.300184383487106,
7242f88c6a,180,381,9906,99.06,101.12547051278602,2.7725928390961806e-17,5.114531052385459,2.2588240234354022,
7242f88c6a,180,382,9932,99.32,101.12547051278602,2.7725928390981947e-17,5.114531052385459,1.8475919518241728,
7242f88c6a,180,383,9958,99.58,101.12547051278602,2.7725928391004615e-17,5.114531052385459,2.2654384671392975,
7242f88c6a,180,384,9984,99.84,101.12547051278602,2.772592839102937e-17,5.114531052385459,2.271629695324949,
7242f88c6a,180,385,10010,100.1,101.12547051278602,2.772592839103422e-17,5.114531052385459,2.219036732472438,
7242f88c6a,180,386,10036,100.36,101.12547051278602,2.772592839103987e-17,5.114531052385459,1.5532779051074648,
7242f88c6a,180,387,10062,100.62,101.12547051278602,2.7725928391058048e-17,5.114531052385459,2.7748475263164267,
7242f88c6a,180,388,10088,100.88,101.12547051278602,2.7725928391078804e-17,5.114531052385459,1.8210974546529843,
7242f88c6a,180,389,10114,101.14,101.12547051278602,2.772592839108216e-17,5.114531052385459,1.9550449463143196,
7242f88c6a,180,390,10140,101.4,101.12547051278602,2.7725928391089426e-17,5.114531052385459,2.696405923831375,
7242f88c6a,180,391,10166,101.66,101.12547051278602,2.7725928391097663e-17,5.114531052385459,2.085143550364144,
7242f88c6a,180,392,10192,101.92,101.12547051278602,2.7725928391102686e-17,5.114531052385459,1.9113415695209017,
7242f88c6a,180,393,10218,102.18,101.12547051278602,2.7725928391108005e-17,5.114531052385459,2.211249338190333,
7242f88c6a,180,394,10244,102.44,101.12547051278602,2.7725928391117178e-17,5.114531052385459,1.9125715477689236,
7242f88c6a,180,395,10270,102.7,101.12547051278602,2.772592839112069e-17,5.114531052385459,2.716025008158085,
7242f88c6a,180,396,10296,102.96,101.12547051278602,2.7725928391128463e-17,5.114531052385459,2.486888274640116,
7242f88c6a,180,397,10322,103.22,101.12547051278602,2.7725928391131664e-17,5.114531052385459,1.8959724771647772,
7242f88c6a,180,398,10348,103.48,101.12547051278602,2.7725928391138024e-17,5.114531052385459,2.2660117529402832,
7242f88c6a,180,399,10374,103.74,101.12547051278602,2.7725928391141198e-17,5.114531052385459,2.154999290413221,
7242f88c6a,180,400,10400,104.0,101.12547051278602,2.77259283911443e-17,5.114531052385459,2.333902650235006,
7242f88c6a,180,401,10426,104.26,101.12547051278602,2.7725928391145814e-17,5.114531052385459,2.1517696022210084,
7242f88c6a,180,402,10452,104.52,101.12547051278602,2.7725928391147167e-17,5.114531052385459,2.912137372572704,
7242f88c6a,180,403,10478,104.78,101.12547051278602,2.7725928391148717e-17,5.114531052385459,2.2084886944849065,
7242f88c6a,180,404,10504,105.04,101.12547051278602,2.7725928391151783e-17,5.114531052385459,2.773160909865254,
7242f88c6a,180,405,10530,105.3,101.12547051278602,2.772592839115361e-17,5.114531052385459,2.0346872262707487,
7242f88c6a,180,406,10556,105.56,101.12547051278602,2.7725928391154372e-17,5.114531052385459,2.471650420499925,
7242f88c6a,180,407,10582,105.82,101.12547051278602,2.772592839115756e-17,5.114531052385459,1.5359126297326633,
7242f88c6a,180,408,10608,106.08,101.12547051278602,2.772592839115896e-17,5.114531052385459,2.564723812468839,
7242f88c6a,180,409,10634,106.34,101.12547051278602,2.772592839116062e-17,5.114531052385459,1.5414579655334106,
7242f88c6a,180,410,10660,106.6,101.12547051278602,2.7725928391164763e-17,5.114531052385459,2.061952232264663,
7242f88c6a,180,411,10686,106.86,101.12547051278602,2.7725928391166698e-17,5.114531052385459,2.3864109891167864,
7242f88c6a,180,412,10712,107.12,101.12547051278602,2.7725928391166938e-17,5.114531052385459,2.31866768430765,
7242f88c6a,180,413,10738,107.38,101.12547051278602,2.772592839116798e-17,5.114531052385459,2.1077355115212537,
7242f88c6a,180,414,10764,107.64,101.12547051278602,2.7725928391171825e-17,5.114531052385459,2.4721573802466037,
7242f88c6a,180,415,10790,107.9,101.12547051278602,2.772592839117345e-17,5.114531052385459,1.8448399720630098,
7242f88c6a,180,416,10816,108.16,101.12547051278602,2.772592839117521e-17,5.114531052385459,2.3462233142135984,
7242f88c6a,180,417,10842,108.42,101.12547051278602,2.7725928391178352e-17,5.114531052385459,2.2695546046444623,
7242f88c6a,180,418,10868,108.68,101.12547051278602,2.7725928391179082e-17,5.114531052385459,2.331523591681591,
7242f88c6a,180,419,10894,108.94,101.12547051278602,2.7725928391181005e-17,5.114531052385459,2.1839395430796475,
7242f88c6a,180,420,10920,109.2,101.12547051278602,2.772592839118154e-17,5.114531052385459,2.1896146293535725,
7242f88c6a,180,421,10946,109.46,101.12547051278602,2.7725928391184697e-17,5.114531052385459,1.7006472012554366,
7242f88c6a,180,422,10972,109.72,101.12547051278602,2.7725928391185646e-17,5.114531052385459,1.929076779056698,
7242f88c6a,180,423,10998,109.98,101.12547051278602,2.7725928391187572e-17,5.114531052385459,1.9760857174299373,
7242f88c6a,180,424,11024,110.24,101.12547051278602,2.7725928391188798e-17,5.114531052385459,2.7193570830749176,
7242f88c6a,180,425,11050,110.5,101.12547051278602,2.7725928391189458e-17,5.114531052385459,1.8889456576901116,
7242f88c6a,180,426,11076,110.76,101.12547051278602,2.7725928391190262e-17,5.114531052385459,1.6624912064544255,
7242f88c6a,180,427,11102,111.02,101.12547051278602,2.7725928391191337e-17,5.114531052385459,2.2890133866025977,
7242f88c6a,180,428,11128,111.28,101.12547051278602,2.772592839119224e-17,5.114531052385459,2.0627185048216186,
7242f88c6a,180,429,11154,111.54,101.12547051278602,2.7725928391193306e-17,5.114531052385459,2.035984701991603,
7242f88c6a,180,430,11180,111.8,101.12547051278602,2.772592839119442e-17,5.114531052385459,2.5814415212385917,
7242f88c6a,180,431,11206,112.06,101.12547051278602,2.7725928391194548e-17,5.114531052385459,2.3387317213022376,
7242f88c6a,180,432,11232,112.32,101.12547051278602,2.772592839119534e-17,5.114531052385459,2.305407480404795,
7242f88c6a,180,433,11258,112.58,101.12547051278602,2.7725928391196218e-17,5.114531052385459,2.140546055186912,
7242f88c6a,180,434,11284,112.84,101.12547051278602,2.7725928391196804e-17,5.114531052385459,1.966258287520776,
7242f88c6a,180,435,11310,113.1,101.12547051278602,2.7725928391197297e-17,5.114531052385459,2.1143618940501567,
7242f88c6a,180,436,11336,113.36,101.12547051278602,2.7725928391197645e-17,5.114531052385459,1.6809712329096176,
7242f88c6a,180,437,11362,113.62,101.12547051278602,2.7725928391197873e-17,5.114531052385459,2.4006670492045283,
7242f88c6a,180,438,11388,113.88,101.12547051278602,2.772592839119832e-17,5.114531052385459,2.3318136650923766,
7242f88c6a,180,439,11414,114.14,101.12547051278602,2.7725928391198628e-17,5.114531052385459,2.1314666683614214,
7242f88c6a,180,440,11440,114.4,101.12547051278602,2.7725928391198724e-17,5.114531052385459,2.5039817323527855,
7242f88c6a,180,441,11466,114.66,101.12547051278602,2.772592839119906e-17,5.114531052385459,2.285489429847208,
7242f88c6a,180,442,11492,114.92,101.12547051278602,2.7725928391199442e-17,5.114531052385459,2.3668737967270492,
7242f88c6a,180,443,11518,115.18,101.12547051278602,2.7725928391199593e-17,5.114531052385459,2.5922683815807956,
7242f88c6a,180,444,11544,115.44,101.12547051278602,2.7725928391200237e-17,5.114531052385459,2.136147113612546,
7242f88c6a,180,445,11570,115.7,101.12547051278602,2.772592839120035e-17,5.114531052385459,2.1816176749964513,
7242f88c6a,180,446,11596,115.96,101.12547051278602,2.772592839120062e-17,5.114531052385459,2.296571257045892,
7242f88c6a,180,447,11622,116.22,101.12547051278602,2.7725928391200653e-17,5.114531052385459,2.5829178525878094,
7242f88c6a,180,448,11648,116.48,101.12547051278602,2.772592839120072e-17,5.114531052385459,2.056462034598887,
7242f88c6a,180,449,11674,116.74,101.12547051278602,2.772592839120093e-17,5.114531052385459,2.6158563713995804,
7242f88c6a,180,450,11700,117.0,101.12547051278602,2.77259283912013e-17,5.114531052385459,2.62181118861235,
7242f88c6a,180,451,11726,117.26,101.12547051278602,2.7725928391201562e-17,5.114531052385459,2.554776793741514,
7242f88c6a,180,452,11752,117.52,101.12547051278602,2.7725928391201654e-17,5.114531052385459,2.901982330082042,
7242f88c6a,180,453,11778,117.78,101.12547051278602,2.772592839120187e-17,5.114531052385459,1.9688256818983703,
7242f88c6a,180,454,11804,118.04,101.12547051278602,2.772592839120199e-17,5.114531052385459,2.8622408729379254,
7242f88c6a,180,455,11830,118.3,101.12547051278602,2.772592839120204e-17,5.114531052385459,1.9271494133653844,
7242f88c6a,180,456,11856,118.56,101.12547051278602,2.7725928391202314e-17,5.114531052385459,2.4138638522535003,
7242f88c6a,180,457,11882,118.82,101.12547051278602,2.7725928391202514e-17,5.114531052385459,2.0408764493992595,
7242f88c6a,180,458,11908,119.08,101.12547051278602,2.772592839120258e-17,5.114531052385459,2.128424075574509,
7242f88c6a,180,459,11934,119.34,101.12547051278602,2.772592839120259e-17,5.114531052385459,2.90808265353203,
7242f88c6a,180,460,11960,119.6,101.12547051278602,2.7725928391202714e-17,5.114531052385459,2.4530599322988293,
7242f88c6a,180,461,11986,119.86,101.12547051278602,2.7725928391202782e-17,5.114531052385459,2.6150934935208237,
7242f88c6a,180,462,12012,120.12,101.12547051278602,2.7725928391202828e-17,5.114531052385459,2.15853048475172,
7242f88c6a,180,463,12038,120.38,101.12547051278602,2.7725928391202902e-17,5.114531052385459,2.0001070910132976,
7242f88c6a,180,464,12064,120.64,101.12547051278602,2.7725928391202914e-17,5.114531052385459,2.3829714919278024,
7242f88c6a,180,465,12090,120.9,101.12547051278602,2.7725928391202954e-17,5.114531052385459,3.005887822411141,
7242f88c6a,180,466,12116,121.16,101.12547051278602,2.7725928391203053e-17,5.114531052385459,2.337915984311596,
7242f88c6a,180,467,12142,121.42,101.12547051278602,2.7725928391203216e-17,5.114531052385459,2.7170153240049153,
7242f88c6a,180,468,12168,121.68,101.12547051278602,2.7725928391203253e-17,5.114531052385459,2.2451129540170003,
7242f88c6a,180,469,12194,121.94,101.12547051278602,2.7725928391203287e-17,5.114531052385459,1.9040043453269695,
7242f88c6a,180,470,12220,122.2,101.12547051278602,2.7725928391203334e-17,5.114531052385459,1.8600995681904313,
7242f88c6a,180,471,12246,122.46,101.12547051278602,2.7725928391203358e-17,5.114531052385459,2.427426424516342,
7242f88c6a,180,472,12272,122.72,101.12547051278602,2.772592839120351e-17,5.114531052385459,2.396621501809165,
7242f88c6a,180,473,12298,122.98,101.12547051278602,2.77259283912036e-17,5.114531052385459,2.138668499974546,
7242f88c6a,180,474,12324,123.24,101.12547051278602,2.7725928391203672e-17,5.114531052385459,1.984402201907317,
7242f88c6a,180,475,12350,123.5,101.12547051278602,2.7725928391203713e-17,5.114531052385459,1.912956003511847,
7242f88c6a,180,476,12376,123.76,101.12547051278602,2.7725928391203774e-17,5.114531052385459,2.1704721148752597,
7242f88c6a,180,477,12402,124.02,101.12547051278602,2.772592839120378e-17,5.114531052385459,1.7286170130842096,
7242f88c6a,180,478,12428,124.28,101.12547051278602,2.7725928391203786e-17,5.114531052385459,2.218760929666045,
7242f88c6a,180,479,12454,124.54,101.12547051278602,2.772592839120382e-17,5.114531052385459,1.87997191113639,
7242f88c6a,180,480,12480,124.8,101.12547051278602,2.7725928391203823e-17,5.114531052385459,2.237645076907896,
7242f88c6a,180,481,12506,125.06,101.12547051278602,2.772592839120386e-17,5.114531052385459,2.6368127843828613,
7242f88c6a,180,482,12532,125.32,101.12547051278602,2.7725928391203907e-17,5.114531052385459,2.423327202286253,
7242f88c6a,180,483,12558,125.58,101.12547051278602,2.7725928391203974e-17,5.114531052385459,1.9018267433340568,
7242f88c6a,180,484,12584,125.84,101.12547051278602,2.7725928391203996e-17,5.114531052385459,2.207839502167809,
7242f88c6a,180,485,12610,126.1,101.12547051278602,2.772592839120399e-17,5.114531052385459,1.896742725258947,
7242f88c6a,180,486,12636,126.36,101.12547051278602,2.7725928391204033e-17,5.114531052385459,2.4088399785860006,
7242f88c6a,180,487,12662,126.62,101.12547051278602,2.7725928391204085e-17,5.114531052385459,2.4862149643474525,
7242f88c6a,180,488,12688,126.88,101.12547051278602,2.7725928391204104e-17,5.114531052385459,1.6235938206811047,
7242f88c6a,180,489,12714,127.14,101.12547051278602,2.7725928391204113e-17,5.114531052385459,2.1730118883928204,
7242f88c6a,180,490,12740,127.4,101.12547051278602,2.7725928391204125e-17,5.114531052385459,2.245890983355558,
7242f88c6a,180,491,12766,127.66,101.12547051278602,2.7725928391204138e-17,5.114531052385459,2.3935725227136353,
7242f88c6a,180,492,12792,127.92,101.12547051278602,2.772592839120417e-17,5.114531052385459,2.3767311358021592,
7242f88c6a,180,493,12818,128.18,101.12547051278602,2.7725928391204202e-17,5.114531052385459,2.556610815424034,
7242f88c6a,180,494,12844,128.44,101.12547051278602,2.7725928391204218e-17,5.114531052385459,2.4708677416522273,
7242f88c6a,180,495,12870,128.7,101.12547051278602,2.7725928391204218e-17,5.114531052385459,2.7493850791909944,
7242f88c6a,180,496,12896,128.96,101.12547051278602,2.7725928391204224e-17,5.114531052385459,2.3531317853604397,
7242f88c6a,180,497,12922,129.22,101.12547051278602,2.7725928391204246e-17,5.114531052385459,2.4924549464504153,
7242f88c6a,180,498,12948,129.48,101.12547051278602,2.7725928391204258e-17,5.114531052385459,2.3811358408601673,
7242f88c6a,180,499,12974,129.74,101.12547051278602,2.772592839120429e-17,5.114531052385459,2.450169859981201,
7242f88c6a,180,500,13000,130.0,101.12547051278602,2.7725928391204292e-17,5.114531052385459,2.1397166046881657,
7242f88c6a,180,501,13026,130.26,101.12547051278602,2.7725928391204313e-17,5.114531052385459,1.7629859956292275,
7242f88c6a,180,502,13052,130.52,101.12547051278602,2.7725928391204332e-17,5.114531052385459,2.4033218644162337,
7242f88c6a,180,503,13078,130.78,101.12547051278602,2.772592839120432e-17,5.114531052385459,3.4714800714821212,
7242f88c6a,180,504,13104,131.04,101.12547051278602,2.7725928391204323e-17,5.114531052385459,1.9413833383782073,
7242f88c6a,180,505,13130,131.3,101.12547051278602,2.7725928391204332e-17,5.114531052385459,2.4412201409864545,
7242f88c6a,180,506,13156,131.56,101.12547051278602,2.7725928391204347e-17,5.114531052385459,2.154677135068594,
7242f88c6a,180,507,13182,131.82,101.12547051278602,2.7725928391204357e-17,5.114531052385459,2.3482770622518427,
7242f88c6a,180,508,13208,132.08,101.12547051278602,2.7725928391204357e-17,5.114531052385459,2.5522348860464095,
7242f88c6a,180,509,13234,132.34,101.12547051278602,2.7725928391204344e-17,5.114531052385459,2.526621168421498,
7242f88c6a,180,510,13260,132.6,101.12547051278602,2.772592839120436e-17,5.114531052385459,2.043105236447733,
7242f88c6a,180,511,13286,132.86,101.12547051278602,2.772592839120436e-17,5.114531052385459,2.2213014578824692,
7242f88c6a,180,512,13312,133.12,101.12547051278602,2.7725928391204366e-17,5.114531052385459,2.3745034400063356,
7242f88c6a,180,513,13338,133.38,101.12547051278602,2.7725928391204394e-17,5.114531052385459,2.3817395763674982,
7242f88c6a,180,514,13364,133.64,101.12547051278602,2.7725928391204375e-17,5.114531052385459,2.4381077280915022,
7242f88c6a,180,515,13390,133.9,101.12547051278602,2.7725928391204384e-17,5.114531052385459,2.2435364714344277,
7242f88c6a,180,516,13416,134.16,101.12547051278602,2.772592839120439e-17,5.114531052385459,2.211411866855087,
7242f88c6a,180,517,13442,134.42,101.12547051278602,2.7725928391204384e-17,5.114531052385459,2.4396927486537616,
7242f88c6a,180,518,13468,134.68,101.12547051278602,2.7725928391204394e-17,5.114531052385459,2.2627425408215682,
7242f88c6a,180,519,13494,134.94,101.12547051278602,2.7725928391204412e-17,5.114531052385459,1.9087788127088958,
7242f88c6a,180,520,13520,135.2,101.12547051278602,2.7725928391204406e-17,5.114531052385459,2.5000449860899696,
7242f88c6a,180,521,13546,135.46,101.12547051278602,2.7725928391204412e-17,5.114531052385459,2.48560305734461,
7242f88c6a,180,522,13572,135.72,101.12547051278602,2.772592839120441e-17,5.114531052385459,2.665952199491822,
7242f88c6a,180,523,13598,135.98,101.12547051278602,2.7725928391204403e-17,5.114531052385459,2.56856120260192,
7242f88c6a,180,524,13624,136.24,101.12547051278602,2.7725928391204397e-17,5.114531052385459,2.140402008246803,
7242f88c6a,180,525,13650,136.5,101.12547051278602,2.7725928391204418e-17,5.114531052385459,2.321183042056725,
7242f88c6a,180,526,13676,136.76,101.12547051278602,2.7725928391204418e-17,5.114531052385459,2.1940247757376086,
7242f88c6a,180,527,13702,137.02,101.12547051278602,2.772592839120442e-17,5.114531052385459,2.0303996467842933,
7242f88c6a,180,528,13728,137.28,101.12547051278602,2.772592839120441e-17,5.114531052385459,2.3818731017232553,
7242f88c6a,180,529,13754,137.54,101.12547051278602,2.77259283912044e-17,5.114531052385459,2.2116762396434115,
7242f88c6a,180,530,13780,137.8,101.12547051278602,2.7725928391204427e-17,5.114531052385459,2.223143821855022,
7242f88c6a,180,531,13806,138.06,101.12547051278602,2.7725928391204418e-17,5.114531052385459,1.9292577876562889,
7242f88c6a,180,532,13832,138.32,101.12547051278602,2.7725928391204406e-17,5.114531052385459,2.542983872917313,
7242f88c6a,180,533,13858,138.58,101.12547051278602,2.772592839120442e-17,5.114531052385459,1.8414991048355702,
7242f88c6a,180,534,13884,138.84,101.12547051278602,2.7725928391204443e-17,5.114531052385459,2.5751587772074247,
7242f88c6a,180,535,13910,139.1,101.12547051278602,2.7725928391204427e-17,5.114531052385459,1.6081226012262513,
7242f88c6a,180,536,13936,139.36,101.12547051278602,2.7725928391204415e-17,5.114531052385459,2.7985499664435247,
7242f88c6a,180,537,13962,139.62,101.12547051278602,2.7725928391204437e-17,5.114531052385459,1.9371443500802747,
7242f88c6a,180,538,13988,139.88,101.12547051278602,2.772592839120444e-17,5.114531052385459,2.601081385256873,
7242f88c6a,180,539,14014,140.14,101.12547051278602,2.772592839120442e-17,5.114531052385459,2.0674011681888396,
7242f88c6a,180,540,14040,140.4,101.12547051278602,2.772592839120443e-17,5.114531052385459,2.0159378409563,
7242f88c6a,180,541,14066,140.66,101.12547051278602,2.772592839120444e-17,5.114531052385459,1.8620749973925648,
7242f88c6a,180,542,14092,140.92,101.12547051278602,2.7725928391204424e-17,5.114531052385459,2.6035068865431823,
7242f88c6a,180,543,14118,141.18,101.12547051278602,2.7725928391204424e-17,5.114531052385459,1.929550285365399,
7242f88c6a,180,544,14144,141.44,101.12547051278602,2.772592839120443e-17,5.114531052385459,2.4483622569972083,
7242f88c6a,180,545,14170,141.7,101.12547051278602,2.7725928391204434e-17,5.114531052385459,2.672098098409761,
7242f88c6a,180,546,14196,141.96,101.12547051278602,2.7725928391204446e-17,5.114531052385459,2.2131236545853303,
7242f88c6a,180,547,14222,142.22,101.12547051278602,2.772592839120443e-17,5.114531052385459,2.3911475347629825,
7242f88c6a,180,548,14248,142.48,101.12547051278602,2.7725928391204458e-17,5.114531052385459,1.9728100716445267,
7242f88c6a,180,549,14274,142.74,101.12547051278602,2.772592839120444e-17,5.114531052385459,2.517738666478077,
7242f88c6a,180,550,14300,143.0,101.12547051278602,2.7725928391204443e-17,5.114531052385459,2.521183713308067,
7242f88c6a,180,551,14326,143.26,101.12547051278602,2.772592839120443e-17,5.114531052385459,1.8342954340671291,
7242f88c6a,180,552,14352,143.52,101.12547051278602,2.772592839120445e-17,5.114531052385459,2.691779535812259,
7242f88c6a,180,553,14378,143.78,101.12547051278602,2.772592839120445e-17,5.114531052385459,2.5689378161925234,
7242f88c6a,180,554,14404,144.04,101.12547051278602,2.772592839120443e-17,5.114531052385459,1.603945274091968,
7242f88c6a,180,555,14430,144.3,101.12547051278602,2.7725928391204437e-17,5.114531052385459,2.644580505023422,
7242f88c6a,180,556,14456,144.56,101.12547051278602,2.772592839120445e-17,5.114531052385459,2.7929419335210603,
7242f88c6a,180,557,14482,144.82,101.12547051278602,2.772592839120444e-17,5.114531052385459,2.7021067414242377,
7242f88c6a,180,558,14508,145.08,101.12547051278602,2.772592839120445e-17,5.114531052385459,1.8076730948416544,
7242f88c6a,180,559,14534,145.34,101.12547051278602,2.772592839120445e-17,5.114531052385459,2.276686982064358,
7242f88c6a,180,560,14560,145.6,101.12547051278602,2.7725928391204427e-17,5.114531052385459,2.2698378925970424,
7242f88c6a,180,561,14586,145.86,101.12547051278602,2.7725928391204427e-17,5.114531052385459,1.9786206455767035,
7242f88c6a,180,562,14612,146.12,101.12547051278602,2.7725928391204434e-17,5.114531052385459,1.5382245019004337,
7242f88c6a,180,563,14638,146.38,101.12547051278602,2.7725928391204446e-17,5.114531052385459,2.2184191023788222,
7242f88c6a,180,564,14664,146.64,101.12547051278602,2.7725928391204437e-17,5.114531052385459,2.3094149729714926,
7242f88c6a,180,565,14690,146.9,101.12547051278602,2.772592839120446e-17,5.114531052385459,2.2642523303510975,
7242f88c6a,180,566,14716,147.16,101.12547051278602,2.7725928391204446e-17,5.114531052385459,3.085630225544031,
7242f88c6a,180,567,14742,147.42,101.12547051278602,2.7725928391204443e-17,5.114531052385459,2.064179992249877,
7242f88c6a,180,568,14768,147.68,101.12547051278602,2.772592839120445e-17,5.114531052385459,2.1214565241585057,
7242f88c6a,180,569,14794,147.94,101.12547051278602,2.7725928391204418e-17,5.114531052385459,2.4988645966273193,
7242f88c6a,180,570,14820,148.2,101.12547051278602,2.7725928391204434e-17,5.114531052385459,2.6720621429843923,
7242f88c6a,180,571,14846,148.46,101.12547051278602,2.7725928391204437e-17,5.114531052385459,1.7860098688400117,
7242f88c6a,180,572,14872,148.72,101.12547051278602,2.7725928391204446e-17,5.114531052385459,2.3751824344130408,
7242f88c6a,180,573,14898,148.98,101.12547051278602,2.7725928391204434e-17,5.114531052385459,2.167776674925815,
7242f88c6a,180,574,14924,149.24,101.12547051278602,2.7725928391204424e-17,5.114531052385459,2.203701574778034,
7242f88c6a,180,575,14950,149.5,101.12547051278602,2.772592839120445e-17,5.114531052385459,1.5574848636647856,
7242f88c6a,180,576,14976,149.76,101.12547051278602,2.772592839120443e-17,5.114531052385459,2.4665315450356444,
7242f88c6a,180,577,15002,150.02,101.12547051278602,2.7725928391204452e-17,5.114531052385459,1.9291558578523744,
7242f88c6a,180,578,15028,150.28,101.12547051278602,2.7725928391204455e-17,5.114531052385459,2.0929372911996262,
7242f88c6a,180,579,15054,150.54,101.12547051278602,2.7725928391204446e-17,5.114531052385459,2.8644587613828496,
7242f88c6a,180,580,15080,150.8,101.12547051278602,2.7725928391204446e-17,5.114531052385459,2.519149465522033,
7242f88c6a,180,581,15106,151.06,101.12547051278602,2.7725928391204437e-17,5.114531052385459,1.991234266145824,
7242f88c6a,180,582,15132,151.32,101.12547051278602,2.7725928391204443e-17,5.114531052385459,2.0681556495034483,
7242f88c6a,180,583,15158,151.58,101.12547051278602,2.7725928391204437e-17,5.114531052385459,1.8647896047983652,
7242f88c6a,180,584,15184,151.84,101.12547051278602,2.7725928391204427e-17,5.114531052385459,2.5280444019140575,
7242f88c6a,180,585,15210,152.1,101.12547051278602,2.7725928391204446e-17,5.114531052385459,1.7343829373412636,
7242f88c6a,180,586,15236,152.36,101.12547051278602,2.7725928391204443e-17,5.114531052385459,1.9273453143063912,
7242f88c6a,180,587,15262,152.62,101.12547051278602,2.772592839120444e-17,5.114531052385459,2.1052535908157464,
7242f88c6a,180,588,15288,152.88,101.12547051278602,2.772592839120443e-17,5.114531052385459,2.6387736327686246,
7242f88c6a,180,589,15314,153.14,101.12547051278602,2.7725928391204437e-17,5.114531052385459,1.8722198403030357,
7242f88c6a,180,590,15340,153.4,101.12547051278602,2.7725928391204458e-17,5.114531052385459,1.9022496191240268,
7242f88c6a,180,591,15366,153.66,101.12547051278602,2.7725928391204446e-17,5.114531052385459,2.3895143355426676,
7242f88c6a,180,592,15392,153.92,101.12547051278602,2.7725928391204455e-17,5.114531052385459,2.864743437745341,
7242f88c6a,180,593,15418,154.18,101.12547051278602,2.7725928391204452e-17,5.114531052385459,2.674663886742531,
7242f88c6a,180,594,15444,154.44,101.12547051278602,2.7725928391204446e-17,5.114531052385459,2.3305829101912665,
7242f88c6a,180,595,15470,154.7,101.12547051278602,2.7725928391204437e-17,5.114531052385459,2.5843092644892645,
7242f88c6a,180,596,15496,154.96,101.12547051278602,2.772592839120444e-17,5.114531052385459,2.8413026275947755,
7242f88c6a,180,597,15522,155.22,101.12547051278602,2.7725928391204437e-17,5.114531052385459,2.1008330618793045,
7242f88c6a,180,598,15548,155.48,101.12547051278602,2.772592839120445e-17,5.114531052385459,1.6409552982998927,
7242f88c6a,180,599,15574,155.74,101.12547051278602,2.7725928391204446e-17,5.114531052385459,2.651095880524084,
7242f88c6a,180,600,15600,156.0,101.12547051278602,2.7725928391204443e-17,5.114531052385459,2.122213293670033,
7242f88c6a,180,601,15626,156.26,101.12547051278602,2.772592839120443e-17,5.114531052385459,2.2271025667252147,
7242f88c6a,180,602,15652,156.52,101.12547051278602,2.772592839120446e-17,5.114531052385459,2.82905156341458,
7242f88c6a,180,603,15678,156.78,101.12547051278602,2.7725928391204452e-17,5.114531052385459,1.9032751891950588,
7242f88c6a,180,604,15704,157.04,101.12547051278602,2.772592839120444e-17,5.114531052385459,1.941766069890628,
7242f88c6a,180,605,15730,157.3,101.12547051278602,2.7725928391204434e-17,5.114531052385459,2.1697131663129867,
7242f88c6a,180,606,15756,157.56,101.12547051278602,2.7725928391204437e-17,5.114531052385459,2.6581754055026634,
7242f88c6a,180,607,15782,157.82,101.12547051278602,2.7725928391204434e-17,5.114531052385459,1.8186116068956297,
7242f88c6a,180,608,15808,158.08,101.12547051278602,2.7725928391204443e-17,5.114531052385459,3.207300966306392,
7242f88c6a,180,609,15834,158.34,101.12547051278602,2.7725928391204443e-17,5.114531052385459,2.249406796416081,
7242f88c6a,180,610,15860,158.6,101.12547051278602,2.772592839120446e-17,5.114531052385459,1.7670228008775883,
7242f88c6a,180,611,15886,158.86,101.12547051278602,2.7725928391204437e-17,5.114531052385459,2.2396269272909537,
7242f88c6a,180,612,15912,159.12,101.12547051278602,2.7725928391204434e-17,5.114531052385459,1.9289216663088344,
7242f88c6a,180,613,15938,159.38,101.12547051278602,2.7725928391204427e-17,5.114531052385459,2.206740886211069,
7242f88c6a,180,614,15964,159.64,101.12547051278602,2.7725928391204437e-17,5.114531052385459,1.8634191819288761,
7242f88c6a,180,615,15990,159.9,101.12547051278602,2.7725928391204446e-17,5.114531052385459,1.7637357777278098,
7242f88c6a,180,616,16016,160.16,101.12547051278602,2.7725928391204446e-17,5.114531052385459,2.2925476623831975,
7242f88c6a,180,617,16042,160.42,101.12547051278602,2.7725928391204427e-17,5.114531052385459,2.417922858590734,
7242f88c6a,180,618,16068,160.68,101.12547051278602,2.772592839120445e-17,5.114531052385459,2.420244683714074,
7242f88c6a,180,619,16094,160.94,101.12547051278602,2.7725928391204443e-17,5.114531052385459,2.3591600706161016,
7242f88c6a,180,620,16120,161.2,101.12547051278602,2.7725928391204443e-17,5.114531052385459,2.084723167112854,
7242f88c6a,180,621,16146,161.46,101.12547051278602,2.7725928391204458e-17,5.114531052385459,1.9793085638945225,
7242f88c6a,180,622,16172,161.72,101.12547051278602,2.772592839120445e-17,5.114531052385459,2.898619222904243,
7242f88c6a,180,623,16198,161.98,101.12547051278602,2.7725928391204427e-17,5.114531052385459,2.418254883891969,
7242f88c6a,180,624,16224,162.24,101.12547051278602,2.7725928391204437e-17,5.114531052385459,2.4651581356789127,
7242f88c6a,180,625,16250,162.5,101.12547051278602,2.7725928391204458e-17,5.114531052385459,2.9723504613562444,
7242f88c6a,180,626,16276,162.76,101.12547051278602,2.772592839120444e-17,5.114531052385459,2.716188880799655,
7242f88c6a,180,627,16302,163.02,101.12547051278602,2.772592839120445e-17,5.114531052385459,2.1162255209099143,
7242f88c6a,180,628,16328,163.28,101.12547051278602,2.772592839120444e-17,5.114531052385459,2.198259963488287,
7242f88c6a,180,629,16354,163.54,101.12547051278602,2.772592839120443e-17,5.114531052385459,2.349432842555714,
7242f88c6a,180,630,16380,163.8,101.12547051278602,2.772592839120445e-17,5.114531052385459,2.239920293054565,
7242f88c6a,180,631,16406,164.06,101.12547051278602,2.7725928391204437e-17,5.114531052385459,2.851292540802004,
7242f88c6a,180,632,16432,164.32,101.12547051278602,2.7725928391204455e-17,5.114531052385459,2.395706018590851,
7242f88c6a,180,633,16458,164.58,101.12547051278602,2.772592839120444e-17,5.114531052385459,2.027981430397711,
7242f88c6a,180,634,16484,164.84,101.12547051278602,2.7725928391204434e-17,5.114531052385459,2.2147785189704217,
7242f88c6a,180,635,16510,165.1,101.12547051278602,2.772592839120443e-17,5.114531052385459,2.0384931025149804,
7242f88c6a,180,636,16536,165.36,101.12547051278602,2.7725928391204434e-17,5.114531052385459,2.6830868984584733,
7242f88c6a,180,637,16562,165.62,101.12547051278602,2.772592839120445e-17,5.114531052385459,2.0516875203925444,
7242f88c6a,180,638,16588,165.88,101.12547051278602,2.7725928391204434e-17,5.114531052385459,3.2252410653183134,
7242f88c6a,180,639,16614,166.14,101.12547051278602,2.772592839120445e-17,5.114531052385459,2.891230380547011,
7242f88c6a,180,640,16640,166.4,101.12547051278602,2.7725928391204446e-17,5.114531052385459,2.305700864938224,
7242f88c6a,180,641,16666,166.66,101.12547051278602,2.7725928391204452e-17,5.114531052385459,2.1135702422511486,
7242f88c6a,180,642,16692,166.92,101.12547051278602,2.7725928391204434e-17,5.114531052385459,2.4592847821585786,
7242f88c6a,180,643,16718,167.18,101.12547051278602,2.7725928391204452e-17,5.114531052385459,2.49026378179998,
7242f88c6a,180,644,16744,167.44,101.12547051278602,2.772592839120445e-17,5.114531052385459,2.0329628440537966,
7242f88c6a,180,645,16770,167.7,101.12547051278602,2.772592839120445e-17,5.114531052385459,2.2651913536629387,
7242f88c6a,180,646,16796,167.96,101.12547051278602,2.7725928391204443e-17,5.114531052385459,2.8218198940541543,
7242f88c6a,180,647,16822,168.22,101.12547051278602,2.7725928391204446e-17,5.114531052385459,1.8235360101391584,
7242f88c6a,180,648,16848,168.48,101.12547051278602,2.7725928391204443e-17,5.114531052385459,1.7250353775543392,
7242f88c6a,180,649,16874,168.74,101.12547051278602,2.772592839120444e-17,5.114531052385459,2.1459537804050592,
7242f88c6a,180,650,16900,169.0,101.12547051278602,2.772592839120444e-17,5.114531052385459,2.7071070514626254,
7242f88c6a,180,651,16926,169.26,101.12547051278602,2.7725928391204452e-17,5.114531052385459,2.2656918320436876,
7242f88c6a,180,652,16952,169.52,101.12547051278602,2.7725928391204437e-17,5.114531052385459,2.356504088787259,
7242f88c6a,180,653,16978,169.78,101.12547051278602,2.772592839120443e-17,5.114531052385459,3.087418964673656,
7242f88c6a,180,654,17004,170.04,101.12547051278602,2.7725928391204443e-17,5.114531052385459,2.4475636572099018,
7242f88c6a,180,655,17030,170.3,101.12547051278602,2.7725928391204443e-17,5.114531052385459,2.5592969389184295,
7242f88c6a,180,656,17056,170.56,101.12547051278602,2.7725928391204446e-17,5.114531052385459,2.565417972721362,
7242f88c6a,180,657,17082,170.82,101.12547051278602,2.772592839120445e-17,5.114531052385459,2.2186097272752567,
7242f88c6a,180,658,17108,171.08,101.12547051278602,2.7725928391204446e-17,5.114531052385459,2.88398532554927,
7242f88c6a,180,659,17134,171.34,101.12547051278602,2.772592839120444e-17,5.114531052385459,2.291302118690639,
7242f88c6a,180,660,17160,171.6,101.12547051278602,2.7725928391204452e-17,5.114531052385459,2.059908299134035,
7242f88c6a,180,661,17186,171.86,101.12547051278602,2.772592839120444e-17,5.114531052385459,2.589108308420211,
7242f88c6a,180,662,17212,172.12,101.12547051278602,2.7725928391204452e-17,5.114531052385459,1.9946248050150253,
7242f88c6a,180,663,17238,172.38,101.12547051278602,2.772592839120443e-17,5.114531052385459,1.8084847483817512,
7242f88c6a,180,664,17264,172.64,101.12547051278602,2.772592839120445e-17,5.114531052385459,2.316532198789758,
7242f88c6a,180,665,17290,172.9,101.12547051278602,2.7725928391204443e-17,5.114531052385459,2.3871905662024338,
7242f88c6a,180,666,17316,173.16,101.12547051278602,2.7725928391204446e-17,5.114531052385459,2.1964846536155584,
7242f88c6a,180,667,17342,173.42,101.12547051278602,2.7725928391204455e-17,5.114531052385459,2.31693836062141,
7242f88c6a,180,668,17368,173.68,101.12547051278602,2.772592839120445e-17,5.114531052385459,2.7011604302596215,
7242f88c6a,180,669,17394,173.94,101.12547051278602,2.7725928391204446e-17,5.114531052385459,2.207451731609442,
7242f88c6a,180,670,17420,174.2,101.12547051278602,2.7725928391204446e-17,5.114531052385459,2.425746669914549,
7242f88c6a,180,671,17446,174.46,101.12547051278602,2.7725928391204434e-17,5.114531052385459,2.585037532205484,
7242f88c6a,180,672,17472,174.72,101.12547051278602,2.772592839120444e-17,5.114531052385459,2.119064265564603,
7242f88c6a,180,673,17498,174.98,101.12547051278602,2.7725928391204443e-17,5.114531052385459,2.817749566767916,
7242f88c6a,180,674,17524,175.24,101.12547051278602,2.7725928391204443e-17,5.114531052385459,2.0389998418976187,
7242f88c6a,180,675,17550,175.5,101.12547051278602,2.7725928391204443e-17,5.114531052385459,1.6457604601896174,
7242f88c6a,180,676,17576,175.76,101.12547051278602,2.7725928391204446e-17,5.114531052385459,1.9040154339683295,
7242f88c6a,180,677,17602,176.02,101.12547051278602,2.7725928391204437e-17,5.114531052385459,1.581705610869202,
7242f88c6a,180,678,17628,176.28,101.12547051278602,2.772592839120444e-17,5.114531052385459,2.417468601251167,
7242f88c6a,180,679,17654,176.54,101.12547051278602,2.772592839120445e-17,5.114531052385459,2.0595512818474986,
7242f88c6a,180,680,17680,176.8,101.12547051278602,2.7725928391204443e-17,5.114531052385459,2.0236667968501907,
7242f88c6a,180,681,17706,177.06,101.12547051278602,2.772592839120446e-17,5.114531052385459,2.8890234050137207,
7242f88c6a,180,682,17732,177.32,101.12547051278602,2.7725928391204446e-17,5.114531052385459,2.281108770238398,
7242f88c6a,180,683,17758,177.58,101.12547051278602,2.7725928391204446e-17,5.114531052385459,2.2744440847317478,
7242f88c6a,180,684,17784,177.84,101.12547051278602,2.7725928391204446e-17,5.114531052385459,2.5568721971947914,
7242f88c6a,180,685,17810,178.1,101.12547051278602,2.7725928391204434e-17,5.114531052385459,3.104320452474736,
7242f88c6a,180,686,17836,178.36,101.12547051278602,2.7725928391204434e-17,5.114531052385459,2.587118079451989,
7242f88c6a,180,687,17862,178.62,101.12547051278602,2.772592839120444e-17,5.114531052385459,2.4761839401641095,
7242f88c6a,180,688,17888,178.88,101.12547051278602,2.7725928391204424e-17,5.114531052385459,1.9525615858254386,
7242f88c6a,180,689,17914,179.14,101.12547051278602,2.7725928391204443e-17,5.114531052385459,2.0992526265545304,
7242f88c6a,180,690,17940,179.4,101.12547051278602,2.7725928391204443e-17,5.114531052385459,2.1894035902703086,
7242f88c6a,180,691,17966,179.66,101.12547051278602,2.772592839120444e-17,5.114531052385459,2.883998545127324,
7242f88c6a,180,692,17992,179.92,101.12547051278602,,5.114531052385459,2.480565133905868,
8e8c0aac0b,180,0,0,0.0,516651013610901.0,22.984260338779684,119640441474639.08,60438857477371.65,"ProjectedCommonDirectionsConfig(subspace_no_grads=1, subspace_no_updates=1, subspace_frac_random=0.05, direction_str=sd, random_proj=True, random_proj_dim_frac=0.2, ensemble=haar, inner_use_full_grad=True, orth_P_k=True, beta=0.001, tau=0.5, c_const=inf, N_try=200, alpha_max=100, p_const=1)"
8e8c0aac0b,180,1,26,0.26,99588711292226.12,6.059583418712924,52527220469769.3,25937395009767.734,
8e8c0aac0b,180,2,52,0.52,142324223280.02795,0.24638625518908358,1985723498069.8904,821641691405.565,
8e8c0aac0b,180,3,78,0.78,5726481077.729881,0.05267143232135339,398311894107.6726,183906779880.03818,
8e8c0aac0b,180,4,104,1.04,757268492.0529851,0.019887744549964073,144845257012.26395,52713881811.85129,
8e8c0aac0b,180,5,130,1.3,167385986.72466636,0.009894963271601937,68098693710.98439,25566739149.388927,
8e8c0aac0b,180,6,156,1.56,69950904.70648909,0.006537942961366116,44022602975.04354,19464500866.660667,
8e8c0aac0b,180,7,182,1.82,36262953.45280243,0.004823415696896901,31696429618.7976,14300133298.629862,
8e8c0aac0b,180,8,208,2.08,23550334.69747323,0.003961284822053803,25543298197.585323,12482251147.177128,
8e8c0aac0b,180,9,234,2.34,18051297.720185935,0.0035536280209140137,22363118345.75706,10926443051.07186,
8e8c0aac0b,180,10,260,2.6,16954548.455346067,0.001736806390952151,21673107382.97826,6744132642.827517,
8e8c0aac0b,180,11,286,2.86,143.86217599400862,2.770579769430599e-06,34409620.58834665,11926461.701729776,
8e8c0aac0b,180,12,312,3.12,101.13077140422125,3.112197761622346e-08,383224.9508876424,204295.78585732487,
8e8c0aac0b,180,13,338,3.38,101.1254748570703,8.924900611165163e-10,10968.234975046455,3975.897592686575,
8e8c0aac0b,180,14,364,3.64,101.12547051860761,2.9253138334725425e-11,358.33759239076244,163.4895025982285,
8e8c0aac0b,180,15,390,3.9,101.12547051363443,5.6846249359674e-16,14.122622847199885,5.1639526702313905,
8e8c0aac0b,180,16,416,4.16,101.12547051322643,2.930830500627369e-13,14.11907052930063,7.35218790024664,
8e8c0aac0b,180,17,442,4.42,101.12547051307803,4.196122337566686e-16,10.326460068189766,3.696779648307262,
8e8c0aac0b,180,18,468,4.68,101.1254705130306,1.0540688190997273e-16,10.32472014066374,3.6329187821272413,
8e8c0aac0b,180,19,494,4.94,101.12547051299556,1.0595864598964437e-16,10.324588686430987,5.201714725505041,
8e8c0aac0b,180,20,520,5.2,101.12547051299373,8.711476627224066e-13,10.32439969907299,3.2020688680763825,
8e8c0aac0b,180,21,546,5.46,101.12547051264734,1.8966642514018533e-16,1.143345866240319,0.46709704029200366,
8e8c0aac0b,180,22,572,5.72,101.12547051261132,2.3794511028694375e-17,1.142959634769075,0.5446783424434982,
8e8c0aac0b,180,23,598,5.98,101.12547051261132,2.385121852105775e-17,1.142959634769075,0.4979748816476158,
8e8c0aac0b,180,24,624,6.24,101.12547051261132,5.976967103284336e-18,1.142959634769075,0.6134456374146526,
8e8c0aac0b,180,25,650,6.5,101.12547051261132,5.995959256138548e-18,1.142959634769075,0.6118993842851975,
8e8c0aac0b,180,26,676,6.76,101.12547051261132,6.016683223007876e-18,1.142959634769075,0.31120563417637526,
8e8c0aac0b,180,27,702,7.02,101.12547051261132,6.025293580624479e-18,1.142959634769075,0.4712365994865563,
8e8c0aac0b,180,28,728,7.28,101.12547051261132,3.8671076299076525e-16,1.142959634769075,0.5095574976198061,
8e8c0aac0b,180,29,754,7.54,101.1254705125738,4.8425158227593e-17,1.1414912936694963,0.44955449817846876,
8e8c0aac0b,180,30,780,7.8,101.1254705125738,9.696892369171143e-17,1.1414912936694963,0.5930797935942079,
8e8c0aac0b,180,31,806,8.06,101.12547051255076,6.066765560909347e-18,1.1412220938840705,0.5374320857881445,
8e8c0aac0b,180,32,832,8.32,101.12547051255076,6.074408348766973e-18,1.1412220938840705,0.5619344579813492,
8e8c0aac0b,180,33,858,8.58,101.12547051255076,6.077823266380067e-18,1.1412220938840705,0.6155468574478127,
8e8c0aac0b,180,34,884,8.84,101.12547051255076,6.080173329617353e-18,1.1412220938840705,0.47860559091161015,
8e8c0aac0b,180,35,910,9.1,101.12547051255076,6.09145986555887e-18,1.1412220938840705,0.5992108530020112,
8e8c0aac0b,180,36,936,9.36,101.12547051255076,6.093801342277543e-18,1.1412220938840705,0.4152010316724889,
8e8c0aac0b,180,37,962,9.62,101.12547051255076,6.100174058568596e-18,1.1412220938840705,0.3890125052831045,
8e8c0aac0b,180,38,988,9.88,101.12547051254143,6.110363376483372e-18,1.141202948680631,0.45440438184535403,
8e8c0aac0b,180,39,1014,10.14,101.12547051254143,9.779680636396022e-17,1.141202948680631,0.4067289546581743,
8e8c0aac0b,180,40,1040,10.4,101.12547051252528,9.785177529373209e-17,1.1410631448175148,0.5505134621558074,
8e8c0aac0b,180,41,1066,10.66,101.12547051251678,4.896969071745414e-17,1.1409389051394845,0.6377097066972234,
8e8c0aac0b,180,42,1092,10.92,101.12547051250918,6.128649234188794e-18,1.1409200268521982,0.6177661940737222,
8e8c0aac0b,180,43,1118,11.18,101.12547051250918,6.132042336399047e-18,1.1409200268521982,0.5019390073929595,
8e8c0aac0b,180,44,1144,11.44,101.12547051250918,6.134728929499773e-18,1.1409200268521982,0.4551429342702619,
8e8c0aac0b,180,45,1170,11.7,101.12547051250918,6.137996344799005e-18,1.1409200268521982,0.533171842175766,
8e8c0aac0b,180,46,1196,11.96,101.12547051250918,6.1436218527696e-18,1.1409200268521982,0.46563161250730345,
8e8c0aac0b,180,47,1222,12.22,101.12547051250918,6.145127578596162e-18,1.1409200268521982,0.5153484920629822,
8e8c0aac0b,180,48,1248,12.48,101.12547051250918,6.147400842334841e-18,1.1409200268521982,0.5288100976526776,
8e8c0aac0b,180,49,1274,12.74,101.12547051250918,6.150111031550859e-18,1.1409200268521982,0.6355545273625535,
8e8c0aac0b,180,50,1300,13.0,101.12547051250918,6.153594600401921e-18,1.1409200268521982,0.5905443751829608,
8e8c0aac0b,180,51,1326,13.26,101.12547051250918,6.155091369563799e-18,1.1409200268521982,0.3616436971122357,
8e8c0aac0b,180,52,1352,13.52,101.12547051250918,6.156085020389386e-18,1.1409200268521982,0.5331817157731866,
8e8c0aac0b,180,53,1378,13.78,101.12547051250918,6.157041549167687e-18,1.1409200268521982,0.5548088034520123,
8e8c0aac0b,180,54,1404,14.04,101.12547051250918,6.157742842530633e-18,1.1409200268521982,0.570397667641004,
8e8c0aac0b,180,55,1430,14.3,101.12547051250918,6.159472476009965e-18,1.1409200268521982,0.5056197602970047,
8e8c0aac0b,180,56,1456,14.56,101.12547051250918,6.1599425013394095e-18,1.1409200268521982,0.4959806039586025,
8e8c0aac0b,180,57,1482,14.82,101.12547051250918,6.1610540711268874e-18,1.1409200268521982,0.5233300923810016,
8e8c0aac0b,180,58,1508,15.08,101.12547051250918,6.162162456432348e-18,1.1409200268521982,0.4781770740081899,
8e8c0aac0b,180,59,1534,15.34,101.12547051250918,6.165044005227661e-18,1.1409200268521982,0.46648315056144646,
8e8c0aac0b,180,60,1560,15.6,101.12547051250918,6.166361950203267e-18,1.1409200268521982,0.4710873367941997,
8e8c0aac0b,180,61,1586,15.86,101.12547051250918,6.167139973752683e-18,1.1409200268521982,0.486609068595989,
8e8c0aac0b,180,62,1612,16.12,101.12547051250918,6.168411989267301e-18,1.1409200268521982,0.4692523719515571,
8e8c0aac0b,180,63,1638,16.38,101.12547051248669,6.1692260832286526e-18,1.140898880549218,0.6170577388438592,
8e8c0aac0b,180,64,1664,16.64,101.12547051248669,6.1709335909616395e-18,1.140898880549218,0.580743897935924,
8e8c0aac0b,180,65,1690,16.9,101.12547051248669,6.1714224727446076e-18,1.140898880549218,0.5172329363428301,
8e8c0aac0b,180,66,1716,17.16,101.12547051248669,6.1736017831518444e-18,1.140898880549218,0.5250906999630617,
8e8c0aac0b,180,67,1742,17.42,101.12547051248669,6.173955421230098e-18,1.140898880549218,0.4618799782038942,
8e8c0aac0b,180,68,1768,17.68,101.12547051248669,6.175028284821639e-18,1.140898880549218,0.544659048199624,
8e8c0aac0b,180,69,1794,17.94,101.12547051248669,6.175538070941639e-18,1.140898880549218,0.3742433945970004,
8e8c0aac0b,180,70,1820,18.2,101.12547051248669,6.175915825405317e-18,1.140898880549218,0.5471863595589672,
8e8c0aac0b,180,71,1846,18.46,101.12547051248669,6.1765651408221996e-18,1.140898880549218,0.6236853683564635,
8e8c0aac0b,180,72,1872,18.72,101.12547051248669,6.177339601363064e-18,1.140898880549218,0.6146605105865836,
8e8c0aac0b,180,73,1898,18.98,101.12547051248669,6.177468327543508e-18,1.140898880549218,0.46044030087112164,
8e8c0aac0b,180,74,1924,19.24,101.12547051248669,6.177769389879194e-18,1.140898880549218,0.5801845809501099,
8e8c0aac0b,180,75,1950,19.5,101.12547051248669,6.1780642667220674e-18,1.140898880549218,0.45415995042566204,
8e8c0aac0b,180,76,1976,19.76,101.12547051248669,6.1788402062601525e-18,1.140898880549218,0.4940089463344675,
8e8c0aac0b,180,77,2002,20.02,101.12547051248669,6.179305459244398e-18,1.140898880549218,0.4977294157775697,
8e8c0aac0b,180,78,2028,20.28,101.12547051248669,6.17945049388645e-18,1.140898880549218,0.43789520179094404,
8e8c0aac0b,180,79,2054,20.54,101.12547051248669,6.179690308164973e-18,1.140898880549218,0.5113403304876571,
8e8c0aac0b,180,80,2080,20.8,101.12547051248669,6.180002727790338e-18,1.140898880549218,0.4523963195679253,
8e8c0aac0b,180,81,2106,21.06,101.12547051248669,6.1804802457075524e-18,1.140898880549218,0.4836786291795761,
8e8c0aac0b,180,82,2132,21.32,101.12547051248669,6.1809451350202604e-18,1.140898880549218,0.5019194410280584,
8e8c0aac0b,180,83,2158,21.58,101.12547051248669,6.1810851138274384e-18,1.140898880549218,0.38794148958826863,
8e8c0aac0b,180,84,2184,21.84,101.12547051248669,6.181150738340381e-18,1.140898880549218,0.4719675938372574,
8e8c0aac0b,180,85,2210,22.1,101.12547051248669,6.181546252559269e-18,1.140898880549218,0.4404035056314206,
8e8c0aac0b,180,86,2236,22.36,101.12547051248669,6.181650945339663e-18,1.140898880549218,0.4931322528690039,
8e8c0aac0b,180,87,2262,22.62,101.12547051248669,6.181785546254481e-18,1.140898880549218,0.3423649133777967,
8e8c0aac0b,180,88,2288,22.88,101.12547051248669,6.182095536668264e-18,1.140898880549218,0.5863473805172624,
8e8c0aac0b,180,89,2314,23.14,101.12547051248669,6.182209641862706e-18,1.140898880549218,0.5100688433420225,
8e8c0aac0b,180,90,2340,23.4,101.12547051248669,6.182294637949156e-18,1.140898880549218,0.45369884485670375,
8e8c0aac0b,180,91,2366,23.66,101.12547051248669,6.1824364998912745e-18,1.140898880549218,0.5769472220039862,
8e8c0aac0b,180,92,2392,23.92,101.12547051248669,6.182477037787905e-18,1.140898880549218,0.5189186909390275,
8e8c0aac0b,180,93,2418,24.18,101.12547051248669,6.182597090600292e-18,1.140898880549218,0.4380468861595451,
8e8c0aac0b,180,94,2444,24.44,101.12547051248669,6.1827527394001695e-18,1.140898880549218,0.4774131752543311,
8e8c0aac0b,180,95,2470,24.7,101.12547051248669,6.182857148494781e-18,1.140898880549218,0.44851300484180434,
8e8c0aac0b,180,96,2496,24.96,101.12547051248669,6.18289577935455e-18,1.140898880549218,0.45069634007566217,
8e8c0aac0b,180,97,2522,25.22,101.12547051248669,6.183120556601102e-18,1.140898880549218,0.5615839218304004,
8e8c0aac0b,180,98,2548,25.48,101.12547051248669,6.183299079127242e-18,1.140898880549218,0.49617770187580845,
8e8c0aac0b,180,99,2574,25.74,101.12547051248669,6.1833328219178694e-18,1.140898880549218,0.4552417508077521,
8e8c0aac0b,180,100,2600,26.0,101.12547051248669,6.183444492899898e-18,1.140898880549218,0.5083749462365121,
8e8c0aac0b,180,101,2626,26.26,101.12547051248669,6.183560285017119e-18,1.140898880549218,0.5530315502451901,
8e8c0aac0b,180,102,2652,26.52,101.12547051245105,6.183536090956207e-18,1.1408757328096517,0.44218127695854603,
8e8c0aac0b,180,103,2678,26.78,101.12547051245105,6.183623122624259e-18,1.1408757328096517,0.43901554830364453,
8e8c0aac0b,180,104,2704,27.04,101.12547051245105,6.1838450967258615e-18,1.1408757328096517,0.3918122775613993,
8e8c0aac0b,180,105,2730,27.3,101.12547051245105,6.183869985788471e-18,1.1408757328096517,0.43596896452801015,
8e8c0aac0b,180,106,2756,27.56,101.12547051245105,6.183885687321178e-18,1.1408757328096517,0.4505286098934511,
8e8c0aac0b,180,107,2782,27.82,101.12547051245105,6.183895661413119e-18,1.1408757328096517,0.5347401988057051,
8e8c0aac0b,180,108,2808,28.08,101.12547051245105,6.183942793959327e-18,1.1408757328096517,0.5174938763389348,
8e8c0aac0b,180,109,2834,28.34,101.12547051245105,6.183973698569653e-18,1.1408757328096517,0.5356064988932091,
8e8c0aac0b,180,110,2860,28.6,101.12547051245105,6.183985272189288e-18,1.1408757328096517,0.5032983036570766,
8e8c0aac0b,180,111,2886,28.86,101.12547051245105,6.184044012227757e-18,1.1408757328096517,0.6233682068395079,
8e8c0aac0b,180,112,2912,29.12,101.12547051245105,6.1840861287653765e-18,1.1408757328096517,0.4859302542130898,
8e8c0aac0b,180,113,2938,29.38,101.12547051245105,6.184119821627873e-18,1.1408757328096517,0.4996461553552517,
8e8c0aac0b,180,114,2964,29.64,101.12547051245105,6.18415243239369e-18,1.1408757328096517,0.41130547019224123,
8e8c0aac0b,180,115,2990,29.9,101.12547051245105,6.1842094566438385e-18,1.1408757328096517,0.5063006243028181,
8e8c0aac0b,180,116,3016,30.16,101.12547051245105,6.184224986979673e-18,1.1408757328096517,0.6211276239065847,
8e8c0aac0b,180,117,3042,30.42,101.12547051245105,6.184265438809186e-18,1.1408757328096517,0.5184725245020793,
8e8c0aac0b,180,118,3068,30.68,101.12547051245105,6.1842990710516186e-18,1.1408757328096517,0.4570331385175322,
8e8c0aac0b,180,119,3094,30.94,101.12547051245105,6.18433135863231e-18,1.1408757328096517,0.4431724723558858,
8e8c0aac0b,180,120,3120,31.2,101.12547051245105,6.184362387846224e-18,1.1408757328096517,0.6727252365724877,
8e8c0aac0b,180,121,3146,31.46,101.12547051245105,6.184385693430814e-18,1.1408757328096517,0.5162013333080925,
8e8c0aac0b,180,122,3172,31.72,101.12547051245105,6.1844061167171164e-18,1.1408757328096517,0.43083502087274544,
8e8c0aac0b,180,123,3198,31.98,101.12547051245105,6.184419435404491e-18,1.1408757328096517,0.647936169253648,
8e8c0aac0b,180,124,3224,32.24,101.12547051245105,6.1844274217047174e-18,1.1408757328096517,0.5385414962494939,
8e8c0aac0b,180,125,3250,32.5,101.12547051245105,6.184443833126187e-18,1.1408757328096517,0.6443771649808068,
8e8c0aac0b,180,126,3276,32.76,101.12547051245105,6.1844533480719225e-18,1.1408757328096517,0.44606639524790603,
8e8c0aac0b,180,127,3302,33.02,101.12547051245105,6.18446092434243e-18,1.1408757328096517,0.5122109568801233,
8e8c0aac0b,180,128,3328,33.28,101.12547051245105,6.1844831049266636e-18,1.1408757328096517,0.5168550494646197,
8e8c0aac0b,180,129,3354,33.54,101.12547051245105,6.1844886974718e-18,1.1408757328096517,0.5172265892825423,
8e8c0aac0b,180,130,3380,33.8,101.12547051245105,6.1845063010607856e-18,1.1408757328096517,0.4627636217085003,
8e8c0aac0b,180,131,3406,34.06,101.12547051245105,6.18451085345672e-18,1.1408757328096517,0.4877794225835303,
8e8c0aac0b,180,132,3432,34.32,101.12547051245105,6.1845317311281476e-18,1.1408757328096517,0.5440746989189014,
8e8c0aac0b,180,133,3458,34.58,101.12547051245105,6.184542767740121e-18,1.1408757328096517,0.5418769893992977,
8e8c0aac0b,180,134,3484,34.84,101.12547051245105,6.184556471169005e-18,1.1408757328096517,0.3929984839280694,
8e8c0aac0b,180,135,3510,35.1,101.12547051245105,6.184561880282649e-18,1.1408757328096517,0.5251467690299733,
8e8c0aac0b,180,136,3536,35.36,101.12547051245105,6.184580374661789e-18,1.1408757328096517,0.48777439560505176,
8e8c0aac0b,180,137,3562,35.62,101.12547051245105,6.184584470850017e-18,1.1408757328096517,0.5154042095675442,
8e8c0aac0b,180,138,3588,35.88,101.12547051245105,6.184588615604582e-18,1.1408757328096517,0.538722983821249,
8e8c0aac0b,180,139,3614,36.14,101.12547051245105,6.184592608707212e-18,1.1408757328096517,0.6117495644655959,
8e8c0aac0b,180,140,3640,36.4,101.12547051245105,6.1845997893857465e-18,1.1408757328096517,0.5117754279050455,
8e8c0aac0b,180,141,3666,36.66,101.12547051245105,6.184609017807551e-18,1.1408757328096517,0.5271249492966709,
8e8c0aac0b,180,142,3692,36.92,101.12547051245105,6.1846113968887144e-18,1.1408757328096517,0.5447467505549013,
8e8c0aac0b,180,143,3718,37.18,101.12547051245105,6.184616294134081e-18,1.1408757328096517,0.4528233474366402,
8e8c0aac0b,180,144,3744,37.44,101.12547051245105,6.184618326771009e-18,1.1408757328096517,0.41925314015827714,
8e8c0aac0b,180,145,3770,37.7,101.12547051245105,6.184621694406515e-18,1.1408757328096517,0.4814435477509281,
8e8c0aac0b,180,146,3796,37.96,101.12547051245105,6.184623800174996e-18,1.1408757328096517,0.53967988722691,
8e8c0aac0b,180,147,3822,38.22,101.12547051245105,6.184629616656113e-18,1.1408757328096517,0.6270583241466557,
8e8c0aac0b,180,148,3848,38.48,101.12547051245105,6.184632627283977e-18,1.1408757328096517,0.39539127927510265,
8e8c0aac0b,180,149,3874,38.74,101.12547051245105,6.1846349768893345e-18,1.1408757328096517,0.4327655574820291,
8e8c0aac0b,180,150,3900,39.0,101.12547051245105,6.184637391520395e-18,1.1408757328096517,0.4809990901040874,
8e8c0aac0b,180,151,3926,39.26,101.12547051245105,6.184640074304226e-18,1.1408757328096517,0.4532821820996284,
8e8c0aac0b,180,152,3952,39.52,101.12547051245105,6.184644880544836e-18,1.1408757328096517,0.39378078445911735,
8e8c0aac0b,180,153,3978,39.78,101.12547051245105,6.184647199433327e-18,1.1408757328096517,0.6252270586223905,
8e8c0aac0b,180,154,4004,40.04,101.12547051245105,6.184650005060292e-18,1.1408757328096517,0.5928985642142502,
8e8c0aac0b,180,155,4030,40.3,101.12547051245105,6.184652631063802e-18,1.1408757328096517,0.42305815075453723,
8e8c0aac0b,180,156,4056,40.56,101.12547051245105,6.184655896683081e-18,1.1408757328096517,0.5165829487928764,
8e8c0aac0b,180,157,4082,40.82,101.12547051245105,6.184659757261002e-18,1.1408757328096517,0.6295642621787382,
8e8c0aac0b,180,158,4108,41.08,101.12547051245105,6.184663887666578e-18,1.1408757328096517,0.5184597073499947,
8e8c0aac0b,180,159,4134,41.34,101.12547051245105,6.184665445736865e-18,1.1408757328096517,0.37511587433408344,
8e8c0aac0b,180,160,4160,41.6,101.12547051245105,6.1846682449189435e-18,1.1408757328096517,0.4276868588986271,
8e8c0aac0b,180,161,4186,41.86,101.12547051245105,6.184668480786053e-18,1.1408757328096517,0.5676689938144531,
8e8c0aac0b,180,162,4212,42.12,101.12547051245105,6.184672255797804e-18,1.1408757328096517,0.5359327722218828,
8e8c0aac0b,180,163,4238,42.38,101.12547051245105,6.184672974240687e-18,1.1408757328096517,0.4820500370060009,
8e8c0aac0b,180,164,4264,42.64,101.12547051245105,6.1846751744643004e-18,1.1408757328096517,0.5174339605645776,
8e8c0aac0b,180,165,4290,42.9,101.12547051245105,6.184675864407381e-18,1.1408757328096517,0.4999526167790078,
8e8c0aac0b,180,166,4316,43.16,101.12547051245105,6.184678164049267e-18,1.1408757328096517,0.6013939405281343,
8e8c0aac0b,180,167,4342,43.42,101.12547051245105,6.1846795841248556e-18,1.1408757328096517,0.5106335395309891,
8e8c0aac0b,180,168,4368,43.68,101.12547051245105,6.1846820528625355e-18,1.1408757328096517,0.5352039955937439,
8e8c0aac0b,180,169,4394,43.94,101.12547051245105,6.184684309929175e-18,1.1408757328096517,0.5181245494257251,
8e8c0aac0b,180,170,4420,44.2,101.12547051245105,6.184684930712776e-18,1.1408757328096517,0.42952681436250156,
8e8c0aac0b,180,171,4446,44.46,101.12547051245105,6.184686224776628e-18,1.1408757328096517,0.39521099790470465,
8e8c0aac0b,180,172,4472,44.72,101.12547051245105,6.184687220497405e-18,1.1408757328096517,0.5077619370966048,
8e8c0aac0b,180,173,4498,44.98,101.12547051245105,3.092344172250248e-18,1.1408757328096517,0.41728468772178784,
8e8c0aac0b,180,174,4524,45.24,101.12547051245105,7.730860871414459e-19,1.1408757328096517,0.4957713878555983,
8e8c0aac0b,180,175,4550,45.5,101.12547051245105,7.730861641371371e-19,1.1408757328096517,0.33801844476223863,
8e8c0aac0b,180,176,4576,45.76,101.12547051245105,7.730862498597672e-19,1.1408757328096517,0.6396894065899249,
8e8c0aac0b,180,177,4602,46.02,101.12547051245105,7.73086277854781e-19,1.1408757328096517,0.5709291643494356,
8e8c0aac0b,180,178,4628,46.28,101.12547051245105,7.730863308444457e-19,1.1408757328096517,0.37510490441502453,
8e8c0aac0b,180,179,4654,46.54,101.12547051245105,7.73086397554681e-19,1.1408757328096517,0.5208808026317674,
8e8c0aac0b,180,180,4680,46.8,101.12547051245105,7.73086481436629e-19,1.1408757328096517,0.5277574167005117,
8e8c0aac0b,180,181,4706,47.06,101.12547051245105,7.730865450343505e-19,1.1408757328096517,0.6450955992751098,
8e8c0aac0b,180,182,4732,47.32,101.12547051245105,7.730865805767928e-19,1.1408757328096517,0.5608172202968424,
8e8c0aac0b,180,183,4758,47.58,101.12547051245105,7.730866443728104e-19,1.1408757328096517,0.4567389086412849,
8e8c0aac0b,180,184,4784,47.84,101.12547051245105,7.73086718848559e-19,1.1408757328096517,0.4146312526758866,
8e8c0aac0b,180,185,4810,48.1,101.12547051245105,7.730867925316383e-19,1.1408757328096517,0.4965341978053481,
8e8c0aac0b,180,186,4836,48.36,101.12547051245105,7.7308681313287535e-19,1.1408757328096517,0.5256899891486282,
8e8c0aac0b,180,187,4862,48.62,101.12547051245105,7.730868449714219e-19,1.1408757328096517,0.5421127068999629,
8e8c0aac0b,180,188,4888,48.88,101.12547051245105,7.730869039138115e-19,1.1408757328096517,0.5374837929340511,
8e8c0aac0b,180,189,4914,49.14,101.12547051245105,7.730869290946717e-19,1.1408757328096517,0.5183014593344536,
8e8c0aac0b,180,190,4940,49.4,101.12547051245105,7.730869588388377e-19,1.1408757328096517,0.4484177644718421,
8e8c0aac0b,180,191,4966,49.66,101.12547051245105,7.730870199394416e-19,1.1408757328096517,0.5770954101085081,
8e8c0aac0b,180,192,4992,49.92,101.12547051245105,7.730870567830742e-19,1.1408757328096517,0.46820133083954735,
8e8c0aac0b,180,193,5018,50.18,101.12547051245105,7.730870661382959e-19,1.1408757328096517,0.45589918222406056,
8e8c0aac0b,180,194,5044,50.44,101.12547051245105,7.730870809952964e-19,1.1408757328096517,0.5233906644413502,
8e8c0aac0b,180,195,5070,50.7,101.12547051245105,7.730871100611681e-19,1.1408757328096517,0.5791691274107614,
8e8c0aac0b,180,196,5096,50.96,101.12547051245105,7.730871216270007e-19,1.1408757328096517,0.4629537085675526,
8e8c0aac0b,180,197,5122,51.22,101.12547051245105,7.730871506540513e-19,1.1408757328096517,0.5196971982420092,
8e8c0aac0b,180,198,5148,51.48,101.12547051245105,7.730871555453754e-19,1.1408757328096517,0.4924705463486999,
8e8c0aac0b,180,199,5174,51.74,101.12547051245105,7.730871773115157e-19,1.1408757328096517,0.5859305165776286,
8e8c0aac0b,180,200,5200,52.0,101.12547051245105,7.730871886323792e-19,1.1408757328096517,0.5418853125976572,
8e8c0aac0b,180,201,5226,52.26,101.12547051245105,7.730871950818408e-19,1.1408757328096517,0.4487054329115505,
8e8c0aac0b,180,202,5252,52.52,101.12547051245105,7.730872072368629e-19,1.1408757328096517,0.5038650932186323,
8e8c0aac0b,180,203,5278,52.78,101.12547051245105,7.7308722001373705e-19,1.1408757328096517,0.4300129763055515,
8e8c0aac0b,180,204,5304,53.04,101.12547051245105,7.730872563922117e-19,1.1408757328096517,0.4264121790793878,
8e8c0aac0b,180,205,5330,53.3,101.12547051245105,7.730872703765185e-19,1.1408757328096517,0.595314913507928,
8e8c0aac0b,180,206,5356,53.56,101.12547051245105,7.730872781957697e-19,1.1408757328096517,0.4016889514010387,
8e8c0aac0b,180,207,5382,53.82,101.12547051245105,7.730872885849647e-19,1.1408757328096517,0.5045333422441878,
8e8c0aac0b,180,208,5408,54.08,101.12547051245105,7.730873004952763e-19,1.1408757328096517,0.5229791483115244,
8e8c0aac0b,180,209,5434,54.34,101.12547051245105,7.730873131061189e-19,1.1408757328096517,0.4529366253472121,
8e8c0aac0b,180,210,5460,54.6,101.12547051245105,7.730873217623903e-19,1.1408757328096517,0.48075387629188443,
8e8c0aac0b,180,211,5486,54.86,101.12547051245105,7.730873323518976e-19,1.1408757328096517,0.6009544937794898,
8e8c0aac0b,180,212,5512,55.12,101.12547051245105,7.730873409548042e-19,1.1408757328096517,0.49767392530059773,
8e8c0aac0b,180,213,5538,55.38,101.12547051245105,7.730873504007802e-19,1.1408757328096517,0.4772638536169174,
8e8c0aac0b,180,214,5564,55.64,101.12547051245105,7.730873633825576e-19,1.1408757328096517,0.5071722350245738,
8e8c0aac0b,180,215,5590,55.9,101.12547051245105,7.730873720280112e-19,1.1408757328096517,0.6104995415631594,
8e8c0aac0b,180,216,5616,56.16,101.12547051245105,7.730873782178301e-19,1.1408757328096517,0.4634496443082141,
8e8c0aac0b,180,217,5642,56.42,101.12547051245105,7.730873848330606e-19,1.1408757328096517,0.3798209094845669,
8e8c0aac0b,180,218,5668,56.68,101.12547051245105,7.730873872972438e-19,1.1408757328096517,0.4473008629358002,
8e8c0aac0b,180,219,5694,56.94,101.12547051245105,7.730873934385958e-19,1.1408757328096517,0.624653859269998,
8e8c0aac0b,180,220,5720,57.2,101.12547051245105,7.730873960676453e-19,1.1408757328096517,0.34963391867407956,
8e8c0aac0b,180,221,5746,57.46,101.12547051245105,7.730873973692668e-19,1.1408757328096517,0.4811972379690232,
8e8c0aac0b,180,222,5772,57.72,101.12547051245105,7.73087403385414e-19,1.1408757328096517,0.46600285400825303,
8e8c0aac0b,180,223,5798,57.98,101.12547051245105,7.730874073883496e-19,1.1408757328096517,0.573374890733414,
8e8c0aac0b,180,224,5824,58.24,101.12547051245105,7.73087410498398e-19,1.1408757328096517,0.6138319277823073,
8e8c0aac0b,180,225,5850,58.5,101.12547051245105,7.730874135323972e-19,1.1408757328096517,0.4088278591579898,
8e8c0aac0b,180,226,5876,58.76,101.12547051245105,7.730874175534247e-19,1.1408757328096517,0.5353499953071418,
8e8c0aac0b,180,227,5902,59.02,101.12547051245105,7.730874191775141e-19,1.1408757328096517,0.5145581192719441,
8e8c0aac0b,180,228,5928,59.28,101.12547051245105,7.730874240670805e-19,1.1408757328096517,0.5039232577077669,
8e8c0aac0b,180,229,5954,59.54,101.12547051245105,7.730874246502339e-19,1.1408757328096517,0.5369080812703053,
8e8c0aac0b,180,230,5980,59.8,101.12547051245105,7.730874261974987e-19,1.1408757328096517,0.5117923519681443,
8e8c0aac0b,180,231,6006,60.06,101.12547051245105,7.730874277191307e-19,1.1408757328096517,0.44754555925231904,
8e8c0aac0b,180,232,6032,60.32,101.12547051245105,7.730874285398658e-19,1.1408757328096517,0.6449649443552248,
8e8c0aac0b,180,233,6058,60.58,101.12547051245105,7.730874313327584e-19,1.1408757328096517,0.5741066096835059,
8e8c0aac0b,180,234,6084,60.84,101.12547051245105,7.730874326976199e-19,1.1408757328096517,0.4775445895203276,
8e8c0aac0b,180,235,6110,61.1,101.12547051245105,7.730874348916749e-19,1.1408757328096517,0.49355497695637857,
8e8c0aac0b,180,236,6136,61.36,101.12547051245105,7.730874369161659e-19,1.1408757328096517,0.5306433245096847,
8e8c0aac0b,180,237,6162,61.62,101.12547051245105,7.730874400946368e-19,1.1408757328096517,0.46592011169867953,
8e8c0aac0b,180,238,6188,61.88,101.12547051245105,7.730874411720547e-19,1.1408757328096517,0.5795162936201428,
8e8c0aac0b,180,239,6214,62.14,101.12547051245105,7.730874422837993e-19,1.1408757328096517,0.47690259528903073,
8e8c0aac0b,180,240,6240,62.4,101.12547051245105,7.730874437856854e-19,1.1408757328096517,0.5531612935451254,
8e8c0aac0b,180,241,6266,62.66,101.12547051245105,7.730874448805625e-19,1.1408757328096517,0.4551717072419609,
8e8c0aac0b,180,242,6292,62.92,101.12547051245105,7.730874452473357e-19,1.1408757328096517,0.5585095184129121,
8e8c0aac0b,180,243,6318,63.18,101.12547051245105,7.730874457006005e-19,1.1408757328096517,0.3896386881870805,
8e8c0aac0b,180,244,6344,63.44,101.12547051245105,7.730874467396978e-19,1.1408757328096517,0.4479032413372236,
8e8c0aac0b,180,245,6370,63.7,101.12547051245105,7.730874480296773e-19,1.1408757328096517,0.5877331220077239,
8e8c0aac0b,180,246,6396,63.96,101.12547051245105,7.730874489026114e-19,1.1408757328096517,0.4736269016790968,
8e8c0aac0b,180,247,6422,64.22,101.12547051245105,7.730874492515964e-19,1.1408757328096517,0.36864578539247567,
8e8c0aac0b,180,248,6448,64.48,101.12547051245105,7.730874496952707e-19,1.1408757328096517,0.4956986408374208,
8e8c0aac0b,180,249,6474,64.74,101.12547051245105,7.730874499868355e-19,1.1408757328096517,0.4370094844773439,
8e8c0aac0b,180,250,6500,65.0,101.12547051245105,7.730874503441109e-19,1.1408757328096517,0.5699765080132303,
8e8c0aac0b,180,251,6526,65.26,101.12547051245105,7.730874506611696e-19,1.1408757328096517,0.5264662222523863,
8e8c0aac0b,180,252,6552,65.52,101.12547051245105,7.73087450872138e-19,1.1408757328096517,0.5828074404404588,
8e8c0aac0b,180,253,6578,65.78,101.12547051245105,7.73087451523019e-19,1.1408757328096517,0.442869848940376,
8e8c0aac0b,180,254,6604,66.04,101.12547051245105,7.730874528413225e-19,1.1408757328096517,0.5633083803946141,
8e8c0aac0b,180,255,6630,66.3,101.12547051245105,7.730874531769644e-19,1.1408757328096517,0.5291694143611554,
8e8c0aac0b,180,256,6656,66.56,101.12547051245105,7.730874543843651e-19,1.1408757328096517,0.645484555733732,
8e8c0aac0b,180,257,6682,66.82,101.12547051245105,7.730874547776133e-19,1.1408757328096517,0.5167807699825605,
8e8c0aac0b,180,258,6708,67.08,101.12547051245105,7.730874555222087e-19,1.1408757328096517,0.4667689168791065,
8e8c0aac0b,180,259,6734,67.34,101.12547051245105,7.730874564519297e-19,1.1408757328096517,0.5369483971424087,
8e8c0aac0b,180,260,6760,67.6,101.12547051245105,7.73087456754957e-19,1.1408757328096517,0.46908195672353614,
8e8c0aac0b,180,261,6786,67.86,101.12547051245105,7.73087457329588e-19,1.1408757328096517,0.6564248984933058,
8e8c0aac0b,180,262,6812,68.12,101.12547051245105,7.730874579386588e-19,1.1408757328096517,0.4945857950913776,
8e8c0aac0b,180,263,6838,68.38,101.12547051245105,7.730874580129651e-19,1.1408757328096517,0.5697313918519558,
8e8c0aac0b,180,264,6864,68.64,101.12547051245105,7.730874588560705e-19,1.1408757328096517,0.4223269781876419,
8e8c0aac0b,180,265,6890,68.9,101.12547051245105,7.730874589266661e-19,1.1408757328096517,0.5121240790812532,
8e8c0aac0b,180,266,6916,69.16,101.12547051245105,7.7308745902176e-19,1.1408757328096517,0.5545478153233885,
8e8c0aac0b,180,267,6942,69.42,101.12547051245105,7.730874592816121e-19,1.1408757328096517,0.4848456096829943,
8e8c0aac0b,180,268,6968,69.68,101.12547051245105,7.730874595933819e-19,1.1408757328096517,0.5144750036992024,
8e8c0aac0b,180,269,6994,69.94,101.12547051245105,7.730874598023201e-19,1.1408757328096517,0.5735997066854274,
8e8c0aac0b,180,270,7020,70.2,101.12547051245105,7.730874601734674e-19,1.1408757328096517,0.5735097970658715,
8e8c0aac0b,180,271,7046,70.46,101.12547051245105,7.730874607955378e-19,1.1408757328096517,0.5392553749208795,
8e8c0aac0b,180,272,7072,70.72,101.12547051245105,7.730874611720079e-19,1.1408757328096517,0.5040367863261934,
8e8c0aac0b,180,273,7098,70.98,101.12547051245105,7.73087461895156e-19,1.1408757328096517,0.49725314143199045,
8e8c0aac0b,180,274,7124,71.24,101.12547051245105,7.730874620907944e-19,1.1408757328096517,0.7201378091874935,
8e8c0aac0b,180,275,7150,71.5,101.12547051245105,7.730874623800388e-19,1.1408757328096517,0.4858793865077986,
8e8c0aac0b,180,276,7176,71.76,101.12547051245105,7.730874625836427e-19,1.1408757328096517,0.4510001392973447,
8e8c0aac0b,180,277,7202,72.02,101.12547051245105,7.730874627651638e-19,1.1408757328096517,0.5164969650711667,
8e8c0aac0b,180,278,7228,72.28,101.12547051245105,7.730874631740778e-19,1.1408757328096517,0.48595854879634043,
8e8c0aac0b,180,279,7254,72.54,101.12547051245105,7.730874636045541e-19,1.1408757328096517,0.4803142074007006,
8e8c0aac0b,180,280,7280,72.8,101.12547051245105,7.730874638096001e-19,1.1408757328096517,0.4473206112419996,
8e8c0aac0b,180,281,7306,73.06,101.12547051245105,7.730874639574513e-19,1.1408757328096517,0.4236762179226633,
8e8c0aac0b,180,282,7332,73.32,101.12547051245105,7.730874640776999e-19,1.1408757328096517,0.46423600752595495,
8e8c0aac0b,180,283,7358,73.58,101.12547051245105,7.730874642756059e-19,1.1408757328096517,0.5233953418508118,
8e8c0aac0b,180,284,7384,73.84,101.12547051245105,7.730874643765331e-19,1.1408757328096517,0.46455082354919375,
8e8c0aac0b,180,285,7410,74.1,101.12547051245105,7.730874644777489e-19,1.1408757328096517,0.4216623613224571,
8e8c0aac0b,180,286,7436,74.36,101.12547051245105,7.73087464665167e-19,1.1408757328096517,0.43603687262730245,
8e8c0aac0b,180,287,7462,74.62,101.12547051245105,7.730874647454975e-19,1.1408757328096517,0.5212881417588123,
8e8c0aac0b,180,288,7488,74.88,101.12547051245105,7.730874648640261e-19,1.1408757328096517,0.5092679192950946,
8e8c0aac0b,180,289,7514,75.14,101.12547051245105,7.730874650516267e-19,1.1408757328096517,0.5181034834402073,
8e8c0aac0b,180,290,7540,75.4,101.12547051245105,7.730874651869675e-19,1.1408757328096517,0.4913321549065641,
8e8c0aac0b,180,291,7566,75.66,101.12547051245105,7.730874652429524e-19,1.1408757328096517,0.506946458188021,
8e8c0aac0b,180,292,7592,75.92,101.12547051245105,7.730874653938073e-19,1.1408757328096517,0.5511731750868767,
8e8c0aac0b,180,293,7618,76.18,101.12547051245105,7.730874655746278e-19,1.1408757328096517,0.5739980822802632,
8e8c0aac0b,180,294,7644,76.44,101.12547051245105,7.730874657162911e-19,1.1408757328096517,0.5299674128798557,
8e8c0aac0b,180,295,7670,76.7,101.12547051245105,7.730874658772983e-19,1.1408757328096517,0.5445327072846559,
8e8c0aac0b,180,296,7696,76.96,101.12547051245105,7.730874659950706e-19,1.1408757328096517,0.49597644653775236,
8e8c0aac0b,180,297,7722,77.22,101.12547051245105,7.73087466037455e-19,1.1408757328096517,0.4703997944479913,
8e8c0aac0b,180,298,7748,77.48,101.12547051245105,7.730874662696678e-19,1.1408757328096517,0.4675023222860625,
8e8c0aac0b,180,299,7774,77.74,101.12547051245105,7.730874663514763e-19,1.1408757328096517,0.47897923022329064,
8e8c0aac0b,180,300,7800,78.0,101.12547051245105,7.730874663961769e-19,1.1408757328096517,0.5174476275675941,
8e8c0aac0b,180,301,7826,78.26,101.12547051245105,7.730874664534595e-19,1.1408757328096517,0.5031153509396523,
8e8c0aac0b,180,302,7852,78.52,101.12547051245105,7.730874664973152e-19,1.1408757328096517,0.5183287168612004,
8e8c0aac0b,180,303,7878,78.78,101.12547051245105,7.730874665696636e-19,1.1408757328096517,0.6155471495736918,
8e8c0aac0b,180,304,7904,79.04,101.12547051245105,7.7308746662919845e-19,1.1408757328096517,0.4559924953069848,
8e8c0aac0b,180,305,7930,79.3,101.12547051245105,7.730874666335111e-19,1.1408757328096517,0.49039874261616484,
8e8c0aac0b,180,306,7956,79.56,101.12547051245105,7.730874667283922e-19,1.1408757328096517,0.4398598745165702,
8e8c0aac0b,180,307,7982,79.82,101.12547051245105,7.730874667508891e-19,1.1408757328096517,0.579379052244748,
8e8c0aac0b,180,308,8008,80.08,101.12547051245105,7.730874668169559e-19,1.1408757328096517,0.4492828926522891,
8e8c0aac0b,180,309,8034,80.34,101.12547051245105,7.730874668814325e-19,1.1408757328096517,0.542458878438365,
8e8c0aac0b,180,310,8060,80.6,101.12547051245105,7.730874669125453e-19,1.1408757328096517,0.48109920625554925,
8e8c0aac0b,180,311,8086,80.86,101.12547051245105,7.730874669394243e-19,1.1408757328096517,0.4929505928086245,
8e8c0aac0b,180,312,8112,81.12,101.12547051245105,7.730874670027147e-19,1.1408757328096517,0.48110120360032055,
8e8c0aac0b,180,313,8138,81.38,101.12547051245105,7.730874670202896e-19,1.1408757328096517,0.4054819467665073,
8e8c0aac0b,180,314,8164,81.64,101.12547051245105,7.730874670436232e-19,1.1408757328096517,0.6242656337654893,
8e8c0aac0b,180,315,8190,81.9,101.12547051245105,7.730874670647347e-19,1.1408757328096517,0.4196752497563892,
8e8c0aac0b,180,316,8216,82.16,101.12547051245105,7.730874670954928e-19,1.1408757328096517,0.41752233474695355,
8e8c0aac0b,180,317,8242,82.42,101.12547051245105,7.730874671209676e-19,1.1408757328096517,0.5156318294034681,
8e8c0aac0b,180,318,8268,82.68,101.12547051245105,7.730874671364256e-19,1.1408757328096517,0.48211357084353423,
8e8c0aac0b,180,319,8294,82.94,101.12547051245105,7.730874671844204e-19,1.1408757328096517,0.46644939513633993,
8e8c0aac0b,180,320,8320,83.2,101.12547051245105,7.730874671915414e-19,1.1408757328096517,0.5242318314160455,
8e8c0aac0b,180,321,8346,83.46,101.12547051245105,7.7308746721761945e-19,1.1408757328096517,0.5073536037262322,
8e8c0aac0b,180,322,8372,83.72,101.12547051245105,7.730874672275387e-19,1.1408757328096517,0.4892736238146402,
8e8c0aac0b,180,323,8398,83.98,101.12547051245105,7.7308746725617955e-19,1.1408757328096517,0.4729049207197468,
8e8c0aac0b,180,324,8424,84.24,101.12547051245105,7.73087467260331e-19,1.1408757328096517,0.41677232569795036,
8e8c0aac0b,180,325,8450,84.5,101.12547051245105,7.730874672685692e-19,1.1408757328096517,0.5230044782453165,
8e8c0aac0b,180,326,8476,84.76,101.12547051245105,7.730874672911689e-19,1.1408757328096517,0.49002658685919714,
8e8c0aac0b,180,327,8502,85.02,101.12547051245105,7.73087467294404e-19,1.1408757328096517,0.5315359490970283,
8e8c0aac0b,180,328,8528,85.28,101.12547051245105,7.730874673013363e-19,1.1408757328096517,0.5222427643585972,
8e8c0aac0b,180,329,8554,85.54,101.12547051245105,7.730874673177772e-19,1.1408757328096517,0.45189894147486015,
8e8c0aac0b,180,330,8580,85.8,101.12547051245105,7.730874673491698e-19,1.1408757328096517,0.32074453787700524,
8e8c0aac0b,180,331,8606,86.06,101.12547051245105,7.730874673539274e-19,1.1408757328096517,0.5505164009426585,
8e8c0aac0b,180,332,8632,86.32,101.12547051245105,7.730874673650044e-19,1.1408757328096517,0.5966657882782342,
8e8c0aac0b,180,333,8658,86.58,101.12547051245105,7.730874673827838e-19,1.1408757328096517,0.4746129873119366,
8e8c0aac0b,180,334,8684,86.84,101.12547051245105,7.730874673985405e-19,1.1408757328096517,0.534194802720017,
8e8c0aac0b,180,335,8710,87.1,101.12547051245105,7.730874674023144e-19,1.1408757328096517,0.48531332087280904,
8e8c0aac0b,180,336,8736,87.36,101.12547051245105,7.730874674175399e-19,1.1408757328096517,0.5654790861169506,
8e8c0aac0b,180,337,8762,87.62,101.12547051245105,7.730874674247807e-19,1.1408757328096517,0.4650717742703191,
8e8c0aac0b,180,338,8788,87.88,101.12547051245105,7.730874674313628e-19,1.1408757328096517,0.5541868266258612,
8e8c0aac0b,180,339,8814,88.14,101.12547051245105,7.73087467437504e-19,1.1408757328096517,0.5140139244915415,
8e8c0aac0b,180,340,8840,88.4,101.12547051245105,7.730874674395549e-19,1.1408757328096517,0.5098619971591036,
8e8c0aac0b,180,341,8866,88.66,101.12547051245105,7.730874674429518e-19,1.1408757328096517,0.45612837432158865,
8e8c0aac0b,180,342,8892,88.92,101.12547051245105,7.730874674460589e-19,1.1408757328096517,0.45722765678355165,
8e8c0aac0b,180,343,8918,89.18,101.12547051245105,7.730874674482167e-19,1.1408757328096517,0.5182509260079666,
8e8c0aac0b,180,344,8944,89.44,101.12547051245105,7.730874674513305e-19,1.1408757328096517,0.5674214463508173,
8e8c0aac0b,180,345,8970,89.7,101.12547051245105,7.730874674522505e-19,1.1408757328096517,0.544448063425342,
8e8c0aac0b,180,346,8996,89.96,101.12547051245105,7.730874674542451e-19,1.1408757328096517,0.5483844208149163,
8e8c0aac0b,180,347,9022,90.22,101.12547051245105,7.730874674604702e-19,1.1408757328096517,0.4365963429449073,
8e8c0aac0b,180,348,9048,90.48,101.12547051245105,7.730874674631401e-19,1.1408757328096517,0.49571301955973607,
8e8c0aac0b,180,349,9074,90.74,101.12547051245105,7.730874674704953e-19,1.1408757328096517,0.49296106834182996,
8e8c0aac0b,180,350,9100,91.0,101.12547051245105,7.73087467473873e-19,1.1408757328096517,0.3886281728959092,
8e8c0aac0b,180,351,9126,91.26,101.12547051245105,7.730874674770498e-19,1.1408757328096517,0.4788227064212308,
8e8c0aac0b,180,352,9152,91.52,101.12547051245105,7.730874674819045e-19,1.1408757328096517,0.5021316488299069,
8e8c0aac0b,180,353,9178,91.78,101.12547051245105,7.730874674846596e-19,1.1408757328096517,0.4066387986880547,
8e8c0aac0b,180,354,9204,92.04,101.12547051245105,7.730874674854977e-19,1.1408757328096517,0.5247626392553438,
8e8c0aac0b,180,355,9230,92.3,101.12547051245105,7.730874674875986e-19,1.1408757328096517,0.49041072227059934,
8e8c0aac0b,180,356,9256,92.56,101.12547051245105,7.73087467490464e-19,1.1408757328096517,0.4547164055234024,
8e8c0aac0b,180,357,9282,92.82,101.12547051245105,7.73087467492715e-19,1.1408757328096517,0.35808908956774843,
8e8c0aac0b,180,358,9308,93.08,101.12547051245105,7.7308746749395775e-19,1.1408757328096517,0.5085144646684759,
8e8c0aac0b,180,359,9334,93.34,101.12547051245105,7.730874674963425e-19,1.1408757328096517,0.5019034700256052,
8e8c0aac0b,180,360,9360,93.6,101.12547051245105,7.730874674974719e-19,1.1408757328096517,0.5388893517981878,
8e8c0aac0b,180,361,9386,93.86,101.12547051245105,7.730874675000663e-19,1.1408757328096517,0.5717372912646492,
8e8c0aac0b,180,362,9412,94.12,101.12547051245105,7.730874675020312e-19,1.1408757328096517,0.6308950937022204,
8e8c0aac0b,180,363,9438,94.38,101.12547051245105,7.730874675041906e-19,1.1408757328096517,0.5517822524714103,
8e8c0aac0b,180,364,9464,94.64,101.12547051245105,7.730874675065857e-19,1.1408757328096517,0.49451116131088085,
8e8c0aac0b,180,365,9490,94.9,101.12547051245105,7.730874675072829e-19,1.1408757328096517,0.5275301564312418,
8e8c0aac0b,180,366,9516,95.16,101.12547051245105,7.730874675080131e-19,1.1408757328096517,0.4470327229296404,
8e8c0aac0b,180,367,9542,95.42,101.12547051245105,7.7308746750870845e-19,1.1408757328096517,0.5252871312817577,
8e8c0aac0b,180,368,9568,95.68,101.12547051245105,7.73087467510137e-19,1.1408757328096517,0.3883789871762616,
8e8c0aac0b,180,369,9594,95.94,101.12547051245105,7.73087467510754e-19,1.1408757328096517,0.5468151085233461,
8e8c0aac0b,180,370,9620,96.2,101.12547051245105,7.730874675118719e-19,1.1408757328096517,0.5021095362204492,
8e8c0aac0b,180,371,9646,96.46,101.12547051245105,7.730874675130592e-19,1.1408757328096517,0.38679829980453534,
8e8c0aac0b,180,372,9672,96.72,101.12547051245105,7.730874675135978e-19,1.1408757328096517,0.43544652691372526,
8e8c0aac0b,180,373,9698,96.98,101.12547051245105,7.7308746751571315e-19,1.1408757328096517,0.3681007029774415,
8e8c0aac0b,180,374,9724,97.24,101.12547051245105,7.730874675161219e-19,1.1408757328096517,0.4781422964525979,
8e8c0aac0b,180,375,9750,97.5,101.12547051245105,7.730874675178299e-19,1.1408757328096517,0.4353740908833226,
8e8c0aac0b,180,376,9776,97.76,101.12547051245105,7.730874675180766e-19,1.1408757328096517,0.37148244957903126,
8e8c0aac0b,180,377,9802,98.02,101.12547051245105,7.73087467518176e-19,1.1408757328096517,0.5497163482281365,
8e8c0aac0b,180,378,9828,98.28,101.12547051245105,7.730874675185345e-19,1.1408757328096517,0.4155582830675457,
8e8c0aac0b,180,379,9854,98.54,101.12547051245105,7.730874675195888e-19,1.1408757328096517,0.4600513801569855,
8e8c0aac0b,180,380,9880,98.8,101.12547051245105,7.730874675205356e-19,1.1408757328096517,0.5400453224314037,
8e8c0aac0b,180,381,9906,99.06,101.12547051245105,7.730874675211203e-19,1.1408757328096517,0.553154724343154,
8e8c0aac0b,180,382,9932,99.32,101.12547051245105,7.730874675216347e-19,1.1408757328096517,0.5526182366508624,
8e8c0aac0b,180,383,9958,99.58,101.12547051245105,7.730874675226268e-19,1.1408757328096517,0.5694354875505084,
8e8c0aac0b,180,384,9984,99.84,101.12547051245105,7.730874675230541e-19,1.1408757328096517,0.4615742067112087,
8e8c0aac0b,180,385,10010,100.1,101.12547051245105,7.730874675234091e-19,1.1408757328096517,0.5106199624017665,
8e8c0aac0b,180,386,10036,100.36,101.12547051245105,7.730874675235314e-19,1.1408757328096517,0.5954312095040769,
8e8c0aac0b,180,387,10062,100.62,101.12547051245105,7.730874675238264e-19,1.1408757328096517,0.4266542757458654,
8e8c0aac0b,180,388,10088,100.88,101.12547051245105,7.730874675242263e-19,1.1408757328096517,0.5106832870756357,
8e8c0aac0b,180,389,10114,101.14,101.12547051245105,7.730874675247242e-19,1.1408757328096517,0.44623954480350775,
8e8c0aac0b,180,390,10140,101.4,101.12547051245105,7.730874675257758e-19,1.1408757328096517,0.40833843985305324,
8e8c0aac0b,180,391,10166,101.66,101.12547051245105,7.730874675258556e-19,1.1408757328096517,0.5764741461482062,
8e8c0aac0b,180,392,10192,101.92,101.12547051245105,7.730874675258927e-19,1.1408757328096517,0.7624963979240038,
8e8c0aac0b,180,393,10218,102.18,101.12547051245105,7.730874675261357e-19,1.1408757328096517,0.5225370711274369,
8e8c0aac0b,180,394,10244,102.44,101.12547051245105,7.730874675263221e-19,1.1408757328096517,0.4147622166182315,
8e8c0aac0b,180,395,10270,102.7,101.12547051245105,7.730874675265688e-19,1.1408757328096517,0.41985989248469896,
8e8c0aac0b,180,396,10296,102.96,101.12547051245105,7.730874675266899e-19,1.1408757328096517,0.5018748363644272,
8e8c0aac0b,180,397,10322,103.22,101.12547051245105,7.730874675268887e-19,1.1408757328096517,0.4711360881916699,
8e8c0aac0b,180,398,10348,103.48,101.12547051245105,7.730874675270057e-19,1.1408757328096517,0.5226439878789065,
8e8c0aac0b,180,399,10374,103.74,101.12547051245105,7.730874675271365e-19,1.1408757328096517,0.41962496372325236,
8e8c0aac0b,180,400,10400,104.0,101.12547051245105,7.73087467527334e-19,1.1408757328096517,0.552762830014377,
8e8c0aac0b,180,401,10426,104.26,101.12547051245105,7.730874675275865e-19,1.1408757328096517,0.5900658040766233,
8e8c0aac0b,180,402,10452,104.52,101.12547051245105,7.730874675277444e-19,1.1408757328096517,0.5186742390021545,
8e8c0aac0b,180,403,10478,104.78,101.12547051245105,7.730874675279826e-19,1.1408757328096517,0.44749575652249973,
8e8c0aac0b,180,404,10504,105.04,101.12547051245105,7.730874675280617e-19,1.1408757328096517,0.6010961861036471,
8e8c0aac0b,180,405,10530,105.3,101.12547051245105,7.730874675281692e-19,1.1408757328096517,0.6296079307955755,
8e8c0aac0b,180,406,10556,105.56,101.12547051245105,7.730874675283501e-19,1.1408757328096517,0.40524402811317073,
8e8c0aac0b,180,407,10582,105.82,101.12547051245105,7.730874675284596e-19,1.1408757328096517,0.5201256534938855,
8e8c0aac0b,180,408,10608,106.08,101.12547051245105,7.730874675285529e-19,1.1408757328096517,0.4307511418410513,
8e8c0aac0b,180,409,10634,106.34,101.12547051245105,7.730874675286734e-19,1.1408757328096517,0.487293843013616,
8e8c0aac0b,180,410,10660,106.6,101.12547051245105,7.730874675287862e-19,1.1408757328096517,0.5187551552551083,
8e8c0aac0b,180,411,10686,106.86,101.12547051245105,7.730874675288912e-19,1.1408757328096517,0.4394899616572988,
8e8c0aac0b,180,412,10712,107.12,101.12547051245105,7.730874675289607e-19,1.1408757328096517,0.5825118063443941,
8e8c0aac0b,180,413,10738,107.38,101.12547051245105,7.730874675290358e-19,1.1408757328096517,0.5958718519686059,
8e8c0aac0b,180,414,10764,107.64,101.12547051245105,7.730874675290679e-19,1.1408757328096517,0.4564890222431888,
8e8c0aac0b,180,415,10790,107.9,101.12547051245105,7.730874675291461e-19,1.1408757328096517,0.46779990954062334,
8e8c0aac0b,180,416,10816,108.16,101.12547051245105,7.730874675291596e-19,1.1408757328096517,0.5410001780749193,
8e8c0aac0b,180,417,10842,108.42,101.12547051245105,7.730874675292526e-19,1.1408757328096517,0.48299798257823023,
8e8c0aac0b,180,418,10868,108.68,101.12547051245105,7.730874675292835e-19,1.1408757328096517,0.564772127225979,
8e8c0aac0b,180,419,10894,108.94,101.12547051245105,7.730874675293316e-19,1.1408757328096517,0.5807980124474753,
8e8c0aac0b,180,420,10920,109.2,101.12547051245105,7.730874675293723e-19,1.1408757328096517,0.4463393671811888,
8e8c0aac0b,180,421,10946,109.46,101.12547051245105,7.730874675293975e-19,1.1408757328096517,0.5307919877973056,
8e8c0aac0b,180,422,10972,109.72,101.12547051245105,7.730874675294997e-19,1.1408757328096517,0.6376419795337901,
8e8c0aac0b,180,423,10998,109.98,101.12547051245105,7.730874675295171e-19,1.1408757328096517,0.43966835164853985,
8e8c0aac0b,180,424,11024,110.24,101.12547051245105,7.730874675295371e-19,1.1408757328096517,0.3493585913488069,
8e8c0aac0b,180,425,11050,110.5,101.12547051245105,7.730874675295663e-19,1.1408757328096517,0.5582543515203486,
8e8c0aac0b,180,426,11076,110.76,101.12547051245105,7.730874675295986e-19,1.1408757328096517,0.5026502822180887,
8e8c0aac0b,180,427,11102,111.02,101.12547051245105,7.730874675296264e-19,1.1408757328096517,0.49789687709382857,
8e8c0aac0b,180,428,11128,111.28,101.12547051245105,7.730874675296768e-19,1.1408757328096517,0.6571770425975342,
8e8c0aac0b,180,429,11154,111.54,101.12547051245105,7.730874675296903e-19,1.1408757328096517,0.5658258527371035,
8e8c0aac0b,180,430,11180,111.8,101.12547051245105,7.730874675297069e-19,1.1408757328096517,0.5606087635626935,
8e8c0aac0b,180,431,11206,112.06,101.12547051245105,7.730874675297355e-19,1.1408757328096517,0.5906049834772225,
8e8c0aac0b,180,432,11232,112.32,101.12547051245105,7.730874675297503e-19,1.1408757328096517,0.4725729493602783,
8e8c0aac0b,180,433,11258,112.58,101.12547051245105,7.730874675297772e-19,1.1408757328096517,0.5794393268055712,
8e8c0aac0b,180,434,11284,112.84,101.12547051245105,7.730874675297967e-19,1.1408757328096517,0.6150060946812581,
8e8c0aac0b,180,435,11310,113.1,101.12547051245105,7.730874675298347e-19,1.1408757328096517,0.5267128791119372,
8e8c0aac0b,180,436,11336,113.36,101.12547051245105,7.730874675298528e-19,1.1408757328096517,0.4784672873828759,
8e8c0aac0b,180,437,11362,113.62,101.12547051245105,7.730874675298579e-19,1.1408757328096517,0.45862785035741654,
8e8c0aac0b,180,438,11388,113.88,101.12547051245105,7.7308746752986315e-19,1.1408757328096517,0.44756407812568516,
8e8c0aac0b,180,439,11414,114.14,101.12547051245105,7.730874675298667e-19,1.1408757328096517,0.5014621436139237,
8e8c0aac0b,180,440,11440,114.4,101.12547051245105,7.730874675298777e-19,1.1408757328096517,0.5670423595762165,
8e8c0aac0b,180,441,11466,114.66,101.12547051245105,7.730874675298852e-19,1.1408757328096517,0.5153272967879235,
8e8c0aac0b,180,442,11492,114.92,101.12547051245105,7.730874675299098e-19,1.1408757328096517,0.5147126951270938,
8e8c0aac0b,180,443,11518,115.18,101.12547051245105,7.73087467529918e-19,1.1408757328096517,0.5333985282649167,
8e8c0aac0b,180,444,11544,115.44,101.12547051245105,7.730874675299518e-19,1.1408757328096517,0.5382526834040415,
8e8c0aac0b,180,445,11570,115.7,101.12547051245105,7.730874675299619e-19,1.1408757328096517,0.33076835913607855,
8e8c0aac0b,180,446,11596,115.96,101.12547051245105,7.730874675299781e-19,1.1408757328096517,0.40946162698805183,
8e8c0aac0b,180,447,11622,116.22,101.12547051245105,7.730874675299941e-19,1.1408757328096517,0.576059211793906,
8e8c0aac0b,180,448,11648,116.48,101.12547051245105,7.730874675300041e-19,1.1408757328096517,0.3461897062591779,
8e8c0aac0b,180,449,11674,116.74,101.12547051245105,7.7308746753001145e-19,1.1408757328096517,0.6272149340156639,
8e8c0aac0b,180,450,11700,117.0,101.12547051245105,7.730874675300189e-19,1.1408757328096517,0.5015980810154076,
8e8c0aac0b,180,451,11726,117.26,101.12547051245105,7.730874675300245e-19,1.1408757328096517,0.6001159499307341,
8e8c0aac0b,180,452,11752,117.52,101.12547051245105,7.730874675300312e-19,1.1408757328096517,0.5345031324662005,
8e8c0aac0b,180,453,11778,117.78,101.12547051245105,7.730874675300357e-19,1.1408757328096517,0.5037222837840357,
8e8c0aac0b,180,454,11804,118.04,101.12547051245105,7.730874675300392e-19,1.1408757328096517,0.484737110266519,
8e8c0aac0b,180,455,11830,118.3,101.12547051245105,7.730874675300527e-19,1.1408757328096517,0.5054381714439455,
8e8c0aac0b,180,456,11856,118.56,101.12547051245105,7.730874675300592e-19,1.1408757328096517,0.6002683398917344,
8e8c0aac0b,180,457,11882,118.82,101.12547051245105,7.730874675300615e-19,1.1408757328096517,0.6003430039589764,
8e8c0aac0b,180,458,11908,119.08,101.12547051245105,7.73087467530068e-19,1.1408757328096517,0.5146485150217958,
8e8c0aac0b,180,459,11934,119.34,101.12547051245105,7.730874675300703e-19,1.1408757328096517,0.6774583357402088,
8e8c0aac0b,180,460,11960,119.6,101.12547051245105,7.73087467530074e-19,1.1408757328096517,0.5237464022168136,
8e8c0aac0b,180,461,11986,119.86,101.12547051245105,7.730874675300795e-19,1.1408757328096517,0.46806262919276453,
8e8c0aac0b,180,462,12012,120.12,101.12547051245105,7.73087467530083e-19,1.1408757328096517,0.5089824809554835,
8e8c0aac0b,180,463,12038,120.38,101.12547051245105,7.730874675300903e-19,1.1408757328096517,0.49230873170775935,
8e8c0aac0b,180,464,12064,120.64,101.12547051245105,7.73087467530092e-19,1.1408757328096517,0.4589524727593081,
8e8c0aac0b,180,465,12090,120.9,101.12547051245105,7.730874675300948e-19,1.1408757328096517,0.5241556024700721,
8e8c0aac0b,180,466,12116,121.16,101.12547051245105,7.730874675300973e-19,1.1408757328096517,0.30448305541550114,
8e8c0aac0b,180,467,12142,121.42,101.12547051245105,7.730874675301002e-19,1.1408757328096517,0.4155292378775839,
8e8c0aac0b,180,468,12168,121.68,101.12547051245105,7.730874675301019e-19,1.1408757328096517,0.5034478960692615,
8e8c0aac0b,180,469,12194,121.94,101.12547051245105,7.730874675301042e-19,1.1408757328096517,0.5744513657179942,
8e8c0aac0b,180,470,12220,122.2,101.12547051245105,7.730874675301047e-19,1.1408757328096517,0.4865930550500007,
8e8c0aac0b,180,471,12246,122.46,101.12547051245105,7.730874675301062e-19,1.1408757328096517,0.5545799896449427,
8e8c0aac0b,180,472,12272,122.72,101.12547051245105,7.73087467530107e-19,1.1408757328096517,0.6146846797642027,
8e8c0aac0b,180,473,12298,122.98,101.12547051245105,7.730874675301078e-19,1.1408757328096517,0.5889673053945672,
8e8c0aac0b,180,474,12324,123.24,101.12547051245105,7.730874675301096e-19,1.1408757328096517,0.47370917673438745,
8e8c0aac0b,180,475,12350,123.5,101.12547051245105,7.73087467530111e-19,1.1408757328096517,0.52028307964581,
8e8c0aac0b,180,476,12376,123.76,101.12547051245105,7.730874675301124e-19,1.1408757328096517,0.5040206294287517,
8e8c0aac0b,180,477,12402,124.02,101.12547051245105,7.730874675301137e-19,1.1408757328096517,0.5208447684723077,
8e8c0aac0b,180,478,12428,124.28,101.12547051245105,7.730874675301146e-19,1.1408757328096517,0.5303936339490308,
8e8c0aac0b,180,479,12454,124.54,101.12547051245105,7.730874675301151e-19,1.1408757328096517,0.5201086641067391,
8e8c0aac0b,180,480,12480,124.8,101.12547051245105,7.730874675301164e-19,1.1408757328096517,0.4466718736822292,
8e8c0aac0b,180,481,12506,125.06,101.12547051245105,7.730874675301165e-19,1.1408757328096517,0.4896631564139573,
8e8c0aac0b,180,482,12532,125.32,101.12547051245105,7.730874675301186e-19,1.1408757328096517,0.45169612335717746,
8e8c0aac0b,180,483,12558,125.58,101.12547051245105,7.730874675301202e-19,1.1408757328096517,0.5120039766256812,
8e8c0aac0b,180,484,12584,125.84,101.12547051245105,7.730874675301224e-19,1.1408757328096517,0.5300390684905226,
8e8c0aac0b,180,485,12610,126.1,101.12547051245105,7.73087467530123e-19,1.1408757328096517,0.6179884329693422,
8e8c0aac0b,180,486,12636,126.36,101.12547051245105,7.73087467530124e-19,1.1408757328096517,0.5829286999505334,
8e8c0aac0b,180,487,12662,126.62,101.12547051245105,7.730874675301253e-19,1.1408757328096517,0.4541450792200571,
8e8c0aac0b,180,488,12688,126.88,101.12547051245105,7.730874675301263e-19,1.1408757328096517,0.5028068772006088,
8e8c0aac0b,180,489,12714,127.14,101.12547051245105,7.730874675301266e-19,1.1408757328096517,0.4709011811633227,
8e8c0aac0b,180,490,12740,127.4,101.12547051245105,7.730874675301271e-19,1.1408757328096517,0.4693515346703581,
8e8c0aac0b,180,491,12766,127.66,101.12547051245105,7.730874675301279e-19,1.1408757328096517,0.49476715236934704,
8e8c0aac0b,180,492,12792,127.92,101.12547051245105,7.730874675301283e-19,1.1408757328096517,0.5765069071425262,
8e8c0aac0b,180,493,12818,128.18,101.12547051245105,7.73087467530129e-19,1.1408757328096517,0.4691592455237262,
8e8c0aac0b,180,494,12844,128.44,101.12547051245105,7.730874675301295e-19,1.1408757328096517,0.40678080654396825,
8e8c0aac0b,180,495,12870,128.7,101.12547051245105,7.730874675301295e-19,1.1408757328096517,0.6081178288442385,
8e8c0aac0b,180,496,12896,128.96,101.12547051245105,7.7308746753013e-19,1.1408757328096517,0.5599356235687893,
8e8c0aac0b,180,497,12922,129.22,101.12547051245105,7.730874675301301e-19,1.1408757328096517,0.5525658826179681,
8e8c0aac0b,180,498,12948,129.48,101.12547051245105,7.730874675301313e-19,1.1408757328096517,0.5262368785638862,
8e8c0aac0b,180,499,12974,129.74,101.12547051245105,7.730874675301314e-19,1.1408757328096517,0.4421781230435277,
8e8c0aac0b,180,500,13000,130.0,101.12547051245105,7.730874675301312e-19,1.1408757328096517,0.571351650428896,
8e8c0aac0b,180,501,13026,130.26,101.12547051245105,7.730874675301314e-19,1.1408757328096517,0.4443279477832969,
8e8c0aac0b,180,502,13052,130.52,101.12547051245105,7.730874675301317e-19,1.1408757328096517,0.5885592325377884,
8e8c0aac0b,180,503,13078,130.78,101.12547051245105,7.73087467530132e-19,1.1408757328096517,0.5251312675351791,
8e8c0aac0b,180,504,13104,131.04,101.12547051245105,7.730874675301324e-19,1.1408757328096517,0.3278524219901859,
8e8c0aac0b,180,505,13130,131.3,101.12547051245105,7.730874675301326e-19,1.1408757328096517,0.5842366024257565,
8e8c0aac0b,180,506,13156,131.56,101.12547051245105,7.730874675301325e-19,1.1408757328096517,0.5023320511191602,
8e8c0aac0b,180,507,13182,131.82,101.12547051245105,7.730874675301331e-19,1.1408757328096517,0.5254535760977095,
8e8c0aac0b,180,508,13208,132.08,101.12547051245105,7.73087467530133e-19,1.1408757328096517,0.5250287130590142,
8e8c0aac0b,180,509,13234,132.34,101.12547051245105,7.730874675301332e-19,1.1408757328096517,0.498087600332901,
8e8c0aac0b,180,510,13260,132.6,101.12547051245105,7.730874675301333e-19,1.1408757328096517,0.48498432145745896,
8e8c0aac0b,180,511,13286,132.86,101.12547051245105,7.730874675301334e-19,1.1408757328096517,0.39491658960123904,
8e8c0aac0b,180,512,13312,133.12,101.12547051245105,7.730874675301339e-19,1.1408757328096517,0.42637465616385983,
8e8c0aac0b,180,513,13338,133.38,101.12547051245105,7.73087467530133e-19,1.1408757328096517,0.6472482725260457,
8e8c0aac0b,180,514,13364,133.64,101.12547051245105,7.730874675301339e-19,1.1408757328096517,0.47784828166832893,
8e8c0aac0b,180,515,13390,133.9,101.12547051245105,7.730874675301336e-19,1.1408757328096517,0.5576523839477964,
8e8c0aac0b,180,516,13416,134.16,101.12547051245105,7.730874675301336e-19,1.1408757328096517,0.6048360671731733,
8e8c0aac0b,180,517,13442,134.42,101.12547051245105,7.730874675301339e-19,1.1408757328096517,0.5243391039977575,
8e8c0aac0b,180,518,13468,134.68,101.12547051245105,7.730874675301336e-19,1.1408757328096517,0.5781146964345676,
8e8c0aac0b,180,519,13494,134.94,101.12547051245105,7.730874675301338e-19,1.1408757328096517,0.5025507680116151,
8e8c0aac0b,180,520,13520,135.2,101.12547051245105,7.730874675301339e-19,1.1408757328096517,0.5347883028572646,
8e8c0aac0b,180,521,13546,135.46,101.12547051245105,7.73087467530134e-19,1.1408757328096517,0.4480497581037496,
8e8c0aac0b,180,522,13572,135.72,101.12547051245105,7.730874675301343e-19,1.1408757328096517,0.6495810680698372,
8e8c0aac0b,180,523,13598,135.98,101.12547051245105,7.730874675301341e-19,1.1408757328096517,0.5322226775050164,
8e8c0aac0b,180,524,13624,136.24,101.12547051245105,7.730874675301342e-19,1.1408757328096517,0.42756507481619227,
8e8c0aac0b,180,525,13650,136.5,101.12547051245105,7.73087467530134e-19,1.1408757328096517,0.38921299529657094,
8e8c0aac0b,180,526,13676,136.76,101.12547051245105,7.730874675301343e-19,1.1408757328096517,0.7434813704202652,
8e8c0aac0b,180,527,13702,137.02,101.12547051245105,7.730874675301346e-19,1.1408757328096517,0.5018131135252036,
8e8c0aac0b,180,528,13728,137.28,101.12547051245105,7.730874675301343e-19,1.1408757328096517,0.48799811794183845,
8e8c0aac0b,180,529,13754,137.54,101.12547051245105,7.730874675301348e-19,1.1408757328096517,0.5088369647461968,
8e8c0aac0b,180,530,13780,137.8,101.12547051245105,7.730874675301345e-19,1.1408757328096517,0.4427496682317809,
8e8c0aac0b,180,531,13806,138.06,101.12547051245105,7.730874675301348e-19,1.1408757328096517,0.45038566890437387,
8e8c0aac0b,180,532,13832,138.32,101.12547051245105,7.730874675301346e-19,1.1408757328096517,0.5799249175687314,
8e8c0aac0b,180,533,13858,138.58,101.12547051245105,7.730874675301345e-19,1.1408757328096517,0.5260287354475343,
8e8c0aac0b,180,534,13884,138.84,101.12547051245105,7.730874675301348e-19,1.1408757328096517,0.6711621268151051,
8e8c0aac0b,180,535,13910,139.1,101.12547051245105,7.730874675301353e-19,1.1408757328096517,0.513333646616764,
8e8c0aac0b,180,536,13936,139.36,101.12547051245105,7.730874675301344e-19,1.1408757328096517,0.45280817227063586,
8e8c0aac0b,180,537,13962,139.62,101.12547051245105,7.73087467530134e-19,1.1408757328096517,0.41225124539744573,
8e8c0aac0b,180,538,13988,139.88,101.12547051245105,7.730874675301351e-19,1.1408757328096517,0.5901067809550615,
8e8c0aac0b,180,539,14014,140.14,101.12547051245105,7.730874675301346e-19,1.1408757328096517,0.467280995670282,
8e8c0aac0b,180,540,14040,140.4,101.12547051245105,7.730874675301346e-19,1.1408757328096517,0.5272928893454355,
8e8c0aac0b,180,541,14066,140.66,101.12547051245105,7.730874675301351e-19,1.1408757328096517,0.4790945675079083,
8e8c0aac0b,180,542,14092,140.92,101.12547051245105,7.730874675301348e-19,1.1408757328096517,0.496434386456491,
8e8c0aac0b,180,543,14118,141.18,101.12547051245105,7.730874675301349e-19,1.1408757328096517,0.4027813848683754,
8e8c0aac0b,180,544,14144,141.44,101.12547051245105,7.730874675301349e-19,1.1408757328096517,0.44525424559389054,
8e8c0aac0b,180,545,14170,141.7,101.12547051245105,7.730874675301354e-19,1.1408757328096517,0.5263388892272972,
8e8c0aac0b,180,546,14196,141.96,101.12547051245105,7.730874675301346e-19,1.1408757328096517,0.4192533966789677,
8e8c0aac0b,180,547,14222,142.22,101.12547051245105,7.730874675301346e-19,1.1408757328096517,0.40730354122139595,
8e8c0aac0b,180,548,14248,142.48,101.12547051245105,7.730874675301345e-19,1.1408757328096517,0.4011709478413097,
8e8c0aac0b,180,549,14274,142.74,101.12547051245105,7.730874675301346e-19,1.1408757328096517,0.4247338461672073,
8e8c0aac0b,180,550,14300,143.0,101.12547051245105,7.730874675301351e-19,1.1408757328096517,0.48058949299819775,
8e8c0aac0b,180,551,14326,143.26,101.12547051245105,7.730874675301351e-19,1.1408757328096517,0.46054422956873114,
8e8c0aac0b,180,552,14352,143.52,101.12547051245105,7.73087467530135e-19,1.1408757328096517,0.4083806071240774,
8e8c0aac0b,180,553,14378,143.78,101.12547051245105,7.730874675301348e-19,1.1408757328096517,0.5389009100977258,
8e8c0aac0b,180,554,14404,144.04,101.12547051245105,7.730874675301352e-19,1.1408757328096517,0.47297084771763237,
8e8c0aac0b,180,555,14430,144.3,101.12547051245105,7.73087467530135e-19,1.1408757328096517,0.44994970907301896,
8e8c0aac0b,180,556,14456,144.56,101.12547051245105,7.730874675301349e-19,1.1408757328096517,0.6176860115587445,
8e8c0aac0b,180,557,14482,144.82,101.12547051245105,7.730874675301352e-19,1.1408757328096517,0.45725607528778667,
8e8c0aac0b,180,558,14508,145.08,101.12547051245105,7.730874675301353e-19,1.1408757328096517,0.5008034226383694,
8e8c0aac0b,180,559,14534,145.34,101.12547051245105,7.730874675301352e-19,1.1408757328096517,0.4963072158398867,
8e8c0aac0b,180,560,14560,145.6,101.12547051245105,7.73087467530135e-19,1.1408757328096517,0.41682193727669753,
8e8c0aac0b,180,561,14586,145.86,101.12547051245105,7.730874675301352e-19,1.1408757328096517,0.615549307417211,
8e8c0aac0b,180,562,14612,146.12,101.12547051245105,7.730874675301349e-19,1.1408757328096517,0.5978138810787362,
8e8c0aac0b,180,563,14638,146.38,101.12547051245105,7.73087467530135e-19,1.1408757328096517,0.4795604595132155,
8e8c0aac0b,180,564,14664,146.64,101.12547051245105,7.730874675301352e-19,1.1408757328096517,0.4773908733355184,
8e8c0aac0b,180,565,14690,146.9,101.12547051245105,7.730874675301349e-19,1.1408757328096517,0.4973113769875535,
8e8c0aac0b,180,566,14716,147.16,101.12547051245105,7.730874675301352e-19,1.1408757328096517,0.552968844480466,
8e8c0aac0b,180,567,14742,147.42,101.12547051245105,7.730874675301351e-19,1.1408757328096517,0.5828456024740016,
8e8c0aac0b,180,568,14768,147.68,101.12547051245105,7.730874675301351e-19,1.1408757328096517,0.5229245307232221,
8e8c0aac0b,180,569,14794,147.94,101.12547051245105,7.73087467530135e-19,1.1408757328096517,0.5715502270550038,
8e8c0aac0b,180,570,14820,148.2,101.12547051245105,7.730874675301348e-19,1.1408757328096517,0.43594709122225134,
8e8c0aac0b,180,571,14846,148.46,101.12547051245105,7.730874675301352e-19,1.1408757328096517,0.5755320693565746,
8e8c0aac0b,180,572,14872,148.72,101.12547051245105,7.730874675301354e-19,1.1408757328096517,0.38794247744820654,
8e8c0aac0b,180,573,14898,148.98,101.12547051245105,7.730874675301353e-19,1.1408757328096517,0.44080872139802063,
8e8c0aac0b,180,574,14924,149.24,101.12547051245105,7.73087467530135e-19,1.1408757328096517,0.4920852635056566,
8e8c0aac0b,180,575,14950,149.5,101.12547051245105,7.73087467530135e-19,1.1408757328096517,0.385206522947026,
8e8c0aac0b,180,576,14976,149.76,101.12547051245105,7.730874675301352e-19,1.1408757328096517,0.43035056512734815,
8e8c0aac0b,180,577,15002,150.02,101.12547051245105,7.730874675301354e-19,1.1408757328096517,0.48212819370883353,
8e8c0aac0b,180,578,15028,150.28,101.12547051245105,7.730874675301351e-19,1.1408757328096517,0.5812957345167797,
8e8c0aac0b,180,579,15054,150.54,101.12547051245105,7.730874675301355e-19,1.1408757328096517,0.5255929548316196,
8e8c0aac0b,180,580,15080,150.8,101.12547051245105,7.730874675301353e-19,1.1408757328096517,0.4031218010316365,
8e8c0aac0b,180,581,15106,151.06,101.12547051245105,7.730874675301349e-19,1.1408757328096517,0.4088749356983427,
8e8c0aac0b,180,582,15132,151.32,101.12547051245105,7.730874675301349e-19,1.1408757328096517,0.4404007345801099,
8e8c0aac0b,180,583,15158,151.58,101.12547051245105,7.730874675301352e-19,1.1408757328096517,0.582786596034265,
8e8c0aac0b,180,584,15184,151.84,101.12547051245105,7.730874675301351e-19,1.1408757328096517,0.5242659167348007,
8e8c0aac0b,180,585,15210,152.1,101.12547051245105,7.730874675301353e-19,1.1408757328096517,0.47066969904798595,
8e8c0aac0b,180,586,15236,152.36,101.12547051245105,7.730874675301351e-19,1.1408757328096517,0.4982658230188225,
8e8c0aac0b,180,587,15262,152.62,101.12547051245105,7.730874675301351e-19,1.1408757328096517,0.4516697111719108,
8e8c0aac0b,180,588,15288,152.88,101.12547051245105,7.730874675301353e-19,1.1408757328096517,0.5523795380318253,
8e8c0aac0b,180,589,15314,153.14,101.12547051245105,7.73087467530135e-19,1.1408757328096517,0.5666155514697625,
8e8c0aac0b,180,590,15340,153.4,101.12547051245105,7.730874675301355e-19,1.1408757328096517,0.4453164257650933,
8e8c0aac0b,180,591,15366,153.66,101.12547051245105,7.730874675301354e-19,1.1408757328096517,0.45054751802277926,
8e8c0aac0b,180,592,15392,153.92,101.12547051245105,7.730874675301349e-19,1.1408757328096517,0.5065280365508742,
8e8c0aac0b,180,593,15418,154.18,101.12547051245105,7.730874675301353e-19,1.1408757328096517,0.493161030401107,
8e8c0aac0b,180,594,15444,154.44,101.12547051245105,7.730874675301352e-19,1.1408757328096517,0.49435483946566455,
8e8c0aac0b,180,595,15470,154.7,101.12547051245105,7.730874675301354e-19,1.1408757328096517,0.4703766080430028,
8e8c0aac0b,180,596,15496,154.96,101.12547051245105,7.730874675301355e-19,1.1408757328096517,0.4031672739181432,
8e8c0aac0b,180,597,15522,155.22,101.12547051245105,7.730874675301352e-19,1.1408757328096517,0.5944306651923111,
8e8c0aac0b,180,598,15548,155.48,101.12547051245105,7.730874675301349e-19,1.1408757328096517,0.5712913383068087,
8e8c0aac0b,180,599,15574,155.74,101.12547051245105,7.730874675301352e-19,1.1408757328096517,0.4080300760806933,
8e8c0aac0b,180,600,15600,156.0,101.12547051245105,7.730874675301351e-19,1.1408757328096517,0.5288505924603454,
8e8c0aac0b,180,601,15626,156.26,101.12547051245105,7.730874675301351e-19,1.1408757328096517,0.5453225380128934,
8e8c0aac0b,180,602,15652,156.52,101.12547051245105,7.730874675301354e-19,1.1408757328096517,0.5268636058035553,
8e8c0aac0b,180,603,15678,156.78,101.12547051245105,7.730874675301349e-19,1.1408757328096517,0.42666897077450966,
8e8c0aac0b,180,604,15704,157.04,101.12547051245105,7.730874675301351e-19,1.1408757328096517,0.5666242905583927,
8e8c0aac0b,180,605,15730,157.3,101.12547051245105,7.730874675301349e-19,1.1408757328096517,0.5591821236282403,
8e8c0aac0b,180,606,15756,157.56,101.12547051245105,7.730874675301351e-19,1.1408757328096517,0.4997457530975895,
8e8c0aac0b,180,607,15782,157.82,101.12547051245105,7.730874675301352e-19,1.1408757328096517,0.45678124164762146,
8e8c0aac0b,180,608,15808,158.08,101.12547051245105,7.730874675301346e-19,1.1408757328096517,0.49284356199844875,
8e8c0aac0b,180,609,15834,158.34,101.12547051245105,7.730874675301352e-19,1.1408757328096517,0.4888964769482616,
8e8c0aac0b,180,610,15860,158.6,101.12547051245105,7.730874675301353e-19,1.1408757328096517,0.38250253497011355,
8e8c0aac0b,180,611,15886,158.86,101.12547051245105,7.730874675301353e-19,1.1408757328096517,0.424956615011867,
8e8c0aac0b,180,612,15912,159.12,101.12547051245105,7.730874675301355e-19,1.1408757328096517,0.4294718625917902,
8e8c0aac0b,180,613,15938,159.38,101.12547051245105,7.73087467530135e-19,1.1408757328096517,0.39464360003741455,
8e8c0aac0b,180,614,15964,159.64,101.12547051245105,7.730874675301354e-19,1.1408757328096517,0.5620832375703523,
8e8c0aac0b,180,615,15990,159.9,101.12547051245105,7.73087467530135e-19,1.1408757328096517,0.3656070462450669,
8e8c0aac0b,180,616,16016,160.16,101.12547051245105,7.730874675301346e-19,1.1408757328096517,0.48103412208020996,
8e8c0aac0b,180,617,16042,160.42,101.12547051245105,7.73087467530135e-19,1.1408757328096517,0.6008739633376996,
8e8c0aac0b,180,618,16068,160.68,101.12547051245105,7.73087467530135e-19,1.1408757328096517,0.5691033729521336,
8e8c0aac0b,180,619,16094,160.94,101.12547051245105,7.730874675301349e-19,1.1408757328096517,0.3695527252936724,
8e8c0aac0b,180,620,16120,161.2,101.12547051245105,7.730874675301351e-19,1.1408757328096517,0.47653012626727953,
8e8c0aac0b,180,621,16146,161.46,101.12547051245105,7.730874675301357e-19,1.1408757328096517,0.4293989148302589,
8e8c0aac0b,180,622,16172,161.72,101.12547051245105,7.730874675301353e-19,1.1408757328096517,0.5069524068490657,
8e8c0aac0b,180,623,16198,161.98,101.12547051245105,7.730874675301354e-19,1.1408757328096517,0.6860766913642458,
8e8c0aac0b,180,624,16224,162.24,101.12547051245105,7.73087467530135e-19,1.1408757328096517,0.4684364972035177,
8e8c0aac0b,180,625,16250,162.5,101.12547051245105,7.730874675301352e-19,1.1408757328096517,0.508772514917658,
8e8c0aac0b,180,626,16276,162.76,101.12547051245105,7.730874675301348e-19,1.1408757328096517,0.4648727703068041,
8e8c0aac0b,180,627,16302,163.02,101.12547051245105,7.730874675301354e-19,1.1408757328096517,0.5088767101378322,
8e8c0aac0b,180,628,16328,163.28,101.12547051245105,7.73087467530135e-19,1.1408757328096517,0.5589505780526615,
8e8c0aac0b,180,629,16354,163.54,101.12547051245105,7.730874675301353e-19,1.1408757328096517,0.5444958683026554,
8e8c0aac0b,180,630,16380,163.8,101.12547051245105,7.730874675301354e-19,1.1408757328096517,0.5159387920534938,
8e8c0aac0b,180,631,16406,164.06,101.12547051245105,7.730874675301353e-19,1.1408757328096517,0.37043357035974145,
8e8c0aac0b,180,632,16432,164.32,101.12547051245105,7.730874675301349e-19,1.1408757328096517,0.5146726312795934,
8e8c0aac0b,180,633,16458,164.58,101.12547051245105,7.730874675301352e-19,1.1408757328096517,0.5530239710116623,
8e8c0aac0b,180,634,16484,164.84,101.12547051245105,7.73087467530135e-19,1.1408757328096517,0.45630291620305174,
8e8c0aac0b,180,635,16510,165.1,101.12547051245105,7.730874675301354e-19,1.1408757328096517,0.6693894331131958,
8e8c0aac0b,180,636,16536,165.36,101.12547051245105,7.730874675301351e-19,1.1408757328096517,0.515996296957306,
8e8c0aac0b,180,637,16562,165.62,101.12547051245105,7.730874675301349e-19,1.1408757328096517,0.4273533730414223,
8e8c0aac0b,180,638,16588,165.88,101.12547051245105,7.73087467530135e-19,1.1408757328096517,0.4443036524463267,
8e8c0aac0b,180,639,16614,166.14,101.12547051245105,7.730874675301354e-19,1.1408757328096517,0.537176586509692,
8e8c0aac0b,180,640,16640,166.4,101.12547051245105,7.730874675301352e-19,1.1408757328096517,0.4462443012003755,
8e8c0aac0b,180,641,16666,166.66,101.12547051245105,7.730874675301351e-19,1.1408757328096517,0.4746011122573929,
8e8c0aac0b,180,642,16692,166.92,101.12547051245105,7.730874675301352e-19,1.1408757328096517,0.5866560358460019,
8e8c0aac0b,180,643,16718,167.18,101.12547051245105,7.730874675301353e-19,1.1408757328096517,0.4762040644418414,
8e8c0aac0b,180,644,16744,167.44,101.12547051245105,7.730874675301352e-19,1.1408757328096517,0.4590327312644666,
8e8c0aac0b,180,645,16770,167.7,101.12547051245105,7.730874675301357e-19,1.1408757328096517,0.34436392165310586,
8e8c0aac0b,180,646,16796,167.96,101.12547051245105,7.730874675301351e-19,1.1408757328096517,0.43639945840565797,
8e8c0aac0b,180,647,16822,168.22,101.12547051245105,7.730874675301352e-19,1.1408757328096517,0.4269499157034371,
8e8c0aac0b,180,648,16848,168.48,101.12547051245105,7.730874675301349e-19,1.1408757328096517,0.5414942557921822,
8e8c0aac0b,180,649,16874,168.74,101.12547051245105,7.730874675301357e-19,1.1408757328096517,0.47305238542840367,
8e8c0aac0b,180,650,16900,169.0,101.12547051245105,7.730874675301351e-19,1.1408757328096517,0.6196559389282557,
8e8c0aac0b,180,651,16926,169.26,101.12547051245105,7.73087467530135e-19,1.1408757328096517,0.34479230272026495,
8e8c0aac0b,180,652,16952,169.52,101.12547051245105,7.730874675301353e-19,1.1408757328096517,0.5979190134384063,
8e8c0aac0b,180,653,16978,169.78,101.12547051245105,7.730874675301354e-19,1.1408757328096517,0.6696954527587476,
8e8c0aac0b,180,654,17004,170.04,101.12547051245105,7.730874675301351e-19,1.1408757328096517,0.6007797171375762,
8e8c0aac0b,180,655,17030,170.3,101.12547051245105,7.73087467530135e-19,1.1408757328096517,0.3793010833562738,
8e8c0aac0b,180,656,17056,170.56,101.12547051245105,7.730874675301354e-19,1.1408757328096517,0.5236141079494163,
8e8c0aac0b,180,657,17082,170.82,101.12547051245105,7.73087467530135e-19,1.1408757328096517,0.5086258809022383,
8e8c0aac0b,180,658,17108,171.08,101.12547051245105,7.730874675301349e-19,1.1408757328096517,0.5016818516935077,
8e8c0aac0b,180,659,17134,171.34,101.12547051245105,7.730874675301348e-19,1.1408757328096517,0.4414317082984324,
8e8c0aac0b,180,660,17160,171.6,101.12547051245105,7.730874675301351e-19,1.1408757328096517,0.4558708523779016,
8e8c0aac0b,180,661,17186,171.86,101.12547051245105,7.730874675301355e-19,1.1408757328096517,0.4870247332980105,
8e8c0aac0b,180,662,17212,172.12,101.12547051245105,7.730874675301351e-19,1.1408757328096517,0.48976413745164504,
8e8c0aac0b,180,663,17238,172.38,101.12547051245105,7.730874675301352e-19,1.1408757328096517,0.47676180306269805,
8e8c0aac0b,180,664,17264,172.64,101.12547051245105,7.730874675301346e-19,1.1408757328096517,0.5026716064831979,
8e8c0aac0b,180,665,17290,172.9,101.12547051245105,7.730874675301346e-19,1.1408757328096517,0.4014579316649104,
8e8c0aac0b,180,666,17316,173.16,101.12547051245105,7.73087467530135e-19,1.1408757328096517,0.501764783100434,
8e8c0aac0b,180,667,17342,173.42,101.12547051245105,7.73087467530135e-19,1.1408757328096517,0.42977018813381207,
8e8c0aac0b,180,668,17368,173.68,101.12547051245105,7.730874675301351e-19,1.1408757328096517,0.5617271648711709,
8e8c0aac0b,180,669,17394,173.94,101.12547051245105,7.730874675301353e-19,1.1408757328096517,0.4574649310447006,
8e8c0aac0b,180,670,17420,174.2,101.12547051245105,7.730874675301349e-19,1.1408757328096517,0.5539452027006806,
8e8c0aac0b,180,671,17446,174.46,101.12547051245105,7.730874675301348e-19,1.1408757328096517,0.6070098662211382,
8e8c0aac0b,180,672,17472,174.72,101.12547051245105,7.730874675301352e-19,1.1408757328096517,0.42267224520120394,
8e8c0aac0b,180,673,17498,174.98,101.12547051245105,7.730874675301354e-19,1.1408757328096517,0.44251013309733467,
8e8c0aac0b,180,674,17524,175.24,101.12547051245105,7.730874675301353e-19,1.1408757328096517,0.5135300044950157,
8e8c0aac0b,180,675,17550,175.5,101.12547051245105,7.730874675301349e-19,1.1408757328096517,0.447514753985079,
8e8c0aac0b,180,676,17576,175.76,101.12547051245105,7.730874675301353e-19,1.1408757328096517,0.5201314632775451,
8e8c0aac0b,180,677,17602,176.02,101.12547051245105,7.730874675301349e-19,1.1408757328096517,0.5659912444485734,
8e8c0aac0b,180,678,17628,176.28,101.12547051245105,7.730874675301351e-19,1.1408757328096517,0.5252594037874009,
8e8c0aac0b,180,679,17654,176.54,101.12547051245105,7.730874675301348e-19,1.1408757328096517,0.48788573774259186,
8e8c0aac0b,180,680,17680,176.8,101.12547051245105,7.730874675301353e-19,1.1408757328096517,0.504355633104191,
8e8c0aac0b,180,681,17706,177.06,101.12547051245105,7.730874675301352e-19,1.1408757328096517,0.6307706149612304,
8e8c0aac0b,180,682,17732,177.32,101.12547051245105,7.73087467530135e-19,1.1408757328096517,0.5814241777922972,
8e8c0aac0b,180,683,17758,177.58,101.12547051245105,7.730874675301348e-19,1.1408757328096517,0.40180283589081006,
8e8c0aac0b,180,684,17784,177.84,101.12547051245105,7.730874675301348e-19,1.1408757328096517,0.40428488590215567,
8e8c0aac0b,180,685,17810,178.1,101.12547051245105,7.730874675301349e-19,1.1408757328096517,0.5236245494199457,
8e8c0aac0b,180,686,17836,178.36,101.12547051245105,7.730874675301354e-19,1.1408757328096517,0.46824076809478793,
8e8c0aac0b,180,687,17862,178.62,101.12547051245105,7.730874675301347e-19,1.1408757328096517,0.5123783024053521,
8e8c0aac0b,180,688,17888,178.88,101.12547051245105,7.73087467530135e-19,1.1408757328096517,0.488899981196286,
8e8c0aac0b,180,689,17914,179.14,101.12547051245105,7.73087467530135e-19,1.1408757328096517,0.5448263571437661,
8e8c0aac0b,180,690,17940,179.4,101.12547051245105,7.730874675301353e-19,1.1408757328096517,0.4178450787103483,
8e8c0aac0b,180,691,17966,179.66,101.12547051245105,7.73087467530135e-19,1.1408757328096517,0.44142381821502524,
8e8c0aac0b,180,692,17992,179.92,101.12547051245105,,1.1408757328096517,0.4323598442471012,
937661b716,180,0,0,0.0,516651013610901.0,24.27971694693723,119640441474639.08,63954977680228.8,"ProjectedCommonDirectionsConfig(subspace_no_grads=1, subspace_no_updates=1, subspace_frac_random=0.05, direction_str=sd, random_proj=True, random_proj_dim_frac=0.2, ensemble=haar, inner_use_full_grad=True, orth_P_k=True, beta=0.001, tau=0.5, c_const=inf, N_try=200, alpha_max=100, p_const=1)"
937661b716,180,1,26,0.26,189626837486360.34,8.455758479331767,72481849251834.28,29079177254604.496,
937661b716,180,2,52,0.52,712954632602.2379,0.5749819611386998,4444371066901.771,1594727796685.9224,
937661b716,180,3,78,0.78,66421740052.00981,0.18410677840185102,1356545884110.7056,645807474569.2101,
937661b716,180,4,104,1.04,12648478648.369806,0.08321916879167911,591968378341.9138,183272310686.26102,
937661b716,180,5,130,1.3,3704184843.217067,0.046593706908596134,320350704408.5299,155545448761.17407,
937661b716,180,6,156,1.56,1563513630.1469476,0.032295792533416946,208127844197.24722,87520989841.53398,
937661b716,180,7,182,1.82,1204509655.9803455,0.02875879189655402,182677259914.9189,70071885541.15634,
937661b716,180,8,208,2.08,1047901960.6643723,0.013662100791708447,170388260631.56152,81481009374.213,
937661b716,180,9,234,2.34,7912.856581798055,3.7482342871775654e-05,465214247.7050781,199530780.13276514,
937661b716,180,10,260,2.6,102.3373855775805,4.7006049764664726e-07,5794493.175663921,2157773.1989986706,
937661b716,180,11,286,2.86,101.12631342813195,1.2589138872031954e-08,152816.76097186332,67825.12874018514,
937661b716,180,12,312,3.12,101.12547339585774,7.385161880882932e-10,8935.209072220017,3704.9785947735654,
937661b716,180,13,338,3.38,101.12547052691936,4.872498782545379e-11,584.9422026561414,246.19051067897652,
937661b716,180,14,364,3.64,101.1254705141135,8.069286462703705e-12,48.078939005513476,23.25614745048253,
937661b716,180,15,390,3.9,101.12547051391515,4.859720410753682e-12,57.534497040692436,23.63012451956782,
937661b716,180,16,416,4.16,101.12547051382808,5.364980018712952e-16,6.486706952405747,1.9599750629733448,
937661b716,180,17,442,4.42,101.1254705134656,6.73424236954833e-17,6.482941459023814,3.118032394342645,
937661b716,180,18,468,4.68,101.12547051344532,1.6911769997450702e-17,6.482866374888531,2.62866800892983,
937661b716,180,19,494,4.94,101.12547051344532,1.6960241158821976e-17,6.482866374888531,3.1689780330100263,
937661b716,180,20,520,5.2,101.12547051344532,8.492415112924143e-18,6.482866374888531,3.2434250583520483,
937661b716,180,21,546,5.46,101.12547051344532,5.453264295775079e-16,6.482866374888531,3.160850135083537,
937661b716,180,22,572,5.72,101.12547051342558,3.494500986114813e-14,6.479778804185185,4.126924231653419,
937661b716,180,23,598,5.98,101.12547051321546,6.341160347711138e-17,6.007760185188319,2.597462432318319,
937661b716,180,24,624,6.24,101.12547051319515,1.589375901915415e-17,6.007731621506791,2.7526432877723286,
937661b716,180,25,650,6.5,101.12547051319515,6.516673025340518e-14,6.007731621506791,2.341612848739664,
937661b716,180,26,676,6.76,101.12547051297823,4.3510137360177364e-16,5.125765688461308,2.188102773010697,
937661b716,180,27,702,7.02,101.12547051292499,2.722262633630239e-17,5.123784894642935,2.3004089815236815,
937661b716,180,28,728,7.28,101.12547051291575,2.724534964946988e-17,5.123751369874181,2.1601177494242982,
937661b716,180,29,754,7.54,101.1254705129064,1.3639196887435336e-17,5.123745516285574,1.86855607288429,
937661b716,180,30,780,7.8,101.1254705129064,1.3661634560158546e-17,5.123745516285574,2.7540205210180657,
937661b716,180,31,806,8.06,101.1254705129064,1.3693409025842412e-17,5.123745516285574,2.337006225427451,
937661b716,180,32,832,8.32,101.1254705129064,1.3703026613706054e-17,5.123745516285574,2.0079708599467727,
937661b716,180,33,858,8.58,101.1254705129064,1.3722023658703094e-17,5.123745516285574,2.4329997108039767,
937661b716,180,34,884,8.84,101.1254705129064,1.3730605366891729e-17,5.123745516285574,2.024051589867287,
937661b716,180,35,910,9.1,101.1254705129064,1.374747062326647e-17,5.123745516285574,1.9794795084973034,
937661b716,180,36,936,9.36,101.1254705129064,6.880393429008538e-18,5.123745516285574,2.0305935313260997,
937661b716,180,37,962,9.62,101.1254705129064,6.883983493396752e-18,5.123745516285574,2.178593820400937,
937661b716,180,38,988,9.88,101.1254705129064,6.8859258256882416e-18,5.123745516285574,1.596181884995739,
937661b716,180,39,1014,10.14,101.1254705129064,6.887649158325706e-18,5.123745516285574,1.9674068863763894,
937661b716,180,40,1040,10.4,101.1254705129064,6.8925176023971384e-18,5.123745516285574,2.3434836482304378,
937661b716,180,41,1066,10.66,101.1254705129064,6.8987337763383525e-18,5.123745516285574,2.008163609760121,
937661b716,180,42,1092,10.92,101.1254705129064,6.9017024716979506e-18,5.123745516285574,2.3121483553416775,
937661b716,180,43,1118,11.18,101.1254705129064,6.904305187529879e-18,5.123745516285574,2.3714981081194004,
937661b716,180,44,1144,11.44,101.1254705129064,6.9085269716449816e-18,5.123745516285574,1.928924075232156,
937661b716,180,45,1170,11.7,101.1254705129064,6.910689764069496e-18,5.123745516285574,2.336693026605713,
937661b716,180,46,1196,11.96,101.1254705129064,6.913875701283021e-18,5.123745516285574,1.5974065844270384,
937661b716,180,47,1222,12.22,101.1254705129064,6.9188679215159424e-18,5.123745516285574,2.288227966697546,
937661b716,180,48,1248,12.48,101.1254705129064,6.918917812340808e-18,5.123745516285574,2.259981843460705,
937661b716,180,49,1274,12.74,101.1254705129064,6.919723962432634e-18,5.123745516285574,2.2971074461494907,
937661b716,180,50,1300,13.0,101.1254705129064,6.921290788929446e-18,5.123745516285574,2.4205978462391333,
937661b716,180,51,1326,13.26,101.1254705129064,6.923307382554243e-18,5.123745516285574,2.2475294450973977,
937661b716,180,52,1352,13.52,101.1254705129064,6.9251179269087206e-18,5.123745516285574,2.6053993945909304,
937661b716,180,53,1378,13.78,101.1254705129064,6.925629714595006e-18,5.123745516285574,2.555835962911345,
937661b716,180,54,1404,14.04,101.1254705129064,6.927014783276503e-18,5.123745516285574,1.476942809607133,
937661b716,180,55,1430,14.3,101.1254705129064,6.927512919156136e-18,5.123745516285574,3.16917829653677,
937661b716,180,56,1456,14.56,101.1254705129064,6.928226691586837e-18,5.123745516285574,2.906889877920594,
937661b716,180,57,1482,14.82,101.1254705129064,6.929090335071344e-18,5.123745516285574,2.407353029512942,
937661b716,180,58,1508,15.08,101.1254705129064,6.9298855104822024e-18,5.123745516285574,2.375716452908099,
937661b716,180,59,1534,15.34,101.1254705129064,6.930833866516243e-18,5.123745516285574,2.231569057475262,
937661b716,180,60,1560,15.6,101.1254705129064,1.135838600036135e-13,5.123745516285574,2.860113481216489,
937661b716,180,61,1586,15.86,101.12547051262352,3.0775686612741187e-16,3.5537491711631577,1.4048532136900929,
937661b716,180,62,1612,16.12,101.12547051261062,3.076651604779186e-16,3.5524237688579485,1.5141005645705048,
937661b716,180,63,1638,16.38,101.12547051257948,1.9223448139375326e-17,3.5510793213959575,1.399258444960111,
937661b716,180,64,1664,16.64,101.12547051257948,1.9224952094621884e-17,3.5510793213959575,1.9194945062991464,
937661b716,180,65,1690,16.9,101.12547051257948,1.9226518101718762e-17,3.5510793213959575,1.820787271200812,
937661b716,180,66,1716,17.16,101.12547051257948,4.807061863690465e-18,3.5510793213959575,1.652262725243454,
937661b716,180,67,1742,17.42,101.12547051257948,4.807316483371791e-18,3.5510793213959575,1.4590882354591588,
937661b716,180,68,1768,17.68,101.12547051257948,4.807569403560728e-18,3.5510793213959575,1.7508616446132232,
937661b716,180,69,1794,17.94,101.12547051257948,4.807711616153744e-18,3.5510793213959575,1.6931028890837196,
937661b716,180,70,1820,18.2,101.12547051257948,4.808324413481679e-18,3.5510793213959575,1.6480205950681657,
937661b716,180,71,1846,18.46,101.12547051257948,4.808744885518965e-18,3.5510793213959575,1.5380280308742742,
937661b716,180,72,1872,18.72,101.12547051257948,4.808989652684541e-18,3.5510793213959575,1.7642870794733783,
937661b716,180,73,1898,18.98,101.12547051257948,4.8092747392517955e-18,3.5510793213959575,1.732257492343394,
937661b716,180,74,1924,19.24,101.12547051257948,4.809415347454849e-18,3.5510793213959575,1.2750841453521158,
937661b716,180,75,1950,19.5,101.12547051257948,4.809523308230027e-18,3.5510793213959575,1.7156439148017484,
937661b716,180,76,1976,19.76,101.12547051257948,4.809640740163323e-18,3.5510793213959575,1.5367909631826757,
937661b716,180,77,2002,20.02,101.12547051257948,4.8098627160215986e-18,3.5510793213959575,1.949397215478145,
937661b716,180,78,2028,20.28,101.12547051257948,4.809978782518577e-18,3.5510793213959575,1.713913668124036,
937661b716,180,79,2054,20.54,101.12547051257948,4.810315557883685e-18,3.5510793213959575,1.4850963404670807,
937661b716,180,80,2080,20.8,101.12547051257948,4.810392930382638e-18,3.5510793213959575,1.4311675506452133,
937661b716,180,81,2106,21.06,101.12547051257948,4.810450648074426e-18,3.5510793213959575,1.8684990281022158,
937661b716,180,82,2132,21.32,101.12547051257948,4.8104988316693576e-18,3.5510793213959575,1.4958317386155764,
937661b716,180,83,2158,21.58,101.12547051257948,4.810688338939818e-18,3.5510793213959575,1.2149467160522436,
937661b716,180,84,2184,21.84,101.12547051257948,4.810787670080697e-18,3.5510793213959575,1.8177629905402517,
937661b716,180,85,2210,22.1,101.12547051257948,4.8108893208870045e-18,3.5510793213959575,1.669897712340676,
937661b716,180,86,2236,22.36,101.12547051257948,4.8110190327891214e-18,3.5510793213959575,1.309833002835862,
937661b716,180,87,2262,22.62,101.12547051257948,4.811075311652047e-18,3.5510793213959575,1.589221383006208,
937661b716,180,88,2288,22.88,101.12547051257948,4.811196542382046e-18,3.5510793213959575,1.6924025486997303,
937661b716,180,89,2314,23.14,101.12547051257948,4.811320928609385e-18,3.5510793213959575,1.8282028322653954,
937661b716,180,90,2340,23.4,101.12547051257948,4.8113970887355354e-18,3.5510793213959575,1.6219420267784745,
937661b716,180,91,2366,23.66,101.12547051257948,4.811484649809468e-18,3.5510793213959575,2.0123114295455777,
937661b716,180,92,2392,23.92,101.12547051257948,4.811553083064995e-18,3.5510793213959575,1.8484889807612417,
937661b716,180,93,2418,24.18,101.12547051257948,4.8116040450516486e-18,3.5510793213959575,1.7979701487606863,
937661b716,180,94,2444,24.44,101.12547051257948,4.811644524356385e-18,3.5510793213959575,1.4673615710483439,
937661b716,180,95,2470,24.7,101.12547051257948,4.811719063634902e-18,3.5510793213959575,1.4933210800891505,
937661b716,180,96,2496,24.96,101.12547051257948,4.81173162197723e-18,3.5510793213959575,1.872514246137623,
937661b716,180,97,2522,25.22,101.12547051257948,4.8117683988071156e-18,3.5510793213959575,1.1384202290719292,
937661b716,180,98,2548,25.48,101.12547051257948,4.8117844427953254e-18,3.5510793213959575,1.8979387372079999,
937661b716,180,99,2574,25.74,101.12547051257948,5.045624700256757e-12,3.5510793213959575,1.6037196129489473,
937661b716,180,100,2600,26.0,101.12547051229461,1.7977284412691983e-16,66.333882720354,30.14387537317478,
937661b716,180,101,2626,26.26,101.12547051224895,2.247165504436793e-17,66.33325679477154,33.430191059454074,
937661b716,180,102,2652,26.52,101.12547051224895,2.247176364561304e-17,66.33325679477154,26.038122532412423,
937661b716,180,103,2678,26.78,101.12547051224895,5.617948306181645e-18,66.33325679477154,32.78149318872551,
937661b716,180,104,2704,27.04,101.12547051224895,5.6180043403041814e-18,66.33325679477154,36.22273479886175,
937661b716,180,105,2730,27.3,101.12547051224895,5.61806448305602e-18,66.33325679477154,33.7847049046472,
937661b716,180,106,2756,27.56,101.12547051224895,5.61809558360327e-18,66.33325679477154,35.43268671804399,
937661b716,180,107,2782,27.82,101.12547051224895,5.6181312178297176e-18,66.33325679477154,33.92826358787799,
937661b716,180,108,2808,28.08,101.12547051224895,5.618148123665252e-18,66.33325679477154,26.914447858514695,
937661b716,180,109,2834,28.34,101.12547051224895,5.6181685152188316e-18,66.33325679477154,23.677096516105387,
937661b716,180,110,2860,28.6,101.12547051224895,5.618193124935773e-18,66.33325679477154,30.153839185337773,
937661b716,180,111,2886,28.86,101.12547051224895,5.618224230586102e-18,66.33325679477154,18.65229788288363,
937661b716,180,112,2912,29.12,101.12547051224895,5.6182517517676744e-18,66.33325679477154,34.69835781622183,
937661b716,180,113,2938,29.38,101.12547051224895,5.618272037765737e-18,66.33325679477154,33.37614745172095,
937661b716,180,114,2964,29.64,101.12547051224895,5.618291924263375e-18,66.33325679477154,27.49253633175856,
937661b716,180,115,2990,29.9,101.12547051224895,5.6182971200215586e-18,66.33325679477154,31.31771469084145,
937661b716,180,116,3016,30.16,101.12547051224895,5.618314592580695e-18,66.33325679477154,23.86485100800115,
937661b716,180,117,3042,30.42,101.12547051224895,5.61832526185704e-18,66.33325679477154,34.88995134081231,
937661b716,180,118,3068,30.68,101.12547051224895,5.618342558459997e-18,66.33325679477154,27.525866724301885,
937661b716,180,119,3094,30.94,101.12547051224895,5.618348320736744e-18,66.33325679477154,31.006402009174867,
937661b716,180,120,3120,31.2,101.12547051224895,5.618360736605446e-18,66.33325679477154,26.972367508126755,
937661b716,180,121,3146,31.46,101.12547051224895,5.61838808144355e-18,66.33325679477154,29.729324072628618,
937661b716,180,122,3172,31.72,101.12547051224895,5.6183966011660126e-18,66.33325679477154,30.95830095998342,
937661b716,180,123,3198,31.98,101.12547051224895,5.618423434796444e-18,66.33325679477154,23.918250317738593,
937661b716,180,124,3224,32.24,101.12547051224895,5.618438340473692e-18,66.33325679477154,34.14113155212287,
937661b716,180,125,3250,32.5,101.12547051224895,5.618442961451779e-18,66.33325679477154,33.074097683393596,
937661b716,180,126,3276,32.76,101.12547051224895,5.618452172550672e-18,66.33325679477154,34.01909833596459,
937661b716,180,127,3302,33.02,101.12547051224895,5.61845963542292e-18,66.33325679477154,30.889291659353166,
937661b716,180,128,3328,33.28,101.12547051224895,5.618465889379402e-18,66.33325679477154,24.372154240126886,
937661b716,180,129,3354,33.54,101.12547051224895,5.6184906308583676e-18,66.33325679477154,27.640771967131247,
937661b716,180,130,3380,33.8,101.12547051224895,5.618495877997781e-18,66.33325679477154,27.362842412465294,
937661b716,180,131,3406,34.06,101.12547051224895,5.618507439574132e-18,66.33325679477154,22.754196087347257,
937661b716,180,132,3432,34.32,101.12547051224895,5.618513538887093e-18,66.33325679477154,28.368776596427157,
937661b716,180,133,3458,34.58,101.12547051224895,5.61852059661983e-18,66.33325679477154,30.870086382884722,
937661b716,180,134,3484,34.84,101.12547051224895,5.618533867911766e-18,66.33325679477154,33.77472221442543,
937661b716,180,135,3510,35.1,101.12547051224895,5.6185385860762e-18,66.33325679477154,31.46211777451904,
937661b716,180,136,3536,35.36,101.12547051224895,5.618545669280497e-18,66.33325679477154,30.38573819668586,
937661b716,180,137,3562,35.62,101.12547051224895,5.618552705646375e-18,66.33325679477154,23.48293623817176,
937661b716,180,138,3588,35.88,101.12547051224895,5.618556302419517e-18,66.33325679477154,27.426710812946073,
937661b716,180,139,3614,36.14,101.12547051224895,5.618563580646235e-18,66.33325679477154,31.91177459327698,
937661b716,180,140,3640,36.4,101.12547051224895,5.618566121075477e-18,66.33325679477154,35.466021163333295,
937661b716,180,141,3666,36.66,101.12547051224895,5.618570970081984e-18,66.33325679477154,31.294718843551795,
937661b716,180,142,3692,36.92,101.12547051224895,5.6185774540967676e-18,66.33325679477154,27.700895800441664,
937661b716,180,143,3718,37.18,101.12547051224895,5.618581807897042e-18,66.33325679477154,23.81465081116917,
937661b716,180,144,3744,37.44,101.12547051224895,5.61859059815236e-18,66.33325679477154,30.37205134440877,
937661b716,180,145,3770,37.7,101.12547051224895,5.618595614461073e-18,66.33325679477154,26.354854073406017,
937661b716,180,146,3796,37.96,101.12547051224895,5.618598431492886e-18,66.33325679477154,30.159326823114636,
937661b716,180,147,3822,38.22,101.12547051224895,5.618600092107001e-18,66.33325679477154,28.64045771691346,
937661b716,180,148,3848,38.48,101.12547051224895,5.618603099461402e-18,66.33325679477154,27.22975729530006,
937661b716,180,149,3874,38.74,101.12547051224895,5.618606418457955e-18,66.33325679477154,24.44257045791929,
937661b716,180,150,3900,39.0,101.12547051224895,5.618611063330708e-18,66.33325679477154,31.2985150008672,
937661b716,180,151,3926,39.26,101.12547051224895,5.618612993482001e-18,66.33325679477154,31.09987179499003,
937661b716,180,152,3952,39.52,101.12547051224895,5.6186154794297205e-18,66.33325679477154,31.56223716513023,
937661b716,180,153,3978,39.78,101.12547051224895,5.618616759035559e-18,66.33325679477154,27.695630650870253,
937661b716,180,154,4004,40.04,101.12547051224895,5.618620451086806e-18,66.33325679477154,33.144942198531496,
937661b716,180,155,4030,40.3,101.12547051224895,5.6186225963049144e-18,66.33325679477154,34.80083793155694,
937661b716,180,156,4056,40.56,101.12547051224895,5.618623435669899e-18,66.33325679477154,33.03917719176028,
937661b716,180,157,4082,40.82,101.12547051224895,5.618624128945715e-18,66.33325679477154,24.518873043533684,
937661b716,180,158,4108,41.08,101.12547051224895,5.618625026474004e-18,66.33325679477154,35.22691899412907,
937661b716,180,159,4134,41.34,101.12547051224895,5.618626303801826e-18,66.33325679477154,35.697331453498016,
937661b716,180,160,4160,41.6,101.12547051224895,5.618627743215922e-18,66.33325679477154,33.306664187699255,
937661b716,180,161,4186,41.86,101.12547051224895,5.618627972359341e-18,66.33325679477154,29.228792994301468,
937661b716,180,162,4212,42.12,101.12547051224895,5.618628745102138e-18,66.33325679477154,26.14148013999266,
937661b716,180,163,4238,42.38,101.12547051224895,5.618629818993217e-18,66.33325679477154,30.9033249988884,
937661b716,180,164,4264,42.64,101.12547051224895,5.618630479863517e-18,66.33325679477154,23.225759589478272,
937661b716,180,165,4290,42.9,101.12547051224895,5.618631163138471e-18,66.33325679477154,26.58503158476899,
937661b716,180,166,4316,43.16,101.12547051224895,5.6186313254441826e-18,66.33325679477154,33.584993132188885,
937661b716,180,167,4342,43.42,101.12547051224895,5.618632730737529e-18,66.33325679477154,30.175092617702695,
937661b716,180,168,4368,43.68,101.12547051224895,5.618633582143614e-18,66.33325679477154,32.68664576154498,
937661b716,180,169,4394,43.94,101.12547051224895,5.618634070519064e-18,66.33325679477154,22.274658952018214,
937661b716,180,170,4420,44.2,101.12547051224895,5.618635867499435e-18,66.33325679477154,34.5454713073664,
937661b716,180,171,4446,44.46,101.12547051224895,5.618636149890888e-18,66.33325679477154,27.54372208765065,
937661b716,180,172,4472,44.72,101.12547051224895,5.618636993330772e-18,66.33325679477154,25.233503355442704,
937661b716,180,173,4498,44.98,101.12547051224895,5.618637759827212e-18,66.33325679477154,28.034956287038444,
937661b716,180,174,4524,45.24,101.12547051224895,5.618638123497658e-18,66.33325679477154,26.000523647818625,
937661b716,180,175,4550,45.5,101.12547051224895,5.6186389752191955e-18,66.33325679477154,27.484133186598893,
937661b716,180,176,4576,45.76,101.12547051224895,5.618639116552319e-18,66.33325679477154,27.82300390029362,
937661b716,180,177,4602,46.02,101.12547051224895,5.618639398252446e-18,66.33325679477154,31.045559024579518,
937661b716,180,178,4628,46.28,101.12547051224895,5.6186395472910575e-18,66.33325679477154,34.65355216893365,
937661b716,180,179,4654,46.54,101.12547051224895,5.6186399691317634e-18,66.33325679477154,24.567077754929745,
937661b716,180,180,4680,46.8,101.12547051224895,5.618640586657491e-18,66.33325679477154,16.85284722959776,
937661b716,180,181,4706,47.06,101.12547051224895,5.618640829520876e-18,66.33325679477154,33.395117640648984,
937661b716,180,182,4732,47.32,101.12547051224895,5.618641130155338e-18,66.33325679477154,26.54606710982775,
937661b716,180,183,4758,47.58,101.12547051224895,5.618641322665042e-18,66.33325679477154,31.877617588365133,
937661b716,180,184,4784,47.84,101.12547051224895,5.6186416790988415e-18,66.33325679477154,25.026439312548803,
937661b716,180,185,4810,48.1,101.12547051224895,5.618641857477443e-18,66.33325679477154,27.207545728757243,
937661b716,180,186,4836,48.36,101.12547051224895,5.618642008854779e-18,66.33325679477154,29.57138622786593,
937661b716,180,187,4862,48.62,101.12547051224895,5.618642088962395e-18,66.33325679477154,29.405187034823122,
937661b716,180,188,4888,48.88,101.12547051224895,5.61864259734624e-18,66.33325679477154,29.901707741888657,
937661b716,180,189,4914,49.14,101.12547051224895,5.618642791120216e-18,66.33325679477154,21.222183122741725,
937661b716,180,190,4940,49.4,101.12547051224895,5.618643030833753e-18,66.33325679477154,24.983535252279303,
937661b716,180,191,4966,49.66,101.12547051224895,5.618643238026517e-18,66.33325679477154,28.34646377941115,
937661b716,180,192,4992,49.92,101.12547051224895,5.618643340778917e-18,66.33325679477154,32.178795310962165,
937661b716,180,193,5018,50.18,101.12547051224895,5.618643405583192e-18,66.33325679477154,34.19539162926123,
937661b716,180,194,5044,50.44,101.12547051224895,5.6186434974014566e-18,66.33325679477154,32.50763132960873,
937661b716,180,195,5070,50.7,101.12547051224895,5.618643607157093e-18,66.33325679477154,29.708438404008692,
937661b716,180,196,5096,50.96,101.12547051224895,5.61864372130824e-18,66.33325679477154,31.752680452384602,
937661b716,180,197,5122,51.22,101.12547051224895,5.618643811706065e-18,66.33325679477154,30.17149711446701,
937661b716,180,198,5148,51.48,101.12547051224895,5.618643871080059e-18,66.33325679477154,30.757129965332634,
937661b716,180,199,5174,51.74,101.12547051224895,5.618643949401194e-18,66.33325679477154,23.25031260673791,
937661b716,180,200,5200,52.0,101.12547051224895,5.61864409646671e-18,66.33325679477154,33.754630961007116,
937661b716,180,201,5226,52.26,101.12547051224895,5.618644179660809e-18,66.33325679477154,33.72704292175781,
937661b716,180,202,5252,52.52,101.12547051224895,5.618644252881187e-18,66.33325679477154,25.09043904482025,
937661b716,180,203,5278,52.78,101.12547051224895,5.618644335462118e-18,66.33325679477154,26.91343505387126,
937661b716,180,204,5304,53.04,101.12547051224895,5.618644366458794e-18,66.33325679477154,33.725405399078916,
937661b716,180,205,5330,53.3,101.12547051224895,5.618644432846441e-18,66.33325679477154,29.58378148278253,
937661b716,180,206,5356,53.56,101.12547051224895,5.6186445496948676e-18,66.33325679477154,33.2983824750565,
937661b716,180,207,5382,53.82,101.12547051224895,5.618644568920922e-18,66.33325679477154,34.25339139841997,
937661b716,180,208,5408,54.08,101.12547051224895,5.618644601168792e-18,66.33325679477154,24.216626638939754,
937661b716,180,209,5434,54.34,101.12547051224895,5.6186446235156514e-18,66.33325679477154,26.72487815766922,
937661b716,180,210,5460,54.6,101.12547051224895,5.61864464534251e-18,66.33325679477154,36.410683577077876,
937661b716,180,211,5486,54.86,101.12547051224895,5.6186446781679865e-18,66.33325679477154,24.413887787904923,
937661b716,180,212,5512,55.12,101.12547051224895,5.618644703944776e-18,66.33325679477154,34.57260209974799,
937661b716,180,213,5538,55.38,101.12547051224895,5.6186447214659046e-18,66.33325679477154,28.828289258772823,
937661b716,180,214,5564,55.64,101.12547051224895,5.6186447383636596e-18,66.33325679477154,32.81778010787848,
937661b716,180,215,5590,55.9,101.12547051224895,5.6186448065002684e-18,66.33325679477154,24.919865143421493,
937661b716,180,216,5616,56.16,101.12547051224895,5.6186448453010746e-18,66.33325679477154,30.68282384343595,
937661b716,180,217,5642,56.42,101.12547051224895,5.61864488405257e-18,66.33325679477154,30.090577343982677,
937661b716,180,218,5668,56.68,101.12547051224895,5.618644943030448e-18,66.33325679477154,25.887658309787607,
937661b716,180,219,5694,56.94,101.12547051224895,5.618644956469145e-18,66.33325679477154,24.5242393704378,
937661b716,180,220,5720,57.2,101.12547051224895,5.618644967165238e-18,66.33325679477154,33.268542509626,
937661b716,180,221,5746,57.46,101.12547051224895,5.6186449792359406e-18,66.33325679477154,27.01801655544379,
937661b716,180,222,5772,57.72,101.12547051224895,5.6186449965739785e-18,66.33325679477154,42.54007063078311,
937661b716,180,223,5798,57.98,101.12547051224895,5.6186450011129424e-18,66.33325679477154,30.98042759858282,
937661b716,180,224,5824,58.24,101.12547051224895,5.618645034574523e-18,66.33325679477154,30.69971219012234,
937661b716,180,225,5850,58.5,101.12547051224895,5.6186450562864935e-18,66.33325679477154,26.994698783894925,
937661b716,180,226,5876,58.76,101.12547051224895,5.618645077957799e-18,66.33325679477154,34.231867174698785,
937661b716,180,227,5902,59.02,101.12547051224895,5.61864509867439e-18,66.33325679477154,30.57839481867927,
937661b716,180,228,5928,59.28,101.12547051224895,5.6186451216458004e-18,66.33325679477154,32.10530111728491,
937661b716,180,229,5954,59.54,101.12547051224895,5.6186451338544075e-18,66.33325679477154,26.867922964679376,
937661b716,180,230,5980,59.8,101.12547051224895,5.618645151510242e-18,66.33325679477154,27.19594139088085,
937661b716,180,231,6006,60.06,101.12547051224895,5.618645168711281e-18,66.33325679477154,29.404288747273387,
937661b716,180,232,6032,60.32,101.12547051224895,5.618645181773587e-18,66.33325679477154,26.09964623292878,
937661b716,180,233,6058,60.58,101.12547051224895,5.618645205004322e-18,66.33325679477154,29.407948116458567,
937661b716,180,234,6084,60.84,101.12547051224895,5.618645207958637e-18,66.33325679477154,26.44535281257101,
937661b716,180,235,6110,61.1,101.12547051224895,5.6186452214684366e-18,66.33325679477154,29.73703506535799,
937661b716,180,236,6136,61.36,101.12547051224895,5.618645235728378e-18,66.33325679477154,33.761133364625366,
937661b716,180,237,6162,61.62,101.12547051224895,5.6186452528758234e-18,66.33325679477154,31.833466066213095,
937661b716,180,238,6188,61.88,101.12547051224895,5.618645261908629e-18,66.33325679477154,22.8051266519753,
937661b716,180,239,6214,62.14,101.12547051224895,5.6186452682418185e-18,66.33325679477154,24.04396857656219,
937661b716,180,240,6240,62.4,101.12547051224895,5.618645269087182e-18,66.33325679477154,21.657732289320514,
937661b716,180,241,6266,62.66,101.12547051224895,5.6186452767331435e-18,66.33325679477154,30.60450441886894,
937661b716,180,242,6292,62.92,101.12547051224895,5.618645279799204e-18,66.33325679477154,33.61600930605927,
937661b716,180,243,6318,63.18,101.12547051224895,5.618645286335102e-18,66.33325679477154,32.484630341229945,
937661b716,180,244,6344,63.44,101.12547051224895,5.618645296871031e-18,66.33325679477154,27.123285013917098,
937661b716,180,245,6370,63.7,101.12547051224895,5.618645300813399e-18,66.33325679477154,26.43586535260655,
937661b716,180,246,6396,63.96,101.12547051224895,5.6186453168043385e-18,66.33325679477154,34.11306327110057,
937661b716,180,247,6422,64.22,101.12547051224895,5.618645320802679e-18,66.33325679477154,30.1005598279529,
937661b716,180,248,6448,64.48,101.12547051224895,5.618645324971778e-18,66.33325679477154,26.777143934848066,
937661b716,180,249,6474,64.74,101.12547051224895,5.618645329669394e-18,66.33325679477154,33.046632093160746,
937661b716,180,250,6500,65.0,101.12547051224895,5.6186453328956565e-18,66.33325679477154,30.14553713594972,
937661b716,180,251,6526,65.26,101.12547051224895,5.618645334603961e-18,66.33325679477154,32.97211753281736,
937661b716,180,252,6552,65.52,101.12547051224895,5.618645337718793e-18,66.33325679477154,28.168696098146874,
937661b716,180,253,6578,65.78,101.12547051224895,5.61864533878661e-18,66.33325679477154,29.556727679549578,
937661b716,180,254,6604,66.04,101.12547051224895,5.618645340632763e-18,66.33325679477154,26.363055856639786,
937661b716,180,255,6630,66.3,101.12547051224895,5.6186453462488275e-18,66.33325679477154,30.36301882007189,
937661b716,180,256,6656,66.56,101.12547051224895,5.6186453499939516e-18,66.33325679477154,32.40515080689572,
937661b716,180,257,6682,66.82,101.12547051224895,5.618645353062287e-18,66.33325679477154,29.487698078749617,
937661b716,180,258,6708,67.08,101.12547051224895,5.61864535515439e-18,66.33325679477154,30.452263789278923,
937661b716,180,259,6734,67.34,101.12547051224895,5.618645357806022e-18,66.33325679477154,28.6322341823689,
937661b716,180,260,6760,67.6,101.12547051224895,5.618645359620077e-18,66.33325679477154,35.882111351626655,
937661b716,180,261,6786,67.86,101.12547051224895,5.618645360299727e-18,66.33325679477154,28.24319932635028,
937661b716,180,262,6812,68.12,101.12547051224895,5.618645362569969e-18,66.33325679477154,29.82678917476187,
937661b716,180,263,6838,68.38,101.12547051224895,5.618645363687212e-18,66.33325679477154,25.585216085806007,
937661b716,180,264,6864,68.64,101.12547051224895,5.618645366784141e-18,66.33325679477154,30.20339920904022,
937661b716,180,265,6890,68.9,101.12547051224895,5.6186453671432715e-18,66.33325679477154,26.983929392662432,
937661b716,180,266,6916,69.16,101.12547051224895,5.6186453682805085e-18,66.33325679477154,32.43009308254031,
937661b716,180,267,6942,69.42,101.12547051224895,5.618645372651915e-18,66.33325679477154,31.9427054977286,
937661b716,180,268,6968,69.68,101.12547051224895,5.618645373335375e-18,66.33325679477154,30.62733405874381,
937661b716,180,269,6994,69.94,101.12547051224895,5.618645374784293e-18,66.33325679477154,27.419672871173848,
937661b716,180,270,7020,70.2,101.12547051224895,5.618645376276789e-18,66.33325679477154,26.47213786362839,
937661b716,180,271,7046,70.46,101.12547051224895,5.6186453771842575e-18,66.33325679477154,29.774427320791787,
937661b716,180,272,7072,70.72,101.12547051224895,5.61864537894361e-18,66.33325679477154,39.28781552485108,
937661b716,180,273,7098,70.98,101.12547051224895,5.618645379646564e-18,66.33325679477154,27.295959987974573,
937661b716,180,274,7124,71.24,101.12547051224895,5.6186453808918976e-18,66.33325679477154,25.82107388164411,
937661b716,180,275,7150,71.5,101.12547051224895,5.618645382707298e-18,66.33325679477154,27.895241076759547,
937661b716,180,276,7176,71.76,101.12547051224895,5.618645383982967e-18,66.33325679477154,32.953550656723785,
937661b716,180,277,7202,72.02,101.12547051224895,5.618645385297864e-18,66.33325679477154,34.469384851368304,
937661b716,180,278,7228,72.28,101.12547051224895,5.618645385899912e-18,66.33325679477154,31.837439582567157,
937661b716,180,279,7254,72.54,101.12547051224895,5.61864538747507e-18,66.33325679477154,33.49423232143983,
937661b716,180,280,7280,72.8,101.12547051224895,5.6186453883413646e-18,66.33325679477154,31.32615483794587,
937661b716,180,281,7306,73.06,101.12547051224895,5.618645389093574e-18,66.33325679477154,31.989142274792588,
937661b716,180,282,7332,73.32,101.12547051224895,5.618645389881859e-18,66.33325679477154,32.308186540119316,
937661b716,180,283,7358,73.58,101.12547051224895,5.618645390704099e-18,66.33325679477154,26.7173671314815,
937661b716,180,284,7384,73.84,101.12547051224895,5.6186453912639325e-18,66.33325679477154,27.342228903079082,
937661b716,180,285,7410,74.1,101.12547051224895,5.618645391920336e-18,66.33325679477154,33.408448232605714,
937661b716,180,286,7436,74.36,101.12547051224895,5.61864539235206e-18,66.33325679477154,24.399241467208423,
937661b716,180,287,7462,74.62,101.12547051224895,5.618645392649197e-18,66.33325679477154,38.40493477650208,
937661b716,180,288,7488,74.88,101.12547051224895,5.618645392936553e-18,66.33325679477154,32.300546819656766,
937661b716,180,289,7514,75.14,101.12547051224895,5.61864539330951e-18,66.33325679477154,27.16839630051157,
937661b716,180,290,7540,75.4,101.12547051224895,5.6186453936231604e-18,66.33325679477154,34.79713192117355,
937661b716,180,291,7566,75.66,101.12547051224895,5.618645394388401e-18,66.33325679477154,26.61626461595079,
937661b716,180,292,7592,75.92,101.12547051224895,5.6186453943988896e-18,66.33325679477154,26.746643325264976,
937661b716,180,293,7618,76.18,101.12547051224895,5.618645394658986e-18,66.33325679477154,27.871539361231036,
937661b716,180,294,7644,76.44,101.12547051224895,5.618645394757992e-18,66.33325679477154,26.937151782598338,
937661b716,180,295,7670,76.7,101.12547051224895,5.6186453957082015e-18,66.33325679477154,34.56495068257949,
937661b716,180,296,7696,76.96,101.12547051224895,5.6186453959134455e-18,66.33325679477154,23.95345247887923,
937661b716,180,297,7722,77.22,101.12547051224895,5.618645396119254e-18,66.33325679477154,26.75715392797041,
937661b716,180,298,7748,77.48,101.12547051224895,5.618645396500662e-18,66.33325679477154,32.28283856621955,
937661b716,180,299,7774,77.74,101.12547051224895,5.6186453968353304e-18,66.33325679477154,25.287432826077886,
937661b716,180,300,7800,78.0,101.12547051224895,5.6186453970492835e-18,66.33325679477154,22.98565319004743,
937661b716,180,301,7826,78.26,101.12547051224895,5.618645397233562e-18,66.33325679477154,27.078141266581028,
937661b716,180,302,7852,78.52,101.12547051224895,5.61864539737248e-18,66.33325679477154,30.473652647254134,
937661b716,180,303,7878,78.78,101.12547051224895,5.618645397516077e-18,66.33325679477154,37.86411244294627,
937661b716,180,304,7904,79.04,101.12547051224895,5.618645397656946e-18,66.33325679477154,27.45105777000012,
937661b716,180,305,7930,79.3,101.12547051224895,5.61864539781663e-18,66.33325679477154,24.81592667816731,
937661b716,180,306,7956,79.56,101.12547051224895,5.618645398061399e-18,66.33325679477154,29.17078376431081,
937661b716,180,307,7982,79.82,101.12547051224895,5.6186453981005585e-18,66.33325679477154,36.979372776710974,
937661b716,180,308,8008,80.08,101.12547051224895,5.618645398170706e-18,66.33325679477154,27.7222420160148,
937661b716,180,309,8034,80.34,101.12547051224895,5.618645398313648e-18,66.33325679477154,28.09527902587495,
937661b716,180,310,8060,80.6,101.12547051224895,5.618645398378984e-18,66.33325679477154,28.5595379504997,
937661b716,180,311,8086,80.86,101.12547051224895,5.618645398569281e-18,66.33325679477154,39.38959973924033,
937661b716,180,312,8112,81.12,101.12547051224895,5.6186453986286516e-18,66.33325679477154,31.236154277621665,
937661b716,180,313,8138,81.38,101.12547051224895,5.6186453987523294e-18,66.33325679477154,32.71096871323006,
937661b716,180,314,8164,81.64,101.12547051224895,5.618645398858955e-18,66.33325679477154,31.72176041148966,
937661b716,180,315,8190,81.9,101.12547051224895,5.618645398890628e-18,66.33325679477154,29.576638723948854,
937661b716,180,316,8216,82.16,101.12547051224895,5.618645399037383e-18,66.33325679477154,30.605396553519075,
937661b716,180,317,8242,82.42,101.12547051224895,5.61864539906636e-18,66.33325679477154,28.86647056238604,
937661b716,180,318,8268,82.68,101.12547051224895,5.618645399282391e-18,66.33325679477154,24.085495071692684,
937661b716,180,319,8294,82.94,101.12547051224895,5.618645399381079e-18,66.33325679477154,32.30047962601604,
937661b716,180,320,8320,83.2,101.12547051224895,5.618645399455902e-18,66.33325679477154,23.824373906603967,
937661b716,180,321,8346,83.46,101.12547051224895,5.618645399507117e-18,66.33325679477154,31.212744615449672,
937661b716,180,322,8372,83.72,101.12547051224895,5.618645399529744e-18,66.33325679477154,27.11296868308111,
937661b716,180,323,8398,83.98,101.12547051224895,5.618645399605475e-18,66.33325679477154,26.555200322978152,
937661b716,180,324,8424,84.24,101.12547051224895,5.6186453996333646e-18,66.33325679477154,34.30492620758419,
937661b716,180,325,8450,84.5,101.12547051224895,5.6186453996898945e-18,66.33325679477154,30.36997255806995,
937661b716,180,326,8476,84.76,101.12547051224895,5.618645399701539e-18,66.33325679477154,27.35787778780379,
937661b716,180,327,8502,85.02,101.12547051224895,5.6186453997227416e-18,66.33325679477154,30.73543099760907,
937661b716,180,328,8528,85.28,101.12547051224895,5.618645399757734e-18,66.33325679477154,32.707829365657936,
937661b716,180,329,8554,85.54,101.12547051224895,5.618645399811143e-18,66.33325679477154,28.276690185787526,
937661b716,180,330,8580,85.8,101.12547051224895,5.61864539983379e-18,66.33325679477154,31.816410405290227,
937661b716,180,331,8606,86.06,101.12547051224895,5.618645399863263e-18,66.33325679477154,21.501136269833456,
937661b716,180,332,8632,86.32,101.12547051224895,5.6186453999149255e-18,66.33325679477154,28.09278806983527,
937661b716,180,333,8658,86.58,101.12547051224895,5.618645399948019e-18,66.33325679477154,30.402879491493334,
937661b716,180,334,8684,86.84,101.12547051224895,5.618645399960459e-18,66.33325679477154,32.69608598690484,
937661b716,180,335,8710,87.1,101.12547051224895,5.618645399978167e-18,66.33325679477154,29.323398882237953,
937661b716,180,336,8736,87.36,101.12547051224895,5.618645400006102e-18,66.33325679477154,27.588882872014278,
937661b716,180,337,8762,87.62,101.12547051224895,5.618645400027325e-18,66.33325679477154,26.240904484262597,
937661b716,180,338,8788,87.88,101.12547051224895,5.618645400036404e-18,66.33325679477154,22.33495327219039,
937661b716,180,339,8814,88.14,101.12547051224895,5.618645400053367e-18,66.33325679477154,32.364883945779994,
937661b716,180,340,8840,88.4,101.12547051224895,5.618645400092883e-18,66.33325679477154,26.538112293478424,
937661b716,180,341,8866,88.66,101.12547051224895,5.618645400110444e-18,66.33325679477154,32.12674718778636,
937661b716,180,342,8892,88.92,101.12547051224895,5.618645400117212e-18,66.33325679477154,31.94245349566738,
937661b716,180,343,8918,89.18,101.12547051224895,5.618645400133558e-18,66.33325679477154,31.942616132869144,
937661b716,180,344,8944,89.44,101.12547051224895,5.618645400145952e-18,66.33325679477154,25.075954634666367,
937661b716,180,345,8970,89.7,101.12547051224895,5.618645400159389e-18,66.33325679477154,29.862802513843327,
937661b716,180,346,8996,89.96,101.12547051224895,5.6186454001705804e-18,66.33325679477154,33.10367285103598,
937661b716,180,347,9022,90.22,101.12547051224895,5.61864540018313e-18,66.33325679477154,27.21968411709715,
937661b716,180,348,9048,90.48,101.12547051224895,5.618645400188284e-18,66.33325679477154,28.69612637821159,
937661b716,180,349,9074,90.74,101.12547051224895,5.618645400209085e-18,66.33325679477154,25.000968637925265,
937661b716,180,350,9100,91.0,101.12547051224895,5.618645400214207e-18,66.33325679477154,31.99359351671443,
937661b716,180,351,9126,91.26,101.12547051224895,5.618645400223343e-18,66.33325679477154,32.052153798327225,
937661b716,180,352,9152,91.52,101.12547051224895,5.618645400231516e-18,66.33325679477154,31.49019009388404,
937661b716,180,353,9178,91.78,101.12547051224895,5.618645400236954e-18,66.33325679477154,27.97202732033538,
937661b716,180,354,9204,92.04,101.12547051224895,5.61864540025735e-18,66.33325679477154,32.34874702366441,
937661b716,180,355,9230,92.3,101.12547051224895,5.618645400266755e-18,66.33325679477154,27.724648759137832,
937661b716,180,356,9256,92.56,101.12547051224895,5.618645400271527e-18,66.33325679477154,29.961705664900666,
937661b716,180,357,9282,92.82,101.12547051224895,5.618645400273177e-18,66.33325679477154,29.30301360370007,
937661b716,180,358,9308,93.08,101.12547051224895,5.618645400275882e-18,66.33325679477154,21.66606093092303,
937661b716,180,359,9334,93.34,101.12547051224895,5.618645400276912e-18,66.33325679477154,30.466636732288457,
937661b716,180,360,9360,93.6,101.12547051224895,5.618645400280999e-18,66.33325679477154,35.13549750936874,
937661b716,180,361,9386,93.86,101.12547051224895,5.618645400284937e-18,66.33325679477154,32.150615880588745,
937661b716,180,362,9412,94.12,101.12547051224895,5.618645400287607e-18,66.33325679477154,28.010051079922867,
937661b716,180,363,9438,94.38,101.12547051224895,5.618645400289917e-18,66.33325679477154,33.43131922702158,
937661b716,180,364,9464,94.64,101.12547051224895,5.618645400301886e-18,66.33325679477154,29.700619506136217,
937661b716,180,365,9490,94.9,101.12547051224895,5.618645400305672e-18,66.33325679477154,35.4324663695196,
937661b716,180,366,9516,95.16,101.12547051224895,5.6186454003113166e-18,66.33325679477154,29.797645977170877,
937661b716,180,367,9542,95.42,101.12547051224895,5.618645400314529e-18,66.33325679477154,28.045613121692373,
937661b716,180,368,9568,95.68,101.12547051224895,5.618645400317883e-18,66.33325679477154,27.49960130235898,
937661b716,180,369,9594,95.94,101.12547051224895,5.618645400319776e-18,66.33325679477154,29.400174606492502,
937661b716,180,370,9620,96.2,101.12547051224895,5.618645400324149e-18,66.33325679477154,28.50817795046489,
937661b716,180,371,9646,96.46,101.12547051224895,5.618645400325457e-18,66.33325679477154,32.68548084301839,
937661b716,180,372,9672,96.72,101.12547051224895,5.618645400328694e-18,66.33325679477154,29.07771408810186,
937661b716,180,373,9698,96.98,101.12547051224895,5.618645400331764e-18,66.33325679477154,29.937142557079977,
937661b716,180,374,9724,97.24,101.12547051224895,5.618645400335109e-18,66.33325679477154,28.499672116050906,
937661b716,180,375,9750,97.5,101.12547051224895,5.618645400339984e-18,66.33325679477154,29.322723227279432,
937661b716,180,376,9776,97.76,101.12547051224895,5.6186454003412016e-18,66.33325679477154,24.753079647309008,
937661b716,180,377,9802,98.02,101.12547051224895,5.618645400342704e-18,66.33325679477154,30.556444313153186,
937661b716,180,378,9828,98.28,101.12547051224895,5.618645400346131e-18,66.33325679477154,20.057865229106817,
937661b716,180,379,9854,98.54,101.12547051224895,5.618645400347619e-18,66.33325679477154,33.77370236666656,
937661b716,180,380,9880,98.8,101.12547051224895,5.6186454003507935e-18,66.33325679477154,25.084992057392075,
937661b716,180,381,9906,99.06,101.12547051224895,5.6186454003534944e-18,66.33325679477154,26.575191838451605,
937661b716,180,382,9932,99.32,101.12547051224895,5.61864540035621e-18,66.33325679477154,24.638766853794294,
937661b716,180,383,9958,99.58,101.12547051224895,5.6186454003578855e-18,66.33325679477154,28.24052816616548,
937661b716,180,384,9984,99.84,101.12547051224895,5.618645400361309e-18,66.33325679477154,36.57070174413982,
937661b716,180,385,10010,100.1,101.12547051224895,5.6186454003615964e-18,66.33325679477154,29.100212789755275,
937661b716,180,386,10036,100.36,101.12547051224895,5.618645400364897e-18,66.33325679477154,32.94762643441892,
937661b716,180,387,10062,100.62,101.12547051224895,5.6186454003662225e-18,66.33325679477154,26.309859158733413,
937661b716,180,388,10088,100.88,101.12547051224895,5.618645400366811e-18,66.33325679477154,27.589349630606733,
937661b716,180,389,10114,101.14,101.12547051224895,5.618645400367338e-18,66.33325679477154,29.029803769149463,
937661b716,180,390,10140,101.4,101.12547051224895,5.618645400369313e-18,66.33325679477154,28.45005644192668,
937661b716,180,391,10166,101.66,101.12547051224895,5.618645400370589e-18,66.33325679477154,29.911833101958152,
937661b716,180,392,10192,101.92,101.12547051224895,5.6186454003718586e-18,66.33325679477154,26.225271741818037,
937661b716,180,393,10218,102.18,101.12547051224895,5.618645400372773e-18,66.33325679477154,29.703857891088308,
937661b716,180,394,10244,102.44,101.12547051224895,5.6186454003739624e-18,66.33325679477154,29.025898572320614,
937661b716,180,395,10270,102.7,101.12547051224895,5.618645400374415e-18,66.33325679477154,26.638955251599008,
937661b716,180,396,10296,102.96,101.12547051224895,5.618645400375877e-18,66.33325679477154,30.902842696853234,
937661b716,180,397,10322,103.22,101.12547051224895,5.618645400376391e-18,66.33325679477154,27.65508346493892,
937661b716,180,398,10348,103.48,101.12547051224895,5.618645400377375e-18,66.33325679477154,32.95979385643069,
937661b716,180,399,10374,103.74,101.12547051224895,5.618645400377701e-18,66.33325679477154,23.947499137565085,
937661b716,180,400,10400,104.0,101.12547051224895,5.618645400378213e-18,66.33325679477154,31.765612360590204,
937661b716,180,401,10426,104.26,101.12547051224895,5.6186454003787665e-18,66.33325679477154,32.45446241621536,
937661b716,180,402,10452,104.52,101.12547051224895,5.6186454003792965e-18,66.33325679477154,29.102523846750483,
937661b716,180,403,10478,104.78,101.12547051224895,5.618645400380064e-18,66.33325679477154,22.439942546777733,
937661b716,180,404,10504,105.04,101.12547051224895,5.618645400380228e-18,66.33325679477154,39.60438660951622,
937661b716,180,405,10530,105.3,101.12547051224895,5.6186454003804944e-18,66.33325679477154,28.779222758365542,
937661b716,180,406,10556,105.56,101.12547051224895,5.618645400380872e-18,66.33325679477154,29.704949392949857,
937661b716,180,407,10582,105.82,101.12547051224895,5.618645400381024e-18,66.33325679477154,35.55091350984881,
937661b716,180,408,10608,106.08,101.12547051224895,5.618645400381398e-18,66.33325679477154,32.02690132707419,
937661b716,180,409,10634,106.34,101.12547051224895,5.618645400381634e-18,66.33325679477154,31.092231379292524,
937661b716,180,410,10660,106.6,101.12547051224895,5.618645400382029e-18,66.33325679477154,33.02503313824545,
937661b716,180,411,10686,106.86,101.12547051224895,5.618645400382147e-18,66.33325679477154,31.829168588729782,
937661b716,180,412,10712,107.12,101.12547051224895,5.618645400382417e-18,66.33325679477154,35.618450605548134,
937661b716,180,413,10738,107.38,101.12547051224895,5.6186454003826376e-18,66.33325679477154,25.86980510857685,
937661b716,180,414,10764,107.64,101.12547051224895,5.618645400382969e-18,66.33325679477154,29.648073634330693,
937661b716,180,415,10790,107.9,101.12547051224895,5.6186454003830906e-18,66.33325679477154,22.096481327961598,
937661b716,180,416,10816,108.16,101.12547051224895,5.618645400383117e-18,66.33325679477154,32.869178150212626,
937661b716,180,417,10842,108.42,101.12547051224895,5.618645400383212e-18,66.33325679477154,26.575645731816245,
937661b716,180,418,10868,108.68,101.12547051224895,5.618645400383379e-18,66.33325679477154,34.327189577889065,
937661b716,180,419,10894,108.94,101.12547051224895,5.618645400383496e-18,66.33325679477154,29.251270091791188,
937661b716,180,420,10920,109.2,101.12547051224895,5.618645400383584e-18,66.33325679477154,37.1146799301288,
937661b716,180,421,10946,109.46,101.12547051224895,5.618645400383837e-18,66.33325679477154,25.104627764799044,
937661b716,180,422,10972,109.72,101.12547051224895,5.61864540038387e-18,66.33325679477154,34.157535964931895,
937661b716,180,423,10998,109.98,101.12547051224895,5.618645400383959e-18,66.33325679477154,23.02819304431628,
937661b716,180,424,11024,110.24,101.12547051224895,5.618645400384003e-18,66.33325679477154,25.77937941603288,
937661b716,180,425,11050,110.5,101.12547051224895,5.61864540038404e-18,66.33325679477154,30.228118377862263,
937661b716,180,426,11076,110.76,101.12547051224895,5.6186454003841306e-18,66.33325679477154,24.818041743882727,
937661b716,180,427,11102,111.02,101.12547051224895,5.618645400384215e-18,66.33325679477154,28.511065848143435,
937661b716,180,428,11128,111.28,101.12547051224895,5.618645400384258e-18,66.33325679477154,25.884437051622516,
937661b716,180,429,11154,111.54,101.12547051224895,5.618645400384281e-18,66.33325679477154,31.17647375261158,
937661b716,180,430,11180,111.8,101.12547051224895,5.6186454003843186e-18,66.33325679477154,29.640657986695004,
937661b716,180,431,11206,112.06,101.12547051224895,5.6186454003843956e-18,66.33325679477154,27.537401515318308,
937661b716,180,432,11232,112.32,101.12547051224895,5.618645400384447e-18,66.33325679477154,30.419280990704053,
937661b716,180,433,11258,112.58,101.12547051224895,5.618645400384461e-18,66.33325679477154,24.199710999603067,
937661b716,180,434,11284,112.84,101.12547051224895,5.618645400384539e-18,66.33325679477154,25.33890150159736,
937661b716,180,435,11310,113.1,101.12547051224895,5.6186454003845974e-18,66.33325679477154,22.600889635548945,
937661b716,180,436,11336,113.36,101.12547051224895,5.618645400384629e-18,66.33325679477154,33.98455622325934,
937661b716,180,437,11362,113.62,101.12547051224895,5.6186454003846506e-18,66.33325679477154,28.14147307352968,
937661b716,180,438,11388,113.88,101.12547051224895,5.61864540038474e-18,66.33325679477154,29.140306494191282,
937661b716,180,439,11414,114.14,101.12547051224895,5.618645400384772e-18,66.33325679477154,25.82373122643668,
937661b716,180,440,11440,114.4,101.12547051224895,5.6186454003848085e-18,66.33325679477154,29.83293326547419,
937661b716,180,441,11466,114.66,101.12547051224895,5.618645400384833e-18,66.33325679477154,30.223456871755076,
937661b716,180,442,11492,114.92,101.12547051224895,5.618645400384851e-18,66.33325679477154,26.854725929711194,
937661b716,180,443,11518,115.18,101.12547051224895,5.618645400384865e-18,66.33325679477154,27.213507827127046,
937661b716,180,444,11544,115.44,101.12547051224895,5.6186454003848825e-18,66.33325679477154,30.42225509509437,
937661b716,180,445,11570,115.7,101.12547051224895,5.618645400384901e-18,66.33325679477154,27.747256639571955,
937661b716,180,446,11596,115.96,101.12547051224895,5.618645400384928e-18,66.33325679477154,30.616817114128942,
937661b716,180,447,11622,116.22,101.12547051224895,5.618645400384953e-18,66.33325679477154,32.408991681383114,
937661b716,180,448,11648,116.48,101.12547051224895,5.61864540038497e-18,66.33325679477154,27.068279229367008,
937661b716,180,449,11674,116.74,101.12547051224895,5.618645400384979e-18,66.33325679477154,26.09514340078812,
937661b716,180,450,11700,117.0,101.12547051224895,5.618645400384982e-18,66.33325679477154,26.887306161974987,
937661b716,180,451,11726,117.26,101.12547051224895,5.618645400384993e-18,66.33325679477154,23.80743744233841,
937661b716,180,452,11752,117.52,101.12547051224895,5.618645400384998e-18,66.33325679477154,31.83206053500603,
937661b716,180,453,11778,117.78,101.12547051224895,5.6186454003850096e-18,66.33325679477154,21.489480729221373,
937661b716,180,454,11804,118.04,101.12547051224895,5.618645400385019e-18,66.33325679477154,29.122078035754257,
937661b716,180,455,11830,118.3,101.12547051224895,5.618645400385021e-18,66.33325679477154,28.558738458969614,
937661b716,180,456,11856,118.56,101.12547051224895,5.618645400385035e-18,66.33325679477154,36.02471047610314,
937661b716,180,457,11882,118.82,101.12547051224895,5.618645400385042e-18,66.33325679477154,37.7754239699225,
937661b716,180,458,11908,119.08,101.12547051224895,5.618645400385052e-18,66.33325679477154,32.330110883303114,
937661b716,180,459,11934,119.34,101.12547051224895,5.618645400385062e-18,66.33325679477154,35.22747233688675,
937661b716,180,460,11960,119.6,101.12547051224895,5.6186454003850635e-18,66.33325679477154,21.760972418942004,
937661b716,180,461,11986,119.86,101.12547051224895,5.6186454003850735e-18,66.33325679477154,32.23699155896842,
937661b716,180,462,12012,120.12,101.12547051224895,5.618645400385082e-18,66.33325679477154,20.538179057292297,
937661b716,180,463,12038,120.38,101.12547051224895,5.6186454003850905e-18,66.33325679477154,30.524079934633463,
937661b716,180,464,12064,120.64,101.12547051224895,5.618645400385093e-18,66.33325679477154,35.59507415295216,
937661b716,180,465,12090,120.9,101.12547051224895,5.618645400385098e-18,66.33325679477154,33.58469915821728,
937661b716,180,466,12116,121.16,101.12547051224895,5.618645400385107e-18,66.33325679477154,30.082347015755946,
937661b716,180,467,12142,121.42,101.12547051224895,5.618645400385107e-18,66.33325679477154,29.736877304332854,
937661b716,180,468,12168,121.68,101.12547051224895,5.618645400385108e-18,66.33325679477154,33.2852248505432,
937661b716,180,469,12194,121.94,101.12547051224895,5.618645400385111e-18,66.33325679477154,33.13468725282292,
937661b716,180,470,12220,122.2,101.12547051224895,5.618645400385123e-18,66.33325679477154,26.374995651869657,
937661b716,180,471,12246,122.46,101.12547051224895,5.618645400385125e-18,66.33325679477154,30.693188873316736,
937661b716,180,472,12272,122.72,101.12547051224895,5.6186454003851305e-18,66.33325679477154,21.775067175884242,
937661b716,180,473,12298,122.98,101.12547051224895,5.618645400385129e-18,66.33325679477154,27.04419175625126,
937661b716,180,474,12324,123.24,101.12547051224895,5.618645400385134e-18,66.33325679477154,32.42460029886522,
937661b716,180,475,12350,123.5,101.12547051224895,5.618645400385138e-18,66.33325679477154,34.597713805037095,
937661b716,180,476,12376,123.76,101.12547051224895,5.618645400385141e-18,66.33325679477154,33.46179407383522,
937661b716,180,477,12402,124.02,101.12547051224895,5.618645400385139e-18,66.33325679477154,28.430924007603068,
937661b716,180,478,12428,124.28,101.12547051224895,5.6186454003851444e-18,66.33325679477154,26.05825858559632,
937661b716,180,479,12454,124.54,101.12547051224895,5.6186454003851444e-18,66.33325679477154,28.12861107066812,
937661b716,180,480,12480,124.8,101.12547051224895,5.618645400385147e-18,66.33325679477154,24.985590482773514,
937661b716,180,481,12506,125.06,101.12547051224895,5.618645400385147e-18,66.33325679477154,31.053596311371724,
937661b716,180,482,12532,125.32,101.12547051224895,5.6186454003851475e-18,66.33325679477154,39.27578245705026,
937661b716,180,483,12558,125.58,101.12547051224895,5.6186454003851506e-18,66.33325679477154,25.65100496901793,
937661b716,180,484,12584,125.84,101.12547051224895,5.618645400385153e-18,66.33325679477154,21.071056314521847,
937661b716,180,485,12610,126.1,101.12547051224895,5.6186454003851506e-18,66.33325679477154,30.074148091920232,
937661b716,180,486,12636,126.36,101.12547051224895,5.618645400385151e-18,66.33325679477154,29.924113613094384,
937661b716,180,487,12662,126.62,101.12547051224895,5.618645400385155e-18,66.33325679477154,27.45909921576164,
937661b716,180,488,12688,126.88,101.12547051224895,5.618645400385155e-18,66.33325679477154,32.976315049457924,
937661b716,180,489,12714,127.14,101.12547051224895,5.618645400385156e-18,66.33325679477154,31.255231913914248,
937661b716,180,490,12740,127.4,101.12547051224895,5.618645400385157e-18,66.33325679477154,26.15591991567875,
937661b716,180,491,12766,127.66,101.12547051224895,5.618645400385156e-18,66.33325679477154,29.947931044503036,
937661b716,180,492,12792,127.92,101.12547051224895,5.618645400385159e-18,66.33325679477154,32.56925753092465,
937661b716,180,493,12818,128.18,101.12547051224895,5.6186454003851575e-18,66.33325679477154,26.85515204284858,
937661b716,180,494,12844,128.44,101.12547051224895,5.618645400385157e-18,66.33325679477154,28.283531113615194,
937661b716,180,495,12870,128.7,101.12547051224895,5.6186454003851575e-18,66.33325679477154,27.076770088992447,
937661b716,180,496,12896,128.96,101.12547051224895,5.61864540038516e-18,66.33325679477154,29.389733106010095,
937661b716,180,497,12922,129.22,101.12547051224895,5.61864540038516e-18,66.33325679477154,33.13942449959765,
937661b716,180,498,12948,129.48,101.12547051224895,5.618645400385157e-18,66.33325679477154,32.72308281326904,
937661b716,180,499,12974,129.74,101.12547051224895,5.618645400385161e-18,66.33325679477154,36.74446683896258,
937661b716,180,500,13000,130.0,101.12547051224895,5.618645400385159e-18,66.33325679477154,29.38049091045937,
937661b716,180,501,13026,130.26,101.12547051224895,5.618645400385162e-18,66.33325679477154,33.930590595321426,
937661b716,180,502,13052,130.52,101.12547051224895,5.618645400385161e-18,66.33325679477154,27.579641785411642,
937661b716,180,503,13078,130.78,101.12547051224895,5.618645400385164e-18,66.33325679477154,34.47503281497026,
937661b716,180,504,13104,131.04,101.12547051224895,5.618645400385165e-18,66.33325679477154,23.729212566466533,
937661b716,180,505,13130,131.3,101.12547051224895,5.618645400385164e-18,66.33325679477154,29.753012206306977,
937661b716,180,506,13156,131.56,101.12547051224895,5.618645400385165e-18,66.33325679477154,26.553159613639163,
937661b716,180,507,13182,131.82,101.12547051224895,5.618645400385163e-18,66.33325679477154,19.70856199338978,
937661b716,180,508,13208,132.08,101.12547051224895,5.618645400385161e-18,66.33325679477154,24.408853390372094,
937661b716,180,509,13234,132.34,101.12547051224895,5.618645400385167e-18,66.33325679477154,37.10956605882259,
937661b716,180,510,13260,132.6,101.12547051224895,5.618645400385165e-18,66.33325679477154,34.982710881780406,
937661b716,180,511,13286,132.86,101.12547051224895,5.618645400385161e-18,66.33325679477154,29.578111934245843,
937661b716,180,512,13312,133.12,101.12547051224895,5.6186454003851606e-18,66.33325679477154,37.20442742757881,
937661b716,180,513,13338,133.38,101.12547051224895,5.618645400385167e-18,66.33325679477154,34.80642131994117,
937661b716,180,514,13364,133.64,101.12547051224895,5.618645400385165e-18,66.33325679477154,31.019139355170033,
937661b716,180,515,13390,133.9,101.12547051224895,5.618645400385164e-18,66.33325679477154,32.89328136313982,
937661b716,180,516,13416,134.16,101.12547051224895,5.618645400385167e-18,66.33325679477154,27.246690087007867,
937661b716,180,517,13442,134.42,101.12547051224895,5.618645400385163e-18,66.33325679477154,33.330677254867666,
937661b716,180,518,13468,134.68,101.12547051224895,5.618645400385164e-18,66.33325679477154,28.679428309950925,
937661b716,180,519,13494,134.94,101.12547051224895,5.618645400385165e-18,66.33325679477154,32.961381028722,
937661b716,180,520,13520,135.2,101.12547051224895,5.618645400385167e-18,66.33325679477154,20.419715373489314,
937661b716,180,521,13546,135.46,101.12547051224895,5.618645400385166e-18,66.33325679477154,31.816208908213923,
937661b716,180,522,13572,135.72,101.12547051224895,5.6186454003851644e-18,66.33325679477154,29.29390744493592,
937661b716,180,523,13598,135.98,101.12547051224895,5.618645400385167e-18,66.33325679477154,32.90507094313409,
937661b716,180,524,13624,136.24,101.12547051224895,5.618645400385167e-18,66.33325679477154,30.96120804615145,
937661b716,180,525,13650,136.5,101.12547051224895,5.618645400385167e-18,66.33325679477154,27.49514950679863,
937661b716,180,526,13676,136.76,101.12547051224895,5.6186454003851675e-18,66.33325679477154,28.056911104474086,
937661b716,180,527,13702,137.02,101.12547051224895,5.6186454003851675e-18,66.33325679477154,26.227577630910005,
937661b716,180,528,13728,137.28,101.12547051224895,5.6186454003851675e-18,66.33325679477154,25.598022736027204,
937661b716,180,529,13754,137.54,101.12547051224895,5.618645400385163e-18,66.33325679477154,27.460410209689652,
937661b716,180,530,13780,137.8,101.12547051224895,5.618645400385167e-18,66.33325679477154,37.16581843599148,
937661b716,180,531,13806,138.06,101.12547051224895,5.6186454003851675e-18,66.33325679477154,35.17860775463517,
937661b716,180,532,13832,138.32,101.12547051224895,5.618645400385169e-18,66.33325679477154,26.94330002705363,
937661b716,180,533,13858,138.58,101.12547051224895,5.618645400385167e-18,66.33325679477154,29.648895801242606,
937661b716,180,534,13884,138.84,101.12547051224895,5.618645400385167e-18,66.33325679477154,28.596112555324737,
937661b716,180,535,13910,139.1,101.12547051224895,5.618645400385168e-18,66.33325679477154,29.204355579893797,
937661b716,180,536,13936,139.36,101.12547051224895,5.618645400385166e-18,66.33325679477154,29.459706320127104,
937661b716,180,537,13962,139.62,101.12547051224895,5.618645400385168e-18,66.33325679477154,30.22051489783937,
937661b716,180,538,13988,139.88,101.12547051224895,5.6186454003851675e-18,66.33325679477154,33.37593978146954,
937661b716,180,539,14014,140.14,101.12547051224895,5.6186454003851675e-18,66.33325679477154,24.521310141991773,
937661b716,180,540,14040,140.4,101.12547051224895,5.6186454003851675e-18,66.33325679477154,26.665315774050537,
937661b716,180,541,14066,140.66,101.12547051224895,5.618645400385167e-18,66.33325679477154,30.037126152599857,
937661b716,180,542,14092,140.92,101.12547051224895,5.618645400385165e-18,66.33325679477154,27.781114804841142,
937661b716,180,543,14118,141.18,101.12547051224895,5.6186454003851675e-18,66.33325679477154,28.127243320969892,
937661b716,180,544,14144,141.44,101.12547051224895,5.618645400385168e-18,66.33325679477154,32.390882254310256,
937661b716,180,545,14170,141.7,101.12547051224895,5.618645400385169e-18,66.33325679477154,27.162344926145337,
937661b716,180,546,14196,141.96,101.12547051224895,5.618645400385166e-18,66.33325679477154,26.61152201856739,
937661b716,180,547,14222,142.22,101.12547051224895,5.618645400385169e-18,66.33325679477154,23.941811283079595,
937661b716,180,548,14248,142.48,101.12547051224895,5.618645400385169e-18,66.33325679477154,27.00177228301978,
937661b716,180,549,14274,142.74,101.12547051224895,5.618645400385168e-18,66.33325679477154,28.6209024195939,
937661b716,180,550,14300,143.0,101.12547051224895,5.618645400385168e-18,66.33325679477154,28.46853141122378,
937661b716,180,551,14326,143.26,101.12547051224895,5.618645400385169e-18,66.33325679477154,28.003535558463913,
937661b716,180,552,14352,143.52,101.12547051224895,5.618645400385168e-18,66.33325679477154,32.0659659619161,
937661b716,180,553,14378,143.78,101.12547051224895,5.618645400385169e-18,66.33325679477154,34.883214092381515,
937661b716,180,554,14404,144.04,101.12547051224895,5.618645400385167e-18,66.33325679477154,28.11598481476905,
937661b716,180,555,14430,144.3,101.12547051224895,5.618645400385169e-18,66.33325679477154,23.523310009857102,
937661b716,180,556,14456,144.56,101.12547051224895,5.618645400385171e-18,66.33325679477154,25.959738462153172,
937661b716,180,557,14482,144.82,101.12547051224895,5.618645400385165e-18,66.33325679477154,29.616286365588497,
937661b716,180,558,14508,145.08,101.12547051224895,5.6186454003851706e-18,66.33325679477154,31.121329242467983,
937661b716,180,559,14534,145.34,101.12547051224895,5.618645400385168e-18,66.33325679477154,24.8797226575788,
937661b716,180,560,14560,145.6,101.12547051224895,5.618645400385165e-18,66.33325679477154,20.92442653620071,
937661b716,180,561,14586,145.86,101.12547051224895,5.6186454003851675e-18,66.33325679477154,29.67846244375571,
937661b716,180,562,14612,146.12,101.12547051224895,5.618645400385169e-18,66.33325679477154,26.002227255174233,
937661b716,180,563,14638,146.38,101.12547051224895,5.6186454003851675e-18,66.33325679477154,31.904210500195813,
937661b716,180,564,14664,146.64,101.12547051224895,5.618645400385167e-18,66.33325679477154,33.17117393864309,
937661b716,180,565,14690,146.9,101.12547051224895,5.618645400385167e-18,66.33325679477154,22.086835728166438,
937661b716,180,566,14716,147.16,101.12547051224895,5.618645400385167e-18,66.33325679477154,27.416490849908204,
937661b716,180,567,14742,147.42,101.12547051224895,5.618645400385169e-18,66.33325679477154,39.38306474169896,
937661b716,180,568,14768,147.68,101.12547051224895,5.6186454003851675e-18,66.33325679477154,23.565713845654557,
937661b716,180,569,14794,147.94,101.12547051224895,5.618645400385168e-18,66.33325679477154,27.52651247535034,
937661b716,180,570,14820,148.2,101.12547051224895,5.618645400385169e-18,66.33325679477154,27.971564570037508,
937661b716,180,571,14846,148.46,101.12547051224895,5.618645400385168e-18,66.33325679477154,31.908680688726022,
937661b716,180,572,14872,148.72,101.12547051224895,5.6186454003851706e-18,66.33325679477154,31.008498389910418,
937661b716,180,573,14898,148.98,101.12547051224895,5.618645400385169e-18,66.33325679477154,31.462440625571123,
937661b716,180,574,14924,149.24,101.12547051224895,5.618645400385168e-18,66.33325679477154,25.25449656144642,
937661b716,180,575,14950,149.5,101.12547051224895,5.618645400385171e-18,66.33325679477154,30.345044029102187,
937661b716,180,576,14976,149.76,101.12547051224895,5.618645400385166e-18,66.33325679477154,19.530800061443028,
937661b716,180,577,15002,150.02,101.12547051224895,5.618645400385165e-18,66.33325679477154,19.742725748221645,
937661b716,180,578,15028,150.28,101.12547051224895,5.61864540038517e-18,66.33325679477154,34.65270516793683,
937661b716,180,579,15054,150.54,101.12547051224895,5.618645400385168e-18,66.33325679477154,32.99910283095948,
937661b716,180,580,15080,150.8,101.12547051224895,5.618645400385168e-18,66.33325679477154,30.40972039890099,
937661b716,180,581,15106,151.06,101.12547051224895,5.6186454003851706e-18,66.33325679477154,20.38139315442069,
937661b716,180,582,15132,151.32,101.12547051224895,5.618645400385168e-18,66.33325679477154,27.884282838334308,
937661b716,180,583,15158,151.58,101.12547051224895,5.6186454003851644e-18,66.33325679477154,26.46022770711673,
937661b716,180,584,15184,151.84,101.12547051224895,5.618645400385169e-18,66.33325679477154,31.096989174231496,
937661b716,180,585,15210,152.1,101.12547051224895,5.618645400385165e-18,66.33325679477154,28.642047788239225,
937661b716,180,586,15236,152.36,101.12547051224895,5.6186454003851706e-18,66.33325679477154,31.06513258455769,
937661b716,180,587,15262,152.62,101.12547051224895,5.6186454003851675e-18,66.33325679477154,24.224102553245743,
937661b716,180,588,15288,152.88,101.12547051224895,5.6186454003851675e-18,66.33325679477154,23.43299654770869,
937661b716,180,589,15314,153.14,101.12547051224895,5.618645400385168e-18,66.33325679477154,34.971423745055155,
937661b716,180,590,15340,153.4,101.12547051224895,5.618645400385169e-18,66.33325679477154,26.386834180362392,
937661b716,180,591,15366,153.66,101.12547051224895,5.618645400385167e-18,66.33325679477154,34.22508951747887,
937661b716,180,592,15392,153.92,101.12547051224895,5.618645400385169e-18,66.33325679477154,31.188448894063644,
937661b716,180,593,15418,154.18,101.12547051224895,5.618645400385165e-18,66.33325679477154,25.61145782333787,
937661b716,180,594,15444,154.44,101.12547051224895,5.61864540038517e-18,66.33325679477154,35.838853529360534,
937661b716,180,595,15470,154.7,101.12547051224895,5.618645400385169e-18,66.33325679477154,21.46862391707916,
937661b716,180,596,15496,154.96,101.12547051224895,5.6186454003851644e-18,66.33325679477154,31.593377622093104,
937661b716,180,597,15522,155.22,101.12547051224895,5.6186454003851675e-18,66.33325679477154,24.69863779678269,
937661b716,180,598,15548,155.48,101.12547051224895,5.618645400385169e-18,66.33325679477154,30.298228928736396,
937661b716,180,599,15574,155.74,101.12547051224895,5.61864540038517e-18,66.33325679477154,31.250905667928695,
937661b716,180,600,15600,156.0,101.12547051224895,5.618645400385165e-18,66.33325679477154,29.658772163826267,
937661b716,180,601,15626,156.26,101.12547051224895,5.6186454003851675e-18,66.33325679477154,22.24061223855098,
937661b716,180,602,15652,156.52,101.12547051224895,5.618645400385165e-18,66.33325679477154,30.47271033300626,
937661b716,180,603,15678,156.78,101.12547051224895,5.618645400385167e-18,66.33325679477154,26.382317140840378,
937661b716,180,604,15704,157.04,101.12547051224895,5.6186454003851675e-18,66.33325679477154,25.73415651662925,
937661b716,180,605,15730,157.3,101.12547051224895,5.618645400385167e-18,66.33325679477154,32.844970584104,
937661b716,180,606,15756,157.56,101.12547051224895,5.618645400385168e-18,66.33325679477154,33.018035995359035,
937661b716,180,607,15782,157.82,101.12547051224895,5.618645400385169e-18,66.33325679477154,29.35451434611044,
937661b716,180,608,15808,158.08,101.12547051224895,5.618645400385168e-18,66.33325679477154,33.115676521862156,
937661b716,180,609,15834,158.34,101.12547051224895,5.618645400385169e-18,66.33325679477154,27.43939309504156,
937661b716,180,610,15860,158.6,101.12547051224895,5.6186454003851675e-18,66.33325679477154,39.13906076289372,
937661b716,180,611,15886,158.86,101.12547051224895,5.6186454003851675e-18,66.33325679477154,27.76849033574215,
937661b716,180,612,15912,159.12,101.12547051224895,5.6186454003851706e-18,66.33325679477154,23.805306171571768,
937661b716,180,613,15938,159.38,101.12547051224895,5.618645400385167e-18,66.33325679477154,33.90316912943576,
937661b716,180,614,15964,159.64,101.12547051224895,5.6186454003851675e-18,66.33325679477154,38.29709318431572,
937661b716,180,615,15990,159.9,101.12547051224895,5.618645400385168e-18,66.33325679477154,26.9982347338742,
937661b716,180,616,16016,160.16,101.12547051224895,5.6186454003851644e-18,66.33325679477154,28.926814001625868,
937661b716,180,617,16042,160.42,101.12547051224895,5.6186454003851675e-18,66.33325679477154,30.609536879326885,
937661b716,180,618,16068,160.68,101.12547051224895,5.618645400385165e-18,66.33325679477154,32.85270056689859,
937661b716,180,619,16094,160.94,101.12547051224895,5.618645400385168e-18,66.33325679477154,29.48214751474292,
937661b716,180,620,16120,161.2,101.12547051224895,5.618645400385169e-18,66.33325679477154,29.48625721655299,
937661b716,180,621,16146,161.46,101.12547051224895,5.618645400385168e-18,66.33325679477154,31.48216307045161,
937661b716,180,622,16172,161.72,101.12547051224895,5.618645400385167e-18,66.33325679477154,24.079075194658223,
937661b716,180,623,16198,161.98,101.12547051224895,5.618645400385169e-18,66.33325679477154,27.451129180810945,
937661b716,180,624,16224,162.24,101.12547051224895,5.618645400385164e-18,66.33325679477154,29.790163687686118,
937661b716,180,625,16250,162.5,101.12547051224895,5.61864540038517e-18,66.33325679477154,23.103970792940665,
937661b716,180,626,16276,162.76,101.12547051224895,5.618645400385167e-18,66.33325679477154,26.94691314362802,
937661b716,180,627,16302,163.02,101.12547051224895,5.6186454003851675e-18,66.33325679477154,33.661963943764746,
937661b716,180,628,16328,163.28,101.12547051224895,5.618645400385167e-18,66.33325679477154,35.18045268996076,
937661b716,180,629,16354,163.54,101.12547051224895,5.618645400385167e-18,66.33325679477154,32.33282274642877,
937661b716,180,630,16380,163.8,101.12547051224895,5.618645400385168e-18,66.33325679477154,28.45793813653418,
937661b716,180,631,16406,164.06,101.12547051224895,5.6186454003851675e-18,66.33325679477154,21.045512753561162,
937661b716,180,632,16432,164.32,101.12547051224895,5.6186454003851675e-18,66.33325679477154,32.00861459691193,
937661b716,180,633,16458,164.58,101.12547051224895,5.618645400385168e-18,66.33325679477154,38.23815806128947,
937661b716,180,634,16484,164.84,101.12547051224895,5.6186454003851675e-18,66.33325679477154,24.48099150532268,
937661b716,180,635,16510,165.1,101.12547051224895,5.6186454003851675e-18,66.33325679477154,20.25557197616661,
937661b716,180,636,16536,165.36,101.12547051224895,5.618645400385167e-18,66.33325679477154,26.772701324726338,
937661b716,180,637,16562,165.62,101.12547051224895,5.6186454003851706e-18,66.33325679477154,29.515187830056107,
937661b716,180,638,16588,165.88,101.12547051224895,5.6186454003851706e-18,66.33325679477154,25.092598502935022,
937661b716,180,639,16614,166.14,101.12547051224895,5.61864540038517e-18,66.33325679477154,32.424657318086815,
937661b716,180,640,16640,166.4,101.12547051224895,5.6186454003851675e-18,66.33325679477154,29.228428848417273,
937661b716,180,641,16666,166.66,101.12547051224895,5.6186454003851675e-18,66.33325679477154,30.061264338187975,
937661b716,180,642,16692,166.92,101.12547051224895,5.618645400385166e-18,66.33325679477154,33.623421915969615,
937661b716,180,643,16718,167.18,101.12547051224895,5.6186454003851675e-18,66.33325679477154,32.10161180137821,
937661b716,180,644,16744,167.44,101.12547051224895,5.618645400385172e-18,66.33325679477154,34.93111521564569,
937661b716,180,645,16770,167.7,101.12547051224895,5.6186454003851706e-18,66.33325679477154,30.73141513276943,
937661b716,180,646,16796,167.96,101.12547051224895,5.61864540038517e-18,66.33325679477154,29.180428978803217,
937661b716,180,647,16822,168.22,101.12547051224895,5.618645400385167e-18,66.33325679477154,30.213186719291183,
937661b716,180,648,16848,168.48,101.12547051224895,5.6186454003851675e-18,66.33325679477154,38.683658885005606,
937661b716,180,649,16874,168.74,101.12547051224895,5.618645400385167e-18,66.33325679477154,34.52327461025099,
937661b716,180,650,16900,169.0,101.12547051224895,5.618645400385167e-18,66.33325679477154,25.910543016180384,
937661b716,180,651,16926,169.26,101.12547051224895,5.618645400385167e-18,66.33325679477154,28.274687397582316,
937661b716,180,652,16952,169.52,101.12547051224895,5.618645400385168e-18,66.33325679477154,31.2039611981986,
937661b716,180,653,16978,169.78,101.12547051224895,5.618645400385169e-18,66.33325679477154,32.07851909920368,
937661b716,180,654,17004,170.04,101.12547051224895,5.6186454003851675e-18,66.33325679477154,33.51921786930745,
937661b716,180,655,17030,170.3,101.12547051224895,5.618645400385167e-18,66.33325679477154,34.32993686502284,
937661b716,180,656,17056,170.56,101.12547051224895,5.618645400385172e-18,66.33325679477154,24.713094690878894,
937661b716,180,657,17082,170.82,101.12547051224895,5.618645400385168e-18,66.33325679477154,25.63196470917149,
937661b716,180,658,17108,171.08,101.12547051224895,5.6186454003851675e-18,66.33325679477154,22.681165491354065,
937661b716,180,659,17134,171.34,101.12547051224895,5.618645400385172e-18,66.33325679477154,27.768879337764577,
937661b716,180,660,17160,171.6,101.12547051224895,5.618645400385172e-18,66.33325679477154,25.0281139778787,
937661b716,180,661,17186,171.86,101.12547051224895,5.618645400385169e-18,66.33325679477154,28.94387605865069,
937661b716,180,662,17212,172.12,101.12547051224895,5.618645400385168e-18,66.33325679477154,27.744417910575397,
937661b716,180,663,17238,172.38,101.12547051224895,5.618645400385168e-18,66.33325679477154,32.79943908943343,
937661b716,180,664,17264,172.64,101.12547051224895,5.618645400385169e-18,66.33325679477154,32.80793753081397,
937661b716,180,665,17290,172.9,101.12547051224895,5.618645400385167e-18,66.33325679477154,34.231230485073205,
937661b716,180,666,17316,173.16,101.12547051224895,5.618645400385164e-18,66.33325679477154,31.91542225011593,
937661b716,180,667,17342,173.42,101.12547051224895,5.618645400385169e-18,66.33325679477154,34.18762944081061,
937661b716,180,668,17368,173.68,101.12547051224895,5.6186454003851706e-18,66.33325679477154,24.256347653786754,
937661b716,180,669,17394,173.94,101.12547051224895,5.618645400385169e-18,66.33325679477154,38.18879125766754,
937661b716,180,670,17420,174.2,101.12547051224895,5.618645400385167e-18,66.33325679477154,21.054273238115545,
937661b716,180,671,17446,174.46,101.12547051224895,5.618645400385166e-18,66.33325679477154,23.617988394782852,
937661b716,180,672,17472,174.72,101.12547051224895,5.6186454003851675e-18,66.33325679477154,29.123321543106403,
937661b716,180,673,17498,174.98,101.12547051224895,5.6186454003851675e-18,66.33325679477154,24.63640461316603,
937661b716,180,674,17524,175.24,101.12547051224895,5.618645400385171e-18,66.33325679477154,30.524307803303305,
937661b716,180,675,17550,175.5,101.12547051224895,5.618645400385168e-18,66.33325679477154,33.30352213579055,
937661b716,180,676,17576,175.76,101.12547051224895,5.61864540038517e-18,66.33325679477154,29.896634322980802,
937661b716,180,677,17602,176.02,101.12547051224895,5.618645400385167e-18,66.33325679477154,25.99942725876122,
937661b716,180,678,17628,176.28,101.12547051224895,5.6186454003851706e-18,66.33325679477154,26.635728783305403,
937661b716,180,679,17654,176.54,101.12547051224895,5.618645400385171e-18,66.33325679477154,34.72843319455941,
937661b716,180,680,17680,176.8,101.12547051224895,5.618645400385168e-18,66.33325679477154,23.659569648970795,
937661b716,180,681,17706,177.06,101.12547051224895,5.618645400385171e-18,66.33325679477154,35.386125144146206,
937661b716,180,682,17732,177.32,101.12547051224895,5.6186454003851675e-18,66.33325679477154,22.467492134597837,
937661b716,180,683,17758,177.58,101.12547051224895,5.6186454003851706e-18,66.33325679477154,24.26884018553557,
937661b716,180,684,17784,177.84,101.12547051224895,5.6186454003851675e-18,66.33325679477154,29.409947746771817,
937661b716,180,685,17810,178.1,101.12547051224895,5.6186454003851675e-18,66.33325679477154,22.873318772593173,
937661b716,180,686,17836,178.36,101.12547051224895,5.618645400385169e-18,66.33325679477154,23.744358930207063,
937661b716,180,687,17862,178.62,101.12547051224895,5.618645400385166e-18,66.33325679477154,24.814837604410748,
937661b716,180,688,17888,178.88,101.12547051224895,5.618645400385169e-18,66.33325679477154,27.916606474815996,
937661b716,180,689,17914,179.14,101.12547051224895,5.618645400385172e-18,66.33325679477154,26.418122372645843,
937661b716,180,690,17940,179.4,101.12547051224895,5.6186454003851675e-18,66.33325679477154,26.087746656113794,
937661b716,180,691,17966,179.66,101.12547051224895,5.6186454003851706e-18,66.33325679477154,32.95317664015259,
937661b716,180,692,17992,179.92,101.12547051224895,,66.33325679477154,20.265926886426794,
dbdc39796a,180,0,0,0.0,516651013610901.0,33.97664883788959,119640441474639.08,42701109685459.22,"ProjectedCommonDirectionsConfig(subspace_no_grads=1, subspace_no_updates=1, subspace_frac_random=0.05, direction_str=sd, random_proj=True, random_proj_dim_frac=0.2, ensemble=haar, inner_use_full_grad=True, orth_P_k=True, beta=0.001, tau=0.5, c_const=inf, N_try=200, alpha_max=100, p_const=1)"
dbdc39796a,180,1,26,0.26,169234827404153.4,15.300641539942328,68473769324453.25,34073550107610.836,
dbdc39796a,180,2,52,0.52,151733072179789.8,8.173298451619749,64836489083089.99,34733377620642.31,
dbdc39796a,180,3,78,0.78,8684318603413.488,2.0786541083117607,15511265733726.717,6889782421606.212,
dbdc39796a,180,4,104,1.04,1392639091741.6416,0.8883608481561746,6211530969921.338,2931836202013.141,
dbdc39796a,180,5,130,1.3,493146793054.1574,0.543237972263532,3696302198536.8364,1681723121464.4158,
dbdc39796a,180,6,156,1.56,230987910101.32666,0.3817033404849803,2529728937723.9463,1006619649850.0332,
dbdc39796a,180,7,182,1.82,138889513312.80734,0.30511558797747423,1961616436888.1372,857857950498.3422,
dbdc39796a,180,8,208,2.08,109196076653.44763,0.27157642603209636,1739333578226.191,593391867022.2532,
dbdc39796a,180,9,234,2.34,88675442644.38226,0.249671773283945,1567404344857.4436,657688833067.8584,
dbdc39796a,180,10,260,2.6,84934434738.78441,0.12443458423884977,1533985534276.8582,783588461800.9431,
dbdc39796a,180,11,286,2.86,58683600.96974865,0.0032960532390585136,40321563838.76352,16400164058.440094,
dbdc39796a,180,12,312,3.12,104501.86054122233,0.0001399112374369921,1700713434.1612055,786393913.2029744,
dbdc39796a,180,13,338,3.38,423.07740251069305,7.817586130836375e-06,94444110.75399812,39266559.06870654,
dbdc39796a,180,14,364,3.64,102.6415343532259,5.401177418540956e-07,6480941.607394221,2853625.007395939,
dbdc39796a,180,15,390,3.9,101.13597799660887,4.513132291317311e-08,539546.2664556077,266984.4073834476,
dbdc39796a,180,16,416,4.16,101.12555801930856,4.122305420378466e-09,49237.665764542086,16314.380144820689,
dbdc39796a,180,17,442,4.42,101.12547127564083,3.854016876516144e-10,4590.726763926373,1704.7198986873161,
dbdc39796a,180,18,468,4.68,101.12547052231892,3.836570747937998e-11,455.5889516977777,229.83455064646063,
dbdc39796a,180,19,494,4.94,101.12547051477765,8.161290415948922e-12,48.30498436085504,17.020452528877225,
dbdc39796a,180,20,520,5.2,101.12547051344093,3.8249871568970537e-17,59.22262703402111,26.454773813460374,
dbdc39796a,180,21,546,5.46,101.12547051344093,5.042950902958394e-12,59.22262703402111,24.15456392589235,
dbdc39796a,180,22,572,5.72,101.12547051343495,1.2926380135206653e-15,7.751503214384214,4.1129520443394245,
dbdc39796a,180,23,598,5.98,101.12547051326385,6.619708335370844e-13,7.739808339917328,2.893436508562628,
dbdc39796a,180,24,624,6.24,101.12547051318182,1.829242676282166e-16,1.0886790030839404,0.4880162971627716,
dbdc39796a,180,25,650,6.5,101.12547051318124,4.580561954751303e-17,1.0884468613546867,0.544527366800637,
dbdc39796a,180,26,676,6.76,101.12547051318124,4.587982949149846e-17,1.0884468613546867,0.516721879662067,
dbdc39796a,180,27,702,7.02,101.12547051318124,4.599996468890644e-17,1.0884468613546867,0.49077340294258215,
dbdc39796a,180,28,728,7.28,101.12547051318124,4.60179060005738e-17,1.0884468613546867,0.44711881357710165,
dbdc39796a,180,29,754,7.54,101.12547051318124,1.8869798762723599e-13,1.0884468613546867,0.4804580859421463,
dbdc39796a,180,30,780,7.8,101.12547051308927,9.933344080975192e-16,1.463524637215599,0.46397762873404963,
dbdc39796a,180,31,806,8.06,101.12547051284838,2.476201523916725e-16,1.4577190695673954,0.5794755582765693,
dbdc39796a,180,32,832,8.32,101.12547051283804,3.0996327955879975e-17,1.4571435669171526,0.5823315482783721,
dbdc39796a,180,33,858,8.58,101.12547051283804,3.1029971031186114e-17,1.4571435669171526,0.5874474993979286,
dbdc39796a,180,34,884,8.84,101.12547051283804,1.0182241976614363e-12,1.4571435669171526,0.48350817851950495,
dbdc39796a,180,35,910,9.1,101.12547051239186,3.309957559402848e-17,12.413570708903704,6.4237846576687065,
dbdc39796a,180,36,936,9.36,101.12547051239186,3.3187367413086895e-17,12.413570708903704,5.934697183163673,
dbdc39796a,180,37,962,9.62,101.12547051239186,3.322733281990933e-17,12.413570708903704,5.771997683091212,
dbdc39796a,180,38,988,9.88,101.12547051239186,3.325157855526337e-17,12.413570708903704,5.879741626088299,
dbdc39796a,180,39,1014,10.14,101.12547051239186,3.326019269007338e-17,12.413570708903704,5.210803591634563,
dbdc39796a,180,40,1040,10.4,101.12547051239186,3.3285409385977586e-17,12.413570708903704,5.739900599294142,
dbdc39796a,180,41,1066,10.66,101.12547051239186,3.332232824709748e-17,12.413570708903704,5.223211018864665,
dbdc39796a,180,42,1092,10.92,101.12547051239186,3.334439362097498e-17,12.413570708903704,5.233880068765336,
dbdc39796a,180,43,1118,11.18,101.12547051239186,3.3374932533402275e-17,12.413570708903704,4.7434753945193115,
dbdc39796a,180,44,1144,11.44,101.12547051239186,3.338028885548214e-17,12.413570708903704,5.144048842395277,
dbdc39796a,180,45,1170,11.7,101.12547051239186,3.339674444773258e-17,12.413570708903704,4.728389428699534,
dbdc39796a,180,46,1196,11.96,101.12547051239186,3.3404816691142204e-17,12.413570708903704,4.420388632154441,
dbdc39796a,180,47,1222,12.22,101.12547051239186,3.341471500006548e-17,12.413570708903704,5.594952969103934,
dbdc39796a,180,48,1248,12.48,101.12547051239186,3.342200625908451e-17,12.413570708903704,5.783467684638161,
dbdc39796a,180,49,1274,12.74,101.12547051239186,3.343318208721203e-17,12.413570708903704,5.104080988044343,
dbdc39796a,180,50,1300,13.0,101.12547051239186,3.345995375363044e-17,12.413570708903704,4.023459179500113,
dbdc39796a,180,51,1326,13.26,101.12547051239186,3.347233510999393e-17,12.413570708903704,5.3799426366631815,
dbdc39796a,180,52,1352,13.52,101.12547051239186,3.3484147306645455e-17,12.413570708903704,5.053965159894699,
dbdc39796a,180,53,1378,13.78,101.12547051239186,3.3490701967376265e-17,12.413570708903704,4.60411201661436,
dbdc39796a,180,54,1404,14.04,101.12547051239186,3.3498969051310356e-17,12.413570708903704,5.534030014875805,
dbdc39796a,180,55,1430,14.3,101.12547051239186,3.351492047501427e-17,12.413570708903704,7.273529839294282,
dbdc39796a,180,56,1456,14.56,101.12547051239186,3.352093241312097e-17,12.413570708903704,3.291264889196097,
dbdc39796a,180,57,1482,14.82,101.12547051239186,3.352809347682923e-17,12.413570708903704,4.9953030372632705,
dbdc39796a,180,58,1508,15.08,101.12547051239186,6.70998619601226e-17,12.413570708903704,6.138205691389226,
dbdc39796a,180,59,1534,15.34,101.12547051239186,3.3559464343934603e-17,12.413570708903704,4.0937304808400095,
dbdc39796a,180,60,1560,15.6,101.12547051239186,3.35628564896451e-17,12.413570708903704,4.941823868293448,
dbdc39796a,180,61,1586,15.86,101.12547051239186,3.3565145583057617e-17,12.413570708903704,6.250511510253814,
dbdc39796a,180,62,1612,16.12,101.12547051239186,3.356711681944125e-17,12.413570708903704,6.248965136606561,
dbdc39796a,180,63,1638,16.38,101.12547051239186,3.357306228352016e-17,12.413570708903704,5.8711840482967705,
dbdc39796a,180,64,1664,16.64,101.12547051239186,3.357865380175229e-17,12.413570708903704,5.846471279339915,
dbdc39796a,180,65,1690,16.9,101.12547051239186,3.35828355406866e-17,12.413570708903704,5.094184347481984,
dbdc39796a,180,66,1716,17.16,101.12547051239186,3.3586022718221744e-17,12.413570708903704,6.706211586443197,
dbdc39796a,180,67,1742,17.42,101.12547051239186,3.358857028624334e-17,12.413570708903704,6.549610490845832,
dbdc39796a,180,68,1768,17.68,101.12547051239186,3.359121989307127e-17,12.413570708903704,6.243182896840825,
dbdc39796a,180,69,1794,17.94,101.12547051239186,3.359402200519698e-17,12.413570708903704,6.29530090382061,
dbdc39796a,180,70,1820,18.2,101.12547051239186,3.359788580438908e-17,12.413570708903704,4.780952424457934,
dbdc39796a,180,71,1846,18.46,101.12547051239186,3.3605729616989977e-17,12.413570708903704,5.771265861209527,
dbdc39796a,180,72,1872,18.72,101.12547051239186,3.360899922404512e-17,12.413570708903704,7.504575973225152,
dbdc39796a,180,73,1898,18.98,101.12547051239186,3.361212522245944e-17,12.413570708903704,5.543573429632437,
dbdc39796a,180,74,1924,19.24,101.12547051239186,3.361273583891663e-17,12.413570708903704,6.726405255800849,
dbdc39796a,180,75,1950,19.5,101.12547051239186,3.361351700632519e-17,12.413570708903704,5.6026200871973915,
dbdc39796a,180,76,1976,19.76,101.12547051239186,3.361478317325258e-17,12.413570708903704,4.960065576508347,
dbdc39796a,180,77,2002,20.02,101.12547051239186,3.36182027181072e-17,12.413570708903704,5.940474564315085,
dbdc39796a,180,78,2028,20.28,101.12547051239186,3.3619256623534935e-17,12.413570708903704,5.185332590952141,
dbdc39796a,180,79,2054,20.54,101.12547051239186,3.3622257711841914e-17,12.413570708903704,5.531539669065248,
dbdc39796a,180,80,2080,20.8,101.12547051239186,3.362529119898161e-17,12.413570708903704,6.967852908109409,
dbdc39796a,180,81,2106,21.06,101.12547051239186,3.362678313451509e-17,12.413570708903704,5.886148584559592,
dbdc39796a,180,82,2132,21.32,101.12547051239186,3.362729277014596e-17,12.413570708903704,5.547270273648596,
dbdc39796a,180,83,2158,21.58,101.12547051239186,3.36283644483336e-17,12.413570708903704,4.5621645955057835,
dbdc39796a,180,84,2184,21.84,101.12547051239186,3.363015534127868e-17,12.413570708903704,4.997441865973014,
dbdc39796a,180,85,2210,22.1,101.12547051239186,3.3632548050620124e-17,12.413570708903704,3.0206210927828856,
dbdc39796a,180,86,2236,22.36,101.12547051239186,3.363301252838826e-17,12.413570708903704,5.606892879729298,
dbdc39796a,180,87,2262,22.62,101.12547051239186,3.3634072363574886e-17,12.413570708903704,4.519155714784166,
dbdc39796a,180,88,2288,22.88,101.12547051239186,3.3635447056972384e-17,12.413570708903704,5.334678918740387,
dbdc39796a,180,89,2314,23.14,101.12547051239186,3.363605543012472e-17,12.413570708903704,5.9708605510317865,
dbdc39796a,180,90,2340,23.4,101.12547051239186,3.3636511758770216e-17,12.413570708903704,6.267125720683832,
dbdc39796a,180,91,2366,23.66,101.12547051239186,3.363667162022525e-17,12.413570708903704,5.556803402587123,
dbdc39796a,180,92,2392,23.92,101.12547051239186,3.3636886110679093e-17,12.413570708903704,5.122147907892507,
dbdc39796a,180,93,2418,24.18,101.12547051239186,3.363754059236869e-17,12.413570708903704,5.95529759395365,
dbdc39796a,180,94,2444,24.44,101.12547051239186,3.363796057363685e-17,12.413570708903704,6.115910729011784,
dbdc39796a,180,95,2470,24.7,101.12547051239186,3.363887025079437e-17,12.413570708903704,5.119433134924801,
dbdc39796a,180,96,2496,24.96,101.12547051239186,3.3639554379314634e-17,12.413570708903704,6.211909175792948,
dbdc39796a,180,97,2522,25.22,101.12547051239186,3.3640203161662443e-17,12.413570708903704,4.2158990997152115,
dbdc39796a,180,98,2548,25.48,101.12547051239186,3.364030698393628e-17,12.413570708903704,7.945953482195949,
dbdc39796a,180,99,2574,25.74,101.12547051239186,3.364049377140259e-17,12.413570708903704,4.56025437972293,
dbdc39796a,180,100,2600,26.0,101.12547051239186,3.364143870181607e-17,12.413570708903704,4.643038600064663,
dbdc39796a,180,101,2626,26.26,101.12547051239186,3.3641675520494804e-17,12.413570708903704,5.9988364410370565,
dbdc39796a,180,102,2652,26.52,101.12547051239186,3.3642080276006713e-17,12.413570708903704,5.131252748331892,
dbdc39796a,180,103,2678,26.78,101.12547051239186,3.364211826064475e-17,12.413570708903704,5.205688485080462,
dbdc39796a,180,104,2704,27.04,101.12547051239186,3.3642822173645316e-17,12.413570708903704,6.44198457388449,
dbdc39796a,180,105,2730,27.3,101.12547051239186,3.3643115327528536e-17,12.413570708903704,5.3947075758144205,
dbdc39796a,180,106,2756,27.56,101.12547051239186,3.36433620923947e-17,12.413570708903704,6.475473948727988,
dbdc39796a,180,107,2782,27.82,101.12547051239186,3.364370414634919e-17,12.413570708903704,5.616741451442153,
dbdc39796a,180,108,2808,28.08,101.12547051239186,3.364391450385044e-17,12.413570708903704,5.398598423880716,
dbdc39796a,180,109,2834,28.34,101.12547051239186,3.364411310787397e-17,12.413570708903704,5.671301522114045,
dbdc39796a,180,110,2860,28.6,101.12547051239186,3.364441770336813e-17,12.413570708903704,5.54393940355513,
dbdc39796a,180,111,2886,28.86,101.12547051239186,3.3644844754221806e-17,12.413570708903704,5.143903463267764,
dbdc39796a,180,112,2912,29.12,101.12547051239186,3.3645105203662675e-17,12.413570708903704,4.970777246677135,
dbdc39796a,180,113,2938,29.38,101.12547051239186,3.3645245222684884e-17,12.413570708903704,4.615984444676679,
dbdc39796a,180,114,2964,29.64,101.12547051239186,3.364525968333357e-17,12.413570708903704,4.137309237989744,
dbdc39796a,180,115,2990,29.9,101.12547051239186,3.3645306371338686e-17,12.413570708903704,4.225322232280396,
dbdc39796a,180,116,3016,30.16,101.12547051239186,3.3645398562042184e-17,12.413570708903704,4.861152141170099,
dbdc39796a,180,117,3042,30.42,101.12547051239186,3.364549667084383e-17,12.413570708903704,4.655023106437648,
dbdc39796a,180,118,3068,30.68,101.12547051239186,3.364555839086512e-17,12.413570708903704,6.532703735680321,
dbdc39796a,180,119,3094,30.94,101.12547051239186,3.364568424192822e-17,12.413570708903704,5.317528897898042,
dbdc39796a,180,120,3120,31.2,101.12547051239186,3.3645755712983927e-17,12.413570708903704,4.694416133529991,
dbdc39796a,180,121,3146,31.46,101.12547051239186,3.3645808803706e-17,12.413570708903704,4.912440405862948,
dbdc39796a,180,122,3172,31.72,101.12547051239186,3.364586495799954e-17,12.413570708903704,5.14011924890778,
dbdc39796a,180,123,3198,31.98,101.12547051239186,3.364592117866454e-17,12.413570708903704,5.839370172520666,
dbdc39796a,180,124,3224,32.24,101.12547051239186,3.364606050677074e-17,12.413570708903704,6.295227485837113,
dbdc39796a,180,125,3250,32.5,101.12547051239186,3.3646091426199993e-17,12.413570708903704,6.7163034488096365,
dbdc39796a,180,126,3276,32.76,101.12547051239186,3.364615154514364e-17,12.413570708903704,5.762916077295652,
dbdc39796a,180,127,3302,33.02,101.12547051239186,3.364622266959089e-17,12.413570708903704,5.835068767827227,
dbdc39796a,180,128,3328,33.28,101.12547051239186,3.364624886810959e-17,12.413570708903704,6.105581223879548,
dbdc39796a,180,129,3354,33.54,101.12547051239186,3.3646290385703165e-17,12.413570708903704,5.003793864380286,
dbdc39796a,180,130,3380,33.8,101.12547051239186,3.364630727680277e-17,12.413570708903704,6.155426065912421,
dbdc39796a,180,131,3406,34.06,101.12547051239186,3.364634245256887e-17,12.413570708903704,5.1556207374360055,
dbdc39796a,180,132,3432,34.32,101.12547051239186,3.36463756832598e-17,12.413570708903704,5.26164683634114,
dbdc39796a,180,133,3458,34.58,101.12547051239186,3.3646401233438417e-17,12.413570708903704,5.364404218414479,
dbdc39796a,180,134,3484,34.84,101.12547051239186,3.364643674234242e-17,12.413570708903704,3.567479696437587,
dbdc39796a,180,135,3510,35.1,101.12547051239186,3.364645907760857e-17,12.413570708903704,5.176885981449554,
dbdc39796a,180,136,3536,35.36,101.12547051239186,3.364648266708399e-17,12.413570708903704,4.975025195781924,
dbdc39796a,180,137,3562,35.62,101.12547051239186,3.3646564652090146e-17,12.413570708903704,4.3837406434322395,
dbdc39796a,180,138,3588,35.88,101.12547051239186,3.3646629098088707e-17,12.413570708903704,4.719167425200381,
dbdc39796a,180,139,3614,36.14,101.12547051239186,3.364664488077523e-17,12.413570708903704,5.640791045002282,
dbdc39796a,180,140,3640,36.4,101.12547051239186,3.364666225447142e-17,12.413570708903704,5.839208964787302,
dbdc39796a,180,141,3666,36.66,101.12547051239186,3.364667165436167e-17,12.413570708903704,5.474031168350385,
dbdc39796a,180,142,3692,36.92,101.12547051239186,3.3646697476381614e-17,12.413570708903704,4.583465639751757,
dbdc39796a,180,143,3718,37.18,101.12547051239186,3.364671348996482e-17,12.413570708903704,4.574521034298158,
dbdc39796a,180,144,3744,37.44,101.12547051239186,3.3646748094369236e-17,12.413570708903704,5.232948560629458,
dbdc39796a,180,145,3770,37.7,101.12547051239186,3.3646762213546553e-17,12.413570708903704,6.603174377113568,
dbdc39796a,180,146,3796,37.96,101.12547051239186,3.364677683821732e-17,12.413570708903704,5.691809112923338,
dbdc39796a,180,147,3822,38.22,101.12547051239186,3.364678330781964e-17,12.413570708903704,6.114076968652858,
dbdc39796a,180,148,3848,38.48,101.12547051239186,3.364679214246775e-17,12.413570708903704,5.734429924170605,
dbdc39796a,180,149,3874,38.74,101.12547051239186,3.3646830152516426e-17,12.413570708903704,4.051226961189249,
dbdc39796a,180,150,3900,39.0,101.12547051239186,3.364683628050585e-17,12.413570708903704,5.017471000466898,
dbdc39796a,180,151,3926,39.26,101.12547051239186,3.36468459154105e-17,12.413570708903704,5.5540258762941646,
dbdc39796a,180,152,3952,39.52,101.12547051239186,3.3646879856252813e-17,12.413570708903704,5.424624002920805,
dbdc39796a,180,153,3978,39.78,101.12547051239186,3.364689640755274e-17,12.413570708903704,5.7560320373621625,
dbdc39796a,180,154,4004,40.04,101.12547051239186,3.36469063126315e-17,12.413570708903704,5.5606177310111295,
dbdc39796a,180,155,4030,40.3,101.12547051239186,3.364691973603016e-17,12.413570708903704,5.926036089160395,
dbdc39796a,180,156,4056,40.56,101.12547051239186,3.364692830192744e-17,12.413570708903704,6.170316768599807,
dbdc39796a,180,157,4082,40.82,101.12547051239186,3.364693509363685e-17,12.413570708903704,5.056505793341853,
dbdc39796a,180,158,4108,41.08,101.12547051239186,3.364694491218474e-17,12.413570708903704,5.6617766943927155,
dbdc39796a,180,159,4134,41.34,101.12547051239186,3.364695281676329e-17,12.413570708903704,5.9729052069558355,
dbdc39796a,180,160,4160,41.6,101.12547051239186,3.3646959964046876e-17,12.413570708903704,4.598108121885729,
dbdc39796a,180,161,4186,41.86,101.12547051239186,3.3646963569268177e-17,12.413570708903704,6.353320194817167,
dbdc39796a,180,162,4212,42.12,101.12547051239186,3.3646968129771616e-17,12.413570708903704,5.893598740478045,
dbdc39796a,180,163,4238,42.38,101.12547051239186,3.3646974542558473e-17,12.413570708903704,5.806284456059128,
dbdc39796a,180,164,4264,42.64,101.12547051239186,3.3646978632844157e-17,12.413570708903704,4.604935415608349,
dbdc39796a,180,165,4290,42.9,101.12547051239186,3.364698541383467e-17,12.413570708903704,5.111244081554569,
dbdc39796a,180,166,4316,43.16,101.12547051239186,3.36469937469252e-17,12.413570708903704,6.375575867664649,
dbdc39796a,180,167,4342,43.42,101.12547051239186,3.3646996512459496e-17,12.413570708903704,5.659839078326042,
dbdc39796a,180,168,4368,43.68,101.12547051239186,3.364699887354501e-17,12.413570708903704,4.452387679875663,
dbdc39796a,180,169,4394,43.94,101.12547051239186,3.364700101661904e-17,12.413570708903704,5.399846530232035,
dbdc39796a,180,170,4420,44.2,101.12547051239186,3.364700163242138e-17,12.413570708903704,5.1847195027599415,
dbdc39796a,180,171,4446,44.46,101.12547051239186,3.3647003314354695e-17,12.413570708903704,5.101616964268376,
dbdc39796a,180,172,4472,44.72,101.12547051239186,3.3647004512164804e-17,12.413570708903704,5.281697303442512,
dbdc39796a,180,173,4498,44.98,101.12547051239186,3.364700508084522e-17,12.413570708903704,5.7425697808853755,
dbdc39796a,180,174,4524,45.24,101.12547051239186,3.364700640993984e-17,12.413570708903704,4.526995324118335,
dbdc39796a,180,175,4550,45.5,101.12547051239186,3.3647008482484237e-17,12.413570708903704,5.349448836838007,
dbdc39796a,180,176,4576,45.76,101.12547051239186,3.3647010576917126e-17,12.413570708903704,5.915659346884412,
dbdc39796a,180,177,4602,46.02,101.12547051239186,3.364701402418692e-17,12.413570708903704,5.649345167026367,
dbdc39796a,180,178,4628,46.28,101.12547051239186,3.364701679864781e-17,12.413570708903704,7.11488776537639,
dbdc39796a,180,179,4654,46.54,101.12547051239186,3.3647018642769973e-17,12.413570708903704,3.3125592963795922,
dbdc39796a,180,180,4680,46.8,101.12547051239186,3.36470220754013e-17,12.413570708903704,5.706266364163361,
dbdc39796a,180,181,4706,47.06,101.12547051239186,3.3647025187114696e-17,12.413570708903704,5.026859625992355,
dbdc39796a,180,182,4732,47.32,101.12547051239186,3.3647027055235224e-17,12.413570708903704,5.177831936971699,
dbdc39796a,180,183,4758,47.58,101.12547051239186,3.3647028590002764e-17,12.413570708903704,5.293958643776664,
dbdc39796a,180,184,4784,47.84,101.12547051239186,3.3647029266307534e-17,12.413570708903704,3.862464532657998,
dbdc39796a,180,185,4810,48.1,101.12547051239186,3.364703149110327e-17,12.413570708903704,5.389463444210467,
dbdc39796a,180,186,4836,48.36,101.12547051239186,3.3647032063677385e-17,12.413570708903704,5.64936859119372,
dbdc39796a,180,187,4862,48.62,101.12547051239186,3.364703296776563e-17,12.413570708903704,3.6958974020520707,
dbdc39796a,180,188,4888,48.88,101.12547051239186,3.364703355016073e-17,12.413570708903704,4.97537001031007,
dbdc39796a,180,189,4914,49.14,101.12547051239186,3.3647034264913665e-17,12.413570708903704,5.20684540126915,
dbdc39796a,180,190,4940,49.4,101.12547051239186,3.364703551159761e-17,12.413570708903704,5.335188778910332,
dbdc39796a,180,191,4966,49.66,101.12547051239186,3.364703645575944e-17,12.413570708903704,5.436158688011622,
dbdc39796a,180,192,4992,49.92,101.12547051239186,3.364703715188676e-17,12.413570708903704,6.088509991614739,
dbdc39796a,180,193,5018,50.18,101.12547051239186,3.3647037753550895e-17,12.413570708903704,6.693572619435892,
dbdc39796a,180,194,5044,50.44,101.12547051239186,3.364703824130993e-17,12.413570708903704,5.463282802608445,
dbdc39796a,180,195,5070,50.7,101.12547051239186,3.364703866549061e-17,12.413570708903704,5.557005984060807,
dbdc39796a,180,196,5096,50.96,101.12547051239186,3.36470389535928e-17,12.413570708903704,7.024910628937127,
dbdc39796a,180,197,5122,51.22,101.12547051239186,3.364703986101947e-17,12.413570708903704,6.604486105759515,
dbdc39796a,180,198,5148,51.48,101.12547051239186,3.364704057140521e-17,12.413570708903704,5.53881228980465,
dbdc39796a,180,199,5174,51.74,101.12547051239186,3.3647041288166316e-17,12.413570708903704,7.0653026655154285,
dbdc39796a,180,200,5200,52.0,101.12547051239186,3.3647041744932095e-17,12.413570708903704,5.151935599846204,
dbdc39796a,180,201,5226,52.26,101.12547051239186,3.364704212247911e-17,12.413570708903704,4.296011915718941,
dbdc39796a,180,202,5252,52.52,101.12547051239186,3.364704221038222e-17,12.413570708903704,6.301579824089542,
dbdc39796a,180,203,5278,52.78,101.12547051239186,3.3647042524016406e-17,12.413570708903704,5.38589694359723,
dbdc39796a,180,204,5304,53.04,101.12547051239186,3.3647042708563106e-17,12.413570708903704,5.145534053863001,
dbdc39796a,180,205,5330,53.3,101.12547051239186,3.364704288500194e-17,12.413570708903704,6.007096011584716,
dbdc39796a,180,206,5356,53.56,101.12547051239186,3.36470429442537e-17,12.413570708903704,6.003600438640192,
dbdc39796a,180,207,5382,53.82,101.12547051239186,3.3647043088920255e-17,12.413570708903704,4.273566778581058,
dbdc39796a,180,208,5408,54.08,101.12547051239186,3.364704357353084e-17,12.413570708903704,5.69762202654044,
dbdc39796a,180,209,5434,54.34,101.12547051239186,3.3647043718502206e-17,12.413570708903704,4.683844320216136,
dbdc39796a,180,210,5460,54.6,101.12547051239186,3.364704452891208e-17,12.413570708903704,6.1400680904983735,
dbdc39796a,180,211,5486,54.86,101.12547051239186,3.364704527989521e-17,12.413570708903704,6.106356311396281,
dbdc39796a,180,212,5512,55.12,101.12547051239186,3.3647045459645865e-17,12.413570708903704,5.013206220303394,
dbdc39796a,180,213,5538,55.38,101.12547051239186,3.364704554267159e-17,12.413570708903704,6.083706038136112,
dbdc39796a,180,214,5564,55.64,101.12547051239186,3.364704580236246e-17,12.413570708903704,5.943685948765094,
dbdc39796a,180,215,5590,55.9,101.12547051239186,3.3647045922425624e-17,12.413570708903704,6.3396281838718185,
dbdc39796a,180,216,5616,56.16,101.12547051239186,3.364704618094803e-17,12.413570708903704,5.674336688770492,
dbdc39796a,180,217,5642,56.42,101.12547051239186,3.3647046832754715e-17,12.413570708903704,5.29678646344876,
dbdc39796a,180,218,5668,56.68,101.12547051239186,3.364704695219652e-17,12.413570708903704,4.979405438311237,
dbdc39796a,180,219,5694,56.94,101.12547051239186,3.364704729637597e-17,12.413570708903704,5.143924886021671,
dbdc39796a,180,220,5720,57.2,101.12547051239186,3.364704748857362e-17,12.413570708903704,5.458219490345046,
dbdc39796a,180,221,5746,57.46,101.12547051239186,3.364704761953822e-17,12.413570708903704,5.383951641301969,
dbdc39796a,180,222,5772,57.72,101.12547051239186,3.364704774526436e-17,12.413570708903704,5.3050566765917955,
dbdc39796a,180,223,5798,57.98,101.12547051239186,3.3647047869806274e-17,12.413570708903704,5.870690563391687,
dbdc39796a,180,224,5824,58.24,101.12547051239186,3.3647048101064435e-17,12.413570708903704,5.754112673985582,
dbdc39796a,180,225,5850,58.5,101.12547051239186,3.364704818587815e-17,12.413570708903704,6.299115315219395,
dbdc39796a,180,226,5876,58.76,101.12547051239186,3.364704825343912e-17,12.413570708903704,4.663944965917981,
dbdc39796a,180,227,5902,59.02,101.12547051239186,3.364704852349498e-17,12.413570708903704,6.177249459073921,
dbdc39796a,180,228,5928,59.28,101.12547051239186,3.364704868176766e-17,12.413570708903704,5.501207797530094,
dbdc39796a,180,229,5954,59.54,101.12547051239186,3.3647048968878114e-17,12.413570708903704,6.485165152187534,
dbdc39796a,180,230,5980,59.8,101.12547051239186,3.364704913526576e-17,12.413570708903704,5.995809783187983,
dbdc39796a,180,231,6006,60.06,101.12547051239186,3.3647049200491583e-17,12.413570708903704,4.416541576016553,
dbdc39796a,180,232,6032,60.32,101.12547051239186,3.3647049211715946e-17,12.413570708903704,5.533668300390045,
dbdc39796a,180,233,6058,60.58,101.12547051239186,3.3647049325797917e-17,12.413570708903704,5.30372706329472,
dbdc39796a,180,234,6084,60.84,101.12547051239186,3.3647049523926194e-17,12.413570708903704,5.838231367502548,
dbdc39796a,180,235,6110,61.1,101.12547051239186,3.364704963983292e-17,12.413570708903704,5.036766867781535,
dbdc39796a,180,236,6136,61.36,101.12547051239186,3.3647049752810765e-17,12.413570708903704,6.737827633101133,
dbdc39796a,180,237,6162,61.62,101.12547051239186,3.364704986448697e-17,12.413570708903704,6.976135979089916,
dbdc39796a,180,238,6188,61.88,101.12547051239186,3.3647049938547165e-17,12.413570708903704,3.9971948053907638,
dbdc39796a,180,239,6214,62.14,101.12547051239186,3.3647049973657805e-17,12.413570708903704,5.285947648311169,
dbdc39796a,180,240,6240,62.4,101.12547051239186,3.364704999363277e-17,12.413570708903704,4.80907669100946,
dbdc39796a,180,241,6266,62.66,101.12547051239186,3.36470500979395e-17,12.413570708903704,5.709481804810967,
dbdc39796a,180,242,6292,62.92,101.12547051239186,3.364705012420875e-17,12.413570708903704,6.55982532581303,
dbdc39796a,180,243,6318,63.18,101.12547051239186,3.364705013291013e-17,12.413570708903704,6.129386760541609,
dbdc39796a,180,244,6344,63.44,101.12547051239186,3.364705016787661e-17,12.413570708903704,4.494264567251445,
dbdc39796a,180,245,6370,63.7,101.12547051239186,3.364705020046337e-17,12.413570708903704,4.726548060687953,
dbdc39796a,180,246,6396,63.96,101.12547051239186,3.364705022715534e-17,12.413570708903704,6.905448121877087,
dbdc39796a,180,247,6422,64.22,101.12547051239186,3.3647050269283004e-17,12.413570708903704,4.884622442527253,
dbdc39796a,180,248,6448,64.48,101.12547051239186,3.364705028367106e-17,12.413570708903704,7.061889638398933,
dbdc39796a,180,249,6474,64.74,101.12547051239186,3.364705031649071e-17,12.413570708903704,4.453561021553421,
dbdc39796a,180,250,6500,65.0,101.12547051239186,3.3647050334836815e-17,12.413570708903704,5.714619473136974,
dbdc39796a,180,251,6526,65.26,101.12547051239186,3.3647050378501813e-17,12.413570708903704,6.064816756737065,
dbdc39796a,180,252,6552,65.52,101.12547051239186,3.364705042497721e-17,12.413570708903704,5.339934001716551,
dbdc39796a,180,253,6578,65.78,101.12547051239186,3.364705044785545e-17,12.413570708903704,6.7174552599635975,
dbdc39796a,180,254,6604,66.04,101.12547051239186,3.364705046143105e-17,12.413570708903704,4.7605844773725,
dbdc39796a,180,255,6630,66.3,101.12547051239186,3.3647050481936645e-17,12.413570708903704,6.833178437485613,
dbdc39796a,180,256,6656,66.56,101.12547051239186,3.3647050485649006e-17,12.413570708903704,5.0478843470134604,
dbdc39796a,180,257,6682,66.82,101.12547051239186,3.3647050511864875e-17,12.413570708903704,5.330121683333414,
dbdc39796a,180,258,6708,67.08,101.12547051239186,3.364705052148655e-17,12.413570708903704,5.106275496108226,
dbdc39796a,180,259,6734,67.34,101.12547051239186,3.364705054151097e-17,12.413570708903704,4.652998408849088,
dbdc39796a,180,260,6760,67.6,101.12547051239186,3.3647050551933894e-17,12.413570708903704,5.8827002395358905,
dbdc39796a,180,261,6786,67.86,101.12547051239186,3.3647050568285785e-17,12.413570708903704,5.856816450885701,
dbdc39796a,180,262,6812,68.12,101.12547051239186,3.364705057456774e-17,12.413570708903704,4.6029254150965615,
dbdc39796a,180,263,6838,68.38,101.12547051239186,3.364705060328137e-17,12.413570708903704,4.778064254299315,
dbdc39796a,180,264,6864,68.64,101.12547051239186,3.3647050614607543e-17,12.413570708903704,6.507245335520951,
dbdc39796a,180,265,6890,68.9,101.12547051239186,3.364705062483813e-17,12.413570708903704,5.913373707707959,
dbdc39796a,180,266,6916,69.16,101.12547051239186,3.364705063917067e-17,12.413570708903704,5.031491259346065,
dbdc39796a,180,267,6942,69.42,101.12547051239186,3.364705065008564e-17,12.413570708903704,5.832634037219049,
dbdc39796a,180,268,6968,69.68,101.12547051239186,3.364705066885868e-17,12.413570708903704,5.109848313909894,
dbdc39796a,180,269,6994,69.94,101.12547051239186,3.364705067499738e-17,12.413570708903704,4.767599989525303,
dbdc39796a,180,270,7020,70.2,101.12547051239186,3.364705068721511e-17,12.413570708903704,5.34467196435388,
dbdc39796a,180,271,7046,70.46,101.12547051239186,3.3647050695222244e-17,12.413570708903704,6.115308975317672,
dbdc39796a,180,272,7072,70.72,101.12547051239186,3.364705070101031e-17,12.413570708903704,5.651140911679122,
dbdc39796a,180,273,7098,70.98,101.12547051239186,3.364705070921434e-17,12.413570708903704,6.074412379433267,
dbdc39796a,180,274,7124,71.24,101.12547051239186,3.364705071551049e-17,12.413570708903704,4.683881239820317,
dbdc39796a,180,275,7150,71.5,101.12547051239186,3.3647050719992e-17,12.413570708903704,5.761352528795229,
dbdc39796a,180,276,7176,71.76,101.12547051239186,3.364705072250387e-17,12.413570708903704,5.510097508733682,
dbdc39796a,180,277,7202,72.02,101.12547051239186,3.364705073113098e-17,12.413570708903704,6.153161671893261,
dbdc39796a,180,278,7228,72.28,101.12547051239186,3.3647050740212836e-17,12.413570708903704,3.9365926349722966,
dbdc39796a,180,279,7254,72.54,101.12547051239186,3.36470507502816e-17,12.413570708903704,4.523949780162871,
dbdc39796a,180,280,7280,72.8,101.12547051239186,3.3647050754392475e-17,12.413570708903704,4.970215426956381,
dbdc39796a,180,281,7306,73.06,101.12547051239186,3.364705075918472e-17,12.413570708903704,5.52893473249433,
dbdc39796a,180,282,7332,73.32,101.12547051239186,3.364705076357581e-17,12.413570708903704,6.0939215195579965,
dbdc39796a,180,283,7358,73.58,101.12547051239186,3.3647050768047343e-17,12.413570708903704,5.592847811599224,
dbdc39796a,180,284,7384,73.84,101.12547051239186,3.3647050771790944e-17,12.413570708903704,5.375858030403206,
dbdc39796a,180,285,7410,74.1,101.12547051239186,3.364705077689816e-17,12.413570708903704,4.949470481712975,
dbdc39796a,180,286,7436,74.36,101.12547051239186,3.364705077826917e-17,12.413570708903704,6.455284742686555,
dbdc39796a,180,287,7462,74.62,101.12547051239186,3.3647050780285195e-17,12.413570708903704,4.626482745700218,
dbdc39796a,180,288,7488,74.88,101.12547051239186,3.364705078643014e-17,12.413570708903704,4.675149583872071,
dbdc39796a,180,289,7514,75.14,101.12547051239186,3.364705079130089e-17,12.413570708903704,6.015065518176529,
dbdc39796a,180,290,7540,75.4,101.12547051239186,3.364705079379326e-17,12.413570708903704,5.941820271213219,
dbdc39796a,180,291,7566,75.66,101.12547051239186,3.3647050794515013e-17,12.413570708903704,5.10482136732876,
dbdc39796a,180,292,7592,75.92,101.12547051239186,3.36470507971234e-17,12.413570708903704,7.230059763428338,
dbdc39796a,180,293,7618,76.18,101.12547051239186,3.364705079770433e-17,12.413570708903704,5.237351099494817,
dbdc39796a,180,294,7644,76.44,101.12547051239186,3.364705079901123e-17,12.413570708903704,6.9393956071704865,
dbdc39796a,180,295,7670,76.7,101.12547051239186,3.364705080175504e-17,12.413570708903704,5.996903127009382,
dbdc39796a,180,296,7696,76.96,101.12547051239186,3.36470508044948e-17,12.413570708903704,6.146028664482374,
dbdc39796a,180,297,7722,77.22,101.12547051239186,3.3647050806476363e-17,12.413570708903704,6.256507425314737,
dbdc39796a,180,298,7748,77.48,101.12547051239186,3.3647050809446024e-17,12.413570708903704,5.4756519066602465,
dbdc39796a,180,299,7774,77.74,101.12547051239186,3.364705081135616e-17,12.413570708903704,6.146380722997111,
dbdc39796a,180,300,7800,78.0,101.12547051239186,3.364705081142846e-17,12.413570708903704,4.398835002388516,
dbdc39796a,180,301,7826,78.26,101.12547051239186,3.364705081168005e-17,12.413570708903704,6.782562143251532,
dbdc39796a,180,302,7852,78.52,101.12547051239186,3.3647050812491964e-17,12.413570708903704,5.4186680906737985,
dbdc39796a,180,303,7878,78.78,101.12547051239186,3.364705081290629e-17,12.413570708903704,5.780545355129994,
dbdc39796a,180,304,7904,79.04,101.12547051239186,3.364705081389404e-17,12.413570708903704,6.412218134541824,
dbdc39796a,180,305,7930,79.3,101.12547051239186,3.364705081463252e-17,12.413570708903704,5.174708121862354,
dbdc39796a,180,306,7956,79.56,101.12547051239186,3.3647050815967285e-17,12.413570708903704,5.611782120729569,
dbdc39796a,180,307,7982,79.82,101.12547051239186,3.364705081691114e-17,12.413570708903704,6.676531403217065,
dbdc39796a,180,308,8008,80.08,101.12547051239186,3.364705081781591e-17,12.413570708903704,6.011901127369474,
dbdc39796a,180,309,8034,80.34,101.12547051239186,3.364705081895538e-17,12.413570708903704,5.025795311280715,
dbdc39796a,180,310,8060,80.6,101.12547051239186,3.364705081942661e-17,12.413570708903704,5.424087040247264,
dbdc39796a,180,311,8086,80.86,101.12547051239186,3.3647050820130566e-17,12.413570708903704,5.165716563297936,
dbdc39796a,180,312,8112,81.12,101.12547051239186,3.3647050820485553e-17,12.413570708903704,4.4259176710842585,
dbdc39796a,180,313,8138,81.38,101.12547051239186,3.3647050821176373e-17,12.413570708903704,5.039978585455901,
dbdc39796a,180,314,8164,81.64,101.12547051239186,3.364705082130845e-17,12.413570708903704,4.924405511393143,
dbdc39796a,180,315,8190,81.9,101.12547051239186,3.3647050821519707e-17,12.413570708903704,5.384031948459842,
dbdc39796a,180,316,8216,82.16,101.12547051239186,3.3647050821860495e-17,12.413570708903704,6.667919029706845,
dbdc39796a,180,317,8242,82.42,101.12547051239186,3.364705082207807e-17,12.413570708903704,6.003044081546979,
dbdc39796a,180,318,8268,82.68,101.12547051239186,3.3647050822659333e-17,12.413570708903704,5.680842862714614,
dbdc39796a,180,319,8294,82.94,101.12547051239186,3.364705082294467e-17,12.413570708903704,6.244406162421476,
dbdc39796a,180,320,8320,83.2,101.12547051239186,3.3647050823571694e-17,12.413570708903704,4.830330373490675,
dbdc39796a,180,321,8346,83.46,101.12547051239186,3.3647050823688556e-17,12.413570708903704,4.678241558911043,
dbdc39796a,180,322,8372,83.72,101.12547051239186,3.364705082377426e-17,12.413570708903704,4.149053142297863,
dbdc39796a,180,323,8398,83.98,101.12547051239186,3.364705082406405e-17,12.413570708903704,5.120814690434239,
dbdc39796a,180,324,8424,84.24,101.12547051239186,3.3647050824312835e-17,12.413570708903704,5.748767525752389,
dbdc39796a,180,325,8450,84.5,101.12547051239186,3.364705082450682e-17,12.413570708903704,4.327911068467483,
dbdc39796a,180,326,8476,84.76,101.12547051239186,3.364705082460994e-17,12.413570708903704,6.715005007717059,
dbdc39796a,180,327,8502,85.02,101.12547051239186,3.364705082472596e-17,12.413570708903704,4.971917583777894,
dbdc39796a,180,328,8528,85.28,101.12547051239186,3.3647050824759996e-17,12.413570708903704,6.6299612187203945,
dbdc39796a,180,329,8554,85.54,101.12547051239186,3.3647050824976316e-17,12.413570708903704,5.256179768626452,
dbdc39796a,180,330,8580,85.8,101.12547051239186,3.364705082504582e-17,12.413570708903704,6.8073460011552624,
dbdc39796a,180,331,8606,86.06,101.12547051239186,3.3647050825233035e-17,12.413570708903704,5.053600304868844,
dbdc39796a,180,332,8632,86.32,101.12547051239186,3.3647050825285673e-17,12.413570708903704,6.582816993692715,
dbdc39796a,180,333,8658,86.58,101.12547051239186,3.3647050825385476e-17,12.413570708903704,4.413745325020294,
dbdc39796a,180,334,8684,86.84,101.12547051239186,3.3647050825465546e-17,12.413570708903704,6.103202652737464,
dbdc39796a,180,335,8710,87.1,101.12547051239186,3.364705082556736e-17,12.413570708903704,5.624590937172011,
dbdc39796a,180,336,8736,87.36,101.12547051239186,3.364705082574666e-17,12.413570708903704,6.582209684738227,
dbdc39796a,180,337,8762,87.62,101.12547051239186,3.364705082586374e-17,12.413570708903704,5.234384308185184,
dbdc39796a,180,338,8788,87.88,101.12547051239186,3.364705082589921e-17,12.413570708903704,4.682189115719514,
dbdc39796a,180,339,8814,88.14,101.12547051239186,3.36470508259717e-17,12.413570708903704,6.140654982484629,
dbdc39796a,180,340,8840,88.4,101.12547051239186,3.36470508260299e-17,12.413570708903704,3.9291176657572944,
dbdc39796a,180,341,8866,88.66,101.12547051239186,3.3647050826085535e-17,12.413570708903704,5.449924847936006,
dbdc39796a,180,342,8892,88.92,101.12547051239186,3.364705082615464e-17,12.413570708903704,5.405848557017711,
dbdc39796a,180,343,8918,89.18,101.12547051239186,3.364705082616567e-17,12.413570708903704,4.175714756540526,
dbdc39796a,180,344,8944,89.44,101.12547051239186,3.364705082636276e-17,12.413570708903704,6.115966057295508,
dbdc39796a,180,345,8970,89.7,101.12547051239186,3.364705082642468e-17,12.413570708903704,5.719230533727155,
dbdc39796a,180,346,8996,89.96,101.12547051239186,3.3647050826437915e-17,12.413570708903704,4.079371826421487,
dbdc39796a,180,347,9022,90.22,101.12547051239186,3.364705082650439e-17,12.413570708903704,4.015492247849187,
dbdc39796a,180,348,9048,90.48,101.12547051239186,3.364705082658778e-17,12.413570708903704,4.819405233486789,
dbdc39796a,180,349,9074,90.74,101.12547051239186,3.3647050826638286e-17,12.413570708903704,5.00949027045678,
dbdc39796a,180,350,9100,91.0,101.12547051239186,3.364705082672547e-17,12.413570708903704,5.704031859931436,
dbdc39796a,180,351,9126,91.26,101.12547051239186,3.364705082676769e-17,12.413570708903704,6.337389058168417,
dbdc39796a,180,352,9152,91.52,101.12547051239186,3.3647050826784453e-17,12.413570708903704,5.715135213700112,
dbdc39796a,180,353,9178,91.78,101.12547051239186,3.364705082680644e-17,12.413570708903704,4.983395376496453,
dbdc39796a,180,354,9204,92.04,101.12547051239186,3.364705082684653e-17,12.413570708903704,5.216421233876867,
dbdc39796a,180,355,9230,92.3,101.12547051239186,3.3647050826861823e-17,12.413570708903704,5.556428425819365,
dbdc39796a,180,356,9256,92.56,101.12547051239186,3.364705082689385e-17,12.413570708903704,5.28231020109171,
dbdc39796a,180,357,9282,92.82,101.12547051239186,3.364705082691802e-17,12.413570708903704,5.438105854961977,
dbdc39796a,180,358,9308,93.08,101.12547051239186,3.3647050826926134e-17,12.413570708903704,3.765068080553516,
dbdc39796a,180,359,9334,93.34,101.12547051239186,3.364705082694405e-17,12.413570708903704,4.987735229256247,
dbdc39796a,180,360,9360,93.6,101.12547051239186,3.3647050826965824e-17,12.413570708903704,6.611007088685669,
dbdc39796a,180,361,9386,93.86,101.12547051239186,3.364705082697521e-17,12.413570708903704,5.591693650874052,
dbdc39796a,180,362,9412,94.12,101.12547051239186,3.364705082699567e-17,12.413570708903704,6.181235862182667,
dbdc39796a,180,363,9438,94.38,101.12547051239186,3.36470508270088e-17,12.413570708903704,7.091193268818024,
dbdc39796a,180,364,9464,94.64,101.12547051239186,3.364705082701631e-17,12.413570708903704,4.577656630618146,
dbdc39796a,180,365,9490,94.9,101.12547051239186,3.364705082703862e-17,12.413570708903704,4.933152160182299,
dbdc39796a,180,366,9516,95.16,101.12547051239186,3.3647050827070545e-17,12.413570708903704,7.050247152261263,
dbdc39796a,180,367,9542,95.42,101.12547051239186,3.3647050827076763e-17,12.413570708903704,5.452171872272146,
dbdc39796a,180,368,9568,95.68,101.12547051239186,3.364705082708507e-17,12.413570708903704,3.8833481894553383,
dbdc39796a,180,369,9594,95.94,101.12547051239186,3.364705082708931e-17,12.413570708903704,5.675088597008583,
dbdc39796a,180,370,9620,96.2,101.12547051239186,3.364705082709725e-17,12.413570708903704,5.604626269956347,
dbdc39796a,180,371,9646,96.46,101.12547051239186,3.364705082711049e-17,12.413570708903704,6.613413977605107,
dbdc39796a,180,372,9672,96.72,101.12547051239186,3.3647050827121315e-17,12.413570708903704,5.70680517532521,
dbdc39796a,180,373,9698,96.98,101.12547051239186,3.364705082712761e-17,12.413570708903704,5.54561989616951,
dbdc39796a,180,374,9724,97.24,101.12547051239186,3.36470508271344e-17,12.413570708903704,4.775225729514155,
dbdc39796a,180,375,9750,97.5,101.12547051239186,3.364705082713655e-17,12.413570708903704,4.982049032707195,
dbdc39796a,180,376,9776,97.76,101.12547051239186,3.364705082713935e-17,12.413570708903704,6.015230441548644,
dbdc39796a,180,377,9802,98.02,101.12547051239186,3.364705082715022e-17,12.413570708903704,4.575917168379555,
dbdc39796a,180,378,9828,98.28,101.12547051239186,3.364705082716089e-17,12.413570708903704,5.3549850637459135,
dbdc39796a,180,379,9854,98.54,101.12547051239186,3.364705082717149e-17,12.413570708903704,5.976062728577931,
dbdc39796a,180,380,9880,98.8,101.12547051239186,3.3647050827175383e-17,12.413570708903704,5.846795586317392,
dbdc39796a,180,381,9906,99.06,101.12547051239186,3.364705082717716e-17,12.413570708903704,5.037391333098143,
dbdc39796a,180,382,9932,99.32,101.12547051239186,3.364705082718016e-17,12.413570708903704,5.924111353119786,
dbdc39796a,180,383,9958,99.58,101.12547051239186,3.3647050827183377e-17,12.413570708903704,5.5606392185973545,
dbdc39796a,180,384,9984,99.84,101.12547051239186,3.364705082718438e-17,12.413570708903704,7.0865937859636325,
dbdc39796a,180,385,10010,100.1,101.12547051239186,3.3647050827184954e-17,12.413570708903704,6.022400196501861,
dbdc39796a,180,386,10036,100.36,101.12547051239186,3.3647050827188024e-17,12.413570708903704,5.64607270807641,
dbdc39796a,180,387,10062,100.62,101.12547051239186,3.3647050827190255e-17,12.413570708903704,6.164511334688483,
dbdc39796a,180,388,10088,100.88,101.12547051239186,3.364705082719324e-17,12.413570708903704,5.213180618406967,
dbdc39796a,180,389,10114,101.14,101.12547051239186,3.364705082719783e-17,12.413570708903704,5.388234137784839,
dbdc39796a,180,390,10140,101.4,101.12547051239186,3.3647050827202414e-17,12.413570708903704,4.95662443039777,
dbdc39796a,180,391,10166,101.66,101.12547051239186,3.364705082720472e-17,12.413570708903704,5.184702192828466,
dbdc39796a,180,392,10192,101.92,101.12547051239186,3.364705082720911e-17,12.413570708903704,5.225932997492341,
dbdc39796a,180,393,10218,102.18,101.12547051239186,3.364705082721031e-17,12.413570708903704,3.5523183564450562,
dbdc39796a,180,394,10244,102.44,101.12547051239186,3.3647050827212706e-17,12.413570708903704,6.9396152263424264,
dbdc39796a,180,395,10270,102.7,101.12547051239186,3.3647050827213526e-17,12.413570708903704,5.09355307319402,
dbdc39796a,180,396,10296,102.96,101.12547051239186,3.364705082721503e-17,12.413570708903704,5.205358205690691,
dbdc39796a,180,397,10322,103.22,101.12547051239186,3.3647050827217544e-17,12.413570708903704,5.28117182002206,
dbdc39796a,180,398,10348,103.48,101.12547051239186,3.3647050827219954e-17,12.413570708903704,5.848532318801412,
dbdc39796a,180,399,10374,103.74,101.12547051239186,3.364705082722127e-17,12.413570708903704,5.652942652585809,
dbdc39796a,180,400,10400,104.0,101.12547051239186,3.364705082722199e-17,12.413570708903704,5.466665667573036,
dbdc39796a,180,401,10426,104.26,101.12547051239186,3.3647050827222616e-17,12.413570708903704,4.84956495262422,
dbdc39796a,180,402,10452,104.52,101.12547051239186,3.364705082722352e-17,12.413570708903704,7.292024817860453,
dbdc39796a,180,403,10478,104.78,101.12547051239186,3.364705082722437e-17,12.413570708903704,4.867033951196298,
dbdc39796a,180,404,10504,105.04,101.12547051239186,3.36470508272256e-17,12.413570708903704,4.178883597729961,
dbdc39796a,180,405,10530,105.3,101.12547051239186,3.364705082722613e-17,12.413570708903704,5.96945544736269,
dbdc39796a,180,406,10556,105.56,101.12547051239186,3.36470508272265e-17,12.413570708903704,6.273325542211142,
dbdc39796a,180,407,10582,105.82,101.12547051239186,3.364705082722708e-17,12.413570708903704,4.8363887014122415,
dbdc39796a,180,408,10608,106.08,101.12547051239186,3.36470508272275e-17,12.413570708903704,7.5078313156058,
dbdc39796a,180,409,10634,106.34,101.12547051239186,3.364705082722866e-17,12.413570708903704,5.9974717233366075,
dbdc39796a,180,410,10660,106.6,101.12547051239186,3.3647050827229106e-17,12.413570708903704,5.578756496357279,
dbdc39796a,180,411,10686,106.86,101.12547051239186,3.364705082722953e-17,12.413570708903704,4.288506448532748,
dbdc39796a,180,412,10712,107.12,101.12547051239186,3.3647050827230086e-17,12.413570708903704,5.787605170674667,
dbdc39796a,180,413,10738,107.38,101.12547051239186,3.3647050827230443e-17,12.413570708903704,6.021121174997431,
dbdc39796a,180,414,10764,107.64,101.12547051239186,3.3647050827230727e-17,12.413570708903704,4.769167256025827,
dbdc39796a,180,415,10790,107.9,101.12547051239186,3.3647050827231355e-17,12.413570708903704,5.0591517568244395,
dbdc39796a,180,416,10816,108.16,101.12547051239186,3.3647050827231694e-17,12.413570708903704,4.718306370145318,
dbdc39796a,180,417,10842,108.42,101.12547051239186,3.3647050827232015e-17,12.413570708903704,4.474247006568542,
dbdc39796a,180,418,10868,108.68,101.12547051239186,3.3647050827232305e-17,12.413570708903704,5.642537312984089,
dbdc39796a,180,419,10894,108.94,101.12547051239186,3.364705082723243e-17,12.413570708903704,5.916561711144151,
dbdc39796a,180,420,10920,109.2,101.12547051239186,3.364705082723249e-17,12.413570708903704,5.5235056617322025,
dbdc39796a,180,421,10946,109.46,101.12547051239186,3.3647050827232915e-17,12.413570708903704,5.202389882645851,
dbdc39796a,180,422,10972,109.72,101.12547051239186,3.364705082723311e-17,12.413570708903704,5.9413706152507295,
dbdc39796a,180,423,10998,109.98,101.12547051239186,3.364705082723349e-17,12.413570708903704,3.9812117897188872,
dbdc39796a,180,424,11024,110.24,101.12547051239186,3.364705082723362e-17,12.413570708903704,5.190714475529789,
dbdc39796a,180,425,11050,110.5,101.12547051239186,3.3647050827233956e-17,12.413570708903704,5.153204744091469,
dbdc39796a,180,426,11076,110.76,101.12547051239186,3.364705082723435e-17,12.413570708903704,6.3264949780581,
dbdc39796a,180,427,11102,111.02,101.12547051239186,3.36470508272349e-17,12.413570708903704,5.025838365720319,
dbdc39796a,180,428,11128,111.28,101.12547051239186,3.364705082723537e-17,12.413570708903704,6.0815894002079265,
dbdc39796a,180,429,11154,111.54,101.12547051239186,3.364705082723551e-17,12.413570708903704,5.443893639715707,
dbdc39796a,180,430,11180,111.8,101.12547051239186,3.364705082723581e-17,12.413570708903704,5.93220454900081,
dbdc39796a,180,431,11206,112.06,101.12547051239186,3.3647050827236397e-17,12.413570708903704,5.448921868010863,
dbdc39796a,180,432,11232,112.32,101.12547051239186,3.364705082723647e-17,12.413570708903704,7.606004085774142,
dbdc39796a,180,433,11258,112.58,101.12547051239186,3.364705082723655e-17,12.413570708903704,5.336104302981854,
dbdc39796a,180,434,11284,112.84,101.12547051239186,3.364705082723677e-17,12.413570708903704,6.636573733689472,
dbdc39796a,180,435,11310,113.1,101.12547051239186,3.364705082723705e-17,12.413570708903704,5.12981340614102,
dbdc39796a,180,436,11336,113.36,101.12547051239186,3.364705082723712e-17,12.413570708903704,5.993904550450725,
dbdc39796a,180,437,11362,113.62,101.12547051239186,3.364705082723742e-17,12.413570708903704,4.723439824460537,
dbdc39796a,180,438,11388,113.88,101.12547051239186,3.364705082723753e-17,12.413570708903704,6.181658029958549,
dbdc39796a,180,439,11414,114.14,101.12547051239186,3.364705082723757e-17,12.413570708903704,6.428391844926466,
dbdc39796a,180,440,11440,114.4,101.12547051239186,3.364705082723776e-17,12.413570708903704,5.08413473867858,
dbdc39796a,180,441,11466,114.66,101.12547051239186,3.3647050827238e-17,12.413570708903704,4.781840607567047,
dbdc39796a,180,442,11492,114.92,101.12547051239186,3.3647050827238055e-17,12.413570708903704,5.341400690469925,
dbdc39796a,180,443,11518,115.18,101.12547051239186,3.3647050827238116e-17,12.413570708903704,7.230049416937674,
dbdc39796a,180,444,11544,115.44,101.12547051239186,3.364705082723818e-17,12.413570708903704,5.020545456438941,
dbdc39796a,180,445,11570,115.7,101.12547051239186,3.364705082723834e-17,12.413570708903704,5.217476651778828,
dbdc39796a,180,446,11596,115.96,101.12547051239186,3.3647050827238357e-17,12.413570708903704,4.277286689051809,
dbdc39796a,180,447,11622,116.22,101.12547051239186,3.364705082723844e-17,12.413570708903704,5.230801134046163,
dbdc39796a,180,448,11648,116.48,101.12547051239186,3.364705082723855e-17,12.413570708903704,4.8649537707145205,
dbdc39796a,180,449,11674,116.74,101.12547051239186,3.3647050827238615e-17,12.413570708903704,4.29262883082189,
dbdc39796a,180,450,11700,117.0,101.12547051239186,3.364705082723868e-17,12.413570708903704,5.64644610596068,
dbdc39796a,180,451,11726,117.26,101.12547051239186,3.3647050827238763e-17,12.413570708903704,4.5776302307637105,
dbdc39796a,180,452,11752,117.52,101.12547051239186,3.36470508272388e-17,12.413570708903704,4.29638560662813,
dbdc39796a,180,453,11778,117.78,101.12547051239186,3.364705082723884e-17,12.413570708903704,5.034071221505659,
dbdc39796a,180,454,11804,118.04,101.12547051239186,3.364705082723889e-17,12.413570708903704,5.759640187590339,
dbdc39796a,180,455,11830,118.3,101.12547051239186,3.3647050827238924e-17,12.413570708903704,4.187618552879589,
dbdc39796a,180,456,11856,118.56,101.12547051239186,3.364705082723895e-17,12.413570708903704,3.626771971384236,
dbdc39796a,180,457,11882,118.82,101.12547051239186,3.364705082723901e-17,12.413570708903704,5.595133591076521,
dbdc39796a,180,458,11908,119.08,101.12547051239186,3.364705082723903e-17,12.413570708903704,4.480465972353895,
dbdc39796a,180,459,11934,119.34,101.12547051239186,3.3647050827239047e-17,12.413570708903704,6.3170637958424205,
dbdc39796a,180,460,11960,119.6,101.12547051239186,3.364705082723905e-17,12.413570708903704,6.011741005579957,
dbdc39796a,180,461,11986,119.86,101.12547051239186,3.364705082723908e-17,12.413570708903704,6.583372574411658,
dbdc39796a,180,462,12012,120.12,101.12547051239186,3.3647050827239096e-17,12.413570708903704,5.393924963684852,
dbdc39796a,180,463,12038,120.38,101.12547051239186,3.3647050827239133e-17,12.413570708903704,5.090124390988955,
dbdc39796a,180,464,12064,120.64,101.12547051239186,3.3647050827239145e-17,12.413570708903704,5.149626520773778,
dbdc39796a,180,465,12090,120.9,101.12547051239186,3.3647050827239164e-17,12.413570708903704,4.361393822870259,
dbdc39796a,180,466,12116,121.16,101.12547051239186,3.364705082723921e-17,12.413570708903704,5.962976210564156,
dbdc39796a,180,467,12142,121.42,101.12547051239186,3.364705082723924e-17,12.413570708903704,6.743137153581922,
dbdc39796a,180,468,12168,121.68,101.12547051239186,3.364705082723927e-17,12.413570708903704,5.879339893493655,
dbdc39796a,180,469,12194,121.94,101.12547051239186,3.3647050827239293e-17,12.413570708903704,5.471795694134621,
dbdc39796a,180,470,12220,122.2,101.12547051239186,3.3647050827239293e-17,12.413570708903704,5.611094969828857,
dbdc39796a,180,471,12246,122.46,101.12547051239186,3.36470508272393e-17,12.413570708903704,6.915108281733765,
dbdc39796a,180,472,12272,122.72,101.12547051239186,3.3647050827239306e-17,12.413570708903704,6.878014338915102,
dbdc39796a,180,473,12298,122.98,101.12547051239186,3.364705082723933e-17,12.413570708903704,6.957576306128819,
dbdc39796a,180,474,12324,123.24,101.12547051239186,3.364705082723933e-17,12.413570708903704,6.5555216680929345,
dbdc39796a,180,475,12350,123.5,101.12547051239186,3.3647050827239373e-17,12.413570708903704,5.364010463985729,
dbdc39796a,180,476,12376,123.76,101.12547051239186,3.3647050827239355e-17,12.413570708903704,6.129752961795144,
dbdc39796a,180,477,12402,124.02,101.12547051239186,3.364705082723935e-17,12.413570708903704,5.801435763655993,
dbdc39796a,180,478,12428,124.28,101.12547051239186,3.364705082723936e-17,12.413570708903704,4.802259044917744,
dbdc39796a,180,479,12454,124.54,101.12547051239186,3.364705082723938e-17,12.413570708903704,5.749993023957572,
dbdc39796a,180,480,12480,124.8,101.12547051239186,3.364705082723939e-17,12.413570708903704,5.676112960419203,
dbdc39796a,180,481,12506,125.06,101.12547051239186,3.3647050827239417e-17,12.413570708903704,5.142648354482833,
dbdc39796a,180,482,12532,125.32,101.12547051239186,3.3647050827239417e-17,12.413570708903704,5.694553654067812,
dbdc39796a,180,483,12558,125.58,101.12547051239186,3.3647050827239417e-17,12.413570708903704,5.760863515211601,
dbdc39796a,180,484,12584,125.84,101.12547051239186,3.364705082723945e-17,12.413570708903704,5.699533636664586,
dbdc39796a,180,485,12610,126.1,101.12547051239186,3.364705082723945e-17,12.413570708903704,5.4794547944582135,
dbdc39796a,180,486,12636,126.36,101.12547051239186,3.3647050827239435e-17,12.413570708903704,5.9350639745198155,
dbdc39796a,180,487,12662,126.62,101.12547051239186,3.3647050827239466e-17,12.413570708903704,5.359053541235364,
dbdc39796a,180,488,12688,126.88,101.12547051239186,3.364705082723946e-17,12.413570708903704,5.867411405422053,
dbdc39796a,180,489,12714,127.14,101.12547051239186,3.364705082723948e-17,12.413570708903704,5.517161300315137,
dbdc39796a,180,490,12740,127.4,101.12547051239186,3.364705082723948e-17,12.413570708903704,4.9387865650144605,
dbdc39796a,180,491,12766,127.66,101.12547051239186,3.3647050827239484e-17,12.413570708903704,5.021586968682796,
dbdc39796a,180,492,12792,127.92,101.12547051239186,3.364705082723946e-17,12.413570708903704,4.534908045195242,
dbdc39796a,180,493,12818,128.18,101.12547051239186,3.364705082723946e-17,12.413570708903704,4.677513141085423,
dbdc39796a,180,494,12844,128.44,101.12547051239186,3.364705082723947e-17,12.413570708903704,4.486313811751445,
dbdc39796a,180,495,12870,128.7,101.12547051239186,3.364705082723949e-17,12.413570708903704,4.6889874626206955,
dbdc39796a,180,496,12896,128.96,101.12547051239186,3.3647050827239484e-17,12.413570708903704,5.063949826055912,
dbdc39796a,180,497,12922,129.22,101.12547051239186,3.364705082723951e-17,12.413570708903704,4.733764854850287,
dbdc39796a,180,498,12948,129.48,101.12547051239186,3.364705082723948e-17,12.413570708903704,5.457531288153918,
dbdc39796a,180,499,12974,129.74,101.12547051239186,3.364705082723948e-17,12.413570708903704,6.419093623641207,
dbdc39796a,180,500,13000,130.0,101.12547051239186,3.36470508272395e-17,12.413570708903704,4.586387915150153,
dbdc39796a,180,501,13026,130.26,101.12547051239186,3.364705082723951e-17,12.413570708903704,4.9803032553231406,
dbdc39796a,180,502,13052,130.52,101.12547051239186,3.36470508272395e-17,12.413570708903704,5.279491409804705,
dbdc39796a,180,503,13078,130.78,101.12547051239186,3.36470508272395e-17,12.413570708903704,6.412323288551125,
dbdc39796a,180,504,13104,131.04,101.12547051239186,3.3647050827239534e-17,12.413570708903704,5.010295270845867,
dbdc39796a,180,505,13130,131.3,101.12547051239186,3.3647050827239515e-17,12.413570708903704,3.827100167170975,
dbdc39796a,180,506,13156,131.56,101.12547051239186,3.364705082723951e-17,12.413570708903704,6.3800240849673395,
dbdc39796a,180,507,13182,131.82,101.12547051239186,3.3647050827239497e-17,12.413570708903704,5.994923697461983,
dbdc39796a,180,508,13208,132.08,101.12547051239186,3.3647050827239515e-17,12.413570708903704,5.181459625239403,
dbdc39796a,180,509,13234,132.34,101.12547051239186,3.3647050827239515e-17,12.413570708903704,5.342887587257585,
dbdc39796a,180,510,13260,132.6,101.12547051239186,3.364705082723952e-17,12.413570708903704,4.495016445342266,
dbdc39796a,180,511,13286,132.86,101.12547051239186,3.3647050827239515e-17,12.413570708903704,4.25088160738206,
dbdc39796a,180,512,13312,133.12,101.12547051239186,3.3647050827239515e-17,12.413570708903704,4.8513092739032615,
dbdc39796a,180,513,13338,133.38,101.12547051239186,3.364705082723952e-17,12.413570708903704,3.896188611458879,
dbdc39796a,180,514,13364,133.64,101.12547051239186,3.364705082723952e-17,12.413570708903704,6.062720510529963,
dbdc39796a,180,515,13390,133.9,101.12547051239186,3.364705082723952e-17,12.413570708903704,4.250403013956468,
dbdc39796a,180,516,13416,134.16,101.12547051239186,3.364705082723954e-17,12.413570708903704,4.522987696441957,
dbdc39796a,180,517,13442,134.42,101.12547051239186,3.364705082723953e-17,12.413570708903704,5.13111042058697,
dbdc39796a,180,518,13468,134.68,101.12547051239186,3.364705082723952e-17,12.413570708903704,5.812644930096261,
dbdc39796a,180,519,13494,134.94,101.12547051239186,3.364705082723952e-17,12.413570708903704,4.642955882792299,
dbdc39796a,180,520,13520,135.2,101.12547051239186,3.364705082723954e-17,12.413570708903704,5.621333794209464,
dbdc39796a,180,521,13546,135.46,101.12547051239186,3.364705082723951e-17,12.413570708903704,6.301246574844676,
dbdc39796a,180,522,13572,135.72,101.12547051239186,3.364705082723954e-17,12.413570708903704,5.510767157692279,
dbdc39796a,180,523,13598,135.98,101.12547051239186,3.3647050827239546e-17,12.413570708903704,4.263946281480579,
dbdc39796a,180,524,13624,136.24,101.12547051239186,3.364705082723955e-17,12.413570708903704,5.230545097193934,
dbdc39796a,180,525,13650,136.5,101.12547051239186,3.364705082723952e-17,12.413570708903704,5.257216189974204,
dbdc39796a,180,526,13676,136.76,101.12547051239186,3.3647050827239546e-17,12.413570708903704,4.950460409589849,
dbdc39796a,180,527,13702,137.02,101.12547051239186,3.364705082723955e-17,12.413570708903704,5.218781663410217,
dbdc39796a,180,528,13728,137.28,101.12547051239186,3.364705082723954e-17,12.413570708903704,5.645151267008402,
dbdc39796a,180,529,13754,137.54,101.12547051239186,3.3647050827239534e-17,12.413570708903704,3.8717207247012952,
dbdc39796a,180,530,13780,137.8,101.12547051239186,3.3647050827239534e-17,12.413570708903704,6.185357913101993,
dbdc39796a,180,531,13806,138.06,101.12547051239186,3.3647050827239534e-17,12.413570708903704,4.791529166505361,
dbdc39796a,180,532,13832,138.32,101.12547051239186,3.364705082723952e-17,12.413570708903704,6.08743816297617,
dbdc39796a,180,533,13858,138.58,101.12547051239186,3.364705082723954e-17,12.413570708903704,5.047519011219283,
dbdc39796a,180,534,13884,138.84,101.12547051239186,3.364705082723953e-17,12.413570708903704,6.486023749083324,
dbdc39796a,180,535,13910,139.1,101.12547051239186,3.3647050827239546e-17,12.413570708903704,4.948927278998124,
dbdc39796a,180,536,13936,139.36,101.12547051239186,3.3647050827239546e-17,12.413570708903704,6.4072256269616945,
dbdc39796a,180,537,13962,139.62,101.12547051239186,3.3647050827239534e-17,12.413570708903704,5.632832059860464,
dbdc39796a,180,538,13988,139.88,101.12547051239186,3.364705082723955e-17,12.413570708903704,5.552592561236944,
dbdc39796a,180,539,14014,140.14,101.12547051239186,3.364705082723954e-17,12.413570708903704,3.995546562943246,
dbdc39796a,180,540,14040,140.4,101.12547051239186,3.3647050827239534e-17,12.413570708903704,5.964729170419244,
dbdc39796a,180,541,14066,140.66,101.12547051239186,3.3647050827239546e-17,12.413570708903704,4.418864756018087,
dbdc39796a,180,542,14092,140.92,101.12547051239186,3.364705082723955e-17,12.413570708903704,6.553059312513171,
dbdc39796a,180,543,14118,141.18,101.12547051239186,3.364705082723954e-17,12.413570708903704,4.418876951175841,
dbdc39796a,180,544,14144,141.44,101.12547051239186,3.3647050827239534e-17,12.413570708903704,6.191847015885897,
dbdc39796a,180,545,14170,141.7,101.12547051239186,3.364705082723953e-17,12.413570708903704,6.037416644710887,
dbdc39796a,180,546,14196,141.96,101.12547051239186,3.3647050827239546e-17,12.413570708903704,6.429977674719263,
dbdc39796a,180,547,14222,142.22,101.12547051239186,3.364705082723955e-17,12.413570708903704,4.091130918516096,
dbdc39796a,180,548,14248,142.48,101.12547051239186,3.3647050827239534e-17,12.413570708903704,6.400547130230599,
dbdc39796a,180,549,14274,142.74,101.12547051239186,3.3647050827239534e-17,12.413570708903704,5.4493202214476835,
dbdc39796a,180,550,14300,143.0,101.12547051239186,3.3647050827239534e-17,12.413570708903704,5.525558099142911,
dbdc39796a,180,551,14326,143.26,101.12547051239186,3.3647050827239546e-17,12.413570708903704,4.649261744789817,
dbdc39796a,180,552,14352,143.52,101.12547051239186,3.364705082723954e-17,12.413570708903704,6.139740003678586,
dbdc39796a,180,553,14378,143.78,101.12547051239186,3.3647050827239546e-17,12.413570708903704,5.1464119727722215,
dbdc39796a,180,554,14404,144.04,101.12547051239186,3.364705082723954e-17,12.413570708903704,4.4754861673063875,
dbdc39796a,180,555,14430,144.3,101.12547051239186,3.364705082723954e-17,12.413570708903704,4.611083124977043,
dbdc39796a,180,556,14456,144.56,101.12547051239186,3.3647050827239534e-17,12.413570708903704,6.470547662805128,
dbdc39796a,180,557,14482,144.82,101.12547051239186,3.3647050827239546e-17,12.413570708903704,4.489800404765283,
dbdc39796a,180,558,14508,145.08,101.12547051239186,3.364705082723954e-17,12.413570708903704,5.4493224534764595,
dbdc39796a,180,559,14534,145.34,101.12547051239186,3.364705082723953e-17,12.413570708903704,4.393144229104873,
dbdc39796a,180,560,14560,145.6,101.12547051239186,3.364705082723956e-17,12.413570708903704,6.337786307412095,
dbdc39796a,180,561,14586,145.86,101.12547051239186,3.3647050827239546e-17,12.413570708903704,6.184666560085804,
dbdc39796a,180,562,14612,146.12,101.12547051239186,3.364705082723954e-17,12.413570708903704,6.852359692863213,
dbdc39796a,180,563,14638,146.38,101.12547051239186,3.364705082723953e-17,12.413570708903704,5.100896573576054,
dbdc39796a,180,564,14664,146.64,101.12547051239186,3.3647050827239565e-17,12.413570708903704,4.709604199154429,
dbdc39796a,180,565,14690,146.9,101.12547051239186,3.364705082723956e-17,12.413570708903704,4.6092599010186,
dbdc39796a,180,566,14716,147.16,101.12547051239186,3.364705082723954e-17,12.413570708903704,5.892367520964944,
dbdc39796a,180,567,14742,147.42,101.12547051239186,3.364705082723952e-17,12.413570708903704,3.653308525627842,
dbdc39796a,180,568,14768,147.68,101.12547051239186,3.3647050827239546e-17,12.413570708903704,4.29448761732982,
dbdc39796a,180,569,14794,147.94,101.12547051239186,3.3647050827239546e-17,12.413570708903704,6.302212514434509,
dbdc39796a,180,570,14820,148.2,101.12547051239186,3.364705082723954e-17,12.413570708903704,5.169379187397733,
dbdc39796a,180,571,14846,148.46,101.12547051239186,3.364705082723954e-17,12.413570708903704,5.3744683535145175,
dbdc39796a,180,572,14872,148.72,101.12547051239186,3.364705082723955e-17,12.413570708903704,5.9987943717295815,
dbdc39796a,180,573,14898,148.98,101.12547051239186,3.3647050827239546e-17,12.413570708903704,5.744829412347986,
dbdc39796a,180,574,14924,149.24,101.12547051239186,3.3647050827239534e-17,12.413570708903704,6.418786971268254,
dbdc39796a,180,575,14950,149.5,101.12547051239186,3.364705082723954e-17,12.413570708903704,5.097857355052312,
dbdc39796a,180,576,14976,149.76,101.12547051239186,3.364705082723954e-17,12.413570708903704,5.898410262115492,
dbdc39796a,180,577,15002,150.02,101.12547051239186,3.364705082723952e-17,12.413570708903704,5.6646876639496515,
dbdc39796a,180,578,15028,150.28,101.12547051239186,3.3647050827239565e-17,12.413570708903704,5.088537396515409,
dbdc39796a,180,579,15054,150.54,101.12547051239186,3.3647050827239534e-17,12.413570708903704,5.816950452938987,
dbdc39796a,180,580,15080,150.8,101.12547051239186,3.364705082723956e-17,12.413570708903704,4.992886611873641,
dbdc39796a,180,581,15106,151.06,101.12547051239186,3.364705082723955e-17,12.413570708903704,5.501234416714923,
dbdc39796a,180,582,15132,151.32,101.12547051239186,3.3647050827239546e-17,12.413570708903704,4.812313209990669,
dbdc39796a,180,583,15158,151.58,101.12547051239186,3.3647050827239546e-17,12.413570708903704,5.428495087923023,
dbdc39796a,180,584,15184,151.84,101.12547051239186,3.3647050827239534e-17,12.413570708903704,5.6687822841213595,
dbdc39796a,180,585,15210,152.1,101.12547051239186,3.364705082723955e-17,12.413570708903704,6.8336357025237255,
dbdc39796a,180,586,15236,152.36,101.12547051239186,3.3647050827239534e-17,12.413570708903704,5.174506980770388,
dbdc39796a,180,587,15262,152.62,101.12547051239186,3.3647050827239546e-17,12.413570708903704,6.170596015507519,
dbdc39796a,180,588,15288,152.88,101.12547051239186,3.3647050827239546e-17,12.413570708903704,4.77697510876862,
dbdc39796a,180,589,15314,153.14,101.12547051239186,3.364705082723953e-17,12.413570708903704,5.673583075986184,
dbdc39796a,180,590,15340,153.4,101.12547051239186,3.3647050827239534e-17,12.413570708903704,5.6360333286705275,
dbdc39796a,180,591,15366,153.66,101.12547051239186,3.3647050827239546e-17,12.413570708903704,5.916735964804627,
dbdc39796a,180,592,15392,153.92,101.12547051239186,3.364705082723955e-17,12.413570708903704,6.017343396462703,
dbdc39796a,180,593,15418,154.18,101.12547051239186,3.364705082723954e-17,12.413570708903704,6.974621108885514,
dbdc39796a,180,594,15444,154.44,101.12547051239186,3.364705082723955e-17,12.413570708903704,6.059976825735781,
dbdc39796a,180,595,15470,154.7,101.12547051239186,3.364705082723955e-17,12.413570708903704,4.906451550137718,
dbdc39796a,180,596,15496,154.96,101.12547051239186,3.3647050827239534e-17,12.413570708903704,5.984166176880359,
dbdc39796a,180,597,15522,155.22,101.12547051239186,3.3647050827239534e-17,12.413570708903704,5.581532579581206,
dbdc39796a,180,598,15548,155.48,101.12547051239186,3.364705082723957e-17,12.413570708903704,6.156099723158156,
dbdc39796a,180,599,15574,155.74,101.12547051239186,3.364705082723954e-17,12.413570708903704,5.8275058916016835,
dbdc39796a,180,600,15600,156.0,101.12547051239186,3.364705082723955e-17,12.413570708903704,4.909755550963325,
dbdc39796a,180,601,15626,156.26,101.12547051239186,3.364705082723952e-17,12.413570708903704,5.979116373161873,
dbdc39796a,180,602,15652,156.52,101.12547051239186,3.364705082723955e-17,12.413570708903704,3.5605459001691417,
dbdc39796a,180,603,15678,156.78,101.12547051239186,3.364705082723956e-17,12.413570708903704,4.6370039546388035,
dbdc39796a,180,604,15704,157.04,101.12547051239186,3.364705082723956e-17,12.413570708903704,6.86458759080192,
dbdc39796a,180,605,15730,157.3,101.12547051239186,3.364705082723956e-17,12.413570708903704,5.994733888919448,
dbdc39796a,180,606,15756,157.56,101.12547051239186,3.364705082723955e-17,12.413570708903704,4.8927617293565016,
dbdc39796a,180,607,15782,157.82,101.12547051239186,3.364705082723953e-17,12.413570708903704,4.893976584573433,
dbdc39796a,180,608,15808,158.08,101.12547051239186,3.364705082723953e-17,12.413570708903704,4.873878805145355,
dbdc39796a,180,609,15834,158.34,101.12547051239186,3.3647050827239546e-17,12.413570708903704,6.943968626811473,
dbdc39796a,180,610,15860,158.6,101.12547051239186,3.3647050827239565e-17,12.413570708903704,6.025954817204025,
dbdc39796a,180,611,15886,158.86,101.12547051239186,3.364705082723955e-17,12.413570708903704,5.996527059777377,
dbdc39796a,180,612,15912,159.12,101.12547051239186,3.364705082723954e-17,12.413570708903704,5.451212588755703,
dbdc39796a,180,613,15938,159.38,101.12547051239186,3.3647050827239546e-17,12.413570708903704,5.664673436720662,
dbdc39796a,180,614,15964,159.64,101.12547051239186,3.3647050827239534e-17,12.413570708903704,4.792152635207128,
dbdc39796a,180,615,15990,159.9,101.12547051239186,3.364705082723956e-17,12.413570708903704,7.253085571990396,
dbdc39796a,180,616,16016,160.16,101.12547051239186,3.3647050827239546e-17,12.413570708903704,5.302339756160015,
dbdc39796a,180,617,16042,160.42,101.12547051239186,3.364705082723953e-17,12.413570708903704,5.552537552180602,
dbdc39796a,180,618,16068,160.68,101.12547051239186,3.364705082723954e-17,12.413570708903704,4.111884363910418,
dbdc39796a,180,619,16094,160.94,101.12547051239186,3.3647050827239565e-17,12.413570708903704,6.385959214868885,
dbdc39796a,180,620,16120,161.2,101.12547051239186,3.364705082723954e-17,12.413570708903704,5.460146875222032,
dbdc39796a,180,621,16146,161.46,101.12547051239186,3.3647050827239546e-17,12.413570708903704,6.38814492075139,
dbdc39796a,180,622,16172,161.72,101.12547051239186,3.3647050827239546e-17,12.413570708903704,5.233993787314448,
dbdc39796a,180,623,16198,161.98,101.12547051239186,3.364705082723954e-17,12.413570708903704,4.587046037921944,
dbdc39796a,180,624,16224,162.24,101.12547051239186,3.3647050827239546e-17,12.413570708903704,5.457611592759888,
dbdc39796a,180,625,16250,162.5,101.12547051239186,3.364705082723954e-17,12.413570708903704,5.2907227331095,
dbdc39796a,180,626,16276,162.76,101.12547051239186,3.3647050827239534e-17,12.413570708903704,6.069764475425934,
dbdc39796a,180,627,16302,163.02,101.12547051239186,3.3647050827239546e-17,12.413570708903704,4.418638551491583,
dbdc39796a,180,628,16328,163.28,101.12547051239186,3.3647050827239546e-17,12.413570708903704,4.613762047412135,
dbdc39796a,180,629,16354,163.54,101.12547051239186,3.364705082723955e-17,12.413570708903704,4.633359546702068,
dbdc39796a,180,630,16380,163.8,101.12547051239186,3.3647050827239534e-17,12.413570708903704,4.942170715205586,
dbdc39796a,180,631,16406,164.06,101.12547051239186,3.3647050827239534e-17,12.413570708903704,4.008571092791416,
dbdc39796a,180,632,16432,164.32,101.12547051239186,3.364705082723956e-17,12.413570708903704,4.411853376929385,
dbdc39796a,180,633,16458,164.58,101.12547051239186,3.3647050827239534e-17,12.413570708903704,5.1878270490801475,
dbdc39796a,180,634,16484,164.84,101.12547051239186,3.364705082723954e-17,12.413570708903704,5.6722456421301075,
dbdc39796a,180,635,16510,165.1,101.12547051239186,3.364705082723956e-17,12.413570708903704,6.386128757160901,
dbdc39796a,180,636,16536,165.36,101.12547051239186,3.3647050827239534e-17,12.413570708903704,4.270335146292551,
dbdc39796a,180,637,16562,165.62,101.12547051239186,3.3647050827239565e-17,12.413570708903704,5.230142559619128,
dbdc39796a,180,638,16588,165.88,101.12547051239186,3.3647050827239546e-17,12.413570708903704,5.06851289665506,
dbdc39796a,180,639,16614,166.14,101.12547051239186,3.3647050827239534e-17,12.413570708903704,5.125013360178376,
dbdc39796a,180,640,16640,166.4,101.12547051239186,3.3647050827239534e-17,12.413570708903704,5.2606071388162,
dbdc39796a,180,641,16666,166.66,101.12547051239186,3.364705082723953e-17,12.413570708903704,3.2812667330645735,
dbdc39796a,180,642,16692,166.92,101.12547051239186,3.364705082723953e-17,12.413570708903704,4.66396411633444,
dbdc39796a,180,643,16718,167.18,101.12547051239186,3.3647050827239534e-17,12.413570708903704,5.698426138120287,
dbdc39796a,180,644,16744,167.44,101.12547051239186,3.364705082723955e-17,12.413570708903704,6.438465555675427,
dbdc39796a,180,645,16770,167.7,101.12547051239186,3.364705082723954e-17,12.413570708903704,6.78845574360368,
dbdc39796a,180,646,16796,167.96,101.12547051239186,3.364705082723954e-17,12.413570708903704,5.252383511483313,
dbdc39796a,180,647,16822,168.22,101.12547051239186,3.364705082723956e-17,12.413570708903704,4.85008154813693,
dbdc39796a,180,648,16848,168.48,101.12547051239186,3.364705082723955e-17,12.413570708903704,5.916914523545066,
dbdc39796a,180,649,16874,168.74,101.12547051239186,3.364705082723954e-17,12.413570708903704,5.662924191494238,
dbdc39796a,180,650,16900,169.0,101.12547051239186,3.3647050827239534e-17,12.413570708903704,7.2483205022928825,
dbdc39796a,180,651,16926,169.26,101.12547051239186,3.364705082723955e-17,12.413570708903704,5.6509326217139675,
dbdc39796a,180,652,16952,169.52,101.12547051239186,3.3647050827239534e-17,12.413570708903704,5.993577392038813,
dbdc39796a,180,653,16978,169.78,101.12547051239186,3.364705082723954e-17,12.413570708903704,4.882710856258853,
dbdc39796a,180,654,17004,170.04,101.12547051239186,3.3647050827239546e-17,12.413570708903704,5.529643983589728,
dbdc39796a,180,655,17030,170.3,101.12547051239186,3.364705082723955e-17,12.413570708903704,3.6809782510789706,
dbdc39796a,180,656,17056,170.56,101.12547051239186,3.364705082723955e-17,12.413570708903704,6.614631810854887,
dbdc39796a,180,657,17082,170.82,101.12547051239186,3.3647050827239546e-17,12.413570708903704,5.439361302568454,
dbdc39796a,180,658,17108,171.08,101.12547051239186,3.3647050827239546e-17,12.413570708903704,5.921034981625918,
dbdc39796a,180,659,17134,171.34,101.12547051239186,3.364705082723954e-17,12.413570708903704,6.009393330403664,
dbdc39796a,180,660,17160,171.6,101.12547051239186,3.3647050827239534e-17,12.413570708903704,6.274221186907151,
dbdc39796a,180,661,17186,171.86,101.12547051239186,3.3647050827239546e-17,12.413570708903704,5.347179756808515,
dbdc39796a,180,662,17212,172.12,101.12547051239186,3.364705082723954e-17,12.413570708903704,6.20680914430224,
dbdc39796a,180,663,17238,172.38,101.12547051239186,3.364705082723954e-17,12.413570708903704,5.772841317311,
dbdc39796a,180,664,17264,172.64,101.12547051239186,3.3647050827239534e-17,12.413570708903704,4.93744764119481,
dbdc39796a,180,665,17290,172.9,101.12547051239186,3.3647050827239546e-17,12.413570708903704,6.636213628568642,
dbdc39796a,180,666,17316,173.16,101.12547051239186,3.3647050827239546e-17,12.413570708903704,6.817573692210019,
dbdc39796a,180,667,17342,173.42,101.12547051239186,3.364705082723954e-17,12.413570708903704,4.547925801099877,
dbdc39796a,180,668,17368,173.68,101.12547051239186,3.364705082723955e-17,12.413570708903704,5.654981256120346,
dbdc39796a,180,669,17394,173.94,101.12547051239186,3.364705082723954e-17,12.413570708903704,4.731921843961333,
dbdc39796a,180,670,17420,174.2,101.12547051239186,3.364705082723954e-17,12.413570708903704,4.408842501874211,
dbdc39796a,180,671,17446,174.46,101.12547051239186,3.364705082723953e-17,12.413570708903704,5.0059633375806385,
dbdc39796a,180,672,17472,174.72,101.12547051239186,3.364705082723956e-17,12.413570708903704,6.510308489318439,
dbdc39796a,180,673,17498,174.98,101.12547051239186,3.364705082723955e-17,12.413570708903704,6.444471064683811,
dbdc39796a,180,674,17524,175.24,101.12547051239186,3.364705082723953e-17,12.413570708903704,5.990360579621064,
dbdc39796a,180,675,17550,175.5,101.12547051239186,3.3647050827239546e-17,12.413570708903704,7.106759238111707,
dbdc39796a,180,676,17576,175.76,101.12547051239186,3.3647050827239534e-17,12.413570708903704,6.125250817825696,
dbdc39796a,180,677,17602,176.02,101.12547051239186,3.364705082723956e-17,12.413570708903704,5.182347527160108,
dbdc39796a,180,678,17628,176.28,101.12547051239186,3.3647050827239534e-17,12.413570708903704,5.409788980524323,
dbdc39796a,180,679,17654,176.54,101.12547051239186,3.364705082723955e-17,12.413570708903704,4.747328444545731,
dbdc39796a,180,680,17680,176.8,101.12547051239186,3.3647050827239546e-17,12.413570708903704,5.596701646620273,
dbdc39796a,180,681,17706,177.06,101.12547051239186,3.364705082723953e-17,12.413570708903704,5.064857540455792,
dbdc39796a,180,682,17732,177.32,101.12547051239186,3.364705082723956e-17,12.413570708903704,4.11500746094462,
dbdc39796a,180,683,17758,177.58,101.12547051239186,3.3647050827239546e-17,12.413570708903704,5.716333718552051,
dbdc39796a,180,684,17784,177.84,101.12547051239186,3.364705082723954e-17,12.413570708903704,5.368619849297406,
dbdc39796a,180,685,17810,178.1,101.12547051239186,3.364705082723954e-17,12.413570708903704,5.3090088961631405,
dbdc39796a,180,686,17836,178.36,101.12547051239186,3.364705082723955e-17,12.413570708903704,5.351095092562337,
dbdc39796a,180,687,17862,178.62,101.12547051239186,3.364705082723956e-17,12.413570708903704,5.952163417367307,
dbdc39796a,180,688,17888,178.88,101.12547051239186,3.3647050827239546e-17,12.413570708903704,6.024551575707503,
dbdc39796a,180,689,17914,179.14,101.12547051239186,3.3647050827239534e-17,12.413570708903704,6.488961671669419,
dbdc39796a,180,690,17940,179.4,101.12547051239186,3.3647050827239546e-17,12.413570708903704,5.0810220178558,
dbdc39796a,180,691,17966,179.66,101.12547051239186,3.3647050827239534e-17,12.413570708903704,4.898781540848163,
dbdc39796a,180,692,17992,179.92,101.12547051239186,,12.413570708903704,4.7479288287165,
82b3fbd09b,180,0,0,0.0,516651013610901.0,23.423765182646953,119640441474639.08,60139200490975.12,"ProjectedCommonDirectionsConfig(subspace_no_grads=1, subspace_no_updates=1, subspace_frac_random=0.05, direction_str=sd, random_proj=True, random_proj_dim_frac=0.2, ensemble=haar, inner_use_full_grad=True, orth_P_k=True, beta=0.001, tau=0.5, c_const=inf, N_try=200, alpha_max=100, p_const=1)"
82b3fbd09b,180,1,26,0.26,126389563700868.34,6.778490942174088,59174551007161.16,21884774217200.117,
82b3fbd09b,180,2,52,0.52,68499707773.510666,0.18086737584121965,1377601868267.5737,671554056073.7749,
82b3fbd09b,180,3,78,0.78,8116527528.056399,0.06467992989229313,474203215241.3869,182715010558.49457,
82b3fbd09b,180,4,104,1.04,1649472044.7222085,0.03001714836349987,213772497181.47278,88653763403.80064,
82b3fbd09b,180,5,130,1.3,476659613.3980484,0.01700960238126316,114916792630.10216,52560065107.301056,
82b3fbd09b,180,6,156,1.56,239282883.14817876,0.012672071786949745,81420748161.93488,43262776966.00817,
82b3fbd09b,180,7,182,1.82,189094827.09005687,0.011314712263785158,72380082217.33261,29394596059.864693,
82b3fbd09b,180,8,208,2.08,155102368.7728253,0.010474805922866917,65552376008.2847,25253369479.42926,
82b3fbd09b,180,9,234,2.34,152382791.15861252,0.005256695997921486,64975133728.38074,30268505321.631485,
82b3fbd09b,180,10,260,2.6,66314.57711102183,0.00011151228327822958,1354417254.924595,667421938.6640533,
82b3fbd09b,180,11,286,2.86,317.9833366285241,6.405368458583277e-06,77511645.03168982,31660711.097230848,
82b3fbd09b,180,12,312,3.12,102.04399405310218,4.184217550860128e-07,5044574.143621178,2498354.6090230495,
82b3fbd09b,180,13,338,3.38,101.1303680732307,3.082489828941637e-08,368357.2119843795,174728.62858975917,
82b3fbd09b,180,14,364,3.64,101.1255121280672,2.847790367329329e-09,33954.46968222855,12119.829685064926,
82b3fbd09b,180,15,390,3.9,101.12547090859553,2.772584725981708e-10,3297.3574622136125,1333.1009966778613,
82b3fbd09b,180,16,416,4.16,101.12547051945104,5.7150655897010425e-11,338.71108632887257,138.8381853576323,
82b3fbd09b,180,17,442,4.42,101.12547051830227,3.515269539717898e-11,413.27867988776245,165.2791531850241,
82b3fbd09b,180,18,468,4.68,101.12547051309097,2.7701393346679634e-16,53.06227145033346,20.507947439235746,
82b3fbd09b,180,19,494,4.94,101.12547051302967,2.7791716709992777e-16,53.06151787480961,27.923466780290134,
82b3fbd09b,180,20,520,5.2,101.12547051296983,5.701464880509943e-13,53.060720149932735,29.667350619440782,
82b3fbd09b,180,21,546,5.46,101.12547051282802,3.734925842633478e-18,45.41501058408621,20.095566073463154,
82b3fbd09b,180,22,572,5.72,101.12547051282802,9.809875046165364e-13,45.41501058408621,24.143711575799276,
82b3fbd09b,180,23,598,5.98,101.12547051222336,1.3604768273831393e-15,32.194665961275675,14.39036763399196,
82b3fbd09b,180,24,624,6.24,101.12547051204594,3.402837498100112e-16,32.17802837653009,12.752340883640754,
82b3fbd09b,180,25,650,6.5,101.1254705118943,2.1280083754894412e-17,32.17654248568827,16.198252427742936,
82b3fbd09b,180,26,676,6.76,101.12547051189358,2.1308852871602138e-17,32.17653351344971,16.583814798714517,
82b3fbd09b,180,27,702,7.02,101.12547051189358,5.335698577425385e-18,32.17653351344971,13.039802346183736,
82b3fbd09b,180,28,728,7.28,101.12547051189358,5.340882657764941e-18,32.17653351344971,14.50542291152272,
82b3fbd09b,180,29,754,7.54,101.12547051189358,5.3467571370731636e-18,32.17653351344971,13.515015368552797,
82b3fbd09b,180,30,780,7.8,101.12547051189358,5.35030680127352e-18,32.17653351344971,14.32666016687833,
82b3fbd09b,180,31,806,8.06,101.12547051189358,5.353474858846204e-18,32.17653351344971,12.183034758166576,
82b3fbd09b,180,32,832,8.32,101.12547051189358,5.3594850564000236e-18,32.17653351344971,14.880230236181283,
82b3fbd09b,180,33,858,8.58,101.12547051189358,5.362906292861895e-18,32.17653351344971,16.021368430714613,
82b3fbd09b,180,34,884,8.84,101.12547051189358,5.371237669849139e-18,32.17653351344971,12.818733723059298,
82b3fbd09b,180,35,910,9.1,101.12547051189358,5.378709980384299e-18,32.17653351344971,18.114929310492922,
82b3fbd09b,180,36,936,9.36,101.12547051189358,5.380425919223257e-18,32.17653351344971,16.398842604780068,
82b3fbd09b,180,37,962,9.62,101.12547051189358,5.387035374541929e-18,32.17653351344971,13.370784303487563,
82b3fbd09b,180,38,988,9.88,101.12547051189358,5.392331569351881e-18,32.17653351344971,9.844444403185506,
82b3fbd09b,180,39,1014,10.14,101.12547051189358,5.393535233687288e-18,32.17653351344971,12.461226596585155,
82b3fbd09b,180,40,1040,10.4,101.12547051189358,5.394270856284949e-18,32.17653351344971,13.733608062668743,
82b3fbd09b,180,41,1066,10.66,101.12547051189358,5.401950091273182e-18,32.17653351344971,14.761082185151452,
82b3fbd09b,180,42,1092,10.92,101.12547051189358,5.402852360335369e-18,32.17653351344971,15.22702655235612,
82b3fbd09b,180,43,1118,11.18,101.12547051189358,5.406403122815302e-18,32.17653351344971,11.137391369452398,
82b3fbd09b,180,44,1144,11.44,101.12547051189358,5.412099287603539e-18,32.17653351344971,13.74102511655178,
82b3fbd09b,180,45,1170,11.7,101.12547051189358,5.41373988486524e-18,32.17653351344971,13.830239989259248,
82b3fbd09b,180,46,1196,11.96,101.12547051189358,5.4165728367897695e-18,32.17653351344971,15.789095939869075,
82b3fbd09b,180,47,1222,12.22,101.12547051189358,5.419081300772521e-18,32.17653351344971,15.947211924415738,
82b3fbd09b,180,48,1248,12.48,101.12547051189358,5.422528042748957e-18,32.17653351344971,13.304960665036193,
82b3fbd09b,180,49,1274,12.74,101.12547051189358,2.8448536330419477e-12,32.17653351344971,16.163575711414335,
82b3fbd09b,180,50,1300,13.0,101.12547051128229,6.089605206660446e-16,7.051856164957525,2.984785916023163,
82b3fbd09b,180,51,1326,13.26,101.12547051113721,7.609191572511992e-17,7.04787336244965,2.6702044151000552,
82b3fbd09b,180,52,1352,13.52,101.12547051112328,1.9028788922756588e-17,7.047820656827696,3.1656673735724388,
82b3fbd09b,180,53,1378,13.78,101.12547051112328,7.612119935316674e-17,7.047820656827696,2.790240957832139,
82b3fbd09b,180,54,1404,14.04,101.12547051112183,3.045377014754276e-16,7.047715926613578,3.4794489342491737,
82b3fbd09b,180,55,1430,14.3,101.12547051110877,4.759124530071125e-18,7.0470789666059535,3.047322836377535,
82b3fbd09b,180,56,1456,14.56,101.12547051110877,4.760638412394782e-18,7.0470789666059535,2.389348005978668,
82b3fbd09b,180,57,1482,14.82,101.12547051110877,4.7607702493922786e-18,7.0470789666059535,3.382043728892305,
82b3fbd09b,180,58,1508,15.08,101.12547051110877,4.761605365732264e-18,7.0470789666059535,3.262674048443447,
82b3fbd09b,180,59,1534,15.34,101.12547051110877,4.762221916248416e-18,7.0470789666059535,3.076334655373132,
82b3fbd09b,180,60,1560,15.6,101.12547051110877,4.764121991815891e-18,7.0470789666059535,2.677234906038896,
82b3fbd09b,180,61,1586,15.86,101.12547051110877,4.7644538968372194e-18,7.0470789666059535,3.132121168968698,
82b3fbd09b,180,62,1612,16.12,101.12547051110877,4.764568597968523e-18,7.0470789666059535,3.147952045427752,
82b3fbd09b,180,63,1638,16.38,101.12547051110877,4.765438539410828e-18,7.0470789666059535,3.7660435275101953,
82b3fbd09b,180,64,1664,16.64,101.12547051110877,4.766086767170662e-18,7.0470789666059535,3.202349103645549,
82b3fbd09b,180,65,1690,16.9,101.12547051110877,4.767155077333627e-18,7.0470789666059535,2.708192487994445,
82b3fbd09b,180,66,1716,17.16,101.12547051110877,4.7676434802547764e-18,7.0470789666059535,3.417062657975099,
82b3fbd09b,180,67,1742,17.42,101.12547051110877,4.7681386940853264e-18,7.0470789666059535,3.9178627739637113,
82b3fbd09b,180,68,1768,17.68,101.12547051110877,4.7685875916289645e-18,7.0470789666059535,3.1808941942258526,
82b3fbd09b,180,69,1794,17.94,101.12547051110877,4.768892954969817e-18,7.0470789666059535,2.9878861517481377,
82b3fbd09b,180,70,1820,18.2,101.12547051110877,4.7694107513845464e-18,7.0470789666059535,3.992294582686022,
82b3fbd09b,180,71,1846,18.46,101.12547051110877,4.769837404610204e-18,7.0470789666059535,2.8294266988689487,
82b3fbd09b,180,72,1872,18.72,101.12547051110877,2.5008352579595492e-12,7.0470789666059535,2.8548928792634465,
82b3fbd09b,180,73,1898,18.98,101.12547051085025,2.9847391662920547e-16,27.557489205987938,10.658942176634636,
82b3fbd09b,180,74,1924,19.24,101.12547051084647,3.730990983702894e-17,27.55696810523901,15.91782471562357,
82b3fbd09b,180,75,1950,19.5,101.12547051084647,3.7311591528608655e-17,27.55696810523901,12.55371880952537,
82b3fbd09b,180,76,1976,19.76,101.12547051084647,1.8657122314074752e-17,27.55696810523901,10.167059727454172,
82b3fbd09b,180,77,2002,20.02,101.12547051084647,4.664704093926834e-18,27.55696810523901,9.240770939964612,
82b3fbd09b,180,78,2028,20.28,101.12547051084647,4.664882303302154e-18,27.55696810523901,10.840411572149158,
82b3fbd09b,180,79,2054,20.54,101.12547051084647,4.665151001198337e-18,27.55696810523901,15.316022571188938,
82b3fbd09b,180,80,2080,20.8,101.12547051084647,4.665465630021835e-18,27.55696810523901,16.585335085125493,
82b3fbd09b,180,81,2106,21.06,101.12547051084647,4.665914535274994e-18,27.55696810523901,11.523091802870528,
82b3fbd09b,180,82,2132,21.32,101.12547051084647,4.666128192500499e-18,27.55696810523901,7.566840779280283,
82b3fbd09b,180,83,2158,21.58,101.12547051084647,4.666206135313508e-18,27.55696810523901,12.90794548868286,
82b3fbd09b,180,84,2184,21.84,101.12547051084647,4.666489583051649e-18,27.55696810523901,13.388795843527683,
82b3fbd09b,180,85,2210,22.1,101.12547051084647,4.66653576289849e-18,27.55696810523901,14.761935516536083,
82b3fbd09b,180,86,2236,22.36,101.12547051084647,4.666750212719151e-18,27.55696810523901,13.468900890335288,
82b3fbd09b,180,87,2262,22.62,101.12547051084647,4.666890423036915e-18,27.55696810523901,10.431237617833657,
82b3fbd09b,180,88,2288,22.88,101.12547051084647,4.667034968850289e-18,27.55696810523901,15.456296347355535,
82b3fbd09b,180,89,2314,23.14,101.12547051084647,4.6670819778907024e-18,27.55696810523901,11.266723448253114,
82b3fbd09b,180,90,2340,23.4,101.12547051084647,4.667133623381539e-18,27.55696810523901,11.788985578501343,
82b3fbd09b,180,91,2366,23.66,101.12547051084647,4.667203189909565e-18,27.55696810523901,11.85462864556833,
82b3fbd09b,180,92,2392,23.92,101.12547051084647,4.667246454663873e-18,27.55696810523901,13.1712917875191,
82b3fbd09b,180,93,2418,24.18,101.12547051084647,4.667305945613377e-18,27.55696810523901,11.973206535580763,
82b3fbd09b,180,94,2444,24.44,101.12547051084647,4.6673475347788124e-18,27.55696810523901,8.863200857522637,
82b3fbd09b,180,95,2470,24.7,101.12547051084647,4.667497984884752e-18,27.55696810523901,9.904483008567974,
82b3fbd09b,180,96,2496,24.96,101.12547051084647,4.6675646079603004e-18,27.55696810523901,10.52846501318527,
82b3fbd09b,180,97,2522,25.22,101.12547051084647,4.667608255984564e-18,27.55696810523901,13.939734995626907,
82b3fbd09b,180,98,2548,25.48,101.12547051084647,4.6676828218127736e-18,27.55696810523901,11.409364835795182,
82b3fbd09b,180,99,2574,25.74,101.12547051084647,4.667711047557755e-18,27.55696810523901,12.660543075235955,
82b3fbd09b,180,100,2600,26.0,101.12547051084647,4.667753727230703e-18,27.55696810523901,12.785812677267014,
82b3fbd09b,180,101,2626,26.26,101.12547051084647,4.667801611127306e-18,27.55696810523901,10.900968204497426,
82b3fbd09b,180,102,2652,26.52,101.12547051084647,4.6678162852990065e-18,27.55696810523901,14.020314178589159,
82b3fbd09b,180,103,2678,26.78,101.12547051084647,4.667840565635061e-18,27.55696810523901,13.063533698078595,
82b3fbd09b,180,104,2704,27.04,101.12547051084647,4.66785085797791e-18,27.55696810523901,10.402202408065985,
82b3fbd09b,180,105,2730,27.3,101.12547051084647,4.667912837133391e-18,27.55696810523901,12.801124560192404,
82b3fbd09b,180,106,2756,27.56,101.12547051084647,4.6679374738540895e-18,27.55696810523901,10.576011445268511,
82b3fbd09b,180,107,2782,27.82,101.12547051084647,4.6679544809140466e-18,27.55696810523901,10.52393794521949,
82b3fbd09b,180,108,2808,28.08,101.12547051084647,4.667985558507714e-18,27.55696810523901,6.677878942202013,
82b3fbd09b,180,109,2834,28.34,101.12547051084647,4.668004101009195e-18,27.55696810523901,12.086771154175906,
82b3fbd09b,180,110,2860,28.6,101.12547051084647,4.668030798070543e-18,27.55696810523901,10.880198907281907,
82b3fbd09b,180,111,2886,28.86,101.12547051084647,4.6680347952988966e-18,27.55696810523901,9.10711467112796,
82b3fbd09b,180,112,2912,29.12,101.12547051084647,4.668054063898609e-18,27.55696810523901,13.975561225156927,
82b3fbd09b,180,113,2938,29.38,101.12547051084647,4.668066603849238e-18,27.55696810523901,13.297083635835344,
82b3fbd09b,180,114,2964,29.64,101.12547051084647,4.6680769826540776e-18,27.55696810523901,13.367087406824346,
82b3fbd09b,180,115,2990,29.9,101.12547051084647,4.668088413382149e-18,27.55696810523901,13.021715940961066,
82b3fbd09b,180,116,3016,30.16,101.12547051084647,4.668098994037344e-18,27.55696810523901,15.197353054753986,
82b3fbd09b,180,117,3042,30.42,101.12547051084647,4.668113873595222e-18,27.55696810523901,13.860269525085258,
82b3fbd09b,180,118,3068,30.68,101.12547051084647,4.668122072514068e-18,27.55696810523901,12.39458225650453,
82b3fbd09b,180,119,3094,30.94,101.12547051084647,4.668128715205573e-18,27.55696810523901,12.84435625912664,
82b3fbd09b,180,120,3120,31.2,101.12547051084647,4.668138030876335e-18,27.55696810523901,14.249494205142962,
82b3fbd09b,180,121,3146,31.46,101.12547051084647,4.668144905745262e-18,27.55696810523901,13.811127216853738,
82b3fbd09b,180,122,3172,31.72,101.12547051084647,4.668160036465889e-18,27.55696810523901,14.25900017301249,
82b3fbd09b,180,123,3198,31.98,101.12547051084647,4.6681659461559684e-18,27.55696810523901,11.06818159496596,
82b3fbd09b,180,124,3224,32.24,101.12547051084647,4.668170879803356e-18,27.55696810523901,12.419268003261985,
82b3fbd09b,180,125,3250,32.5,101.12547051084647,4.668185494028865e-18,27.55696810523901,15.27391144291543,
82b3fbd09b,180,126,3276,32.76,101.12547051084647,4.668191031145967e-18,27.55696810523901,12.911669793144114,
82b3fbd09b,180,127,3302,33.02,101.12547051084647,4.6681994132665205e-18,27.55696810523901,12.970040969601662,
82b3fbd09b,180,128,3328,33.28,101.12547051084647,4.668209170488088e-18,27.55696810523901,14.135501277845275,
82b3fbd09b,180,129,3354,33.54,101.12547051084647,4.668231885145643e-18,27.55696810523901,9.594464691589017,
82b3fbd09b,180,130,3380,33.8,101.12547051084647,4.668233824484061e-18,27.55696810523901,12.113707789648942,
82b3fbd09b,180,131,3406,34.06,101.12547051084647,4.6682389930665595e-18,27.55696810523901,12.938329470425472,
82b3fbd09b,180,132,3432,34.32,101.12547051084647,4.668244787387387e-18,27.55696810523901,16.450013295880417,
82b3fbd09b,180,133,3458,34.58,101.12547051084647,4.668249335019951e-18,27.55696810523901,13.751836711171034,
82b3fbd09b,180,134,3484,34.84,101.12547051084647,4.668251522206146e-18,27.55696810523901,9.65780058507723,
82b3fbd09b,180,135,3510,35.1,101.12547051084647,4.668255600962651e-18,27.55696810523901,13.26249969516418,
82b3fbd09b,180,136,3536,35.36,101.12547051084647,4.668261315366259e-18,27.55696810523901,13.283889682845244,
82b3fbd09b,180,137,3562,35.62,101.12547051084647,4.668264045852015e-18,27.55696810523901,10.735436608113098,
82b3fbd09b,180,138,3588,35.88,101.12547051084647,4.6682644319528e-18,27.55696810523901,13.591443533545219,
82b3fbd09b,180,139,3614,36.14,101.12547051084647,4.668269379313938e-18,27.55696810523901,9.090406909198316,
82b3fbd09b,180,140,3640,36.4,101.12547051084647,4.668272120217648e-18,27.55696810523901,13.35910429530545,
82b3fbd09b,180,141,3666,36.66,101.12547051084647,4.6682735754734365e-18,27.55696810523901,9.83602899274942,
82b3fbd09b,180,142,3692,36.92,101.12547051084647,4.668278300343469e-18,27.55696810523901,14.913525316936303,
82b3fbd09b,180,143,3718,37.18,101.12547051084647,4.668280383563727e-18,27.55696810523901,14.852708171428707,
82b3fbd09b,180,144,3744,37.44,101.12547051084647,4.668284575310514e-18,27.55696810523901,15.097812486276421,
82b3fbd09b,180,145,3770,37.7,101.12547051084647,4.668287861673326e-18,27.55696810523901,12.35363412958249,
82b3fbd09b,180,146,3796,37.96,101.12547051084647,4.668292630466671e-18,27.55696810523901,11.406804207588307,
82b3fbd09b,180,147,3822,38.22,101.12547051084647,4.6682943401079976e-18,27.55696810523901,11.816693206053463,
82b3fbd09b,180,148,3848,38.48,101.12547051084647,4.668296715284654e-18,27.55696810523901,13.747854448297055,
82b3fbd09b,180,149,3874,38.74,101.12547051084647,4.668300102646816e-18,27.55696810523901,14.25796831593537,
82b3fbd09b,180,150,3900,39.0,101.12547051084647,4.668301213684546e-18,27.55696810523901,12.014402983045528,
82b3fbd09b,180,151,3926,39.26,101.12547051084647,4.6683034936362936e-18,27.55696810523901,11.925920565005102,
82b3fbd09b,180,152,3952,39.52,101.12547051084647,4.6683050827939695e-18,27.55696810523901,10.12592246365414,
82b3fbd09b,180,153,3978,39.78,101.12547051084647,4.668306129482177e-18,27.55696810523901,13.906048444644695,
82b3fbd09b,180,154,4004,40.04,101.12547051084647,4.668308722236443e-18,27.55696810523901,12.700696192166568,
82b3fbd09b,180,155,4030,40.3,101.12547051084647,4.6683091564681264e-18,27.55696810523901,14.901102164578983,
82b3fbd09b,180,156,4056,40.56,101.12547051084647,4.668310167993111e-18,27.55696810523901,11.854739640383539,
82b3fbd09b,180,157,4082,40.82,101.12547051084647,4.6683107017267306e-18,27.55696810523901,11.86266555822787,
82b3fbd09b,180,158,4108,41.08,101.12547051084647,4.668311419829514e-18,27.55696810523901,7.812262322093025,
82b3fbd09b,180,159,4134,41.34,101.12547051084647,4.668312295980714e-18,27.55696810523901,12.433256417582122,
82b3fbd09b,180,160,4160,41.6,101.12547051084647,4.6683136026210674e-18,27.55696810523901,15.799581294339406,
82b3fbd09b,180,161,4186,41.86,101.12547051084647,4.66831599991914e-18,27.55696810523901,9.779373992067882,
82b3fbd09b,180,162,4212,42.12,101.12547051084647,4.668316574673642e-18,27.55696810523901,15.467618812557566,
82b3fbd09b,180,163,4238,42.38,101.12547051084647,4.668318436495602e-18,27.55696810523901,10.978062338034068,
82b3fbd09b,180,164,4264,42.64,101.12547051084647,4.66831916590606e-18,27.55696810523901,10.65019829731599,
82b3fbd09b,180,165,4290,42.9,101.12547051084647,4.668320816376762e-18,27.55696810523901,11.696412338109395,
82b3fbd09b,180,166,4316,43.16,101.12547051084647,4.668321373430952e-18,27.55696810523901,12.84640639083971,
82b3fbd09b,180,167,4342,43.42,101.12547051084647,4.668321863797227e-18,27.55696810523901,13.785948739810557,
82b3fbd09b,180,168,4368,43.68,101.12547051084647,4.668322482922722e-18,27.55696810523901,9.598054712155797,
82b3fbd09b,180,169,4394,43.94,101.12547051084647,4.668323084583454e-18,27.55696810523901,11.004724081900951,
82b3fbd09b,180,170,4420,44.2,101.12547051084647,4.668323752356828e-18,27.55696810523901,14.588631797145585,
82b3fbd09b,180,171,4446,44.46,101.12547051084647,4.668324639682008e-18,27.55696810523901,13.527931768168168,
82b3fbd09b,180,172,4472,44.72,101.12547051084647,4.668325068422603e-18,27.55696810523901,10.850135220544963,
82b3fbd09b,180,173,4498,44.98,101.12547051084647,4.668325624078531e-18,27.55696810523901,12.810446305570315,
82b3fbd09b,180,174,4524,45.24,101.12547051084647,4.668325913000244e-18,27.55696810523901,11.33128915430549,
82b3fbd09b,180,175,4550,45.5,101.12547051084647,4.668326294398242e-18,27.55696810523901,12.155577053998565,
82b3fbd09b,180,176,4576,45.76,101.12547051084647,4.6683271497193556e-18,27.55696810523901,10.270282170397698,
82b3fbd09b,180,177,4602,46.02,101.12547051084647,4.668327301863766e-18,27.55696810523901,13.583253657958538,
82b3fbd09b,180,178,4628,46.28,101.12547051084647,4.668327846832354e-18,27.55696810523901,13.148605489127704,
82b3fbd09b,180,179,4654,46.54,101.12547051084647,4.668327963330337e-18,27.55696810523901,12.1496375805476,
82b3fbd09b,180,180,4680,46.8,101.12547051084647,4.668328054046188e-18,27.55696810523901,10.475300547664682,
82b3fbd09b,180,181,4706,47.06,101.12547051084647,4.6683282281298164e-18,27.55696810523901,12.16148367269262,
82b3fbd09b,180,182,4732,47.32,101.12547051084647,4.6683284136426695e-18,27.55696810523901,8.274541688876596,
82b3fbd09b,180,183,4758,47.58,101.12547051084647,4.668329060320251e-18,27.55696810523901,14.483505161421155,
82b3fbd09b,180,184,4784,47.84,101.12547051084647,4.668329236231704e-18,27.55696810523901,13.987300117412214,
82b3fbd09b,180,185,4810,48.1,101.12547051084647,4.66832944196974e-18,27.55696810523901,12.924894367213675,
82b3fbd09b,180,186,4836,48.36,101.12547051084647,4.6683295220018255e-18,27.55696810523901,11.921894398109755,
82b3fbd09b,180,187,4862,48.62,101.12547051084647,4.668329542814606e-18,27.55696810523901,12.519437160983125,
82b3fbd09b,180,188,4888,48.88,101.12547051084647,4.668329659468181e-18,27.55696810523901,12.815462948653046,
82b3fbd09b,180,189,4914,49.14,101.12547051084647,4.668329736117291e-18,27.55696810523901,9.871020451627832,
82b3fbd09b,180,190,4940,49.4,101.12547051084647,4.668329842691325e-18,27.55696810523901,13.685214225288767,
82b3fbd09b,180,191,4966,49.66,101.12547051084647,4.668330035885272e-18,27.55696810523901,11.467122200101503,
82b3fbd09b,180,192,4992,49.92,101.12547051084647,4.668330067845437e-18,27.55696810523901,11.603565067298403,
82b3fbd09b,180,193,5018,50.18,101.12547051084647,4.668330139249578e-18,27.55696810523901,11.279782402062454,
82b3fbd09b,180,194,5044,50.44,101.12547051084647,4.668330271285454e-18,27.55696810523901,10.815883623374352,
82b3fbd09b,180,195,5070,50.7,101.12547051084647,4.668330406177003e-18,27.55696810523901,11.64650288113764,
82b3fbd09b,180,196,5096,50.96,101.12547051084647,4.6683306262474925e-18,27.55696810523901,11.586727578606244,
82b3fbd09b,180,197,5122,51.22,101.12547051084647,4.668330748524942e-18,27.55696810523901,10.960696008861355,
82b3fbd09b,180,198,5148,51.48,101.12547051084647,4.6683308728802115e-18,27.55696810523901,12.583847191278432,
82b3fbd09b,180,199,5174,51.74,101.12547051084647,4.6683308990318465e-18,27.55696810523901,10.339605983620382,
82b3fbd09b,180,200,5200,52.0,101.12547051084647,4.668330983857374e-18,27.55696810523901,11.529857531063474,
82b3fbd09b,180,201,5226,52.26,101.12547051084647,4.668331077843448e-18,27.55696810523901,11.769276222827605,
82b3fbd09b,180,202,5252,52.52,101.12547051084647,4.668331128615226e-18,27.55696810523901,13.25870177086705,
82b3fbd09b,180,203,5278,52.78,101.12547051084647,4.66833118976063e-18,27.55696810523901,11.02675487546909,
82b3fbd09b,180,204,5304,53.04,101.12547051084647,4.6683312219062594e-18,27.55696810523901,14.61175274859982,
82b3fbd09b,180,205,5330,53.3,101.12547051084647,4.6683312793768255e-18,27.55696810523901,9.542677125763166,
82b3fbd09b,180,206,5356,53.56,101.12547051084647,4.66833131173295e-18,27.55696810523901,11.322666707011752,
82b3fbd09b,180,207,5382,53.82,101.12547051084647,4.668331409763145e-18,27.55696810523901,11.585318050369946,
82b3fbd09b,180,208,5408,54.08,101.12547051084647,4.6683314344947e-18,27.55696810523901,9.104237768171508,
82b3fbd09b,180,209,5434,54.34,101.12547051084647,4.6683314447672806e-18,27.55696810523901,11.65224222009376,
82b3fbd09b,180,210,5460,54.6,101.12547051084647,4.6683314689738996e-18,27.55696810523901,12.879392313979464,
82b3fbd09b,180,211,5486,54.86,101.12547051084647,4.668331534258336e-18,27.55696810523901,12.648756627603724,
82b3fbd09b,180,212,5512,55.12,101.12547051084647,4.668331565707267e-18,27.55696810523901,14.256287373000214,
82b3fbd09b,180,213,5538,55.38,101.12547051084647,4.668331583778884e-18,27.55696810523901,13.492826843163307,
82b3fbd09b,180,214,5564,55.64,101.12547051084647,4.668331602059318e-18,27.55696810523901,13.005607761256329,
82b3fbd09b,180,215,5590,55.9,101.12547051084647,4.668331636130042e-18,27.55696810523901,10.680010138967203,
82b3fbd09b,180,216,5616,56.16,101.12547051084647,4.6683316625214096e-18,27.55696810523901,12.721974347539428,
82b3fbd09b,180,217,5642,56.42,101.12547051084647,4.668331684505687e-18,27.55696810523901,10.760590633075836,
82b3fbd09b,180,218,5668,56.68,101.12547051084647,4.668331699682149e-18,27.55696810523901,11.697657494341902,
82b3fbd09b,180,219,5694,56.94,101.12547051084647,4.66833170696301e-18,27.55696810523901,13.923813683196789,
82b3fbd09b,180,220,5720,57.2,101.12547051084647,4.668331720062369e-18,27.55696810523901,9.470328445571,
82b3fbd09b,180,221,5746,57.46,101.12547051084647,4.6683317238281046e-18,27.55696810523901,13.714729091783612,
82b3fbd09b,180,222,5772,57.72,101.12547051084647,4.668331739336269e-18,27.55696810523901,12.56490255132171,
82b3fbd09b,180,223,5798,57.98,101.12547051084647,4.668331753740496e-18,27.55696810523901,13.050308042097615,
82b3fbd09b,180,224,5824,58.24,101.12547051084647,4.668331768516149e-18,27.55696810523901,12.654847777181907,
82b3fbd09b,180,225,5850,58.5,101.12547051084647,4.66833177960374e-18,27.55696810523901,14.368218737513368,
82b3fbd09b,180,226,5876,58.76,101.12547051084647,4.668331786543312e-18,27.55696810523901,10.575437439257243,
82b3fbd09b,180,227,5902,59.02,101.12547051084647,4.668331802563516e-18,27.55696810523901,13.720412039257946,
82b3fbd09b,180,228,5928,59.28,101.12547051084647,4.6683318168602615e-18,27.55696810523901,14.475976846002574,
82b3fbd09b,180,229,5954,59.54,101.12547051084647,4.66833182403287e-18,27.55696810523901,11.635916290399344,
82b3fbd09b,180,230,5980,59.8,101.12547051084647,4.6683318286654956e-18,27.55696810523901,9.681141110002992,
82b3fbd09b,180,231,6006,60.06,101.12547051084647,4.668331830898909e-18,27.55696810523901,11.952323404363753,
82b3fbd09b,180,232,6032,60.32,101.12547051084647,4.668331840714444e-18,27.55696810523901,13.001254371314173,
82b3fbd09b,180,233,6058,60.58,101.12547051084647,4.668331853185293e-18,27.55696810523901,14.201869354067755,
82b3fbd09b,180,234,6084,60.84,101.12547051084647,4.6683318693703316e-18,27.55696810523901,11.82247338803897,
82b3fbd09b,180,235,6110,61.1,101.12547051084647,4.668331876209329e-18,27.55696810523901,12.613251912815244,
82b3fbd09b,180,236,6136,61.36,101.12547051084647,4.668331883351602e-18,27.55696810523901,11.023375436682496,
82b3fbd09b,180,237,6162,61.62,101.12547051084647,4.668331892006278e-18,27.55696810523901,11.22310634491773,
82b3fbd09b,180,238,6188,61.88,101.12547051084647,4.66833189525965e-18,27.55696810523901,10.68919254451028,
82b3fbd09b,180,239,6214,62.14,101.12547051084647,4.668331899730563e-18,27.55696810523901,11.783717347910795,
82b3fbd09b,180,240,6240,62.4,101.12547051084647,4.668331909874632e-18,27.55696810523901,10.698165120806822,
82b3fbd09b,180,241,6266,62.66,101.12547051084647,4.668331915086839e-18,27.55696810523901,14.85086970561755,
82b3fbd09b,180,242,6292,62.92,101.12547051084647,4.668331917453435e-18,27.55696810523901,13.420628535928303,
82b3fbd09b,180,243,6318,63.18,101.12547051084647,4.668331921184955e-18,27.55696810523901,12.742133685250058,
82b3fbd09b,180,244,6344,63.44,101.12547051084647,4.6683319234784205e-18,27.55696810523901,9.284310359803934,
82b3fbd09b,180,245,6370,63.7,101.12547051084647,4.66833192574426e-18,27.55696810523901,10.185348258869235,
82b3fbd09b,180,246,6396,63.96,101.12547051084647,4.668331927631791e-18,27.55696810523901,14.367264009936301,
82b3fbd09b,180,247,6422,64.22,101.12547051084647,4.6683319299624704e-18,27.55696810523901,9.49878798079213,
82b3fbd09b,180,248,6448,64.48,101.12547051084647,4.668331930662866e-18,27.55696810523901,12.682178164128759,
82b3fbd09b,180,249,6474,64.74,101.12547051084647,4.6683319361302094e-18,27.55696810523901,9.223659306889317,
82b3fbd09b,180,250,6500,65.0,101.12547051084647,4.668331940634598e-18,27.55696810523901,11.69946046515058,
82b3fbd09b,180,251,6526,65.26,101.12547051084647,4.6683319415633795e-18,27.55696810523901,11.03933105466687,
82b3fbd09b,180,252,6552,65.52,101.12547051084647,4.668331944171373e-18,27.55696810523901,13.209016180246076,
82b3fbd09b,180,253,6578,65.78,101.12547051084647,4.6683319445487204e-18,27.55696810523901,10.680515514050045,
82b3fbd09b,180,254,6604,66.04,101.12547051084647,4.6683319478118266e-18,27.55696810523901,12.923914220532367,
82b3fbd09b,180,255,6630,66.3,101.12547051084647,4.668331949981779e-18,27.55696810523901,11.525705700445478,
82b3fbd09b,180,256,6656,66.56,101.12547051084647,4.668331950730193e-18,27.55696810523901,13.316386913004639,
82b3fbd09b,180,257,6682,66.82,101.12547051084647,4.668331952146322e-18,27.55696810523901,12.80456181176201,
82b3fbd09b,180,258,6708,67.08,101.12547051084647,4.668331953674326e-18,27.55696810523901,12.550197929224828,
82b3fbd09b,180,259,6734,67.34,101.12547051084647,4.668331956798938e-18,27.55696810523901,15.747750750583691,
82b3fbd09b,180,260,6760,67.6,101.12547051084647,4.668331958687447e-18,27.55696810523901,12.365901580693034,
82b3fbd09b,180,261,6786,67.86,101.12547051084647,4.668331959480489e-18,27.55696810523901,12.49406464245524,
82b3fbd09b,180,262,6812,68.12,101.12547051084647,4.66833196048986e-18,27.55696810523901,9.890414253839607,
82b3fbd09b,180,263,6838,68.38,101.12547051084647,4.668331961147379e-18,27.55696810523901,12.507242170605636,
82b3fbd09b,180,264,6864,68.64,101.12547051084647,4.668331961832669e-18,27.55696810523901,14.4916752180221,
82b3fbd09b,180,265,6890,68.9,101.12547051084647,4.6683319628343744e-18,27.55696810523901,13.676101040406113,
82b3fbd09b,180,266,6916,69.16,101.12547051084647,4.6683319638257276e-18,27.55696810523901,10.329854118478051,
82b3fbd09b,180,267,6942,69.42,101.12547051084647,4.668331964472337e-18,27.55696810523901,12.261245056000302,
82b3fbd09b,180,268,6968,69.68,101.12547051084647,4.668331965246017e-18,27.55696810523901,10.584641099953648,
82b3fbd09b,180,269,6994,69.94,101.12547051084647,4.668331966116164e-18,27.55696810523901,9.773114417967053,
82b3fbd09b,180,270,7020,70.2,101.12547051084647,4.668331967167154e-18,27.55696810523901,11.846539307372094,
82b3fbd09b,180,271,7046,70.46,101.12547051084647,4.6683319675465226e-18,27.55696810523901,14.077547368351969,
82b3fbd09b,180,272,7072,70.72,101.12547051084647,4.668331968764893e-18,27.55696810523901,11.750123651350817,
82b3fbd09b,180,273,7098,70.98,101.12547051084647,4.6683319692876195e-18,27.55696810523901,11.023745715909849,
82b3fbd09b,180,274,7124,71.24,101.12547051084647,4.668331969902707e-18,27.55696810523901,15.98920611529573,
82b3fbd09b,180,275,7150,71.5,101.12547051084647,4.668331970631631e-18,27.55696810523901,12.733365671311649,
82b3fbd09b,180,276,7176,71.76,101.12547051084647,4.6683319717702695e-18,27.55696810523901,10.50896101583289,
82b3fbd09b,180,277,7202,72.02,101.12547051084647,4.668331972546492e-18,27.55696810523901,10.024611901298526,
82b3fbd09b,180,278,7228,72.28,101.12547051084647,4.668331973027267e-18,27.55696810523901,9.808993679193277,
82b3fbd09b,180,279,7254,72.54,101.12547051084647,4.66833197331958e-18,27.55696810523901,10.216121576278276,
82b3fbd09b,180,280,7280,72.8,101.12547051084647,4.668331973681832e-18,27.55696810523901,9.916628429819694,
82b3fbd09b,180,281,7306,73.06,101.12547051084647,4.668331974050341e-18,27.55696810523901,14.106207334162596,
82b3fbd09b,180,282,7332,73.32,101.12547051084647,4.668331974350231e-18,27.55696810523901,12.354440263323864,
82b3fbd09b,180,283,7358,73.58,101.12547051084647,4.668331974544747e-18,27.55696810523901,13.035895974698176,
82b3fbd09b,180,284,7384,73.84,101.12547051084647,4.668331975249023e-18,27.55696810523901,12.720782402693839,
82b3fbd09b,180,285,7410,74.1,101.12547051084647,4.6683319754818046e-18,27.55696810523901,10.99958106129234,
82b3fbd09b,180,286,7436,74.36,101.12547051084647,4.668331975660508e-18,27.55696810523901,11.53227034779333,
82b3fbd09b,180,287,7462,74.62,101.12547051084647,4.668331976191205e-18,27.55696810523901,10.559562042170354,
82b3fbd09b,180,288,7488,74.88,101.12547051084647,4.668331976716377e-18,27.55696810523901,14.184547641013893,
82b3fbd09b,180,289,7514,75.14,101.12547051084647,4.6683319768394866e-18,27.55696810523901,12.45332955577976,
82b3fbd09b,180,290,7540,75.4,101.12547051084647,4.6683319774665694e-18,27.55696810523901,9.024689622776595,
82b3fbd09b,180,291,7566,75.66,101.12547051084647,4.6683319778731856e-18,27.55696810523901,9.574306068141466,
82b3fbd09b,180,292,7592,75.92,101.12547051084647,4.66833197810213e-18,27.55696810523901,11.359250609961371,
82b3fbd09b,180,293,7618,76.18,101.12547051084647,4.6683319783151126e-18,27.55696810523901,11.962170466587636,
82b3fbd09b,180,294,7644,76.44,101.12547051084647,4.668331978530269e-18,27.55696810523901,10.140273482641808,
82b3fbd09b,180,295,7670,76.7,101.12547051084647,4.668331978704228e-18,27.55696810523901,9.808162362796722,
82b3fbd09b,180,296,7696,76.96,101.12547051084647,4.6683319788010894e-18,27.55696810523901,14.002987779691,
82b3fbd09b,180,297,7722,77.22,101.12547051084647,4.6683319791578024e-18,27.55696810523901,14.983613210390304,
82b3fbd09b,180,298,7748,77.48,101.12547051084647,4.6683319794164125e-18,27.55696810523901,8.710330463595245,
82b3fbd09b,180,299,7774,77.74,101.12547051084647,4.668331979611926e-18,27.55696810523901,11.54613472165874,
82b3fbd09b,180,300,7800,78.0,101.12547051084647,4.6683319797114996e-18,27.55696810523901,11.547208654523114,
82b3fbd09b,180,301,7826,78.26,101.12547051084647,4.668331979874453e-18,27.55696810523901,13.875550239830252,
82b3fbd09b,180,302,7852,78.52,101.12547051084647,4.6683319799906146e-18,27.55696810523901,15.863175945689589,
82b3fbd09b,180,303,7878,78.78,101.12547051084647,4.668331980087685e-18,27.55696810523901,11.016975949108321,
82b3fbd09b,180,304,7904,79.04,101.12547051084647,4.668331980236354e-18,27.55696810523901,13.377377008594538,
82b3fbd09b,180,305,7930,79.3,101.12547051084647,4.6683319803476435e-18,27.55696810523901,16.27751598092348,
82b3fbd09b,180,306,7956,79.56,101.12547051084647,4.668331980422961e-18,27.55696810523901,11.821791088029398,
82b3fbd09b,180,307,7982,79.82,101.12547051084647,4.668331980480903e-18,27.55696810523901,13.496314376147874,
82b3fbd09b,180,308,8008,80.08,101.12547051084647,4.668331980585665e-18,27.55696810523901,9.591573768756877,
82b3fbd09b,180,309,8034,80.34,101.12547051084647,4.668331980703148e-18,27.55696810523901,13.061735055987258,
82b3fbd09b,180,310,8060,80.6,101.12547051084647,4.668331980749782e-18,27.55696810523901,14.073267592323004,
82b3fbd09b,180,311,8086,80.86,101.12547051084647,4.668331980872846e-18,27.55696810523901,11.488716678203808,
82b3fbd09b,180,312,8112,81.12,101.12547051084647,4.668331980955177e-18,27.55696810523901,9.940974177859575,
82b3fbd09b,180,313,8138,81.38,101.12547051084647,4.668331980986984e-18,27.55696810523901,12.628869800204223,
82b3fbd09b,180,314,8164,81.64,101.12547051084647,4.6683319810768884e-18,27.55696810523901,13.02599922240806,
82b3fbd09b,180,315,8190,81.9,101.12547051084647,4.6683319811564385e-18,27.55696810523901,12.26543113055337,
82b3fbd09b,180,316,8216,82.16,101.12547051084647,4.6683319811764574e-18,27.55696810523901,12.035009498969826,
82b3fbd09b,180,317,8242,82.42,101.12547051084647,4.668331981277205e-18,27.55696810523901,10.99247164032536,
82b3fbd09b,180,318,8268,82.68,101.12547051084647,4.668331981316433e-18,27.55696810523901,9.673962484098821,
82b3fbd09b,180,319,8294,82.94,101.12547051084647,4.668331981415071e-18,27.55696810523901,12.344067707464088,
82b3fbd09b,180,320,8320,83.2,101.12547051084647,4.668331981493224e-18,27.55696810523901,14.558718562046154,
82b3fbd09b,180,321,8346,83.46,101.12547051084647,4.66833198158756e-18,27.55696810523901,10.59638173996447,
82b3fbd09b,180,322,8372,83.72,101.12547051084647,4.668331981621964e-18,27.55696810523901,9.768393564461828,
82b3fbd09b,180,323,8398,83.98,101.12547051084647,4.668331981650088e-18,27.55696810523901,12.154752128369005,
82b3fbd09b,180,324,8424,84.24,101.12547051084647,4.668331981691103e-18,27.55696810523901,13.60127651847213,
82b3fbd09b,180,325,8450,84.5,101.12547051084647,4.6683319817233614e-18,27.55696810523901,11.995565132947918,
82b3fbd09b,180,326,8476,84.76,101.12547051084647,4.668331981744739e-18,27.55696810523901,12.15440714286619,
82b3fbd09b,180,327,8502,85.02,101.12547051084647,4.6683319818006005e-18,27.55696810523901,12.545785316090397,
82b3fbd09b,180,328,8528,85.28,101.12547051084647,4.668331981877624e-18,27.55696810523901,11.712281559831336,
82b3fbd09b,180,329,8554,85.54,101.12547051084647,4.668331981889761e-18,27.55696810523901,13.621648720446242,
82b3fbd09b,180,330,8580,85.8,101.12547051084647,4.668331981906152e-18,27.55696810523901,12.03345737755113,
82b3fbd09b,180,331,8606,86.06,101.12547051084647,4.668331981952776e-18,27.55696810523901,10.254463630248406,
82b3fbd09b,180,332,8632,86.32,101.12547051084647,4.6683319819612415e-18,27.55696810523901,12.265870069543489,
82b3fbd09b,180,333,8658,86.58,101.12547051084647,4.668331981985242e-18,27.55696810523901,13.64741266423072,
82b3fbd09b,180,334,8684,86.84,101.12547051084647,4.66833198201314e-18,27.55696810523901,9.975664119692759,
82b3fbd09b,180,335,8710,87.1,101.12547051084647,4.668331982018681e-18,27.55696810523901,14.827783795497103,
82b3fbd09b,180,336,8736,87.36,101.12547051084647,4.668331982049337e-18,27.55696810523901,10.917573561354235,
82b3fbd09b,180,337,8762,87.62,101.12547051084647,4.668331982056666e-18,27.55696810523901,16.07262518861341,
82b3fbd09b,180,338,8788,87.88,101.12547051084647,4.6683319820621056e-18,27.55696810523901,10.26460563214646,
82b3fbd09b,180,339,8814,88.14,101.12547051084647,4.668331982067277e-18,27.55696810523901,12.456360958975212,
82b3fbd09b,180,340,8840,88.4,101.12547051084647,4.668331982083316e-18,27.55696810523901,13.0553755540633,
82b3fbd09b,180,341,8866,88.66,101.12547051084647,4.668331982098304e-18,27.55696810523901,10.815455363215902,
82b3fbd09b,180,342,8892,88.92,101.12547051084647,4.668331982106819e-18,27.55696810523901,13.132083836428857,
82b3fbd09b,180,343,8918,89.18,101.12547051084647,4.668331982126321e-18,27.55696810523901,12.640447749627063,
82b3fbd09b,180,344,8944,89.44,101.12547051084647,4.668331982131723e-18,27.55696810523901,13.598366915336564,
82b3fbd09b,180,345,8970,89.7,101.12547051084647,4.668331982146285e-18,27.55696810523901,10.971876708074273,
82b3fbd09b,180,346,8996,89.96,101.12547051084647,4.668331982161959e-18,27.55696810523901,11.781995133607722,
82b3fbd09b,180,347,9022,90.22,101.12547051084647,4.6683319821687574e-18,27.55696810523901,14.245892604167546,
82b3fbd09b,180,348,9048,90.48,101.12547051084647,4.668331982176732e-18,27.55696810523901,12.59207259478571,
82b3fbd09b,180,349,9074,90.74,101.12547051084647,4.668331982184452e-18,27.55696810523901,13.456365394957635,
82b3fbd09b,180,350,9100,91.0,101.12547051084647,4.6683319821907954e-18,27.55696810523901,12.783484793019129,
82b3fbd09b,180,351,9126,91.26,101.12547051084647,4.668331982199263e-18,27.55696810523901,11.56202890248585,
82b3fbd09b,180,352,9152,91.52,101.12547051084647,4.6683319822096025e-18,27.55696810523901,12.293629803932998,
82b3fbd09b,180,353,9178,91.78,101.12547051084647,4.668331982212774e-18,27.55696810523901,15.736230889102657,
82b3fbd09b,180,354,9204,92.04,101.12547051084647,4.668331982219742e-18,27.55696810523901,12.246156057148678,
82b3fbd09b,180,355,9230,92.3,101.12547051084647,4.668331982224217e-18,27.55696810523901,11.333888041267585,
82b3fbd09b,180,356,9256,92.56,101.12547051084647,4.668331982232761e-18,27.55696810523901,13.916180861903662,
82b3fbd09b,180,357,9282,92.82,101.12547051084647,4.668331982234689e-18,27.55696810523901,13.014626534553008,
82b3fbd09b,180,358,9308,93.08,101.12547051084647,4.668331982237361e-18,27.55696810523901,10.857291979740053,
82b3fbd09b,180,359,9334,93.34,101.12547051084647,4.668331982249097e-18,27.55696810523901,13.30017976431638,
82b3fbd09b,180,360,9360,93.6,101.12547051084647,4.6683319822550206e-18,27.55696810523901,12.165600066085963,
82b3fbd09b,180,361,9386,93.86,101.12547051084647,4.668331982258122e-18,27.55696810523901,11.854796516982638,
82b3fbd09b,180,362,9412,94.12,101.12547051084647,4.668331982260676e-18,27.55696810523901,14.428956960460848,
82b3fbd09b,180,363,9438,94.38,101.12547051084647,4.668331982264004e-18,27.55696810523901,11.518095906783392,
82b3fbd09b,180,364,9464,94.64,101.12547051084647,4.6683319822661956e-18,27.55696810523901,12.063017167712264,
82b3fbd09b,180,365,9490,94.9,101.12547051084647,4.668331982268233e-18,27.55696810523901,14.520753428677766,
82b3fbd09b,180,366,9516,95.16,101.12547051084647,4.668331982272469e-18,27.55696810523901,12.466601516067858,
82b3fbd09b,180,367,9542,95.42,101.12547051084647,4.6683319822733246e-18,27.55696810523901,12.973258566777563,
82b3fbd09b,180,368,9568,95.68,101.12547051084647,4.668331982275375e-18,27.55696810523901,12.395485574795902,
82b3fbd09b,180,369,9594,95.94,101.12547051084647,4.668331982277048e-18,27.55696810523901,10.406615700963421,
82b3fbd09b,180,370,9620,96.2,101.12547051084647,4.668331982277318e-18,27.55696810523901,9.873409639944493,
82b3fbd09b,180,371,9646,96.46,101.12547051084647,4.668331982280271e-18,27.55696810523901,11.677515887919807,
82b3fbd09b,180,372,9672,96.72,101.12547051084647,4.668331982282477e-18,27.55696810523901,10.521670733166816,
82b3fbd09b,180,373,9698,96.98,101.12547051084647,4.668331982283252e-18,27.55696810523901,12.406021619252597,
82b3fbd09b,180,374,9724,97.24,101.12547051084647,4.6683319822843925e-18,27.55696810523901,10.61687129545939,
82b3fbd09b,180,375,9750,97.5,101.12547051084647,4.668331982286234e-18,27.55696810523901,14.099066612574575,
82b3fbd09b,180,376,9776,97.76,101.12547051084647,4.6683319822882305e-18,27.55696810523901,13.328507298213513,
82b3fbd09b,180,377,9802,98.02,101.12547051084647,4.668331982288709e-18,27.55696810523901,12.026624676995121,
82b3fbd09b,180,378,9828,98.28,101.12547051084647,4.668331982289841e-18,27.55696810523901,16.886262320304805,
82b3fbd09b,180,379,9854,98.54,101.12547051084647,4.6683319822907566e-18,27.55696810523901,10.850251701949173,
82b3fbd09b,180,380,9880,98.8,101.12547051084647,4.66833198229224e-18,27.55696810523901,8.314774181772117,
82b3fbd09b,180,381,9906,99.06,101.12547051084647,4.668331982293753e-18,27.55696810523901,10.744042739427703,
82b3fbd09b,180,382,9932,99.32,101.12547051084647,4.668331982294293e-18,27.55696810523901,11.077869383260598,
82b3fbd09b,180,383,9958,99.58,101.12547051084647,4.668331982296068e-18,27.55696810523901,13.968557423846427,
82b3fbd09b,180,384,9984,99.84,101.12547051084647,4.668331982297134e-18,27.55696810523901,9.982246465835233,
82b3fbd09b,180,385,10010,100.1,101.12547051084647,4.668331982297542e-18,27.55696810523901,10.929580533820344,
82b3fbd09b,180,386,10036,100.36,101.12547051084647,4.668331982299096e-18,27.55696810523901,13.866687962640292,
82b3fbd09b,180,387,10062,100.62,101.12547051084647,4.668331982299536e-18,27.55696810523901,14.785502272617427,
82b3fbd09b,180,388,10088,100.88,101.12547051084647,4.668331982301391e-18,27.55696810523901,9.457543902843923,
82b3fbd09b,180,389,10114,101.14,101.12547051084647,4.668331982301943e-18,27.55696810523901,15.374719516870979,
82b3fbd09b,180,390,10140,101.4,101.12547051084647,4.668331982302302e-18,27.55696810523901,16.542705691553945,
82b3fbd09b,180,391,10166,101.66,101.12547051084647,4.668331982302535e-18,27.55696810523901,10.797895631534452,
82b3fbd09b,180,392,10192,101.92,101.12547051084647,4.668331982302793e-18,27.55696810523901,9.733794067644098,
82b3fbd09b,180,393,10218,102.18,101.12547051084647,4.6683319823031126e-18,27.55696810523901,11.658219747048859,
82b3fbd09b,180,394,10244,102.44,101.12547051084647,4.668331982303997e-18,27.55696810523901,13.247426657307841,
82b3fbd09b,180,395,10270,102.7,101.12547051084647,4.668331982305146e-18,27.55696810523901,13.0044919420617,
82b3fbd09b,180,396,10296,102.96,101.12547051084647,4.6683319823056e-18,27.55696810523901,11.281681986462727,
82b3fbd09b,180,397,10322,103.22,101.12547051084647,4.668331982306381e-18,27.55696810523901,12.468302191499442,
82b3fbd09b,180,398,10348,103.48,101.12547051084647,4.668331982306683e-18,27.55696810523901,10.976491863631633,
82b3fbd09b,180,399,10374,103.74,101.12547051084647,4.6683319823071324e-18,27.55696810523901,12.16347307936501,
82b3fbd09b,180,400,10400,104.0,101.12547051084647,4.668331982307571e-18,27.55696810523901,16.628316304957277,
82b3fbd09b,180,401,10426,104.26,101.12547051084647,4.6683319823077995e-18,27.55696810523901,12.676460839251344,
82b3fbd09b,180,402,10452,104.52,101.12547051084647,4.668331982308463e-18,27.55696810523901,10.57928214889115,
82b3fbd09b,180,403,10478,104.78,101.12547051084647,4.6683319823087725e-18,27.55696810523901,10.008244053923452,
82b3fbd09b,180,404,10504,105.04,101.12547051084647,4.6683319823091384e-18,27.55696810523901,10.182876991261377,
82b3fbd09b,180,405,10530,105.3,101.12547051084647,4.668331982309425e-18,27.55696810523901,16.450610289400178,
82b3fbd09b,180,406,10556,105.56,101.12547051084647,4.6683319823096815e-18,27.55696810523901,10.892068806327163,
82b3fbd09b,180,407,10582,105.82,101.12547051084647,4.668331982309842e-18,27.55696810523901,9.238410808368021,
82b3fbd09b,180,408,10608,106.08,101.12547051084647,4.668331982310344e-18,27.55696810523901,12.399800851051442,
82b3fbd09b,180,409,10634,106.34,101.12547051084647,4.6683319823107316e-18,27.55696810523901,14.530531980737022,
82b3fbd09b,180,410,10660,106.6,101.12547051084647,4.668331982310997e-18,27.55696810523901,12.094835011816302,
82b3fbd09b,180,411,10686,106.86,101.12547051084647,4.668331982311099e-18,27.55696810523901,12.333435326991795,
82b3fbd09b,180,412,10712,107.12,101.12547051084647,4.668331982311345e-18,27.55696810523901,10.468548948184315,
82b3fbd09b,180,413,10738,107.38,101.12547051084647,4.668331982311417e-18,27.55696810523901,13.243811068010867,
82b3fbd09b,180,414,10764,107.64,101.12547051084647,4.668331982311724e-18,27.55696810523901,13.164545904737485,
82b3fbd09b,180,415,10790,107.9,101.12547051084647,4.668331982311909e-18,27.55696810523901,15.089212883218016,
82b3fbd09b,180,416,10816,108.16,101.12547051084647,4.668331982312027e-18,27.55696810523901,13.748199947212257,
82b3fbd09b,180,417,10842,108.42,101.12547051084647,4.66833198231228e-18,27.55696810523901,12.647186047346748,
82b3fbd09b,180,418,10868,108.68,101.12547051084647,4.668331982312677e-18,27.55696810523901,8.55518367830233,
82b3fbd09b,180,419,10894,108.94,101.12547051084647,4.668331982312736e-18,27.55696810523901,10.987188147984728,
82b3fbd09b,180,420,10920,109.2,101.12547051084647,4.66833198231283e-18,27.55696810523901,11.248314863401808,
82b3fbd09b,180,421,10946,109.46,101.12547051084647,4.6683319823130065e-18,27.55696810523901,15.051270406050238,
82b3fbd09b,180,422,10972,109.72,101.12547051084647,4.668331982313101e-18,27.55696810523901,10.782969014816958,
82b3fbd09b,180,423,10998,109.98,101.12547051084647,4.668331982313256e-18,27.55696810523901,10.745592150688202,
82b3fbd09b,180,424,11024,110.24,101.12547051084647,4.668331982313291e-18,27.55696810523901,10.399196232498404,
82b3fbd09b,180,425,11050,110.5,101.12547051084647,4.6683319823133655e-18,27.55696810523901,13.169391441408312,
82b3fbd09b,180,426,11076,110.76,101.12547051084647,4.6683319823133986e-18,27.55696810523901,11.587037530330567,
82b3fbd09b,180,427,11102,111.02,101.12547051084647,4.668331982313496e-18,27.55696810523901,13.038894941910097,
82b3fbd09b,180,428,11128,111.28,101.12547051084647,4.668331982313548e-18,27.55696810523901,11.159753330387197,
82b3fbd09b,180,429,11154,111.54,101.12547051084647,4.668331982313586e-18,27.55696810523901,14.423398780433248,
82b3fbd09b,180,430,11180,111.8,101.12547051084647,4.66833198231365e-18,27.55696810523901,14.937561055534557,
82b3fbd09b,180,431,11206,112.06,101.12547051084647,4.668331982313674e-18,27.55696810523901,11.281328921902439,
82b3fbd09b,180,432,11232,112.32,101.12547051084647,4.668331982313776e-18,27.55696810523901,12.115914435225635,
82b3fbd09b,180,433,11258,112.58,101.12547051084647,4.668331982313798e-18,27.55696810523901,11.851224466474571,
82b3fbd09b,180,434,11284,112.84,101.12547051084647,4.668331982313839e-18,27.55696810523901,12.534921837315466,
82b3fbd09b,180,435,11310,113.1,101.12547051084647,4.668331982313895e-18,27.55696810523901,9.653367178206434,
82b3fbd09b,180,436,11336,113.36,101.12547051084647,4.668331982313938e-18,27.55696810523901,12.953068342657813,
82b3fbd09b,180,437,11362,113.62,101.12547051084647,4.668331982313964e-18,27.55696810523901,12.499769998375605,
82b3fbd09b,180,438,11388,113.88,101.12547051084647,4.668331982314014e-18,27.55696810523901,9.959834125563678,
82b3fbd09b,180,439,11414,114.14,101.12547051084647,4.668331982314086e-18,27.55696810523901,10.847097064321835,
82b3fbd09b,180,440,11440,114.4,101.12547051084647,4.66833198231412e-18,27.55696810523901,13.929529849407963,
82b3fbd09b,180,441,11466,114.66,101.12547051084647,4.66833198231414e-18,27.55696810523901,9.76639993831278,
82b3fbd09b,180,442,11492,114.92,101.12547051084647,4.6683319823141605e-18,27.55696810523901,11.795530202724201,
82b3fbd09b,180,443,11518,115.18,101.12547051084647,4.668331982314198e-18,27.55696810523901,9.616868068257572,
82b3fbd09b,180,444,11544,115.44,101.12547051084647,4.668331982314214e-18,27.55696810523901,12.34307185349459,
82b3fbd09b,180,445,11570,115.7,101.12547051084647,4.668331982314232e-18,27.55696810523901,10.617632308269343,
82b3fbd09b,180,446,11596,115.96,101.12547051084647,4.668331982314259e-18,27.55696810523901,11.204036031281836,
82b3fbd09b,180,447,11622,116.22,101.12547051084647,4.66833198231428e-18,27.55696810523901,13.163878102979083,
82b3fbd09b,180,448,11648,116.48,101.12547051084647,4.668331982314299e-18,27.55696810523901,14.047446493120756,
82b3fbd09b,180,449,11674,116.74,101.12547051084647,4.668331982314316e-18,27.55696810523901,12.147048893216244,
82b3fbd09b,180,450,11700,117.0,101.12547051084647,4.668331982314345e-18,27.55696810523901,14.411085238294957,
82b3fbd09b,180,451,11726,117.26,101.12547051084647,4.6683319823143616e-18,27.55696810523901,10.741640884718771,
82b3fbd09b,180,452,11752,117.52,101.12547051084647,4.6683319823143955e-18,27.55696810523901,14.033032296386478,
82b3fbd09b,180,453,11778,117.78,101.12547051084647,4.668331982314419e-18,27.55696810523901,12.87031377972767,
82b3fbd09b,180,454,11804,118.04,101.12547051084647,4.6683319823144324e-18,27.55696810523901,11.110523985310886,
82b3fbd09b,180,455,11830,118.3,101.12547051084647,4.66833198231447e-18,27.55696810523901,14.376600083379744,
82b3fbd09b,180,456,11856,118.56,101.12547051084647,4.6683319823144794e-18,27.55696810523901,13.708894817904307,
82b3fbd09b,180,457,11882,118.82,101.12547051084647,4.668331982314487e-18,27.55696810523901,11.322723388747992,
82b3fbd09b,180,458,11908,119.08,101.12547051084647,4.668331982314495e-18,27.55696810523901,14.279958806313838,
82b3fbd09b,180,459,11934,119.34,101.12547051084647,4.668331982314502e-18,27.55696810523901,13.248064585902119,
82b3fbd09b,180,460,11960,119.6,101.12547051084647,4.668331982314511e-18,27.55696810523901,11.163987730212556,
82b3fbd09b,180,461,11986,119.86,101.12547051084647,4.6683319823145226e-18,27.55696810523901,10.029514023069877,
82b3fbd09b,180,462,12012,120.12,101.12547051084647,4.6683319823145295e-18,27.55696810523901,13.55392964334777,
82b3fbd09b,180,463,12038,120.38,101.12547051084647,4.668331982314547e-18,27.55696810523901,8.086070696634271,
82b3fbd09b,180,464,12064,120.64,101.12547051084647,4.668331982314563e-18,27.55696810523901,12.939214564317645,
82b3fbd09b,180,465,12090,120.9,101.12547051084647,4.668331982314568e-18,27.55696810523901,10.52603961439873,
82b3fbd09b,180,466,12116,121.16,101.12547051084647,4.6683319823145765e-18,27.55696810523901,12.434014390201819,
82b3fbd09b,180,467,12142,121.42,101.12547051084647,4.668331982314581e-18,27.55696810523901,13.442282837923138,
82b3fbd09b,180,468,12168,121.68,101.12547051084647,4.668331982314587e-18,27.55696810523901,11.917090294412457,
82b3fbd09b,180,469,12194,121.94,101.12547051084647,4.668331982314586e-18,27.55696810523901,11.57585559502822,
82b3fbd09b,180,470,12220,122.2,101.12547051084647,4.668331982314595e-18,27.55696810523901,11.696250033791733,
82b3fbd09b,180,471,12246,122.46,101.12547051084647,4.6683319823145996e-18,27.55696810523901,13.297957212549045,
82b3fbd09b,180,472,12272,122.72,101.12547051084647,4.668331982314599e-18,27.55696810523901,12.117251675945301,
82b3fbd09b,180,473,12298,122.98,101.12547051084647,4.668331982314604e-18,27.55696810523901,12.74980207846207,
82b3fbd09b,180,474,12324,123.24,101.12547051084647,4.668331982314607e-18,27.55696810523901,11.652757992339174,
82b3fbd09b,180,475,12350,123.5,101.12547051084647,4.668331982314615e-18,27.55696810523901,11.576443961802385,
82b3fbd09b,180,476,12376,123.76,101.12547051084647,4.668331982314618e-18,27.55696810523901,15.078007194218122,
82b3fbd09b,180,477,12402,124.02,101.12547051084647,4.668331982314622e-18,27.55696810523901,9.145663852989916,
82b3fbd09b,180,478,12428,124.28,101.12547051084647,4.668331982314629e-18,27.55696810523901,13.324046738865029,
82b3fbd09b,180,479,12454,124.54,101.12547051084647,4.668331982314631e-18,27.55696810523901,12.620617010622503,
82b3fbd09b,180,480,12480,124.8,101.12547051084647,4.668331982314635e-18,27.55696810523901,13.892915784482476,
82b3fbd09b,180,481,12506,125.06,101.12547051084647,4.668331982314637e-18,27.55696810523901,10.059246074142644,
82b3fbd09b,180,482,12532,125.32,101.12547051084647,4.668331982314642e-18,27.55696810523901,12.23877699282269,
82b3fbd09b,180,483,12558,125.58,101.12547051084647,4.668331982314642e-18,27.55696810523901,12.178483203661981,
82b3fbd09b,180,484,12584,125.84,101.12547051084647,4.668331982314644e-18,27.55696810523901,11.602559883295692,
82b3fbd09b,180,485,12610,126.1,101.12547051084647,4.668331982314644e-18,27.55696810523901,13.646713328333126,
82b3fbd09b,180,486,12636,126.36,101.12547051084647,4.668331982314649e-18,27.55696810523901,10.75024147218241,
82b3fbd09b,180,487,12662,126.62,101.12547051084647,4.668331982314649e-18,27.55696810523901,11.53268037544249,
82b3fbd09b,180,488,12688,126.88,101.12547051084647,4.6683319823146535e-18,27.55696810523901,7.07945986694805,
82b3fbd09b,180,489,12714,127.14,101.12547051084647,4.6683319823146504e-18,27.55696810523901,11.81912438554286,
82b3fbd09b,180,490,12740,127.4,101.12547051084647,4.668331982314655e-18,27.55696810523901,14.238751410863353,
82b3fbd09b,180,491,12766,127.66,101.12547051084647,4.668331982314657e-18,27.55696810523901,10.52999595991222,
82b3fbd09b,180,492,12792,127.92,101.12547051084647,4.668331982314656e-18,27.55696810523901,12.745586124732178,
82b3fbd09b,180,493,12818,128.18,101.12547051084647,4.66833198231466e-18,27.55696810523901,8.943845148590334,
82b3fbd09b,180,494,12844,128.44,101.12547051084647,4.66833198231466e-18,27.55696810523901,14.22104789597876,
82b3fbd09b,180,495,12870,128.7,101.12547051084647,4.668331982314661e-18,27.55696810523901,14.804772713366724,
82b3fbd09b,180,496,12896,128.96,101.12547051084647,4.668331982314663e-18,27.55696810523901,13.188228813301246,
82b3fbd09b,180,497,12922,129.22,101.12547051084647,4.6683319823146635e-18,27.55696810523901,12.36724037465708,
82b3fbd09b,180,498,12948,129.48,101.12547051084647,4.668331982314663e-18,27.55696810523901,10.94770420995151,
82b3fbd09b,180,499,12974,129.74,101.12547051084647,4.668331982314663e-18,27.55696810523901,12.241072981841528,
82b3fbd09b,180,500,13000,130.0,101.12547051084647,4.668331982314664e-18,27.55696810523901,14.171127304558539,
82b3fbd09b,180,501,13026,130.26,101.12547051084647,4.668331982314663e-18,27.55696810523901,11.212609953714923,
82b3fbd09b,180,502,13052,130.52,101.12547051084647,4.6683319823146674e-18,27.55696810523901,9.1974630914757,
82b3fbd09b,180,503,13078,130.78,101.12547051084647,4.668331982314668e-18,27.55696810523901,12.456779246217451,
82b3fbd09b,180,504,13104,131.04,101.12547051084647,4.668331982314667e-18,27.55696810523901,10.576180318676244,
82b3fbd09b,180,505,13130,131.3,101.12547051084647,4.668331982314664e-18,27.55696810523901,10.574156059374847,
82b3fbd09b,180,506,13156,131.56,101.12547051084647,4.668331982314666e-18,27.55696810523901,10.048331087284541,
82b3fbd09b,180,507,13182,131.82,101.12547051084647,4.668331982314667e-18,27.55696810523901,13.626864761337371,
82b3fbd09b,180,508,13208,132.08,101.12547051084647,4.668331982314665e-18,27.55696810523901,10.517077114681664,
82b3fbd09b,180,509,13234,132.34,101.12547051084647,4.668331982314666e-18,27.55696810523901,12.53880344709351,
82b3fbd09b,180,510,13260,132.6,101.12547051084647,4.668331982314667e-18,27.55696810523901,12.774632150592616,
82b3fbd09b,180,511,13286,132.86,101.12547051084647,4.668331982314666e-18,27.55696810523901,10.673634108825379,
82b3fbd09b,180,512,13312,133.12,101.12547051084647,4.668331982314667e-18,27.55696810523901,13.335112393431098,
82b3fbd09b,180,513,13338,133.38,101.12547051084647,4.668331982314669e-18,27.55696810523901,13.531940126794607,
82b3fbd09b,180,514,13364,133.64,101.12547051084647,4.6683319823146674e-18,27.55696810523901,11.498868757062603,
82b3fbd09b,180,515,13390,133.9,101.12547051084647,4.668331982314666e-18,27.55696810523901,12.019599812989517,
82b3fbd09b,180,516,13416,134.16,101.12547051084647,4.6683319823146674e-18,27.55696810523901,12.32647830755851,
82b3fbd09b,180,517,13442,134.42,101.12547051084647,4.6683319823146674e-18,27.55696810523901,11.868186336108225,
82b3fbd09b,180,518,13468,134.68,101.12547051084647,4.66833198231467e-18,27.55696810523901,10.8152845739992,
82b3fbd09b,180,519,13494,134.94,101.12547051084647,4.668331982314672e-18,27.55696810523901,12.09162488003186,
82b3fbd09b,180,520,13520,135.2,101.12547051084647,4.668331982314669e-18,27.55696810523901,15.514430666268659,
82b3fbd09b,180,521,13546,135.46,101.12547051084647,4.668331982314669e-18,27.55696810523901,12.836679975799337,
82b3fbd09b,180,522,13572,135.72,101.12547051084647,4.66833198231467e-18,27.55696810523901,10.848541157323364,
82b3fbd09b,180,523,13598,135.98,101.12547051084647,4.6683319823146674e-18,27.55696810523901,13.942973355570818,
82b3fbd09b,180,524,13624,136.24,101.12547051084647,4.668331982314672e-18,27.55696810523901,12.289492930484293,
82b3fbd09b,180,525,13650,136.5,101.12547051084647,4.668331982314671e-18,27.55696810523901,10.908507556337469,
82b3fbd09b,180,526,13676,136.76,101.12547051084647,4.668331982314671e-18,27.55696810523901,11.404868030423641,
82b3fbd09b,180,527,13702,137.02,101.12547051084647,4.6683319823146674e-18,27.55696810523901,10.536623046134034,
82b3fbd09b,180,528,13728,137.28,101.12547051084647,4.668331982314669e-18,27.55696810523901,12.454422830962436,
82b3fbd09b,180,529,13754,137.54,101.12547051084647,4.668331982314669e-18,27.55696810523901,13.298488376114053,
82b3fbd09b,180,530,13780,137.8,101.12547051084647,4.6683319823146705e-18,27.55696810523901,10.947537385370723,
82b3fbd09b,180,531,13806,138.06,101.12547051084647,4.668331982314671e-18,27.55696810523901,13.107640569454455,
82b3fbd09b,180,532,13832,138.32,101.12547051084647,4.668331982314671e-18,27.55696810523901,15.432766784839075,
82b3fbd09b,180,533,13858,138.58,101.12547051084647,4.668331982314669e-18,27.55696810523901,9.395754724153779,
82b3fbd09b,180,534,13884,138.84,101.12547051084647,4.668331982314669e-18,27.55696810523901,14.005844476183256,
82b3fbd09b,180,535,13910,139.1,101.12547051084647,4.66833198231467e-18,27.55696810523901,13.828246093697844,
82b3fbd09b,180,536,13936,139.36,101.12547051084647,4.66833198231467e-18,27.55696810523901,9.964981942915298,
82b3fbd09b,180,537,13962,139.62,101.12547051084647,4.66833198231467e-18,27.55696810523901,15.279708842147777,
82b3fbd09b,180,538,13988,139.88,101.12547051084647,4.668331982314669e-18,27.55696810523901,12.695286910483564,
82b3fbd09b,180,539,14014,140.14,101.12547051084647,4.668331982314672e-18,27.55696810523901,11.23220327769725,
82b3fbd09b,180,540,14040,140.4,101.12547051084647,4.6683319823146705e-18,27.55696810523901,12.982121014502411,
82b3fbd09b,180,541,14066,140.66,101.12547051084647,4.668331982314671e-18,27.55696810523901,12.476674167757935,
82b3fbd09b,180,542,14092,140.92,101.12547051084647,4.668331982314668e-18,27.55696810523901,12.048447346787576,
82b3fbd09b,180,543,14118,141.18,101.12547051084647,4.668331982314671e-18,27.55696810523901,14.378390333197846,
82b3fbd09b,180,544,14144,141.44,101.12547051084647,4.668331982314672e-18,27.55696810523901,11.766621500579715,
82b3fbd09b,180,545,14170,141.7,101.12547051084647,4.66833198231467e-18,27.55696810523901,11.873788016509266,
82b3fbd09b,180,546,14196,141.96,101.12547051084647,4.66833198231467e-18,27.55696810523901,8.462542233693386,
82b3fbd09b,180,547,14222,142.22,101.12547051084647,4.6683319823146705e-18,27.55696810523901,12.465918056725661,
82b3fbd09b,180,548,14248,142.48,101.12547051084647,4.668331982314671e-18,27.55696810523901,14.223471673860564,
82b3fbd09b,180,549,14274,142.74,101.12547051084647,4.668331982314672e-18,27.55696810523901,12.704163572562022,
82b3fbd09b,180,550,14300,143.0,101.12547051084647,4.668331982314671e-18,27.55696810523901,13.17132991944823,
82b3fbd09b,180,551,14326,143.26,101.12547051084647,4.668331982314669e-18,27.55696810523901,12.063824415168812,
82b3fbd09b,180,552,14352,143.52,101.12547051084647,4.668331982314669e-18,27.55696810523901,14.8277966110766,
82b3fbd09b,180,553,14378,143.78,101.12547051084647,4.66833198231467e-18,27.55696810523901,13.778650573267742,
82b3fbd09b,180,554,14404,144.04,101.12547051084647,4.66833198231467e-18,27.55696810523901,11.940999397506712,
82b3fbd09b,180,555,14430,144.3,101.12547051084647,4.66833198231467e-18,27.55696810523901,12.732289492441645,
82b3fbd09b,180,556,14456,144.56,101.12547051084647,4.668331982314672e-18,27.55696810523901,11.176224957072215,
82b3fbd09b,180,557,14482,144.82,101.12547051084647,4.668331982314672e-18,27.55696810523901,13.989309393359836,
82b3fbd09b,180,558,14508,145.08,101.12547051084647,4.668331982314671e-18,27.55696810523901,13.700428092250787,
82b3fbd09b,180,559,14534,145.34,101.12547051084647,4.668331982314671e-18,27.55696810523901,13.831303403355811,
82b3fbd09b,180,560,14560,145.6,101.12547051084647,4.668331982314671e-18,27.55696810523901,13.62450157156062,
82b3fbd09b,180,561,14586,145.86,101.12547051084647,4.66833198231467e-18,27.55696810523901,12.224465047322186,
82b3fbd09b,180,562,14612,146.12,101.12547051084647,4.668331982314671e-18,27.55696810523901,11.77026059250405,
82b3fbd09b,180,563,14638,146.38,101.12547051084647,4.668331982314672e-18,27.55696810523901,11.492114004594606,
82b3fbd09b,180,564,14664,146.64,101.12547051084647,4.668331982314673e-18,27.55696810523901,11.768084995738446,
82b3fbd09b,180,565,14690,146.9,101.12547051084647,4.668331982314671e-18,27.55696810523901,10.419855761492157,
82b3fbd09b,180,566,14716,147.16,101.12547051084647,4.66833198231467e-18,27.55696810523901,14.912670956173526,
82b3fbd09b,180,567,14742,147.42,101.12547051084647,4.668331982314671e-18,27.55696810523901,13.025513097757257,
82b3fbd09b,180,568,14768,147.68,101.12547051084647,4.66833198231467e-18,27.55696810523901,12.617771764303567,
82b3fbd09b,180,569,14794,147.94,101.12547051084647,4.6683319823146705e-18,27.55696810523901,12.937809445506176,
82b3fbd09b,180,570,14820,148.2,101.12547051084647,4.668331982314673e-18,27.55696810523901,10.031227601811947,
82b3fbd09b,180,571,14846,148.46,101.12547051084647,4.668331982314671e-18,27.55696810523901,9.531885595424923,
82b3fbd09b,180,572,14872,148.72,101.12547051084647,4.6683319823146705e-18,27.55696810523901,14.224462193419905,
82b3fbd09b,180,573,14898,148.98,101.12547051084647,4.668331982314668e-18,27.55696810523901,12.479550668944867,
82b3fbd09b,180,574,14924,149.24,101.12547051084647,4.6683319823146674e-18,27.55696810523901,15.489347076495974,
82b3fbd09b,180,575,14950,149.5,101.12547051084647,4.6683319823146705e-18,27.55696810523901,9.579516269802243,
82b3fbd09b,180,576,14976,149.76,101.12547051084647,4.66833198231467e-18,27.55696810523901,15.045532109032548,
82b3fbd09b,180,577,15002,150.02,101.12547051084647,4.668331982314672e-18,27.55696810523901,10.271044015179307,
82b3fbd09b,180,578,15028,150.28,101.12547051084647,4.66833198231467e-18,27.55696810523901,11.641021033318546,
82b3fbd09b,180,579,15054,150.54,101.12547051084647,4.66833198231467e-18,27.55696810523901,11.603585934105904,
82b3fbd09b,180,580,15080,150.8,101.12547051084647,4.668331982314672e-18,27.55696810523901,13.148317329458152,
82b3fbd09b,180,581,15106,151.06,101.12547051084647,4.668331982314669e-18,27.55696810523901,10.771616697689842,
82b3fbd09b,180,582,15132,151.32,101.12547051084647,4.668331982314671e-18,27.55696810523901,11.755602252543367,
82b3fbd09b,180,583,15158,151.58,101.12547051084647,4.668331982314672e-18,27.55696810523901,9.09734906624308,
82b3fbd09b,180,584,15184,151.84,101.12547051084647,4.668331982314671e-18,27.55696810523901,13.004624615746303,
82b3fbd09b,180,585,15210,152.1,101.12547051084647,4.66833198231467e-18,27.55696810523901,12.750632558294921,
82b3fbd09b,180,586,15236,152.36,101.12547051084647,4.66833198231467e-18,27.55696810523901,13.287518969639189,
82b3fbd09b,180,587,15262,152.62,101.12547051084647,4.668331982314671e-18,27.55696810523901,10.866356388381911,
82b3fbd09b,180,588,15288,152.88,101.12547051084647,4.668331982314671e-18,27.55696810523901,10.487129246900055,
82b3fbd09b,180,589,15314,153.14,101.12547051084647,4.668331982314671e-18,27.55696810523901,13.905536819720183,
82b3fbd09b,180,590,15340,153.4,101.12547051084647,4.668331982314673e-18,27.55696810523901,14.84151186527518,
82b3fbd09b,180,591,15366,153.66,101.12547051084647,4.668331982314673e-18,27.55696810523901,10.191052011055284,
82b3fbd09b,180,592,15392,153.92,101.12547051084647,4.66833198231467e-18,27.55696810523901,10.27867380912667,
82b3fbd09b,180,593,15418,154.18,101.12547051084647,4.668331982314672e-18,27.55696810523901,13.156387777900786,
82b3fbd09b,180,594,15444,154.44,101.12547051084647,4.668331982314673e-18,27.55696810523901,10.829955255652028,
82b3fbd09b,180,595,15470,154.7,101.12547051084647,4.668331982314672e-18,27.55696810523901,10.681641907216347,
82b3fbd09b,180,596,15496,154.96,101.12547051084647,4.66833198231467e-18,27.55696810523901,11.60387670990648,
82b3fbd09b,180,597,15522,155.22,101.12547051084647,4.66833198231467e-18,27.55696810523901,15.376616064876176,
82b3fbd09b,180,598,15548,155.48,101.12547051084647,4.668331982314671e-18,27.55696810523901,15.398463158217307,
82b3fbd09b,180,599,15574,155.74,101.12547051084647,4.668331982314673e-18,27.55696810523901,9.515199802339488,
82b3fbd09b,180,600,15600,156.0,101.12547051084647,4.6683319823146705e-18,27.55696810523901,9.055171941657893,
82b3fbd09b,180,601,15626,156.26,101.12547051084647,4.66833198231467e-18,27.55696810523901,17.2835744681463,
82b3fbd09b,180,602,15652,156.52,101.12547051084647,4.668331982314669e-18,27.55696810523901,9.979466542559724,
82b3fbd09b,180,603,15678,156.78,101.12547051084647,4.668331982314672e-18,27.55696810523901,12.989959844809624,
82b3fbd09b,180,604,15704,157.04,101.12547051084647,4.668331982314669e-18,27.55696810523901,13.722160404256297,
82b3fbd09b,180,605,15730,157.3,101.12547051084647,4.668331982314672e-18,27.55696810523901,11.898026011594308,
82b3fbd09b,180,606,15756,157.56,101.12547051084647,4.6683319823146705e-18,27.55696810523901,10.108789224858283,
82b3fbd09b,180,607,15782,157.82,101.12547051084647,4.6683319823146705e-18,27.55696810523901,9.657959482178267,
82b3fbd09b,180,608,15808,158.08,101.12547051084647,4.668331982314672e-18,27.55696810523901,11.968335328841786,
82b3fbd09b,180,609,15834,158.34,101.12547051084647,4.6683319823146705e-18,27.55696810523901,13.520814985023653,
82b3fbd09b,180,610,15860,158.6,101.12547051084647,4.668331982314668e-18,27.55696810523901,14.75635600869003,
82b3fbd09b,180,611,15886,158.86,101.12547051084647,4.668331982314671e-18,27.55696810523901,9.479499318648516,
82b3fbd09b,180,612,15912,159.12,101.12547051084647,4.6683319823146705e-18,27.55696810523901,12.083175818681628,
82b3fbd09b,180,613,15938,159.38,101.12547051084647,4.668331982314669e-18,27.55696810523901,15.438749881319557,
82b3fbd09b,180,614,15964,159.64,101.12547051084647,4.668331982314673e-18,27.55696810523901,13.560514594019432,
82b3fbd09b,180,615,15990,159.9,101.12547051084647,4.66833198231467e-18,27.55696810523901,12.587567684859255,
82b3fbd09b,180,616,16016,160.16,101.12547051084647,4.66833198231467e-18,27.55696810523901,14.764140587460997,
82b3fbd09b,180,617,16042,160.42,101.12547051084647,4.668331982314671e-18,27.55696810523901,11.468865239020037,
82b3fbd09b,180,618,16068,160.68,101.12547051084647,4.668331982314669e-18,27.55696810523901,11.841921584160827,
82b3fbd09b,180,619,16094,160.94,101.12547051084647,4.668331982314671e-18,27.55696810523901,12.027489045297532,
82b3fbd09b,180,620,16120,161.2,101.12547051084647,4.668331982314669e-18,27.55696810523901,11.388254804629517,
82b3fbd09b,180,621,16146,161.46,101.12547051084647,4.668331982314669e-18,27.55696810523901,13.014196476743038,
82b3fbd09b,180,622,16172,161.72,101.12547051084647,4.668331982314671e-18,27.55696810523901,12.632360496868829,
82b3fbd09b,180,623,16198,161.98,101.12547051084647,4.668331982314671e-18,27.55696810523901,10.429730804101109,
82b3fbd09b,180,624,16224,162.24,101.12547051084647,4.668331982314668e-18,27.55696810523901,9.956256180097027,
82b3fbd09b,180,625,16250,162.5,101.12547051084647,4.668331982314669e-18,27.55696810523901,9.867582400038586,
82b3fbd09b,180,626,16276,162.76,101.12547051084647,4.668331982314668e-18,27.55696810523901,9.060869258136925,
82b3fbd09b,180,627,16302,163.02,101.12547051084647,4.668331982314669e-18,27.55696810523901,10.745042935726627,
82b3fbd09b,180,628,16328,163.28,101.12547051084647,4.66833198231467e-18,27.55696810523901,14.666785328076388,
82b3fbd09b,180,629,16354,163.54,101.12547051084647,4.66833198231467e-18,27.55696810523901,12.199432604960133,
82b3fbd09b,180,630,16380,163.8,101.12547051084647,4.6683319823146705e-18,27.55696810523901,14.24037393510682,
82b3fbd09b,180,631,16406,164.06,101.12547051084647,4.668331982314669e-18,27.55696810523901,11.791994034750001,
82b3fbd09b,180,632,16432,164.32,101.12547051084647,4.668331982314671e-18,27.55696810523901,10.15047553469069,
82b3fbd09b,180,633,16458,164.58,101.12547051084647,4.668331982314673e-18,27.55696810523901,11.536060831788758,
82b3fbd09b,180,634,16484,164.84,101.12547051084647,4.6683319823146705e-18,27.55696810523901,14.020688815321032,
82b3fbd09b,180,635,16510,165.1,101.12547051084647,4.668331982314669e-18,27.55696810523901,10.774042160168262,
82b3fbd09b,180,636,16536,165.36,101.12547051084647,4.6683319823146705e-18,27.55696810523901,11.110887334441205,
82b3fbd09b,180,637,16562,165.62,101.12547051084647,4.6683319823146705e-18,27.55696810523901,14.293482686677912,
82b3fbd09b,180,638,16588,165.88,101.12547051084647,4.668331982314671e-18,27.55696810523901,11.23673253358658,
82b3fbd09b,180,639,16614,166.14,101.12547051084647,4.66833198231467e-18,27.55696810523901,12.28829369871138,
82b3fbd09b,180,640,16640,166.4,101.12547051084647,4.6683319823146736e-18,27.55696810523901,11.850228563543139,
82b3fbd09b,180,641,16666,166.66,101.12547051084647,4.668331982314671e-18,27.55696810523901,9.31416028604001,
82b3fbd09b,180,642,16692,166.92,101.12547051084647,4.668331982314669e-18,27.55696810523901,11.32679224229269,
82b3fbd09b,180,643,16718,167.18,101.12547051084647,4.668331982314669e-18,27.55696810523901,15.204371287387886,
82b3fbd09b,180,644,16744,167.44,101.12547051084647,4.66833198231467e-18,27.55696810523901,12.19311651296763,
82b3fbd09b,180,645,16770,167.7,101.12547051084647,4.6683319823146705e-18,27.55696810523901,13.854556030442524,
82b3fbd09b,180,646,16796,167.96,101.12547051084647,4.668331982314673e-18,27.55696810523901,10.834492804093834,
82b3fbd09b,180,647,16822,168.22,101.12547051084647,4.66833198231467e-18,27.55696810523901,13.679878990347232,
82b3fbd09b,180,648,16848,168.48,101.12547051084647,4.668331982314669e-18,27.55696810523901,8.265027798574323,
82b3fbd09b,180,649,16874,168.74,101.12547051084647,4.6683319823146705e-18,27.55696810523901,14.94639236258018,
82b3fbd09b,180,650,16900,169.0,101.12547051084647,4.668331982314672e-18,27.55696810523901,11.98943754386815,
82b3fbd09b,180,651,16926,169.26,101.12547051084647,4.668331982314673e-18,27.55696810523901,11.29669155162471,
82b3fbd09b,180,652,16952,169.52,101.12547051084647,4.6683319823146705e-18,27.55696810523901,12.076637045104428,
82b3fbd09b,180,653,16978,169.78,101.12547051084647,4.668331982314672e-18,27.55696810523901,17.680494290759174,
82b3fbd09b,180,654,17004,170.04,101.12547051084647,4.66833198231467e-18,27.55696810523901,12.285636045729753,
82b3fbd09b,180,655,17030,170.3,101.12547051084647,4.6683319823146736e-18,27.55696810523901,11.237558399352885,
82b3fbd09b,180,656,17056,170.56,101.12547051084647,4.668331982314671e-18,27.55696810523901,9.400038778527454,
82b3fbd09b,180,657,17082,170.82,101.12547051084647,4.668331982314672e-18,27.55696810523901,11.71355869128437,
82b3fbd09b,180,658,17108,171.08,101.12547051084647,4.668331982314673e-18,27.55696810523901,10.483144887957685,
82b3fbd09b,180,659,17134,171.34,101.12547051084647,4.668331982314671e-18,27.55696810523901,11.488522384651013,
82b3fbd09b,180,660,17160,171.6,101.12547051084647,4.668331982314671e-18,27.55696810523901,9.402823161749039,
82b3fbd09b,180,661,17186,171.86,101.12547051084647,4.668331982314673e-18,27.55696810523901,10.983983367760867,
82b3fbd09b,180,662,17212,172.12,101.12547051084647,4.66833198231467e-18,27.55696810523901,12.003524745880744,
82b3fbd09b,180,663,17238,172.38,101.12547051084647,4.668331982314671e-18,27.55696810523901,10.970577850427626,
82b3fbd09b,180,664,17264,172.64,101.12547051084647,4.6683319823146705e-18,27.55696810523901,8.168597170363471,
82b3fbd09b,180,665,17290,172.9,101.12547051084647,4.668331982314671e-18,27.55696810523901,11.32455881903249,
82b3fbd09b,180,666,17316,173.16,101.12547051084647,4.668331982314673e-18,27.55696810523901,7.345819564017228,
82b3fbd09b,180,667,17342,173.42,101.12547051084647,4.6683319823146674e-18,27.55696810523901,13.288433077218262,
82b3fbd09b,180,668,17368,173.68,101.12547051084647,4.6683319823146705e-18,27.55696810523901,14.167949887378454,
82b3fbd09b,180,669,17394,173.94,101.12547051084647,4.668331982314672e-18,27.55696810523901,12.099133120532773,
82b3fbd09b,180,670,17420,174.2,101.12547051084647,4.6683319823146674e-18,27.55696810523901,11.434074947712507,
82b3fbd09b,180,671,17446,174.46,101.12547051084647,4.668331982314671e-18,27.55696810523901,13.665948456181756,
82b3fbd09b,180,672,17472,174.72,101.12547051084647,4.6683319823146705e-18,27.55696810523901,11.185281520889871,
82b3fbd09b,180,673,17498,174.98,101.12547051084647,4.6683319823146705e-18,27.55696810523901,9.57885347069718,
82b3fbd09b,180,674,17524,175.24,101.12547051084647,4.668331982314669e-18,27.55696810523901,13.080236942501758,
82b3fbd09b,180,675,17550,175.5,101.12547051084647,4.668331982314671e-18,27.55696810523901,13.086867778492719,
82b3fbd09b,180,676,17576,175.76,101.12547051084647,4.6683319823146705e-18,27.55696810523901,11.267272439811105,
82b3fbd09b,180,677,17602,176.02,101.12547051084647,4.6683319823146736e-18,27.55696810523901,11.534746482098587,
82b3fbd09b,180,678,17628,176.28,101.12547051084647,4.668331982314671e-18,27.55696810523901,11.263664394412336,
82b3fbd09b,180,679,17654,176.54,101.12547051084647,4.668331982314671e-18,27.55696810523901,12.73386916058019,
82b3fbd09b,180,680,17680,176.8,101.12547051084647,4.66833198231467e-18,27.55696810523901,15.000193364353683,
82b3fbd09b,180,681,17706,177.06,101.12547051084647,4.668331982314668e-18,27.55696810523901,10.497680480934708,
82b3fbd09b,180,682,17732,177.32,101.12547051084647,4.66833198231467e-18,27.55696810523901,16.548912898569434,
82b3fbd09b,180,683,17758,177.58,101.12547051084647,4.668331982314671e-18,27.55696810523901,11.04245794510279,
82b3fbd09b,180,684,17784,177.84,101.12547051084647,4.668331982314671e-18,27.55696810523901,11.406543005037163,
82b3fbd09b,180,685,17810,178.1,101.12547051084647,4.668331982314673e-18,27.55696810523901,13.089554780846445,
82b3fbd09b,180,686,17836,178.36,101.12547051084647,4.668331982314671e-18,27.55696810523901,12.155990852142587,
82b3fbd09b,180,687,17862,178.62,101.12547051084647,4.668331982314671e-18,27.55696810523901,12.51262590546457,
82b3fbd09b,180,688,17888,178.88,101.12547051084647,4.6683319823146705e-18,27.55696810523901,9.697130553908979,
82b3fbd09b,180,689,17914,179.14,101.12547051084647,4.668331982314672e-18,27.55696810523901,12.154014168979769,
82b3fbd09b,180,690,17940,179.4,101.12547051084647,4.668331982314671e-18,27.55696810523901,12.635528734960394,
82b3fbd09b,180,691,17966,179.66,101.12547051084647,4.6683319823146736e-18,27.55696810523901,12.477741731243304,
82b3fbd09b,180,692,17992,179.92,101.12547051084647,,27.55696810523901,14.225750836041499,
af3449b4b6,180,0,0,0.0,516651013610901.0,22.448339385542116,119640441474639.08,59513981286504.78,"ProjectedCommonDirectionsConfig(subspace_no_grads=1, subspace_no_updates=1, subspace_frac_random=0.05, direction_str=sd, random_proj=True, random_proj_dim_frac=0.2, ensemble=haar, inner_use_full_grad=True, orth_P_k=True, beta=0.001, tau=0.5, c_const=inf, N_try=200, alpha_max=100, p_const=1)"
af3449b4b6,180,1,26,0.26,71772029940404.3,5.16617068967124,44592002821364.81,20338380489683.934,
af3449b4b6,180,2,52,0.52,156524322334.91525,0.26368570285609777,2082429368473.6138,894357948286.8503,
af3449b4b6,180,3,78,0.78,9810074475.859188,0.06924857956813742,521333357364.26465,231286191109.09125,
af3449b4b6,180,4,104,1.04,1386226707.759891,0.027013413572285833,195973107488.1614,77933110936.68909,
af3449b4b6,180,5,130,1.3,321672249.2952346,0.013514483743398534,94403064754.08609,33605061748.174824,
af3449b4b6,180,6,156,1.56,115099986.88695744,0.008429120346985623,56469872910.28957,29420840735.33391,
af3449b4b6,180,7,182,1.82,62606769.473847024,0.006369710671064896,41647569405.15851,18420294827.023827,
af3449b4b6,180,8,208,2.08,42523164.64745006,0.0053737845855762805,34323505514.253677,13313298898.973547,
af3449b4b6,180,9,234,2.34,35330128.679878525,0.004947136236253337,31286094452.866085,9729962483.439692,
af3449b4b6,180,10,260,2.6,31876091.930679865,0.00474264675650917,29717427405.389263,11026392811.023499,
af3449b4b6,180,11,286,2.86,31000854.964426514,0.002356445689538864,29306603682.784237,13367464580.403608,
af3449b4b6,180,12,312,3.12,2263.8977362082082,1.9820176695239352e-05,244784976.57422835,88492193.0761251,
af3449b4b6,180,13,338,3.38,102.22283241830476,4.503200785607706e-07,5513841.825913265,2341025.8382491507,
af3449b4b6,180,14,364,3.64,101.1272535625921,1.8252957754419656e-08,222259.7715756811,77266.82678399647,
af3449b4b6,180,15,390,3.9,101.12547531741316,9.543441528810433e-10,11534.65147272025,5689.2759614376455,
af3449b4b6,180,16,416,4.16,101.12547053621644,6.506880181947899e-11,780.3393879220095,389.35479247949075,
af3449b4b6,180,17,442,4.42,101.1254705140525,1.3829554971571761e-12,65.89480441462865,29.542080477555192,
af3449b4b6,180,18,468,4.68,101.12547051372202,6.168611156771905e-17,47.78743775075075,22.108860076503206,
af3449b4b6,180,19,494,4.94,101.12547051372202,4.049898645100459e-12,47.78743775075075,24.629468471873956,
af3449b4b6,180,20,520,5.2,101.12547051321438,4.767961236502343e-16,5.743172612297572,2.7173808693629034,
af3449b4b6,180,21,546,5.46,101.12547051290686,9.837838740394057e-13,5.74039550111591,2.347776754761418,
af3449b4b6,180,22,572,5.72,101.12547051245654,1.2410085926132093e-15,7.406904852669401,3.641682862625329,
af3449b4b6,180,23,598,5.98,101.12547051200461,1.5504470973145643e-16,7.392796649007607,4.013560952918711,
af3449b4b6,180,24,624,6.24,101.12547051199132,1.944759443111296e-17,7.392413289341878,4.083125109621486,
af3449b4b6,180,25,650,6.5,101.12547051199132,1.9464817071447053e-17,7.392413289341878,2.641404239690429,
af3449b4b6,180,26,676,6.76,101.12547051199132,1.9482214617040337e-17,7.392413289341878,3.2693998130893562,
af3449b4b6,180,27,702,7.02,101.12547051199132,1.9505318771095996e-17,7.392413289341878,2.0286324699462366,
af3449b4b6,180,28,728,7.28,101.12547051199132,3.1262175991739563e-16,7.392413289341878,3.4210002084392457,
af3449b4b6,180,29,754,7.54,101.12547051196552,3.90892536212209e-17,7.391400906764144,4.047386705982861,
af3449b4b6,180,30,780,7.8,101.12547051196552,3.9138511029050084e-17,7.391400906764144,2.2130867055642267,
af3449b4b6,180,31,806,8.06,101.12547051196552,3.920467089235524e-17,7.391400906764144,3.261590480334331,
af3449b4b6,180,32,832,8.32,101.12547051196552,3.92952249178884e-17,7.391400906764144,3.138061232382846,
af3449b4b6,180,33,858,8.58,101.12547051196552,3.9344451242948744e-17,7.391400906764144,3.039845391817099,
af3449b4b6,180,34,884,8.84,101.12547051196552,3.938490412613018e-17,7.391400906764144,3.579294919832852,
af3449b4b6,180,35,910,9.1,101.12547051196552,3.941759000518146e-17,7.391400906764144,3.1831843788534764,
af3449b4b6,180,36,936,9.36,101.12547051196552,3.9459561173236534e-17,7.391400906764144,2.7000785015950974,
af3449b4b6,180,37,962,9.62,101.12547051196552,3.951108052424766e-17,7.391400906764144,3.5058670198104562,
af3449b4b6,180,38,988,9.88,101.12547051196552,3.953078471062657e-17,7.391400906764144,3.3492902881904887,
af3449b4b6,180,39,1014,10.14,101.12547051196552,3.9555138644269474e-17,7.391400906764144,2.8238443530142034,
af3449b4b6,180,40,1040,10.4,101.12547051196552,3.959368988258037e-17,7.391400906764144,4.00306360141728,
af3449b4b6,180,41,1066,10.66,101.12547051196552,3.9626411710278184e-17,7.391400906764144,2.698156119172917,
af3449b4b6,180,42,1092,10.92,101.12547051196552,3.9654803755639954e-17,7.391400906764144,2.624797804884792,
af3449b4b6,180,43,1118,11.18,101.12547051196552,3.9691420412991845e-17,7.391400906764144,3.4682350870427543,
af3449b4b6,180,44,1144,11.44,101.12547051196552,3.970113443815904e-17,7.391400906764144,3.7407960762967423,
af3449b4b6,180,45,1170,11.7,101.12547051196552,3.971951034534572e-17,7.391400906764144,2.2328445387005864,
af3449b4b6,180,46,1196,11.96,101.12547051196552,1.986992110177921e-17,7.391400906764144,2.743999176482971,
af3449b4b6,180,47,1222,12.22,101.12547051196552,1.988220298364613e-17,7.391400906764144,2.8493993904035144,
af3449b4b6,180,48,1248,12.48,101.12547051196552,1.989457386478439e-17,7.391400906764144,2.8700003958031504,
af3449b4b6,180,49,1274,12.74,101.12547051196552,1.990991390610998e-17,7.391400906764144,3.809017150180756,
af3449b4b6,180,50,1300,13.0,101.12547051196552,1.9919865195080456e-17,7.391400906764144,3.0378104207577046,
af3449b4b6,180,51,1326,13.26,101.12547051196552,3.985681482125784e-17,7.391400906764144,3.0631255897978034,
af3449b4b6,180,52,1352,13.52,101.12547051196552,3.986444605927406e-17,7.391400906764144,3.8665127430463038,
af3449b4b6,180,53,1378,13.78,101.12547051196552,3.9880685356998886e-17,7.391400906764144,3.5569315524128973,
af3449b4b6,180,54,1404,14.04,101.12547051196552,3.9897048664557237e-17,7.391400906764144,3.228050322336212,
af3449b4b6,180,55,1430,14.3,101.12547051196552,3.991434957261148e-17,7.391400906764144,3.1347672768193147,
af3449b4b6,180,56,1456,14.56,101.12547051196552,3.992427122385199e-17,7.391400906764144,3.3151153340604456,
af3449b4b6,180,57,1482,14.82,101.12547051196552,3.9932093337590805e-17,7.391400906764144,3.148869942000955,
af3449b4b6,180,58,1508,15.08,101.12547051196552,3.993627622065879e-17,7.391400906764144,2.6480680724396564,
af3449b4b6,180,59,1534,15.34,101.12547051196552,3.9953902364836937e-17,7.391400906764144,3.76211525772977,
af3449b4b6,180,60,1560,15.6,101.12547051196552,3.9963279245185864e-17,7.391400906764144,2.782175037292442,
af3449b4b6,180,61,1586,15.86,101.12547051196552,3.9967180855802115e-17,7.391400906764144,2.7366483153879666,
af3449b4b6,180,62,1612,16.12,101.12547051196552,3.9975410790736637e-17,7.391400906764144,2.849584260190809,
af3449b4b6,180,63,1638,16.38,101.12547051196552,3.9981677641459164e-17,7.391400906764144,3.6859718273029634,
af3449b4b6,180,64,1664,16.64,101.12547051196552,3.9983080754145545e-17,7.391400906764144,3.586349027403755,
af3449b4b6,180,65,1690,16.9,101.12547051196552,3.998524642676462e-17,7.391400906764144,2.497903456914572,
af3449b4b6,180,66,1716,17.16,101.12547051196552,3.998896700459352e-17,7.391400906764144,2.8323521196036348,
af3449b4b6,180,67,1742,17.42,101.12547051196552,4.000473287931801e-17,7.391400906764144,2.924049841891842,
af3449b4b6,180,68,1768,17.68,101.12547051196552,4.000857893459315e-17,7.391400906764144,4.157188647208675,
af3449b4b6,180,69,1794,17.94,101.12547051196552,4.00124086844197e-17,7.391400906764144,3.136319638141203,
af3449b4b6,180,70,1820,18.2,101.12547051196552,4.001437030813426e-17,7.391400906764144,3.3594524489372217,
af3449b4b6,180,71,1846,18.46,101.12547051196552,4.001593837918249e-17,7.391400906764144,2.6838518587330107,
af3449b4b6,180,72,1872,18.72,101.12547051196552,4.001859545687906e-17,7.391400906764144,3.0256436693664686,
af3449b4b6,180,73,1898,18.98,101.12547051196552,4.0021058962891614e-17,7.391400906764144,3.0942959649825506,
af3449b4b6,180,74,1924,19.24,101.12547051196552,4.002397734542793e-17,7.391400906764144,3.608935720440401,
af3449b4b6,180,75,1950,19.5,101.12547051196552,4.0025785445640845e-17,7.391400906764144,3.6202839799747673,
af3449b4b6,180,76,1976,19.76,101.12547051196552,4.003151365922211e-17,7.391400906764144,3.4794684094153734,
af3449b4b6,180,77,2002,20.02,101.12547051196552,4.00354492336254e-17,7.391400906764144,3.5470061796115138,
af3449b4b6,180,78,2028,20.28,101.12547051196552,4.003678054634688e-17,7.391400906764144,3.258806130063568,
af3449b4b6,180,79,2054,20.54,101.12547051196552,4.0039823438066397e-17,7.391400906764144,2.946725701604152,
af3449b4b6,180,80,2080,20.8,101.12547051196552,4.004122097098515e-17,7.391400906764144,3.1452074585684975,
af3449b4b6,180,81,2106,21.06,101.12547051196552,4.004235596561887e-17,7.391400906764144,3.360181032409376,
af3449b4b6,180,82,2132,21.32,101.12547051196552,4.004491408231945e-17,7.391400906764144,3.143271285869237,
af3449b4b6,180,83,2158,21.58,101.12547051196552,4.0046070186345707e-17,7.391400906764144,2.9537467798045003,
af3449b4b6,180,84,2184,21.84,101.12547051196552,4.004651074692036e-17,7.391400906764144,2.8965394597632663,
af3449b4b6,180,85,2210,22.1,101.12547051196552,4.0048611456507357e-17,7.391400906764144,3.1381664448953988,
af3449b4b6,180,86,2236,22.36,101.12547051196552,4.004942607335429e-17,7.391400906764144,3.407517474358225,
af3449b4b6,180,87,2262,22.62,101.12547051196552,4.0050919821632404e-17,7.391400906764144,3.3924267245124264,
af3449b4b6,180,88,2288,22.88,101.12547051196552,4.005124497212215e-17,7.391400906764144,3.180831342201998,
af3449b4b6,180,89,2314,23.14,101.12547051196552,4.005430400425888e-17,7.391400906764144,3.0170976636354823,
af3449b4b6,180,90,2340,23.4,101.12547051196552,4.005460536418951e-17,7.391400906764144,3.7929789946718495,
af3449b4b6,180,91,2366,23.66,101.12547051196552,4.00563965441261e-17,7.391400906764144,3.29208385169394,
af3449b4b6,180,92,2392,23.92,101.12547051196552,4.005699042058131e-17,7.391400906764144,2.9415879003519163,
af3449b4b6,180,93,2418,24.18,101.12547051196552,4.0057545840122125e-17,7.391400906764144,3.1275421135712835,
af3449b4b6,180,94,2444,24.44,101.12547051196552,4.0058334533154133e-17,7.391400906764144,3.484168843508637,
af3449b4b6,180,95,2470,24.7,101.12547051196552,4.0058917159911527e-17,7.391400906764144,3.5055974730022355,
af3449b4b6,180,96,2496,24.96,101.12547051196552,4.005939346022766e-17,7.391400906764144,3.1630369496223345,
af3449b4b6,180,97,2522,25.22,101.12547051196552,4.006062942734363e-17,7.391400906764144,2.574035827870235,
af3449b4b6,180,98,2548,25.48,101.12547051196552,4.006104039703743e-17,7.391400906764144,3.7258403341201483,
af3449b4b6,180,99,2574,25.74,101.12547051196552,4.006199559737806e-17,7.391400906764144,3.154879331431465,
af3449b4b6,180,100,2600,26.0,101.12547051196552,4.006217318605122e-17,7.391400906764144,3.2478757236174918,
af3449b4b6,180,101,2626,26.26,101.12547051196552,4.006284797630162e-17,7.391400906764144,3.02666370060567,
af3449b4b6,180,102,2652,26.52,101.12547051196552,4.0063046812692405e-17,7.391400906764144,3.237212653937459,
af3449b4b6,180,103,2678,26.78,101.12547051196552,4.0063385206681463e-17,7.391400906764144,3.988872602041879,
af3449b4b6,180,104,2704,27.04,101.12547051196552,4.006432199905056e-17,7.391400906764144,2.9693782367815613,
af3449b4b6,180,105,2730,27.3,101.12547051196552,4.006479992266939e-17,7.391400906764144,4.143067638622961,
af3449b4b6,180,106,2756,27.56,101.12547051196552,4.006482243100765e-17,7.391400906764144,3.4371695009304575,
af3449b4b6,180,107,2782,27.82,101.12547051196552,4.0064930476709426e-17,7.391400906764144,2.7821126569981507,
af3449b4b6,180,108,2808,28.08,101.12547051196552,4.0065084642026126e-17,7.391400906764144,2.9980556560346154,
af3449b4b6,180,109,2834,28.34,101.12547051196552,4.0065205456225056e-17,7.391400906764144,3.2946846551672966,
af3449b4b6,180,110,2860,28.6,101.12547051196552,4.006558359754392e-17,7.391400906764144,3.1970190270206795,
af3449b4b6,180,111,2886,28.86,101.12547051196552,4.0065722238579295e-17,7.391400906764144,2.124695020948184,
af3449b4b6,180,112,2912,29.12,101.12547051196552,4.0066046680754046e-17,7.391400906764144,3.424378589647321,
af3449b4b6,180,113,2938,29.38,101.12547051196552,4.0066292868382055e-17,7.391400906764144,3.866995565784709,
af3449b4b6,180,114,2964,29.64,101.12547051196552,4.0066419646395214e-17,7.391400906764144,3.2426111464541854,
af3449b4b6,180,115,2990,29.9,101.12547051196552,4.0066480217454885e-17,7.391400906764144,3.5001636822662765,
af3449b4b6,180,116,3016,30.16,101.12547051196552,4.006659344263363e-17,7.391400906764144,3.6479198085441937,
af3449b4b6,180,117,3042,30.42,101.12547051196552,4.0066826082528005e-17,7.391400906764144,2.0324038283391266,
af3449b4b6,180,118,3068,30.68,101.12547051196552,3.2822894115266303e-13,7.391400906764144,2.780082327845929,
af3449b4b6,180,119,3094,30.94,101.12547051168129,6.17188973086065e-17,2.846406964011746,1.2603111612825613,
af3449b4b6,180,120,3120,31.2,101.12547051168129,6.171904326934912e-17,2.846406964011746,1.1875812508010042,
af3449b4b6,180,121,3146,31.46,101.12547051168129,6.171916217222442e-17,2.846406964011746,1.2181001080655787,
af3449b4b6,180,122,3172,31.72,101.12547051168129,6.171937348691717e-17,2.846406964011746,1.3170250538217299,
af3449b4b6,180,123,3198,31.98,101.12547051168129,3.08597378428733e-17,2.846406964011746,1.434482408111946,
af3449b4b6,180,124,3224,32.24,101.12547051168129,3.085982736276994e-17,2.846406964011746,1.590618617173407,
af3449b4b6,180,125,3250,32.5,101.12547051168129,3.085990141495071e-17,2.846406964011746,1.6326839869307566,
af3449b4b6,180,126,3276,32.76,101.12547051168129,3.085994324464779e-17,2.846406964011746,1.1295605726886535,
af3449b4b6,180,127,3302,33.02,101.12547051168129,3.0859971676847794e-17,2.846406964011746,1.0219472116243133,
af3449b4b6,180,128,3328,33.28,101.12547051168129,3.0860009244847776e-17,2.846406964011746,1.2600116678306377,
af3449b4b6,180,129,3354,33.54,101.12547051168129,3.0860030227752893e-17,2.846406964011746,1.0163391296667568,
af3449b4b6,180,130,3380,33.8,101.12547051168129,3.0860087189818715e-17,2.846406964011746,1.1945591533706983,
af3449b4b6,180,131,3406,34.06,101.12547051168129,3.0860144383131957e-17,2.846406964011746,1.1768821996628809,
af3449b4b6,180,132,3432,34.32,101.12547051168129,3.086017104514747e-17,2.846406964011746,1.2815268565536164,
af3449b4b6,180,133,3458,34.58,101.12547051168129,3.0860223888837843e-17,2.846406964011746,1.2903574163569391,
af3449b4b6,180,134,3484,34.84,101.12547051168129,3.086025227709989e-17,2.846406964011746,1.5736426269938866,
af3449b4b6,180,135,3510,35.1,101.12547051168129,3.0860281818309074e-17,2.846406964011746,1.4420847417835723,
af3449b4b6,180,136,3536,35.36,101.12547051168129,3.0860304746276656e-17,2.846406964011746,0.9611661022225858,
af3449b4b6,180,137,3562,35.62,101.12547051168129,3.0860329337080344e-17,2.846406964011746,1.0356835907681932,
af3449b4b6,180,138,3588,35.88,101.12547051168129,3.0860363755911804e-17,2.846406964011746,1.1761117478391416,
af3449b4b6,180,139,3614,36.14,101.12547051168129,3.0860372764671146e-17,2.846406964011746,1.4033375790006912,
af3449b4b6,180,140,3640,36.4,101.12547051168129,3.08603953912902e-17,2.846406964011746,1.096535097053323,
af3449b4b6,180,141,3666,36.66,101.12547051168129,3.0860428838765446e-17,2.846406964011746,1.4037570657100695,
af3449b4b6,180,142,3692,36.92,101.12547051168129,3.086044323073293e-17,2.846406964011746,1.099078646708808,
af3449b4b6,180,143,3718,37.18,101.12547051168129,3.0860454981456594e-17,2.846406964011746,1.5206360515296913,
af3449b4b6,180,144,3744,37.44,101.12547051168129,3.0860462099974934e-17,2.846406964011746,1.0368812547954054,
af3449b4b6,180,145,3770,37.7,101.12547051168129,3.0860483467085985e-17,2.846406964011746,0.953658970836523,
af3449b4b6,180,146,3796,37.96,101.12547051168129,3.086051102012949e-17,2.846406964011746,1.2898829328858135,
af3449b4b6,180,147,3822,38.22,101.12547051168129,3.0860522649173125e-17,2.846406964011746,1.1163345616549603,
af3449b4b6,180,148,3848,38.48,101.12547051168129,3.0860541120265216e-17,2.846406964011746,0.9702231467516659,
af3449b4b6,180,149,3874,38.74,101.12547051168129,3.086055871081632e-17,2.846406964011746,1.5281662547940222,
af3449b4b6,180,150,3900,39.0,101.12547051168129,3.086057028171755e-17,2.846406964011746,1.3187162588878703,
af3449b4b6,180,151,3926,39.26,101.12547051168129,3.086057501431874e-17,2.846406964011746,1.3521110792175501,
af3449b4b6,180,152,3952,39.52,101.12547051168129,3.0860582251166465e-17,2.846406964011746,1.6311636185771872,
af3449b4b6,180,153,3978,39.78,101.12547051168129,3.086059461022398e-17,2.846406964011746,1.5155797388153125,
af3449b4b6,180,154,4004,40.04,101.12547051168129,3.086060216985396e-17,2.846406964011746,1.0837669377435855,
af3449b4b6,180,155,4030,40.3,101.12547051168129,3.086061033384618e-17,2.846406964011746,1.2757937592626205,
af3449b4b6,180,156,4056,40.56,101.12547051168129,3.0860628392050175e-17,2.846406964011746,1.6126001616983392,
af3449b4b6,180,157,4082,40.82,101.12547051168129,3.0860634834828865e-17,2.846406964011746,1.1859819887427767,
af3449b4b6,180,158,4108,41.08,101.12547051168129,3.08606480893473e-17,2.846406964011746,0.8724986470372488,
af3449b4b6,180,159,4134,41.34,101.12547051168129,3.0860656432441627e-17,2.846406964011746,1.4191576164198851,
af3449b4b6,180,160,4160,41.6,101.12547051168129,3.086068188983588e-17,2.846406964011746,1.3242259077123841,
af3449b4b6,180,161,4186,41.86,101.12547051168129,3.0860689318742603e-17,2.846406964011746,1.0839067464607721,
af3449b4b6,180,162,4212,42.12,101.12547051168129,3.086069735422273e-17,2.846406964011746,1.3460164071428236,
af3449b4b6,180,163,4238,42.38,101.12547051168129,3.086070070684243e-17,2.846406964011746,1.088348977527091,
af3449b4b6,180,164,4264,42.64,101.12547051168129,3.08607096871842e-17,2.846406964011746,1.2722109118691538,
af3449b4b6,180,165,4290,42.9,101.12547051168129,3.086071553137482e-17,2.846406964011746,1.183350151565252,
af3449b4b6,180,166,4316,43.16,101.12547051168129,3.086071922042668e-17,2.846406964011746,1.5130241737604924,
af3449b4b6,180,167,4342,43.42,101.12547051168129,3.0860723820723965e-17,2.846406964011746,1.0632649167236472,
af3449b4b6,180,168,4368,43.68,101.12547051168129,3.08607296949212e-17,2.846406964011746,1.4584211963611298,
af3449b4b6,180,169,4394,43.94,101.12547051168129,3.0860732997911705e-17,2.846406964011746,1.4079375150328808,
af3449b4b6,180,170,4420,44.2,101.12547051168129,3.0860735492914875e-17,2.846406964011746,1.2391473786782963,
af3449b4b6,180,171,4446,44.46,101.12547051168129,3.086073871270995e-17,2.846406964011746,1.1611074445955007,
af3449b4b6,180,172,4472,44.72,101.12547051168129,3.0860745111954245e-17,2.846406964011746,1.4413445052630351,
af3449b4b6,180,173,4498,44.98,101.12547051168129,3.0860751090034796e-17,2.846406964011746,1.4594112624965763,
af3449b4b6,180,174,4524,45.24,101.12547051168129,3.086075247385539e-17,2.846406964011746,1.162253261566655,
af3449b4b6,180,175,4550,45.5,101.12547051168129,3.0860753999591656e-17,2.846406964011746,1.1995237456117533,
af3449b4b6,180,176,4576,45.76,101.12547051168129,3.0860757358680527e-17,2.846406964011746,1.3094371425266098,
af3449b4b6,180,177,4602,46.02,101.12547051168129,3.086076332393552e-17,2.846406964011746,1.496352745498489,
af3449b4b6,180,178,4628,46.28,101.12547051168129,3.086076799961657e-17,2.846406964011746,1.1202122423942635,
af3449b4b6,180,179,4654,46.54,101.12547051168129,3.08607707116561e-17,2.846406964011746,0.9172537114734876,
af3449b4b6,180,180,4680,46.8,101.12547051168129,3.086077205519893e-17,2.846406964011746,1.014407352748631,
af3449b4b6,180,181,4706,47.06,101.12547051168129,3.086077431636269e-17,2.846406964011746,1.348000609916135,
af3449b4b6,180,182,4732,47.32,101.12547051168129,3.0860774717149996e-17,2.846406964011746,1.138209913157221,
af3449b4b6,180,183,4758,47.58,101.12547051168129,3.086077631989607e-17,2.846406964011746,1.3438098981598772,
af3449b4b6,180,184,4784,47.84,101.12547051168129,3.0860776508217495e-17,2.846406964011746,0.7296367210053373,
af3449b4b6,180,185,4810,48.1,101.12547051168129,3.086077744996666e-17,2.846406964011746,0.9217267582842579,
af3449b4b6,180,186,4836,48.36,101.12547051168129,3.0860780194463315e-17,2.846406964011746,1.2499263489502717,
af3449b4b6,180,187,4862,48.62,101.12547051168129,3.0860781794302554e-17,2.846406964011746,1.27240469479848,
af3449b4b6,180,188,4888,48.88,101.12547051168129,3.0860783344687924e-17,2.846406964011746,1.2353470771260702,
af3449b4b6,180,189,4914,49.14,101.12547051168129,3.086078431720774e-17,2.846406964011746,1.1932826184883483,
af3449b4b6,180,190,4940,49.4,101.12547051168129,3.0860786089668284e-17,2.846406964011746,1.3695018381602426,
af3449b4b6,180,191,4966,49.66,101.12547051168129,3.0860787536931125e-17,2.846406964011746,1.3439247536824714,
af3449b4b6,180,192,4992,49.92,101.12547051168129,3.086078847682991e-17,2.846406964011746,1.0879092648415467,
af3449b4b6,180,193,5018,50.18,101.12547051168129,3.086078990347759e-17,2.846406964011746,1.3287194963249627,
af3449b4b6,180,194,5044,50.44,101.12547051168129,3.0860790410478635e-17,2.846406964011746,0.9695391259802516,
af3449b4b6,180,195,5070,50.7,101.12547051168129,3.086079227994234e-17,2.846406964011746,1.3127267543940606,
af3449b4b6,180,196,5096,50.96,101.12547051168129,3.086079283413775e-17,2.846406964011746,0.9654355866615512,
af3449b4b6,180,197,5122,51.22,101.12547051168129,3.086079321808423e-17,2.846406964011746,1.0537403688790545,
af3449b4b6,180,198,5148,51.48,101.12547051168129,3.0860793699247545e-17,2.846406964011746,1.435092032465245,
af3449b4b6,180,199,5174,51.74,101.12547051168129,3.0860795090409046e-17,2.846406964011746,1.5814407371127386,
af3449b4b6,180,200,5200,52.0,101.12547051168129,3.086079603647739e-17,2.846406964011746,1.0251531380016143,
af3449b4b6,180,201,5226,52.26,101.12547051168129,3.086079656595893e-17,2.846406964011746,1.3358342030945103,
af3449b4b6,180,202,5252,52.52,101.12547051168129,3.0860796648896517e-17,2.846406964011746,1.0772646984915666,
af3449b4b6,180,203,5278,52.78,101.12547051168129,3.086079699202144e-17,2.846406964011746,1.4846604123412823,
af3449b4b6,180,204,5304,53.04,101.12547051168129,3.0860797687082335e-17,2.846406964011746,0.9688053778398192,
af3449b4b6,180,205,5330,53.3,101.12547051168129,3.086079809898757e-17,2.846406964011746,1.630737709691785,
af3449b4b6,180,206,5356,53.56,101.12547051168129,3.086079867328028e-17,2.846406964011746,1.3719489294028944,
af3449b4b6,180,207,5382,53.82,101.12547051168129,3.086079918623836e-17,2.846406964011746,1.333096985293229,
af3449b4b6,180,208,5408,54.08,101.12547051168129,3.086079965427873e-17,2.846406964011746,1.0317013824821009,
af3449b4b6,180,209,5434,54.34,101.12547051168129,3.086079983177254e-17,2.846406964011746,1.4344022287101295,
af3449b4b6,180,210,5460,54.6,101.12547051168129,3.0860799957342403e-17,2.846406964011746,1.1948471944729628,
af3449b4b6,180,211,5486,54.86,101.12547051168129,3.086080028191572e-17,2.846406964011746,1.1846355050585757,
af3449b4b6,180,212,5512,55.12,101.12547051168129,3.086080057069852e-17,2.846406964011746,1.2290251142635458,
af3449b4b6,180,213,5538,55.38,101.12547051168129,3.086080059502628e-17,2.846406964011746,1.0589353872069838,
af3449b4b6,180,214,5564,55.64,101.12547051168129,3.086080098874866e-17,2.846406964011746,1.3137771908559295,
af3449b4b6,180,215,5590,55.9,101.12547051168129,3.086080141532174e-17,2.846406964011746,1.350819007509643,
af3449b4b6,180,216,5616,56.16,101.12547051168129,3.0860802020539544e-17,2.846406964011746,1.0851041383448738,
af3449b4b6,180,217,5642,56.42,101.12547051168129,3.0860802158846644e-17,2.846406964011746,1.3474477176204522,
af3449b4b6,180,218,5668,56.68,101.12547051168129,3.0860802287571185e-17,2.846406964011746,1.3599448740736912,
af3449b4b6,180,219,5694,56.94,101.12547051168129,3.086080246209214e-17,2.846406964011746,1.504365747271678,
af3449b4b6,180,220,5720,57.2,101.12547051168129,3.086080305633972e-17,2.846406964011746,1.1279195634705408,
af3449b4b6,180,221,5746,57.46,101.12547051168129,3.0860803471151975e-17,2.846406964011746,1.248723305226301,
af3449b4b6,180,222,5772,57.72,101.12547051168129,3.086080357800743e-17,2.846406964011746,1.3315320763626242,
af3449b4b6,180,223,5798,57.98,101.12547051168129,3.086080379244056e-17,2.846406964011746,1.2170039415860583,
af3449b4b6,180,224,5824,58.24,101.12547051168129,3.086080410581495e-17,2.846406964011746,1.4112290415638244,
af3449b4b6,180,225,5850,58.5,101.12547051168129,3.086080418744997e-17,2.846406964011746,1.2240969574715006,
af3449b4b6,180,226,5876,58.76,101.12547051168129,3.08608042439718e-17,2.846406964011746,1.152677844795706,
af3449b4b6,180,227,5902,59.02,101.12547051168129,3.086080438205458e-17,2.846406964011746,1.0439093553298187,
af3449b4b6,180,228,5928,59.28,101.12547051168129,3.086080449500081e-17,2.846406964011746,1.211028551439705,
af3449b4b6,180,229,5954,59.54,101.12547051168129,3.086080459138011e-17,2.846406964011746,1.2535486335055244,
af3449b4b6,180,230,5980,59.8,101.12547051168129,3.086080465903653e-17,2.846406964011746,0.9707019858571797,
af3449b4b6,180,231,6006,60.06,101.12547051168129,3.0860804891435786e-17,2.846406964011746,1.207742118684971,
af3449b4b6,180,232,6032,60.32,101.12547051168129,3.08608049707316e-17,2.846406964011746,1.1801325584163693,
af3449b4b6,180,233,6058,60.58,101.12547051168129,3.086080504720724e-17,2.846406964011746,1.0195737034627173,
af3449b4b6,180,234,6084,60.84,101.12547051168129,3.086080512897405e-17,2.846406964011746,1.1086918522118647,
af3449b4b6,180,235,6110,61.1,101.12547051168129,3.086080524850812e-17,2.846406964011746,1.15767521249388,
af3449b4b6,180,236,6136,61.36,101.12547051168129,3.086080527984367e-17,2.846406964011746,1.0442506779390561,
af3449b4b6,180,237,6162,61.62,101.12547051168129,3.086080532852666e-17,2.846406964011746,1.3261245329738651,
af3449b4b6,180,238,6188,61.88,101.12547051168129,3.0860805377935495e-17,2.846406964011746,1.4866235437030677,
af3449b4b6,180,239,6214,62.14,101.12547051168129,3.086080543588892e-17,2.846406964011746,1.1456538108493841,
af3449b4b6,180,240,6240,62.4,101.12547051168129,3.086080549072054e-17,2.846406964011746,1.2780544366881914,
af3449b4b6,180,241,6266,62.66,101.12547051168129,3.086080550321416e-17,2.846406964011746,1.2030355895241716,
af3449b4b6,180,242,6292,62.92,101.12547051168129,3.086080555637553e-17,2.846406964011746,1.0808269822845658,
af3449b4b6,180,243,6318,63.18,101.12547051168129,3.0860805616108305e-17,2.846406964011746,1.2885386880090168,
af3449b4b6,180,244,6344,63.44,101.12547051168129,3.0860805650818296e-17,2.846406964011746,1.2373109598077763,
af3449b4b6,180,245,6370,63.7,101.12547051168129,3.086080567928781e-17,2.846406964011746,1.143517858516987,
af3449b4b6,180,246,6396,63.96,101.12547051168129,3.08608056957682e-17,2.846406964011746,1.0585668382224782,
af3449b4b6,180,247,6422,64.22,101.12547051168129,3.086080573083463e-17,2.846406964011746,0.9384381184610174,
af3449b4b6,180,248,6448,64.48,101.12547051168129,3.086080574378964e-17,2.846406964011746,1.0613256882893078,
af3449b4b6,180,249,6474,64.74,101.12547051168129,3.086080575898577e-17,2.846406964011746,1.0856096660400256,
af3449b4b6,180,250,6500,65.0,101.12547051168129,3.0860805769250656e-17,2.846406964011746,1.245284968057617,
af3449b4b6,180,251,6526,65.26,101.12547051168129,3.086080579815514e-17,2.846406964011746,1.1659005638108115,
af3449b4b6,180,252,6552,65.52,101.12547051168129,3.0860805814866365e-17,2.846406964011746,1.5045780631848196,
af3449b4b6,180,253,6578,65.78,101.12547051168129,3.086080581984894e-17,2.846406964011746,1.5905011316517206,
af3449b4b6,180,254,6604,66.04,101.12547051168129,3.086080585995198e-17,2.846406964011746,1.2276054273716446,
af3449b4b6,180,255,6630,66.3,101.12547051168129,3.086080586945065e-17,2.846406964011746,0.9424364092720325,
af3449b4b6,180,256,6656,66.56,101.12547051168129,3.0860805904149155e-17,2.846406964011746,1.559995597592683,
af3449b4b6,180,257,6682,66.82,101.12547051168129,3.086080591323841e-17,2.846406964011746,1.0299857903718228,
af3449b4b6,180,258,6708,67.08,101.12547051168129,3.086080592164556e-17,2.846406964011746,1.1706208743862412,
af3449b4b6,180,259,6734,67.34,101.12547051168129,3.0860805943640944e-17,2.846406964011746,0.9842867722861683,
af3449b4b6,180,260,6760,67.6,101.12547051168129,3.086080595461814e-17,2.846406964011746,1.196430290121598,
af3449b4b6,180,261,6786,67.86,101.12547051168129,3.0860805963653266e-17,2.846406964011746,1.263939275971022,
af3449b4b6,180,262,6812,68.12,101.12547051168129,3.08608059680715e-17,2.846406964011746,1.3217900825730513,
af3449b4b6,180,263,6838,68.38,101.12547051168129,3.086080597399231e-17,2.846406964011746,1.0458082293271342,
af3449b4b6,180,264,6864,68.64,101.12547051168129,3.086080598589734e-17,2.846406964011746,1.3578379270688379,
af3449b4b6,180,265,6890,68.9,101.12547051168129,3.086080598834644e-17,2.846406964011746,1.5321371952659852,
af3449b4b6,180,266,6916,69.16,101.12547051168129,3.0860805996387234e-17,2.846406964011746,1.4610473114832299,
af3449b4b6,180,267,6942,69.42,101.12547051168129,3.08608060044012e-17,2.846406964011746,1.3862030034865247,
af3449b4b6,180,268,6968,69.68,101.12547051168129,3.08608060107197e-17,2.846406964011746,1.088191300302273,
af3449b4b6,180,269,6994,69.94,101.12547051168129,3.0860806030664005e-17,2.846406964011746,1.0363004051528157,
af3449b4b6,180,270,7020,70.2,101.12547051168129,3.086080603823979e-17,2.846406964011746,1.3136012849047198,
af3449b4b6,180,271,7046,70.46,101.12547051168129,3.08608060506689e-17,2.846406964011746,1.0528879807842333,
af3449b4b6,180,272,7072,70.72,101.12547051168129,3.086080606490166e-17,2.846406964011746,1.4305380450917426,
af3449b4b6,180,273,7098,70.98,101.12547051168129,3.0860806070051133e-17,2.846406964011746,1.4968463973895758,
af3449b4b6,180,274,7124,71.24,101.12547051168129,3.0860806075570374e-17,2.846406964011746,0.8819294877002373,
af3449b4b6,180,275,7150,71.5,101.12547051168129,3.086080607845599e-17,2.846406964011746,1.3688457506790628,
af3449b4b6,180,276,7176,71.76,101.12547051168129,3.086080607945993e-17,2.846406964011746,1.3477857476123862,
af3449b4b6,180,277,7202,72.02,101.12547051168129,3.086080608169e-17,2.846406964011746,1.2593745086365131,
af3449b4b6,180,278,7228,72.28,101.12547051168129,3.086080608599834e-17,2.846406964011746,1.1731493880059738,
af3449b4b6,180,279,7254,72.54,101.12547051168129,3.0860806087046445e-17,2.846406964011746,1.438054819470752,
af3449b4b6,180,280,7280,72.8,101.12547051168129,3.0860806089070786e-17,2.846406964011746,1.3243621384372997,
af3449b4b6,180,281,7306,73.06,101.12547051168129,3.086080609253595e-17,2.846406964011746,1.2812658236008108,
af3449b4b6,180,282,7332,73.32,101.12547051168129,3.086080609438698e-17,2.846406964011746,1.0997179301344446,
af3449b4b6,180,283,7358,73.58,101.12547051168129,3.0860806097482366e-17,2.846406964011746,1.097991298683119,
af3449b4b6,180,284,7384,73.84,101.12547051168129,3.0860806098763174e-17,2.846406964011746,1.3267617816936685,
af3449b4b6,180,285,7410,74.1,101.12547051168129,3.086080610287813e-17,2.846406964011746,1.2293168269941104,
af3449b4b6,180,286,7436,74.36,101.12547051168129,3.086080610719416e-17,2.846406964011746,1.1237865689982676,
af3449b4b6,180,287,7462,74.62,101.12547051168129,3.0860806107991916e-17,2.846406964011746,1.3818400412059826,
af3449b4b6,180,288,7488,74.88,101.12547051168129,3.086080610947662e-17,2.846406964011746,0.9337568137691286,
af3449b4b6,180,289,7514,75.14,101.12547051168129,3.086080611015125e-17,2.846406964011746,0.9853234397210118,
af3449b4b6,180,290,7540,75.4,101.12547051168129,3.086080611087759e-17,2.846406964011746,1.444537753490933,
af3449b4b6,180,291,7566,75.66,101.12547051168129,3.0860806112124266e-17,2.846406964011746,1.1918906810725176,
af3449b4b6,180,292,7592,75.92,101.12547051168129,3.08608061133478e-17,2.846406964011746,0.9857624321057644,
af3449b4b6,180,293,7618,76.18,101.12547051168129,3.0860806113808934e-17,2.846406964011746,1.3712505833274193,
af3449b4b6,180,294,7644,76.44,101.12547051168129,3.0860806114504284e-17,2.846406964011746,1.5088020039274035,
af3449b4b6,180,295,7670,76.7,101.12547051168129,3.086080611638522e-17,2.846406964011746,1.0342924441758676,
af3449b4b6,180,296,7696,76.96,101.12547051168129,3.0860806118060894e-17,2.846406964011746,1.395533971116534,
af3449b4b6,180,297,7722,77.22,101.12547051168129,3.086080612061698e-17,2.846406964011746,1.4168285950042874,
af3449b4b6,180,298,7748,77.48,101.12547051168129,3.08608061229049e-17,2.846406964011746,1.8015126490538163,
af3449b4b6,180,299,7774,77.74,101.12547051168129,3.086080612414827e-17,2.846406964011746,1.5300681404921983,
af3449b4b6,180,300,7800,78.0,101.12547051168129,3.0860806124964844e-17,2.846406964011746,1.4064683284293356,
af3449b4b6,180,301,7826,78.26,101.12547051168129,3.086080612598992e-17,2.846406964011746,1.325776727649224,
af3449b4b6,180,302,7852,78.52,101.12547051168129,3.0860806127367844e-17,2.846406964011746,1.3260497550142551,
af3449b4b6,180,303,7878,78.78,101.12547051168129,3.086080612802932e-17,2.846406964011746,1.3949101116338407,
af3449b4b6,180,304,7904,79.04,101.12547051168129,3.086080612961819e-17,2.846406964011746,1.328839331069313,
af3449b4b6,180,305,7930,79.3,101.12547051168129,3.0860806130012426e-17,2.846406964011746,1.3206397036511732,
af3449b4b6,180,306,7956,79.56,101.12547051168129,3.086080613048144e-17,2.846406964011746,1.2381813571951623,
af3449b4b6,180,307,7982,79.82,101.12547051168129,3.0860806130838536e-17,2.846406964011746,1.429307274474678,
af3449b4b6,180,308,8008,80.08,101.12547051168129,3.086080613107286e-17,2.846406964011746,1.12645453851389,
af3449b4b6,180,309,8034,80.34,101.12547051168129,3.086080613159381e-17,2.846406964011746,1.0619618375365754,
af3449b4b6,180,310,8060,80.6,101.12547051168129,3.0860806132027695e-17,2.846406964011746,1.3782490569316743,
af3449b4b6,180,311,8086,80.86,101.12547051168129,3.086080613307256e-17,2.846406964011746,1.2105854591713032,
af3449b4b6,180,312,8112,81.12,101.12547051168129,3.086080613320821e-17,2.846406964011746,1.368425638568688,
af3449b4b6,180,313,8138,81.38,101.12547051168129,3.086080613354013e-17,2.846406964011746,1.261936141012613,
af3449b4b6,180,314,8164,81.64,101.12547051168129,3.0860806133949594e-17,2.846406964011746,1.4231949431105688,
af3449b4b6,180,315,8190,81.9,101.12547051168129,3.086080613446876e-17,2.846406964011746,1.2874261499641324,
af3449b4b6,180,316,8216,82.16,101.12547051168129,3.086080613491348e-17,2.846406964011746,1.430819687844666,
af3449b4b6,180,317,8242,82.42,101.12547051168129,3.086080613528582e-17,2.846406964011746,1.0569788703777585,
af3449b4b6,180,318,8268,82.68,101.12547051168129,3.086080613536846e-17,2.846406964011746,1.4154157783436512,
af3449b4b6,180,319,8294,82.94,101.12547051168129,3.0860806135773545e-17,2.846406964011746,0.9407698806032853,
af3449b4b6,180,320,8320,83.2,101.12547051168129,3.086080613631999e-17,2.846406964011746,1.1749713948795035,
af3449b4b6,180,321,8346,83.46,101.12547051168129,3.086080613671999e-17,2.846406964011746,1.162800869362155,
af3449b4b6,180,322,8372,83.72,101.12547051168129,3.086080613700406e-17,2.846406964011746,1.231968476809423,
af3449b4b6,180,323,8398,83.98,101.12547051168129,3.0860806137771625e-17,2.846406964011746,1.5268792204919186,
af3449b4b6,180,324,8424,84.24,101.12547051168129,3.086080613802204e-17,2.846406964011746,1.4414847524493646,
af3449b4b6,180,325,8450,84.5,101.12547051168129,3.086080613818713e-17,2.846406964011746,1.1407695429535105,
af3449b4b6,180,326,8476,84.76,101.12547051168129,3.0860806138390006e-17,2.846406964011746,1.5314607266033005,
af3449b4b6,180,327,8502,85.02,101.12547051168129,3.086080613869576e-17,2.846406964011746,1.2758854149524133,
af3449b4b6,180,328,8528,85.28,101.12547051168129,3.086080613884151e-17,2.846406964011746,1.4746922120775718,
af3449b4b6,180,329,8554,85.54,101.12547051168129,3.086080613897103e-17,2.846406964011746,1.1714360432580146,
af3449b4b6,180,330,8580,85.8,101.12547051168129,3.0860806139039805e-17,2.846406964011746,1.207649014564101,
af3449b4b6,180,331,8606,86.06,101.12547051168129,3.086080613942321e-17,2.846406964011746,1.256525819089091,
af3449b4b6,180,332,8632,86.32,101.12547051168129,3.086080613964084e-17,2.846406964011746,1.2770635936298929,
af3449b4b6,180,333,8658,86.58,101.12547051168129,3.086080613974793e-17,2.846406964011746,1.3639079318213847,
af3449b4b6,180,334,8684,86.84,101.12547051168129,3.0860806139821696e-17,2.846406964011746,1.1315111212181637,
af3449b4b6,180,335,8710,87.1,101.12547051168129,3.086080614004817e-17,2.846406964011746,1.581782733301914,
af3449b4b6,180,336,8736,87.36,101.12547051168129,3.0860806140189804e-17,2.846406964011746,1.367292249333567,
af3449b4b6,180,337,8762,87.62,101.12547051168129,3.086080614026105e-17,2.846406964011746,1.2004310632243933,
af3449b4b6,180,338,8788,87.88,101.12547051168129,3.086080614033568e-17,2.846406964011746,1.203444527408505,
af3449b4b6,180,339,8814,88.14,101.12547051168129,3.0860806140393756e-17,2.846406964011746,1.5131936552524687,
af3449b4b6,180,340,8840,88.4,101.12547051168129,3.0860806140413804e-17,2.846406964011746,1.170941443314208,
af3449b4b6,180,341,8866,88.66,101.12547051168129,3.0860806140504874e-17,2.846406964011746,1.171928798527775,
af3449b4b6,180,342,8892,88.92,101.12547051168129,3.086080614054051e-17,2.846406964011746,1.0828675286502791,
af3449b4b6,180,343,8918,89.18,101.12547051168129,3.086080614059226e-17,2.846406964011746,1.1533817000055364,
af3449b4b6,180,344,8944,89.44,101.12547051168129,3.086080614065926e-17,2.846406964011746,1.5653636849310275,
af3449b4b6,180,345,8970,89.7,101.12547051168129,3.0860806140806724e-17,2.846406964011746,1.4753318708542282,
af3449b4b6,180,346,8996,89.96,101.12547051168129,3.086080614086922e-17,2.846406964011746,1.0504557988040173,
af3449b4b6,180,347,9022,90.22,101.12547051168129,3.086080614088963e-17,2.846406964011746,1.0580850598504778,
af3449b4b6,180,348,9048,90.48,101.12547051168129,3.086080614091753e-17,2.846406964011746,1.3640007876530242,
af3449b4b6,180,349,9074,90.74,101.12547051168129,3.0860806140953335e-17,2.846406964011746,1.3055436084228647,
af3449b4b6,180,350,9100,91.0,101.12547051168129,3.0860806140965285e-17,2.846406964011746,1.0260740539081719,
af3449b4b6,180,351,9126,91.26,101.12547051168129,3.086080614098429e-17,2.846406964011746,1.2579611428308293,
af3449b4b6,180,352,9152,91.52,101.12547051168129,3.086080614101458e-17,2.846406964011746,1.367342215078624,
af3449b4b6,180,353,9178,91.78,101.12547051168129,3.086080614107971e-17,2.846406964011746,1.1994791993392957,
af3449b4b6,180,354,9204,92.04,101.12547051168129,3.086080614109765e-17,2.846406964011746,1.2715309427567527,
af3449b4b6,180,355,9230,92.3,101.12547051168129,3.086080614112244e-17,2.846406964011746,1.220043567915901,
af3449b4b6,180,356,9256,92.56,101.12547051168129,3.086080614116504e-17,2.846406964011746,1.3702638725034362,
af3449b4b6,180,357,9282,92.82,101.12547051168129,3.086080614116769e-17,2.846406964011746,1.1057445611507077,
af3449b4b6,180,358,9308,93.08,101.12547051168129,3.086080614122687e-17,2.846406964011746,1.24198961164555,
af3449b4b6,180,359,9334,93.34,101.12547051168129,3.0860806141248486e-17,2.846406964011746,1.5170831894969012,
af3449b4b6,180,360,9360,93.6,101.12547051168129,3.086080614125607e-17,2.846406964011746,1.2839038915345677,
af3449b4b6,180,361,9386,93.86,101.12547051168129,3.086080614128879e-17,2.846406964011746,1.1478371420066977,
af3449b4b6,180,362,9412,94.12,101.12547051168129,3.086080614130727e-17,2.846406964011746,1.175149168952534,
af3449b4b6,180,363,9438,94.38,101.12547051168129,3.08608061413276e-17,2.846406964011746,1.2728143953706632,
af3449b4b6,180,364,9464,94.64,101.12547051168129,3.086080614134506e-17,2.846406964011746,1.1934024465210111,
af3449b4b6,180,365,9490,94.9,101.12547051168129,3.086080614135547e-17,2.846406964011746,1.3203871515901793,
af3449b4b6,180,366,9516,95.16,101.12547051168129,3.086080614136653e-17,2.846406964011746,1.0539055165013005,
af3449b4b6,180,367,9542,95.42,101.12547051168129,3.086080614138718e-17,2.846406964011746,1.3595794260672973,
af3449b4b6,180,368,9568,95.68,101.12547051168129,3.086080614141059e-17,2.846406964011746,1.2797613827563403,
af3449b4b6,180,369,9594,95.94,101.12547051168129,3.0860806141420477e-17,2.846406964011746,1.458866395378161,
af3449b4b6,180,370,9620,96.2,101.12547051168129,3.086080614142865e-17,2.846406964011746,1.544565997687314,
af3449b4b6,180,371,9646,96.46,101.12547051168129,3.086080614144607e-17,2.846406964011746,1.340547706291631,
af3449b4b6,180,372,9672,96.72,101.12547051168129,3.086080614144751e-17,2.846406964011746,1.199517949478842,
af3449b4b6,180,373,9698,96.98,101.12547051168129,3.086080614145167e-17,2.846406964011746,1.342615203422717,
af3449b4b6,180,374,9724,97.24,101.12547051168129,3.086080614145825e-17,2.846406964011746,1.275844117718424,
af3449b4b6,180,375,9750,97.5,101.12547051168129,3.0860806141462705e-17,2.846406964011746,1.506355883101426,
af3449b4b6,180,376,9776,97.76,101.12547051168129,3.086080614146422e-17,2.846406964011746,1.2277654170993921,
af3449b4b6,180,377,9802,98.02,101.12547051168129,3.086080614147982e-17,2.846406964011746,1.0574671942681746,
af3449b4b6,180,378,9828,98.28,101.12547051168129,3.0860806141485354e-17,2.846406964011746,1.3136741637487364,
af3449b4b6,180,379,9854,98.54,101.12547051168129,3.0860806141491024e-17,2.846406964011746,1.652422210989451,
af3449b4b6,180,380,9880,98.8,101.12547051168129,3.086080614149954e-17,2.846406964011746,0.8987372196882235,
af3449b4b6,180,381,9906,99.06,101.12547051168129,3.086080614150728e-17,2.846406964011746,1.2141716984969244,
af3449b4b6,180,382,9932,99.32,101.12547051168129,3.086080614151355e-17,2.846406964011746,1.2927410135470985,
af3449b4b6,180,383,9958,99.58,101.12547051168129,3.086080614152236e-17,2.846406964011746,1.2614214514548108,
af3449b4b6,180,384,9984,99.84,101.12547051168129,3.086080614152827e-17,2.846406964011746,1.3673749491495064,
af3449b4b6,180,385,10010,100.1,101.12547051168129,3.0860806141531774e-17,2.846406964011746,1.2009881633898023,
af3449b4b6,180,386,10036,100.36,101.12547051168129,3.086080614153633e-17,2.846406964011746,1.0480436470661183,
af3449b4b6,180,387,10062,100.62,101.12547051168129,3.086080614153963e-17,2.846406964011746,1.4383738664646686,
af3449b4b6,180,388,10088,100.88,101.12547051168129,3.0860806141541425e-17,2.846406964011746,1.4766752940190375,
af3449b4b6,180,389,10114,101.14,101.12547051168129,3.086080614154564e-17,2.846406964011746,1.327841043611403,
af3449b4b6,180,390,10140,101.4,101.12547051168129,3.0860806141548093e-17,2.846406964011746,1.1689900335670655,
af3449b4b6,180,391,10166,101.66,101.12547051168129,3.086080614155131e-17,2.846406964011746,1.144576651733158,
af3449b4b6,180,392,10192,101.92,101.12547051168129,3.086080614155548e-17,2.846406964011746,1.0138387850208204,
af3449b4b6,180,393,10218,102.18,101.12547051168129,3.08608061415566e-17,2.846406964011746,1.1757620787289704,
af3449b4b6,180,394,10244,102.44,101.12547051168129,3.0860806141557424e-17,2.846406964011746,1.209854449223012,
af3449b4b6,180,395,10270,102.7,101.12547051168129,3.0860806141561596e-17,2.846406964011746,1.228959669107234,
af3449b4b6,180,396,10296,102.96,101.12547051168129,3.086080614156361e-17,2.846406964011746,1.044356123687407,
af3449b4b6,180,397,10322,103.22,101.12547051168129,3.086080614156664e-17,2.846406964011746,1.2083526408703706,
af3449b4b6,180,398,10348,103.48,101.12547051168129,3.08608061415696e-17,2.846406964011746,1.1528762117254159,
af3449b4b6,180,399,10374,103.74,101.12547051168129,3.086080614157089e-17,2.846406964011746,1.182201022411307,
af3449b4b6,180,400,10400,104.0,101.12547051168129,3.0860806141572197e-17,2.846406964011746,1.4260936957879908,
af3449b4b6,180,401,10426,104.26,101.12547051168129,3.086080614157322e-17,2.846406964011746,1.3066821993632687,
af3449b4b6,180,402,10452,104.52,101.12547051168129,3.0860806141574144e-17,2.846406964011746,1.07843724022254,
af3449b4b6,180,403,10478,104.78,101.12547051168129,3.086080614157494e-17,2.846406964011746,1.3952125033068545,
af3449b4b6,180,404,10504,105.04,101.12547051168129,3.0860806141577096e-17,2.846406964011746,1.195062464604359,
af3449b4b6,180,405,10530,105.3,101.12547051168129,3.0860806141577836e-17,2.846406964011746,0.935073807648691,
af3449b4b6,180,406,10556,105.56,101.12547051168129,3.0860806141579266e-17,2.846406964011746,1.3111814416335237,
af3449b4b6,180,407,10582,105.82,101.12547051168129,3.0860806141580067e-17,2.846406964011746,1.3536393782276122,
af3449b4b6,180,408,10608,106.08,101.12547051168129,3.08608061415806e-17,2.846406964011746,1.0090786644049938,
af3449b4b6,180,409,10634,106.34,101.12547051168129,3.086080614158151e-17,2.846406964011746,1.0310494293769557,
af3449b4b6,180,410,10660,106.6,101.12547051168129,3.086080614158217e-17,2.846406964011746,1.1334760336944032,
af3449b4b6,180,411,10686,106.86,101.12547051168129,3.0860806141584375e-17,2.846406964011746,1.159025250086193,
af3449b4b6,180,412,10712,107.12,101.12547051168129,3.0860806141584775e-17,2.846406964011746,1.5062096897091697,
af3449b4b6,180,413,10738,107.38,101.12547051168129,3.086080614158515e-17,2.846406964011746,1.6230256297869126,
af3449b4b6,180,414,10764,107.64,101.12547051168129,3.0860806141586187e-17,2.846406964011746,1.259465534227817,
af3449b4b6,180,415,10790,107.9,101.12547051168129,3.086080614158662e-17,2.846406964011746,1.395008359009405,
af3449b4b6,180,416,10816,108.16,101.12547051168129,3.086080614158723e-17,2.846406964011746,1.2301300405418887,
af3449b4b6,180,417,10842,108.42,101.12547051168129,3.086080614158744e-17,2.846406964011746,1.4768371427182643,
af3449b4b6,180,418,10868,108.68,101.12547051168129,3.0860806141587845e-17,2.846406964011746,1.4658617818930444,
af3449b4b6,180,419,10894,108.94,101.12547051168129,3.086080614158817e-17,2.846406964011746,1.6418977978928055,
af3449b4b6,180,420,10920,109.2,101.12547051168129,3.086080614158843e-17,2.846406964011746,0.8473363937416815,
af3449b4b6,180,421,10946,109.46,101.12547051168129,3.0860806141588714e-17,2.846406964011746,1.5033574095631423,
af3449b4b6,180,422,10972,109.72,101.12547051168129,3.08608061415891e-17,2.846406964011746,1.535750352688337,
af3449b4b6,180,423,10998,109.98,101.12547051168129,3.086080614158929e-17,2.846406964011746,1.216143676328435,
af3449b4b6,180,424,11024,110.24,101.12547051168129,3.086080614158963e-17,2.846406964011746,1.2375635242127172,
af3449b4b6,180,425,11050,110.5,101.12547051168129,3.086080614159022e-17,2.846406964011746,1.087678663578178,
af3449b4b6,180,426,11076,110.76,101.12547051168129,3.08608061415906e-17,2.846406964011746,1.374252609872065,
af3449b4b6,180,427,11102,111.02,101.12547051168129,3.086080614159076e-17,2.846406964011746,1.1482539048277562,
af3449b4b6,180,428,11128,111.28,101.12547051168129,3.0860806141590944e-17,2.846406964011746,1.1178450837381184,
af3449b4b6,180,429,11154,111.54,101.12547051168129,3.0860806141591203e-17,2.846406964011746,1.3496271621065554,
af3449b4b6,180,430,11180,111.8,101.12547051168129,3.086080614159141e-17,2.846406964011746,1.1355109401782346,
af3449b4b6,180,431,11206,112.06,101.12547051168129,3.0860806141591444e-17,2.846406964011746,1.343305731325511,
af3449b4b6,180,432,11232,112.32,101.12547051168129,3.086080614159178e-17,2.846406964011746,1.3001885571097977,
af3449b4b6,180,433,11258,112.58,101.12547051168129,3.0860806141591906e-17,2.846406964011746,1.2252302907223402,
af3449b4b6,180,434,11284,112.84,101.12547051168129,3.0860806141591974e-17,2.846406964011746,1.286895197580144,
af3449b4b6,180,435,11310,113.1,101.12547051168129,3.0860806141592017e-17,2.846406964011746,1.2802800113413253,
af3449b4b6,180,436,11336,113.36,101.12547051168129,3.086080614159212e-17,2.846406964011746,1.4726283665744337,
af3449b4b6,180,437,11362,113.62,101.12547051168129,3.086080614159221e-17,2.846406964011746,1.720459562321636,
af3449b4b6,180,438,11388,113.88,101.12547051168129,3.0860806141592245e-17,2.846406964011746,1.1020667764872116,
af3449b4b6,180,439,11414,114.14,101.12547051168129,3.0860806141592374e-17,2.846406964011746,1.2109550396190574,
af3449b4b6,180,440,11440,114.4,101.12547051168129,3.086080614159249e-17,2.846406964011746,1.1177790393513778,
af3449b4b6,180,441,11466,114.66,101.12547051168129,3.086080614159265e-17,2.846406964011746,1.0965242114134084,
af3449b4b6,180,442,11492,114.92,101.12547051168129,3.0860806141592695e-17,2.846406964011746,1.150025420866266,
af3449b4b6,180,443,11518,115.18,101.12547051168129,3.0860806141592793e-17,2.846406964011746,1.6010791670883242,
af3449b4b6,180,444,11544,115.44,101.12547051168129,3.086080614159286e-17,2.846406964011746,1.1274349617848687,
af3449b4b6,180,445,11570,115.7,101.12547051168129,3.086080614159294e-17,2.846406964011746,1.1588816251998455,
af3449b4b6,180,446,11596,115.96,101.12547051168129,3.0860806141592966e-17,2.846406964011746,1.4205857167393874,
af3449b4b6,180,447,11622,116.22,101.12547051168129,3.0860806141593015e-17,2.846406964011746,1.554445448481612,
af3449b4b6,180,448,11648,116.48,101.12547051168129,3.0860806141593145e-17,2.846406964011746,1.0966796773475709,
af3449b4b6,180,449,11674,116.74,101.12547051168129,3.086080614159322e-17,2.846406964011746,1.0064617891336736,
af3449b4b6,180,450,11700,117.0,101.12547051168129,3.0860806141593286e-17,2.846406964011746,0.987432663760643,
af3449b4b6,180,451,11726,117.26,101.12547051168129,3.086080614159332e-17,2.846406964011746,1.3085559006000786,
af3449b4b6,180,452,11752,117.52,101.12547051168129,3.086080614159334e-17,2.846406964011746,1.2007872899399001,
af3449b4b6,180,453,11778,117.78,101.12547051168129,3.08608061415934e-17,2.846406964011746,1.2286097034671712,
af3449b4b6,180,454,11804,118.04,101.12547051168129,3.086080614159342e-17,2.846406964011746,1.6172205273181264,
af3449b4b6,180,455,11830,118.3,101.12547051168129,3.0860806141593465e-17,2.846406964011746,1.3491771301089355,
af3449b4b6,180,456,11856,118.56,101.12547051168129,3.086080614159349e-17,2.846406964011746,0.7804124912858765,
af3449b4b6,180,457,11882,118.82,101.12547051168129,3.086080614159356e-17,2.846406964011746,1.0870285667990103,
af3449b4b6,180,458,11908,119.08,101.12547051168129,3.08608061415936e-17,2.846406964011746,1.4668954132620597,
af3449b4b6,180,459,11934,119.34,101.12547051168129,3.0860806141593644e-17,2.846406964011746,1.311504857419027,
af3449b4b6,180,460,11960,119.6,101.12547051168129,3.086080614159366e-17,2.846406964011746,1.469363775661541,
af3449b4b6,180,461,11986,119.86,101.12547051168129,3.086080614159367e-17,2.846406964011746,1.3056114704680737,
af3449b4b6,180,462,12012,120.12,101.12547051168129,3.0860806141593724e-17,2.846406964011746,1.676083859493014,
af3449b4b6,180,463,12038,120.38,101.12547051168129,3.0860806141593755e-17,2.846406964011746,1.2047016483490902,
af3449b4b6,180,464,12064,120.64,101.12547051168129,3.0860806141593755e-17,2.846406964011746,1.2912703124039875,
af3449b4b6,180,465,12090,120.9,101.12547051168129,3.0860806141593786e-17,2.846406964011746,1.1109066416048818,
af3449b4b6,180,466,12116,121.16,101.12547051168129,3.086080614159381e-17,2.846406964011746,1.3912052211288803,
af3449b4b6,180,467,12142,121.42,101.12547051168129,3.0860806141593816e-17,2.846406964011746,1.1187671309537746,
af3449b4b6,180,468,12168,121.68,101.12547051168129,3.086080614159382e-17,2.846406964011746,1.1846275547708705,
af3449b4b6,180,469,12194,121.94,101.12547051168129,3.0860806141593835e-17,2.846406964011746,1.04167316498927,
af3449b4b6,180,470,12220,122.2,101.12547051168129,3.0860806141593835e-17,2.846406964011746,1.3738361920296824,
af3449b4b6,180,471,12246,122.46,101.12547051168129,3.086080614159386e-17,2.846406964011746,1.1271850479709777,
af3449b4b6,180,472,12272,122.72,101.12547051168129,3.086080614159389e-17,2.846406964011746,1.4167681107834451,
af3449b4b6,180,473,12298,122.98,101.12547051168129,3.086080614159389e-17,2.846406964011746,1.2947088120092893,
af3449b4b6,180,474,12324,123.24,101.12547051168129,3.08608061415939e-17,2.846406964011746,1.1982280061090769,
af3449b4b6,180,475,12350,123.5,101.12547051168129,3.086080614159389e-17,2.846406964011746,1.5140183747067704,
af3449b4b6,180,476,12376,123.76,101.12547051168129,3.086080614159392e-17,2.846406964011746,1.5415235640572313,
af3449b4b6,180,477,12402,124.02,101.12547051168129,3.086080614159393e-17,2.846406964011746,1.206515399170494,
af3449b4b6,180,478,12428,124.28,101.12547051168129,3.0860806141593915e-17,2.846406964011746,0.963328133086179,
af3449b4b6,180,479,12454,124.54,101.12547051168129,3.086080614159392e-17,2.846406964011746,1.289924949968991,
af3449b4b6,180,480,12480,124.8,101.12547051168129,3.0860806141593934e-17,2.846406964011746,1.4596493183019326,
af3449b4b6,180,481,12506,125.06,101.12547051168129,3.0860806141593946e-17,2.846406964011746,1.0709762400063148,
af3449b4b6,180,482,12532,125.32,101.12547051168129,3.0860806141593946e-17,2.846406964011746,1.1623672026368796,
af3449b4b6,180,483,12558,125.58,101.12547051168129,3.0860806141593964e-17,2.846406964011746,1.2075363036891662,
af3449b4b6,180,484,12584,125.84,101.12547051168129,3.0860806141593964e-17,2.846406964011746,1.3961696003557824,
af3449b4b6,180,485,12610,126.1,101.12547051168129,3.086080614159397e-17,2.846406964011746,1.318834740100905,
af3449b4b6,180,486,12636,126.36,101.12547051168129,3.086080614159398e-17,2.846406964011746,1.4732628770019738,
af3449b4b6,180,487,12662,126.62,101.12547051168129,3.086080614159399e-17,2.846406964011746,1.2681081683697732,
af3449b4b6,180,488,12688,126.88,101.12547051168129,3.086080614159398e-17,2.846406964011746,1.2082829665518264,
af3449b4b6,180,489,12714,127.14,101.12547051168129,3.0860806141593977e-17,2.846406964011746,1.2649227772940057,
af3449b4b6,180,490,12740,127.4,101.12547051168129,3.0860806141593977e-17,2.846406964011746,1.247639724549727,
af3449b4b6,180,491,12766,127.66,101.12547051168129,3.086080614159398e-17,2.846406964011746,1.4230602281967228,
af3449b4b6,180,492,12792,127.92,101.12547051168129,3.0860806141594014e-17,2.846406964011746,1.3098416709421177,
af3449b4b6,180,493,12818,128.18,101.12547051168129,3.0860806141593995e-17,2.846406964011746,1.4927116719769726,
af3449b4b6,180,494,12844,128.44,101.12547051168129,3.0860806141593995e-17,2.846406964011746,1.2284725883542305,
af3449b4b6,180,495,12870,128.7,101.12547051168129,3.0860806141593995e-17,2.846406964011746,1.1426545794971616,
af3449b4b6,180,496,12896,128.96,101.12547051168129,3.0860806141594e-17,2.846406964011746,1.382197430732954,
af3449b4b6,180,497,12922,129.22,101.12547051168129,3.0860806141593995e-17,2.846406964011746,1.3529481900668807,
af3449b4b6,180,498,12948,129.48,101.12547051168129,3.0860806141594014e-17,2.846406964011746,1.4305706205875837,
af3449b4b6,180,499,12974,129.74,101.12547051168129,3.0860806141594e-17,2.846406964011746,1.2746498676255187,
af3449b4b6,180,500,13000,130.0,101.12547051168129,3.086080614159403e-17,2.846406964011746,1.1574088676612277,
af3449b4b6,180,501,13026,130.26,101.12547051168129,3.0860806141594014e-17,2.846406964011746,1.263459215406789,
af3449b4b6,180,502,13052,130.52,101.12547051168129,3.086080614159401e-17,2.846406964011746,1.3662506042412303,
af3449b4b6,180,503,13078,130.78,101.12547051168129,3.0860806141594026e-17,2.846406964011746,1.1234636963496716,
af3449b4b6,180,504,13104,131.04,101.12547051168129,3.086080614159402e-17,2.846406964011746,1.037041325387333,
af3449b4b6,180,505,13130,131.3,101.12547051168129,3.0860806141594e-17,2.846406964011746,1.2474893951839217,
af3449b4b6,180,506,13156,131.56,101.12547051168129,3.086080614159402e-17,2.846406964011746,1.70558924816845,
af3449b4b6,180,507,13182,131.82,101.12547051168129,3.086080614159403e-17,2.846406964011746,1.2367798581663647,
af3449b4b6,180,508,13208,132.08,101.12547051168129,3.086080614159402e-17,2.846406964011746,1.3624802299694552,
af3449b4b6,180,509,13234,132.34,101.12547051168129,3.086080614159403e-17,2.846406964011746,1.3395662528882122,
af3449b4b6,180,510,13260,132.6,101.12547051168129,3.0860806141594026e-17,2.846406964011746,1.4690846167268916,
af3449b4b6,180,511,13286,132.86,101.12547051168129,3.086080614159403e-17,2.846406964011746,1.1912508432527313,
af3449b4b6,180,512,13312,133.12,101.12547051168129,3.086080614159402e-17,2.846406964011746,0.9828439740905474,
af3449b4b6,180,513,13338,133.38,101.12547051168129,3.0860806141594026e-17,2.846406964011746,0.9032773959504241,
af3449b4b6,180,514,13364,133.64,101.12547051168129,3.086080614159403e-17,2.846406964011746,1.394831546329742,
af3449b4b6,180,515,13390,133.9,101.12547051168129,3.086080614159402e-17,2.846406964011746,1.3658598724132307,
af3449b4b6,180,516,13416,134.16,101.12547051168129,3.086080614159403e-17,2.846406964011746,1.1007060184907433,
af3449b4b6,180,517,13442,134.42,101.12547051168129,3.086080614159403e-17,2.846406964011746,0.9069930800657385,
af3449b4b6,180,518,13468,134.68,101.12547051168129,3.086080614159403e-17,2.846406964011746,1.26204987487187,
af3449b4b6,180,519,13494,134.94,101.12547051168129,3.086080614159405e-17,2.846406964011746,1.209669891807612,
af3449b4b6,180,520,13520,135.2,101.12547051168129,3.086080614159403e-17,2.846406964011746,1.0011662104769827,
af3449b4b6,180,521,13546,135.46,101.12547051168129,3.086080614159404e-17,2.846406964011746,1.1655953830750059,
af3449b4b6,180,522,13572,135.72,101.12547051168129,3.086080614159405e-17,2.846406964011746,1.331237114648668,
af3449b4b6,180,523,13598,135.98,101.12547051168129,3.086080614159403e-17,2.846406964011746,1.2362339352278797,
af3449b4b6,180,524,13624,136.24,101.12547051168129,3.086080614159404e-17,2.846406964011746,1.1590412701187713,
af3449b4b6,180,525,13650,136.5,101.12547051168129,3.086080614159403e-17,2.846406964011746,1.4675669880328195,
af3449b4b6,180,526,13676,136.76,101.12547051168129,3.0860806141594044e-17,2.846406964011746,1.2537320227283255,
af3449b4b6,180,527,13702,137.02,101.12547051168129,3.086080614159404e-17,2.846406964011746,1.4714721741884393,
af3449b4b6,180,528,13728,137.28,101.12547051168129,3.086080614159403e-17,2.846406964011746,1.0778644790286374,
af3449b4b6,180,529,13754,137.54,101.12547051168129,3.0860806141594014e-17,2.846406964011746,1.5695065171146207,
af3449b4b6,180,530,13780,137.8,101.12547051168129,3.086080614159404e-17,2.846406964011746,1.5386161015496966,
af3449b4b6,180,531,13806,138.06,101.12547051168129,3.086080614159405e-17,2.846406964011746,1.3508876869036388,
af3449b4b6,180,532,13832,138.32,101.12547051168129,3.086080614159404e-17,2.846406964011746,1.5384584059357256,
af3449b4b6,180,533,13858,138.58,101.12547051168129,3.086080614159406e-17,2.846406964011746,1.335545387598174,
af3449b4b6,180,534,13884,138.84,101.12547051168129,3.086080614159404e-17,2.846406964011746,1.121361934260153,
af3449b4b6,180,535,13910,139.1,101.12547051168129,3.086080614159404e-17,2.846406964011746,1.1426096592212385,
af3449b4b6,180,536,13936,139.36,101.12547051168129,3.086080614159405e-17,2.846406964011746,0.8934653360274594,
af3449b4b6,180,537,13962,139.62,101.12547051168129,3.086080614159403e-17,2.846406964011746,1.2579065444974458,
af3449b4b6,180,538,13988,139.88,101.12547051168129,3.086080614159403e-17,2.846406964011746,1.0548860951919266,
af3449b4b6,180,539,14014,140.14,101.12547051168129,3.086080614159403e-17,2.846406964011746,1.4012103564875868,
af3449b4b6,180,540,14040,140.4,101.12547051168129,3.0860806141594044e-17,2.846406964011746,1.3503107997089974,
af3449b4b6,180,541,14066,140.66,101.12547051168129,3.086080614159404e-17,2.846406964011746,1.2339520527216683,
af3449b4b6,180,542,14092,140.92,101.12547051168129,3.0860806141594044e-17,2.846406964011746,1.107335518249142,
af3449b4b6,180,543,14118,141.18,101.12547051168129,3.086080614159404e-17,2.846406964011746,1.1227873699756066,
af3449b4b6,180,544,14144,141.44,101.12547051168129,3.086080614159404e-17,2.846406964011746,1.036472107109086,
af3449b4b6,180,545,14170,141.7,101.12547051168129,3.0860806141594044e-17,2.846406964011746,1.1838870123761858,
af3449b4b6,180,546,14196,141.96,101.12547051168129,3.0860806141594044e-17,2.846406964011746,1.4999735369497942,
af3449b4b6,180,547,14222,142.22,101.12547051168129,3.0860806141594044e-17,2.846406964011746,1.213363425386146,
af3449b4b6,180,548,14248,142.48,101.12547051168129,3.086080614159404e-17,2.846406964011746,1.2217007060892315,
af3449b4b6,180,549,14274,142.74,101.12547051168129,3.086080614159403e-17,2.846406964011746,1.2459016089506183,
af3449b4b6,180,550,14300,143.0,101.12547051168129,3.086080614159405e-17,2.846406964011746,1.0827968821011427,
af3449b4b6,180,551,14326,143.26,101.12547051168129,3.086080614159404e-17,2.846406964011746,1.3928668715633639,
af3449b4b6,180,552,14352,143.52,101.12547051168129,3.0860806141594044e-17,2.846406964011746,1.3030560366686639,
af3449b4b6,180,553,14378,143.78,101.12547051168129,3.086080614159405e-17,2.846406964011746,1.5347907963403562,
af3449b4b6,180,554,14404,144.04,101.12547051168129,3.086080614159405e-17,2.846406964011746,1.3203467753815865,
af3449b4b6,180,555,14430,144.3,101.12547051168129,3.086080614159404e-17,2.846406964011746,1.6030834521501152,
af3449b4b6,180,556,14456,144.56,101.12547051168129,3.086080614159405e-17,2.846406964011746,0.9817284683221514,
af3449b4b6,180,557,14482,144.82,101.12547051168129,3.086080614159403e-17,2.846406964011746,1.1144768374729803,
af3449b4b6,180,558,14508,145.08,101.12547051168129,3.086080614159403e-17,2.846406964011746,1.2125736749763787,
af3449b4b6,180,559,14534,145.34,101.12547051168129,3.0860806141594044e-17,2.846406964011746,1.2794700132082244,
af3449b4b6,180,560,14560,145.6,101.12547051168129,3.0860806141594026e-17,2.846406964011746,1.2175749556851667,
af3449b4b6,180,561,14586,145.86,101.12547051168129,3.0860806141594044e-17,2.846406964011746,0.9997766014689107,
af3449b4b6,180,562,14612,146.12,101.12547051168129,3.086080614159404e-17,2.846406964011746,1.2532722908310405,
af3449b4b6,180,563,14638,146.38,101.12547051168129,3.086080614159403e-17,2.846406964011746,0.9787241003570224,
af3449b4b6,180,564,14664,146.64,101.12547051168129,3.086080614159404e-17,2.846406964011746,1.2924405205907479,
af3449b4b6,180,565,14690,146.9,101.12547051168129,3.086080614159405e-17,2.846406964011746,1.1447639491152342,
af3449b4b6,180,566,14716,147.16,101.12547051168129,3.086080614159404e-17,2.846406964011746,0.9247772095586522,
af3449b4b6,180,567,14742,147.42,101.12547051168129,3.086080614159403e-17,2.846406964011746,1.2804368429208148,
af3449b4b6,180,568,14768,147.68,101.12547051168129,3.086080614159404e-17,2.846406964011746,1.3520808674882834,
af3449b4b6,180,569,14794,147.94,101.12547051168129,3.086080614159404e-17,2.846406964011746,1.629420365815002,
af3449b4b6,180,570,14820,148.2,101.12547051168129,3.086080614159403e-17,2.846406964011746,1.2187975513275733,
af3449b4b6,180,571,14846,148.46,101.12547051168129,3.0860806141594026e-17,2.846406964011746,1.266343743317516,
af3449b4b6,180,572,14872,148.72,101.12547051168129,3.086080614159403e-17,2.846406964011746,1.2444579128907638,
af3449b4b6,180,573,14898,148.98,101.12547051168129,3.0860806141594044e-17,2.846406964011746,1.4045323004255523,
af3449b4b6,180,574,14924,149.24,101.12547051168129,3.086080614159403e-17,2.846406964011746,1.457745978654592,
af3449b4b6,180,575,14950,149.5,101.12547051168129,3.0860806141594044e-17,2.846406964011746,1.4251152977409203,
af3449b4b6,180,576,14976,149.76,101.12547051168129,3.0860806141594044e-17,2.846406964011746,1.4315279795828861,
af3449b4b6,180,577,15002,150.02,101.12547051168129,3.086080614159403e-17,2.846406964011746,1.3913288267247126,
af3449b4b6,180,578,15028,150.28,101.12547051168129,3.0860806141594044e-17,2.846406964011746,1.13142635217424,
af3449b4b6,180,579,15054,150.54,101.12547051168129,3.086080614159404e-17,2.846406964011746,1.1901498559890769,
af3449b4b6,180,580,15080,150.8,101.12547051168129,3.0860806141594026e-17,2.846406964011746,1.1163701480033201,
af3449b4b6,180,581,15106,151.06,101.12547051168129,3.086080614159403e-17,2.846406964011746,1.5107319082219712,
af3449b4b6,180,582,15132,151.32,101.12547051168129,3.086080614159403e-17,2.846406964011746,1.1409698730246924,
af3449b4b6,180,583,15158,151.58,101.12547051168129,3.086080614159405e-17,2.846406964011746,1.4094727003116725,
af3449b4b6,180,584,15184,151.84,101.12547051168129,3.086080614159406e-17,2.846406964011746,1.114717462068704,
af3449b4b6,180,585,15210,152.1,101.12547051168129,3.086080614159403e-17,2.846406964011746,1.246793161281871,
af3449b4b6,180,586,15236,152.36,101.12547051168129,3.0860806141594044e-17,2.846406964011746,1.1610864623294301,
af3449b4b6,180,587,15262,152.62,101.12547051168129,3.086080614159402e-17,2.846406964011746,1.4319469356502397,
af3449b4b6,180,588,15288,152.88,101.12547051168129,3.086080614159404e-17,2.846406964011746,1.6232259707681056,
af3449b4b6,180,589,15314,153.14,101.12547051168129,3.0860806141594057e-17,2.846406964011746,1.4317931409776938,
af3449b4b6,180,590,15340,153.4,101.12547051168129,3.0860806141594044e-17,2.846406964011746,1.4837550648292201,
af3449b4b6,180,591,15366,153.66,101.12547051168129,3.0860806141594044e-17,2.846406964011746,1.432179635465393,
af3449b4b6,180,592,15392,153.92,101.12547051168129,3.0860806141594026e-17,2.846406964011746,1.1347692005839665,
af3449b4b6,180,593,15418,154.18,101.12547051168129,3.0860806141594044e-17,2.846406964011746,1.5288283451904534,
af3449b4b6,180,594,15444,154.44,101.12547051168129,3.086080614159403e-17,2.846406964011746,1.5039947157362656,
af3449b4b6,180,595,15470,154.7,101.12547051168129,3.086080614159403e-17,2.846406964011746,1.2521532720075463,
af3449b4b6,180,596,15496,154.96,101.12547051168129,3.086080614159404e-17,2.846406964011746,1.453525138279455,
af3449b4b6,180,597,15522,155.22,101.12547051168129,3.086080614159403e-17,2.846406964011746,1.2604316550857126,
af3449b4b6,180,598,15548,155.48,101.12547051168129,3.086080614159405e-17,2.846406964011746,1.3155948584358996,
af3449b4b6,180,599,15574,155.74,101.12547051168129,3.086080614159404e-17,2.846406964011746,0.9908107826466798,
af3449b4b6,180,600,15600,156.0,101.12547051168129,3.086080614159403e-17,2.846406964011746,1.038532381716438,
af3449b4b6,180,601,15626,156.26,101.12547051168129,3.086080614159403e-17,2.846406964011746,1.07900797247279,
af3449b4b6,180,602,15652,156.52,101.12547051168129,3.0860806141594044e-17,2.846406964011746,0.9470113422787605,
af3449b4b6,180,603,15678,156.78,101.12547051168129,3.086080614159404e-17,2.846406964011746,1.0270129807146267,
af3449b4b6,180,604,15704,157.04,101.12547051168129,3.086080614159404e-17,2.846406964011746,1.2658595283758796,
af3449b4b6,180,605,15730,157.3,101.12547051168129,3.086080614159403e-17,2.846406964011746,1.1342947483619699,
af3449b4b6,180,606,15756,157.56,101.12547051168129,3.0860806141594044e-17,2.846406964011746,1.302523702156938,
af3449b4b6,180,607,15782,157.82,101.12547051168129,3.086080614159402e-17,2.846406964011746,1.513701309596849,
af3449b4b6,180,608,15808,158.08,101.12547051168129,3.086080614159404e-17,2.846406964011746,1.4375603512585529,
af3449b4b6,180,609,15834,158.34,101.12547051168129,3.0860806141594057e-17,2.846406964011746,1.0141661349235682,
af3449b4b6,180,610,15860,158.6,101.12547051168129,3.0860806141594026e-17,2.846406964011746,1.1921988935445222,
af3449b4b6,180,611,15886,158.86,101.12547051168129,3.086080614159405e-17,2.846406964011746,1.561110804951883,
af3449b4b6,180,612,15912,159.12,101.12547051168129,3.0860806141594057e-17,2.846406964011746,1.3651011102627517,
af3449b4b6,180,613,15938,159.38,101.12547051168129,3.086080614159403e-17,2.846406964011746,1.5775464452560573,
af3449b4b6,180,614,15964,159.64,101.12547051168129,3.0860806141594044e-17,2.846406964011746,1.349090353641789,
af3449b4b6,180,615,15990,159.9,101.12547051168129,3.0860806141594044e-17,2.846406964011746,1.3460352661590784,
af3449b4b6,180,616,16016,160.16,101.12547051168129,3.0860806141594026e-17,2.846406964011746,1.2237026210718,
af3449b4b6,180,617,16042,160.42,101.12547051168129,3.086080614159403e-17,2.846406964011746,1.415954885309053,
af3449b4b6,180,618,16068,160.68,101.12547051168129,3.086080614159404e-17,2.846406964011746,1.0609975156296687,
af3449b4b6,180,619,16094,160.94,101.12547051168129,3.086080614159404e-17,2.846406964011746,1.280133866596405,
af3449b4b6,180,620,16120,161.2,101.12547051168129,3.086080614159405e-17,2.846406964011746,1.2219320841361532,
af3449b4b6,180,621,16146,161.46,101.12547051168129,3.0860806141594044e-17,2.846406964011746,1.2830401454498386,
af3449b4b6,180,622,16172,161.72,101.12547051168129,3.086080614159404e-17,2.846406964011746,0.9545161707188575,
af3449b4b6,180,623,16198,161.98,101.12547051168129,3.0860806141594026e-17,2.846406964011746,1.278690786031471,
af3449b4b6,180,624,16224,162.24,101.12547051168129,3.0860806141594044e-17,2.846406964011746,1.2631013430774527,
af3449b4b6,180,625,16250,162.5,101.12547051168129,3.086080614159405e-17,2.846406964011746,1.0699118362978448,
af3449b4b6,180,626,16276,162.76,101.12547051168129,3.0860806141594057e-17,2.846406964011746,0.9671076931464588,
af3449b4b6,180,627,16302,163.02,101.12547051168129,3.086080614159404e-17,2.846406964011746,1.436385818186851,
af3449b4b6,180,628,16328,163.28,101.12547051168129,3.086080614159403e-17,2.846406964011746,1.2717698641763515,
af3449b4b6,180,629,16354,163.54,101.12547051168129,3.0860806141594044e-17,2.846406964011746,1.0395042449300265,
af3449b4b6,180,630,16380,163.8,101.12547051168129,3.086080614159403e-17,2.846406964011746,1.0009564040891454,
af3449b4b6,180,631,16406,164.06,101.12547051168129,3.0860806141594044e-17,2.846406964011746,1.2912120598143244,
af3449b4b6,180,632,16432,164.32,101.12547051168129,3.086080614159404e-17,2.846406964011746,1.344208860974675,
af3449b4b6,180,633,16458,164.58,101.12547051168129,3.086080614159405e-17,2.846406964011746,1.0644648651922557,
af3449b4b6,180,634,16484,164.84,101.12547051168129,3.0860806141594044e-17,2.846406964011746,1.0110357336913185,
af3449b4b6,180,635,16510,165.1,101.12547051168129,3.086080614159404e-17,2.846406964011746,1.2457539583373893,
af3449b4b6,180,636,16536,165.36,101.12547051168129,3.0860806141594057e-17,2.846406964011746,1.0398944447593381,
af3449b4b6,180,637,16562,165.62,101.12547051168129,3.0860806141594044e-17,2.846406964011746,1.5490140451054424,
af3449b4b6,180,638,16588,165.88,101.12547051168129,3.086080614159404e-17,2.846406964011746,1.3039961610331878,
af3449b4b6,180,639,16614,166.14,101.12547051168129,3.0860806141594026e-17,2.846406964011746,1.4534757127787918,
af3449b4b6,180,640,16640,166.4,101.12547051168129,3.086080614159403e-17,2.846406964011746,1.4249285098473843,
af3449b4b6,180,641,16666,166.66,101.12547051168129,3.086080614159404e-17,2.846406964011746,1.198445391282301,
af3449b4b6,180,642,16692,166.92,101.12547051168129,3.0860806141594044e-17,2.846406964011746,1.3709941059419843,
af3449b4b6,180,643,16718,167.18,101.12547051168129,3.086080614159404e-17,2.846406964011746,1.0145096761206172,
af3449b4b6,180,644,16744,167.44,101.12547051168129,3.086080614159403e-17,2.846406964011746,1.1539732655293002,
af3449b4b6,180,645,16770,167.7,101.12547051168129,3.086080614159403e-17,2.846406964011746,1.1511438925835178,
af3449b4b6,180,646,16796,167.96,101.12547051168129,3.0860806141594044e-17,2.846406964011746,1.0061450463813628,
af3449b4b6,180,647,16822,168.22,101.12547051168129,3.086080614159403e-17,2.846406964011746,0.8488671004692062,
af3449b4b6,180,648,16848,168.48,101.12547051168129,3.086080614159404e-17,2.846406964011746,1.4682920060725706,
af3449b4b6,180,649,16874,168.74,101.12547051168129,3.0860806141594026e-17,2.846406964011746,1.5369949855537357,
af3449b4b6,180,650,16900,169.0,101.12547051168129,3.086080614159404e-17,2.846406964011746,1.089362832895482,
af3449b4b6,180,651,16926,169.26,101.12547051168129,3.086080614159404e-17,2.846406964011746,1.0279159942955445,
af3449b4b6,180,652,16952,169.52,101.12547051168129,3.086080614159404e-17,2.846406964011746,1.3205544412869494,
af3449b4b6,180,653,16978,169.78,101.12547051168129,3.086080614159403e-17,2.846406964011746,1.240448172288466,
af3449b4b6,180,654,17004,170.04,101.12547051168129,3.086080614159404e-17,2.846406964011746,1.1553680479776354,
af3449b4b6,180,655,17030,170.3,101.12547051168129,3.086080614159403e-17,2.846406964011746,1.2170706909487838,
af3449b4b6,180,656,17056,170.56,101.12547051168129,3.086080614159403e-17,2.846406964011746,1.2087228724800798,
af3449b4b6,180,657,17082,170.82,101.12547051168129,3.0860806141594026e-17,2.846406964011746,1.4309716679558748,
af3449b4b6,180,658,17108,171.08,101.12547051168129,3.0860806141594044e-17,2.846406964011746,1.071134394278502,
af3449b4b6,180,659,17134,171.34,101.12547051168129,3.086080614159405e-17,2.846406964011746,1.4544274644154844,
af3449b4b6,180,660,17160,171.6,101.12547051168129,3.0860806141594026e-17,2.846406964011746,1.0581655019979,
af3449b4b6,180,661,17186,171.86,101.12547051168129,3.0860806141594044e-17,2.846406964011746,1.11887993690269,
af3449b4b6,180,662,17212,172.12,101.12547051168129,3.0860806141594044e-17,2.846406964011746,1.3326204657736638,
af3449b4b6,180,663,17238,172.38,101.12547051168129,3.086080614159405e-17,2.846406964011746,1.0700830064851452,
af3449b4b6,180,664,17264,172.64,101.12547051168129,3.0860806141594057e-17,2.846406964011746,1.179280606840301,
af3449b4b6,180,665,17290,172.9,101.12547051168129,3.086080614159403e-17,2.846406964011746,0.9676511646689417,
af3449b4b6,180,666,17316,173.16,101.12547051168129,3.086080614159403e-17,2.846406964011746,1.2788789129013145,
af3449b4b6,180,667,17342,173.42,101.12547051168129,3.086080614159404e-17,2.846406964011746,0.9303172949951294,
af3449b4b6,180,668,17368,173.68,101.12547051168129,3.086080614159403e-17,2.846406964011746,1.0244925585905311,
af3449b4b6,180,669,17394,173.94,101.12547051168129,3.086080614159404e-17,2.846406964011746,1.3292790319714014,
af3449b4b6,180,670,17420,174.2,101.12547051168129,3.0860806141594026e-17,2.846406964011746,1.1360269998887185,
af3449b4b6,180,671,17446,174.46,101.12547051168129,3.0860806141594026e-17,2.846406964011746,1.3901177474698803,
af3449b4b6,180,672,17472,174.72,101.12547051168129,3.086080614159405e-17,2.846406964011746,1.372766402178445,
af3449b4b6,180,673,17498,174.98,101.12547051168129,3.086080614159404e-17,2.846406964011746,1.2224867024745625,
af3449b4b6,180,674,17524,175.24,101.12547051168129,3.086080614159404e-17,2.846406964011746,1.2296817986339708,
af3449b4b6,180,675,17550,175.5,101.12547051168129,3.086080614159403e-17,2.846406964011746,0.9302849365587119,
af3449b4b6,180,676,17576,175.76,101.12547051168129,3.086080614159404e-17,2.846406964011746,0.8835443574176888,
af3449b4b6,180,677,17602,176.02,101.12547051168129,3.086080614159404e-17,2.846406964011746,1.544965783726987,
af3449b4b6,180,678,17628,176.28,101.12547051168129,3.086080614159403e-17,2.846406964011746,1.1668912349887508,
af3449b4b6,180,679,17654,176.54,101.12547051168129,3.086080614159403e-17,2.846406964011746,1.1554510817031587,
af3449b4b6,180,680,17680,176.8,101.12547051168129,3.0860806141594044e-17,2.846406964011746,1.2294481194215976,
af3449b4b6,180,681,17706,177.06,101.12547051168129,3.086080614159404e-17,2.846406964011746,1.2603727463386734,
af3449b4b6,180,682,17732,177.32,101.12547051168129,3.086080614159403e-17,2.846406964011746,1.084617130539584,
af3449b4b6,180,683,17758,177.58,101.12547051168129,3.086080614159405e-17,2.846406964011746,1.5455401286710428,
af3449b4b6,180,684,17784,177.84,101.12547051168129,3.086080614159403e-17,2.846406964011746,1.613799709037996,
af3449b4b6,180,685,17810,178.1,101.12547051168129,3.086080614159404e-17,2.846406964011746,1.3037989420964207,
af3449b4b6,180,686,17836,178.36,101.12547051168129,3.086080614159405e-17,2.846406964011746,1.3194098710226085,
af3449b4b6,180,687,17862,178.62,101.12547051168129,3.0860806141594057e-17,2.846406964011746,1.4620003990110553,
af3449b4b6,180,688,17888,178.88,101.12547051168129,3.086080614159404e-17,2.846406964011746,1.2765643305989645,
af3449b4b6,180,689,17914,179.14,101.12547051168129,3.0860806141594026e-17,2.846406964011746,1.3485008498419568,
af3449b4b6,180,690,17940,179.4,101.12547051168129,3.0860806141594057e-17,2.846406964011746,1.1384229523669482,
af3449b4b6,180,691,17966,179.66,101.12547051168129,3.0860806141594044e-17,2.846406964011746,1.3416930281033583,
af3449b4b6,180,692,17992,179.92,101.12547051168129,,2.846406964011746,1.2961249650437525,
8e3b90aafc,180,0,0,0.0,516651013610901.0,19.24763032162225,119640441474639.08,50710474937393.54,"ProjectedCommonDirectionsConfig(subspace_no_grads=1, subspace_no_updates=1, subspace_frac_random=0.05, direction_str=sd, random_proj=True, random_proj_dim_frac=0.2, ensemble=haar, inner_use_full_grad=True, orth_P_k=True, beta=0.001, tau=0.5, c_const=inf, N_try=200, alpha_max=100, p_const=1)"
8e3b90aafc,180,1,26,0.26,43504448156.311554,0.234429356663661,1097858062405.2258,477040977305.33984,
8e3b90aafc,180,2,52,0.52,26323781152.54302,0.10935756076021602,853991403476.3536,350155237214.4898,
8e3b90aafc,180,3,78,0.78,2045550458.9910967,0.032633672018961245,238058916050.11108,105357773592.17857,
8e3b90aafc,180,4,104,1.04,443094665.043502,0.016095305975528558,110796891229.3676,63797023108.059235,
8e3b90aafc,180,5,130,1.3,184719713.9871301,0.010637719880818642,71537847557.68591,20910483648.94779,
8e3b90aafc,180,6,156,1.56,96917692.06661317,0.008060689197652156,51818002694.23758,29969194962.42348,
8e3b90aafc,180,7,182,1.82,76259053.97869973,0.00368443253366134,45964737343.95589,17703614205.725018,
8e3b90aafc,180,8,208,2.08,444.1900433553234,7.89390889241031e-06,97491622.93863614,41486824.64275956,
8e3b90aafc,180,9,234,2.34,101.2996859706838,1.7981626220327951e-07,2196962.806617894,861796.3433823962,
8e3b90aafc,180,10,260,2.6,101.125820467153,8.11140463964696e-09,98465.55310002847,52056.26511756291,
8e3b90aafc,180,11,286,2.86,101.12547170729478,4.765753174805279e-10,5750.908193537951,2766.3101951623626,
8e3b90aafc,180,12,312,3.12,101.12547052133428,3.412931733806412e-11,408.73046436816986,138.38715553298496,
8e3b90aafc,180,13,338,3.38,101.1254705138691,7.526732025512045e-13,35.74336515379291,14.221299159941209,
8e3b90aafc,180,14,364,3.64,101.12547051379038,1.0941521205078634e-12,25.856647326146007,12.144709674528524,
8e3b90aafc,180,15,390,3.9,101.12547051377682,9.693629972569983e-13,11.412561290093558,4.96637083766231,
8e3b90aafc,180,16,416,4.16,101.12547051377668,4.863118967030517e-13,1.4269618777984665,0.47864310463113235,
8e3b90aafc,180,17,442,4.42,101.12547051310366,1.7229807990384688e-12,5.034402421021198,2.316939343086521,
8e3b90aafc,180,18,468,4.68,101.12547051270559,9.420205287568313e-17,17.955726226661945,7.296803028144063,
8e3b90aafc,180,19,494,4.94,101.12547051270477,3.8652959328561547e-13,17.955695090432098,7.659853513122394,
8e3b90aafc,180,20,520,5.2,101.12547051200036,3.365411513933867e-17,12.765468644124514,6.207166279748315,
8e3b90aafc,180,21,546,5.46,101.12547051196648,3.371331873981833e-17,12.765445763280377,4.227532411437869,
8e3b90aafc,180,22,572,5.72,101.12547051196648,5.399866071235169e-16,12.765445763280377,5.014391985192879,
8e3b90aafc,180,23,598,5.98,101.1254705118828,5.404414967162339e-16,12.761342029254475,5.539429380426357,
8e3b90aafc,180,24,624,6.24,101.12547051175724,1.691810716003166e-17,12.757543960343279,7.600014609444194,
8e3b90aafc,180,25,650,6.5,101.12547051175724,3.386309816284952e-17,12.757543960343279,5.850499535499704,
8e3b90aafc,180,26,676,6.76,101.12547051175724,3.388622388568802e-17,12.757543960343279,6.146069268756609,
8e3b90aafc,180,27,702,7.02,101.12547051175724,3.394514682522745e-17,12.757543960343279,5.325616291414944,
8e3b90aafc,180,28,728,7.28,101.12547051175724,1.698924635103932e-17,12.757543960343279,5.874635551212424,
8e3b90aafc,180,29,754,7.54,101.12547051175724,1.7016276948035083e-17,12.757543960343279,4.476348561046849,
8e3b90aafc,180,30,780,7.8,101.12547051175724,1.702777993581993e-17,12.757543960343279,7.39214934117982,
8e3b90aafc,180,31,806,8.06,101.12547051175724,5.453777701024329e-16,12.757543960343279,5.602015371484136,
8e3b90aafc,180,32,832,8.32,101.12547051174369,6.817438844919038e-17,12.754220966127459,5.1813523356931075,
8e3b90aafc,180,33,858,8.58,101.12547051171185,6.82327818468305e-17,12.754154091324432,4.489502726864397,
8e3b90aafc,180,34,884,8.84,101.12547051171185,3.4164050269343005e-17,12.754154091324432,4.2901885073483825,
8e3b90aafc,180,35,910,9.1,101.12547051171185,3.4205333446833477e-17,12.754154091324432,6.284154609847378,
8e3b90aafc,180,36,936,9.36,101.12547051167066,3.426711702196863e-17,12.754121237531876,6.574212865133751,
8e3b90aafc,180,37,962,9.62,101.12547051167066,3.428274907956828e-17,12.754121237531876,4.736118738093408,
8e3b90aafc,180,38,988,9.88,101.12547051167066,3.429362185529516e-17,12.754121237531876,5.645575163596535,
8e3b90aafc,180,39,1014,10.14,101.12547051164378,3.430333203440912e-17,12.754099423961266,5.538574957469372,
8e3b90aafc,180,40,1040,10.4,101.12547051164378,3.43340950687764e-17,12.754099423961266,5.663215525262605,
8e3b90aafc,180,41,1066,10.66,101.12547051164378,3.43575226194913e-17,12.754099423961266,7.016214891818086,
8e3b90aafc,180,42,1092,10.92,101.12547051164378,3.4362949704131004e-17,12.754099423961266,4.28404196223827,
8e3b90aafc,180,43,1118,11.18,101.12547051164378,3.438109696570235e-17,12.754099423961266,6.096329686486454,
8e3b90aafc,180,44,1144,11.44,101.12547051164378,3.4401949533236224e-17,12.754099423961266,4.966340086006007,
8e3b90aafc,180,45,1170,11.7,101.12547051164378,3.4421045435349663e-17,12.754099423961266,5.057632765156502,
8e3b90aafc,180,46,1196,11.96,101.12547051164378,3.442653866689053e-17,12.754099423961266,5.191918416823355,
8e3b90aafc,180,47,1222,12.22,101.12547051164378,3.4439280572671527e-17,12.754099423961266,5.579927180226599,
8e3b90aafc,180,48,1248,12.48,101.12547051164378,3.444342099191344e-17,12.754099423961266,6.473527548144204,
8e3b90aafc,180,49,1274,12.74,101.12547051164378,3.444655987821552e-17,12.754099423961266,4.766459715083809,
8e3b90aafc,180,50,1300,13.0,101.12547051164378,3.445284606375663e-17,12.754099423961266,4.959489535010345,
8e3b90aafc,180,51,1326,13.26,101.12547051164378,3.446208767877506e-17,12.754099423961266,6.593087182639417,
8e3b90aafc,180,52,1352,13.52,101.12547051164378,3.4462736636226395e-17,12.754099423961266,7.845668739088336,
8e3b90aafc,180,53,1378,13.78,101.12547051164378,3.447423261796764e-17,12.754099423961266,6.9139694648035945,
8e3b90aafc,180,54,1404,14.04,101.12547051164378,3.4477010638885884e-17,12.754099423961266,5.743052152716915,
8e3b90aafc,180,55,1430,14.3,101.12547051164378,3.447890818793902e-17,12.754099423961266,6.83444471433223,
8e3b90aafc,180,56,1456,14.56,101.12547051164378,3.448140677718961e-17,12.754099423961266,6.044108301037518,
8e3b90aafc,180,57,1482,14.82,101.12547051164378,3.4483263919063757e-17,12.754099423961266,5.1656159314140355,
8e3b90aafc,180,58,1508,15.08,101.12547051164378,3.449002027681428e-17,12.754099423961266,4.774967232429338,
8e3b90aafc,180,59,1534,15.34,101.12547051164378,3.4494868198960405e-17,12.754099423961266,4.549515088348642,
8e3b90aafc,180,60,1560,15.6,101.12547051164378,3.450039497263374e-17,12.754099423961266,4.65654861489486,
8e3b90aafc,180,61,1586,15.86,101.12547051164378,3.450558137381789e-17,12.754099423961266,5.6795138074931835,
8e3b90aafc,180,62,1612,16.12,101.12547051164378,3.451073812171444e-17,12.754099423961266,5.520563942770031,
8e3b90aafc,180,63,1638,16.38,101.12547051164378,3.451234517328326e-17,12.754099423961266,6.808862138328445,
8e3b90aafc,180,64,1664,16.64,101.12547051164378,3.4516397269182805e-17,12.754099423961266,5.497738516617824,
8e3b90aafc,180,65,1690,16.9,101.12547051164378,3.4522188914330886e-17,12.754099423961266,5.021717325352625,
8e3b90aafc,180,66,1716,17.16,101.12547051164378,3.452508519006687e-17,12.754099423961266,5.453658871008542,
8e3b90aafc,180,67,1742,17.42,101.12547051164378,3.452854597215916e-17,12.754099423961266,7.070103158852595,
8e3b90aafc,180,68,1768,17.68,101.12547051164378,3.4530814493087577e-17,12.754099423961266,5.969743137580611,
8e3b90aafc,180,69,1794,17.94,101.12547051164378,3.453166017255455e-17,12.754099423961266,6.5677040165959095,
8e3b90aafc,180,70,1820,18.2,101.12547051164378,3.4533447634304376e-17,12.754099423961266,6.4545688099223675,
8e3b90aafc,180,71,1846,18.46,101.12547051164378,3.4535770860494825e-17,12.754099423961266,5.824108516911343,
8e3b90aafc,180,72,1872,18.72,101.12547051164378,3.453674932811377e-17,12.754099423961266,5.530847494630611,
8e3b90aafc,180,73,1898,18.98,101.12547051164378,3.453871696016709e-17,12.754099423961266,7.331851254904842,
8e3b90aafc,180,74,1924,19.24,101.12547051164378,3.4538978067804116e-17,12.754099423961266,6.057703186598132,
8e3b90aafc,180,75,1950,19.5,101.12547051164378,3.454144305971872e-17,12.754099423961266,4.895689395172821,
8e3b90aafc,180,76,1976,19.76,101.12547051164378,3.454245982744357e-17,12.754099423961266,5.859512111178484,
8e3b90aafc,180,77,2002,20.02,101.12547051164378,3.454377568244107e-17,12.754099423961266,5.39521159744538,
8e3b90aafc,180,78,2028,20.28,101.12547051164378,3.454945344490822e-17,12.754099423961266,6.618320174802259,
8e3b90aafc,180,79,2054,20.54,101.12547051164378,3.455006251578131e-17,12.754099423961266,6.4248456266651495,
8e3b90aafc,180,80,2080,20.8,101.12547051164378,3.455151962388724e-17,12.754099423961266,5.863246177861761,
8e3b90aafc,180,81,2106,21.06,101.12547051164378,3.455218157535967e-17,12.754099423961266,4.999400907000839,
8e3b90aafc,180,82,2132,21.32,101.12547051164378,3.455406835032059e-17,12.754099423961266,5.664234006692856,
8e3b90aafc,180,83,2158,21.58,101.12547051164378,3.455459235136373e-17,12.754099423961266,6.009542629687841,
8e3b90aafc,180,84,2184,21.84,101.12547051164378,3.455483272790278e-17,12.754099423961266,3.632119204071886,
8e3b90aafc,180,85,2210,22.1,101.12547051164378,3.4555975166805346e-17,12.754099423961266,5.782647871475517,
8e3b90aafc,180,86,2236,22.36,101.12547051164378,3.455671511454864e-17,12.754099423961266,5.90494432849569,
8e3b90aafc,180,87,2262,22.62,101.12547051164378,3.4557026827882676e-17,12.754099423961266,6.767187009352623,
8e3b90aafc,180,88,2288,22.88,101.12547051164378,3.4557751786393755e-17,12.754099423961266,5.5517793415797225,
8e3b90aafc,180,89,2314,23.14,101.12547051164378,3.4558367669298923e-17,12.754099423961266,5.09840475471988,
8e3b90aafc,180,90,2340,23.4,101.12547051164378,3.455919619367178e-17,12.754099423961266,5.483323080441761,
8e3b90aafc,180,91,2366,23.66,101.12547051164378,3.455959688589458e-17,12.754099423961266,4.83320422418772,
8e3b90aafc,180,92,2392,23.92,101.12547051164378,3.456059237645105e-17,12.754099423961266,7.0345725888809465,
8e3b90aafc,180,93,2418,24.18,101.12547051164378,3.456095424878047e-17,12.754099423961266,7.263994400783896,
8e3b90aafc,180,94,2444,24.44,101.12547051164378,3.456138622466643e-17,12.754099423961266,3.6038694765825596,
8e3b90aafc,180,95,2470,24.7,101.12547051164378,3.456224069203396e-17,12.754099423961266,4.371383298529997,
8e3b90aafc,180,96,2496,24.96,101.12547051164378,3.4562323112471504e-17,12.754099423961266,6.313148365312165,
8e3b90aafc,180,97,2522,25.22,101.12547051164378,3.456273561374297e-17,12.754099423961266,5.38801905319961,
8e3b90aafc,180,98,2548,25.48,101.12547051164378,3.4563069581269547e-17,12.754099423961266,6.336936085847446,
8e3b90aafc,180,99,2574,25.74,101.12547051164378,3.456354956348901e-17,12.754099423961266,6.29275505722535,
8e3b90aafc,180,100,2600,26.0,101.12547051164378,3.456443714872743e-17,12.754099423961266,5.794255121276369,
8e3b90aafc,180,101,2626,26.26,101.12547051164378,3.456455866875611e-17,12.754099423961266,6.298784808401585,
8e3b90aafc,180,102,2652,26.52,101.12547051164378,3.456470613667691e-17,12.754099423961266,5.364640627319236,
8e3b90aafc,180,103,2678,26.78,101.12547051164378,3.456493417061753e-17,12.754099423961266,6.172303648460398,
8e3b90aafc,180,104,2704,27.04,101.12547051164378,3.456513974053738e-17,12.754099423961266,5.84838080348493,
8e3b90aafc,180,105,2730,27.3,101.12547051164378,3.456524268274119e-17,12.754099423961266,5.50567630855911,
8e3b90aafc,180,106,2756,27.56,101.12547051164378,3.456535498464384e-17,12.754099423961266,5.247841948540915,
8e3b90aafc,180,107,2782,27.82,101.12547051164378,3.456550988929702e-17,12.754099423961266,6.01610093437986,
8e3b90aafc,180,108,2808,28.08,101.12547051164378,3.45657264093654e-17,12.754099423961266,6.227264135247239,
8e3b90aafc,180,109,2834,28.34,101.12547051164378,3.456578567953639e-17,12.754099423961266,6.2336684824188,
8e3b90aafc,180,110,2860,28.6,101.12547051164378,3.456617218800822e-17,12.754099423961266,5.250154581244727,
8e3b90aafc,180,111,2886,28.86,101.12547051164378,3.45664319521047e-17,12.754099423961266,6.2001386044649305,
8e3b90aafc,180,112,2912,29.12,101.12547051164378,3.456650875512165e-17,12.754099423961266,5.222159064634108,
8e3b90aafc,180,113,2938,29.38,101.12547051164378,3.456664384877381e-17,12.754099423961266,5.490340275638977,
8e3b90aafc,180,114,2964,29.64,101.12547051164378,3.4566833543690295e-17,12.754099423961266,5.6557993174988885,
8e3b90aafc,180,115,2990,29.9,101.12547051164378,3.4567103741993355e-17,12.754099423961266,6.918324270901909,
8e3b90aafc,180,116,3016,30.16,101.12547051164378,3.45673431091029e-17,12.754099423961266,4.492013770824805,
8e3b90aafc,180,117,3042,30.42,101.12547051164378,3.456743696881512e-17,12.754099423961266,6.24074910322728,
8e3b90aafc,180,118,3068,30.68,101.12547051164378,3.456750562568159e-17,12.754099423961266,4.871410009405083,
8e3b90aafc,180,119,3094,30.94,101.12547051164378,3.456762138907372e-17,12.754099423961266,6.780737682912943,
8e3b90aafc,180,120,3120,31.2,101.12547051164378,3.456791349513012e-17,12.754099423961266,5.393171697204699,
8e3b90aafc,180,121,3146,31.46,101.12547051164378,3.456802198803656e-17,12.754099423961266,6.595363159616971,
8e3b90aafc,180,122,3172,31.72,101.12547051164378,3.456806901526818e-17,12.754099423961266,5.138334132248735,
8e3b90aafc,180,123,3198,31.98,101.12547051164378,3.4568133855344834e-17,12.754099423961266,4.558993602522311,
8e3b90aafc,180,124,3224,32.24,101.12547051164378,3.456819085395055e-17,12.754099423961266,5.2399693195700285,
8e3b90aafc,180,125,3250,32.5,101.12547051164378,3.456837489139064e-17,12.754099423961266,5.867151018219832,
8e3b90aafc,180,126,3276,32.76,101.12547051164378,3.4568475075413837e-17,12.754099423961266,5.8989134503486635,
8e3b90aafc,180,127,3302,33.02,101.12547051164378,3.4568702075182545e-17,12.754099423961266,4.902492018026335,
8e3b90aafc,180,128,3328,33.28,101.12547051164378,3.4568831519886894e-17,12.754099423961266,5.37584892022056,
8e3b90aafc,180,129,3354,33.54,101.12547051164378,3.456886929480738e-17,12.754099423961266,4.78078873758806,
8e3b90aafc,180,130,3380,33.8,101.12547051164378,3.4568967126707687e-17,12.754099423961266,4.937068453261513,
8e3b90aafc,180,131,3406,34.06,101.12547051164378,3.456899677256098e-17,12.754099423961266,4.589891145709537,
8e3b90aafc,180,132,3432,34.32,101.12547051164378,3.456906272542156e-17,12.754099423961266,5.617302750107729,
8e3b90aafc,180,133,3458,34.58,101.12547051164378,3.456913602799256e-17,12.754099423961266,5.433843022693155,
8e3b90aafc,180,134,3484,34.84,101.12547051164378,3.4569174466135906e-17,12.754099423961266,6.473659203721142,
8e3b90aafc,180,135,3510,35.1,101.12547051164378,3.456927145373805e-17,12.754099423961266,3.8716450122537696,
8e3b90aafc,180,136,3536,35.36,101.12547051164378,3.456937388760964e-17,12.754099423961266,5.172199923848099,
8e3b90aafc,180,137,3562,35.62,101.12547051164378,3.4569417904495406e-17,12.754099423961266,5.055513193745831,
8e3b90aafc,180,138,3588,35.88,101.12547051164378,3.456943137141783e-17,12.754099423961266,5.451398572141301,
8e3b90aafc,180,139,3614,36.14,101.12547051164378,3.4569441006636635e-17,12.754099423961266,4.2722522398814595,
8e3b90aafc,180,140,3640,36.4,101.12547051164378,3.456947675029595e-17,12.754099423961266,4.80163735481046,
8e3b90aafc,180,141,3666,36.66,101.12547051164378,3.4569507556873225e-17,12.754099423961266,5.968575464465116,
8e3b90aafc,180,142,3692,36.92,101.12547051164378,3.4569556833039576e-17,12.754099423961266,5.955391196762097,
8e3b90aafc,180,143,3718,37.18,101.12547051164378,3.456958872668693e-17,12.754099423961266,5.523198523668712,
8e3b90aafc,180,144,3744,37.44,101.12547051164378,3.4569603591078576e-17,12.754099423961266,4.696260766733778,
8e3b90aafc,180,145,3770,37.7,101.12547051164378,3.456961122589213e-17,12.754099423961266,6.098194052064527,
8e3b90aafc,180,146,3796,37.96,101.12547051164378,3.456965191194345e-17,12.754099423961266,6.153862756280134,
8e3b90aafc,180,147,3822,38.22,101.12547051164378,3.4569666044015856e-17,12.754099423961266,5.581111061586323,
8e3b90aafc,180,148,3848,38.48,101.12547051164378,3.4569695395221335e-17,12.754099423961266,5.508220626431257,
8e3b90aafc,180,149,3874,38.74,101.12547051164378,3.456971797434319e-17,12.754099423961266,6.310495764849015,
8e3b90aafc,180,150,3900,39.0,101.12547051164378,3.4569742813812914e-17,12.754099423961266,5.491615941247897,
8e3b90aafc,180,151,3926,39.26,101.12547051164378,3.4569755983923245e-17,12.754099423961266,6.751063472344442,
8e3b90aafc,180,152,3952,39.52,101.12547051164378,3.45697681331663e-17,12.754099423961266,3.683969265446648,
8e3b90aafc,180,153,3978,39.78,101.12547051164378,3.4569784321976414e-17,12.754099423961266,3.7062706831575443,
8e3b90aafc,180,154,4004,40.04,101.12547051164378,3.456981891025047e-17,12.754099423961266,5.733932280143377,
8e3b90aafc,180,155,4030,40.3,101.12547051164378,3.456982745001342e-17,12.754099423961266,4.866624059112925,
8e3b90aafc,180,156,4056,40.56,101.12547051164378,3.456983140225435e-17,12.754099423961266,6.259798641901847,
8e3b90aafc,180,157,4082,40.82,101.12547051164378,3.456984448023649e-17,12.754099423961266,6.231942667428941,
8e3b90aafc,180,158,4108,41.08,101.12547051164378,3.4569851379600746e-17,12.754099423961266,5.257126159812095,
8e3b90aafc,180,159,4134,41.34,101.12547051164378,3.456985350740305e-17,12.754099423961266,6.0228707677729725,
8e3b90aafc,180,160,4160,41.6,101.12547051164378,3.4569862146584004e-17,12.754099423961266,6.400860308613081,
8e3b90aafc,180,161,4186,41.86,101.12547051164378,3.45698709236635e-17,12.754099423961266,6.747635962459232,
8e3b90aafc,180,162,4212,42.12,101.12547051164378,3.4569875071516316e-17,12.754099423961266,5.975192647334503,
8e3b90aafc,180,163,4238,42.38,101.12547051164378,3.4569878754608923e-17,12.754099423961266,6.056364886607308,
8e3b90aafc,180,164,4264,42.64,101.12547051164378,3.456988264735249e-17,12.754099423961266,5.59924543387385,
8e3b90aafc,180,165,4290,42.9,101.12547051164378,3.4569889420598646e-17,12.754099423961266,5.365201700288281,
8e3b90aafc,180,166,4316,43.16,101.12547051164378,3.456989675754047e-17,12.754099423961266,5.972571880826727,
8e3b90aafc,180,167,4342,43.42,101.12547051164378,3.456990115635601e-17,12.754099423961266,6.285827686437808,
8e3b90aafc,180,168,4368,43.68,101.12547051164378,3.4569917562292416e-17,12.754099423961266,7.186192305943144,
8e3b90aafc,180,169,4394,43.94,101.12547051164378,3.456993757733848e-17,12.754099423961266,5.592739740863623,
8e3b90aafc,180,170,4420,44.2,101.12547051164378,3.456995216322981e-17,12.754099423961266,4.397855498790365,
8e3b90aafc,180,171,4446,44.46,101.12547051164378,3.456995479881882e-17,12.754099423961266,4.908274175196795,
8e3b90aafc,180,172,4472,44.72,101.12547051164378,3.4569962485605816e-17,12.754099423961266,6.91526683443638,
8e3b90aafc,180,173,4498,44.98,101.12547051164378,3.456996718213014e-17,12.754099423961266,5.867395020464578,
8e3b90aafc,180,174,4524,45.24,101.12547051164378,3.456997017985565e-17,12.754099423961266,4.541237948579398,
8e3b90aafc,180,175,4550,45.5,101.12547051164378,3.456997411596783e-17,12.754099423961266,5.004554621748064,
8e3b90aafc,180,176,4576,45.76,101.12547051164378,3.456997937645785e-17,12.754099423961266,6.64664204752824,
8e3b90aafc,180,177,4602,46.02,101.12547051164378,3.456998307996714e-17,12.754099423961266,5.661789831791933,
8e3b90aafc,180,178,4628,46.28,101.12547051164378,3.4569986261401724e-17,12.754099423961266,5.07922335377123,
8e3b90aafc,180,179,4654,46.54,101.12547051164378,3.456999154703653e-17,12.754099423961266,6.486663189477449,
8e3b90aafc,180,180,4680,46.8,101.12547051164378,3.4569999445416794e-17,12.754099423961266,5.3493977075837185,
8e3b90aafc,180,181,4706,47.06,101.12547051164378,3.4570003297679445e-17,12.754099423961266,3.980076861161154,
8e3b90aafc,180,182,4732,47.32,101.12547051164378,3.45700092925598e-17,12.754099423961266,6.502292584924172,
8e3b90aafc,180,183,4758,47.58,101.12547051164378,3.4570009485602057e-17,12.754099423961266,4.970204572062838,
8e3b90aafc,180,184,4784,47.84,101.12547051164378,3.4570010957705894e-17,12.754099423961266,5.26837392115994,
8e3b90aafc,180,185,4810,48.1,101.12547051164378,3.457001415338113e-17,12.754099423961266,5.997295243834603,
8e3b90aafc,180,186,4836,48.36,101.12547051164378,3.4570017731100756e-17,12.754099423961266,5.82331246896805,
8e3b90aafc,180,187,4862,48.62,101.12547051164378,3.457001976797378e-17,12.754099423961266,6.6180753896232725,
8e3b90aafc,180,188,4888,48.88,101.12547051164378,3.457002033936463e-17,12.754099423961266,5.983667234773482,
8e3b90aafc,180,189,4914,49.14,101.12547051164378,3.4570023279192363e-17,12.754099423961266,4.932249514567313,
8e3b90aafc,180,190,4940,49.4,101.12547051164378,3.457002569936309e-17,12.754099423961266,6.104751222819133,
8e3b90aafc,180,191,4966,49.66,101.12547051164378,3.4570027839973186e-17,12.754099423961266,5.213422589662118,
8e3b90aafc,180,192,4992,49.92,101.12547051164378,3.457003030677927e-17,12.754099423961266,4.166951785986197,
8e3b90aafc,180,193,5018,50.18,101.12547051164378,3.4570030945274773e-17,12.754099423961266,5.80578050254948,
8e3b90aafc,180,194,5044,50.44,101.12547051164378,3.457003215439676e-17,12.754099423961266,4.953840566702268,
8e3b90aafc,180,195,5070,50.7,101.12547051164378,3.457003320997248e-17,12.754099423961266,6.208195051475112,
8e3b90aafc,180,196,5096,50.96,101.12547051164378,3.457003414837311e-17,12.754099423961266,7.460348259031533,
8e3b90aafc,180,197,5122,51.22,101.12547051164378,3.457003586219012e-17,12.754099423961266,5.614544372769844,
8e3b90aafc,180,198,5148,51.48,101.12547051164378,3.457003759225228e-17,12.754099423961266,5.9168739627532725,
8e3b90aafc,180,199,5174,51.74,101.12547051164378,3.4570038921867294e-17,12.754099423961266,6.627351429811026,
8e3b90aafc,180,200,5200,52.0,101.12547051164378,3.457004055792965e-17,12.754099423961266,5.064653792905761,
8e3b90aafc,180,201,5226,52.26,101.12547051164378,3.4570041886162424e-17,12.754099423961266,5.393599001569883,
8e3b90aafc,180,202,5252,52.52,101.12547051164378,3.457004264819283e-17,12.754099423961266,3.9129043751325745,
8e3b90aafc,180,203,5278,52.78,101.12547051164378,3.457004389385109e-17,12.754099423961266,5.642400730544089,
8e3b90aafc,180,204,5304,53.04,101.12547051164378,3.457004482409003e-17,12.754099423961266,7.1695884125171485,
8e3b90aafc,180,205,5330,53.3,101.12547051164378,3.457004604006658e-17,12.754099423961266,5.545766017623444,
8e3b90aafc,180,206,5356,53.56,101.12547051164378,3.457004646823493e-17,12.754099423961266,4.983568991127974,
8e3b90aafc,180,207,5382,53.82,101.12547051164378,3.4570048052418126e-17,12.754099423961266,5.405260299692198,
8e3b90aafc,180,208,5408,54.08,101.12547051164378,3.457004838515999e-17,12.754099423961266,6.1248474705054825,
8e3b90aafc,180,209,5434,54.34,101.12547051164378,3.4570049051181964e-17,12.754099423961266,4.698576866633279,
8e3b90aafc,180,210,5460,54.6,101.12547051164378,3.457004927923966e-17,12.754099423961266,4.242510708843344,
8e3b90aafc,180,211,5486,54.86,101.12547051164378,3.4570049534974943e-17,12.754099423961266,6.712706492068522,
8e3b90aafc,180,212,5512,55.12,101.12547051164378,3.457004994726813e-17,12.754099423961266,5.156484994411437,
8e3b90aafc,180,213,5538,55.38,101.12547051164378,3.45700506110686e-17,12.754099423961266,6.487453710230752,
8e3b90aafc,180,214,5564,55.64,101.12547051164378,3.457005084211087e-17,12.754099423961266,5.838922286587035,
8e3b90aafc,180,215,5590,55.9,101.12547051164378,3.457005114431943e-17,12.754099423961266,4.90121734429111,
8e3b90aafc,180,216,5616,56.16,101.12547051164378,3.457005126840469e-17,12.754099423961266,6.179637157644638,
8e3b90aafc,180,217,5642,56.42,101.12547051164378,3.4570051743166746e-17,12.754099423961266,6.331170698869324,
8e3b90aafc,180,218,5668,56.68,101.12547051164378,3.4570052049531756e-17,12.754099423961266,6.233462655104777,
8e3b90aafc,180,219,5694,56.94,101.12547051164378,3.457005241495481e-17,12.754099423961266,4.8101360691339865,
8e3b90aafc,180,220,5720,57.2,101.12547051164378,3.457005258536604e-17,12.754099423961266,5.401513748817958,
8e3b90aafc,180,221,5746,57.46,101.12547051164378,3.457005287258375e-17,12.754099423961266,6.77482753735796,
8e3b90aafc,180,222,5772,57.72,101.12547051164378,3.457005309288048e-17,12.754099423961266,4.141410776415551,
8e3b90aafc,180,223,5798,57.98,101.12547051164378,3.4570053229191685e-17,12.754099423961266,6.264954481934381,
8e3b90aafc,180,224,5824,58.24,101.12547051164378,3.457005328517441e-17,12.754099423961266,6.552549235076101,
8e3b90aafc,180,225,5850,58.5,101.12547051164378,3.457005339210997e-17,12.754099423961266,5.789705544493718,
8e3b90aafc,180,226,5876,58.76,101.12547051164378,3.457005344467047e-17,12.754099423961266,5.140658551357483,
8e3b90aafc,180,227,5902,59.02,101.12547051164378,3.4570053561684563e-17,12.754099423961266,6.615932244394992,
8e3b90aafc,180,228,5928,59.28,101.12547051164378,3.457005368998816e-17,12.754099423961266,5.191494398169816,
8e3b90aafc,180,229,5954,59.54,101.12547051164378,3.457005397729442e-17,12.754099423961266,4.846928255787448,
8e3b90aafc,180,230,5980,59.8,101.12547051164378,3.457005416995729e-17,12.754099423961266,6.132520948804371,
8e3b90aafc,180,231,6006,60.06,101.12547051164378,3.457005422007444e-17,12.754099423961266,6.469517000612946,
8e3b90aafc,180,232,6032,60.32,101.12547051164378,3.4570054282976765e-17,12.754099423961266,6.676666669869987,
8e3b90aafc,180,233,6058,60.58,101.12547051164378,3.457005441922066e-17,12.754099423961266,6.32795135602477,
8e3b90aafc,180,234,6084,60.84,101.12547051164378,3.4570054438076624e-17,12.754099423961266,4.395937249052991,
8e3b90aafc,180,235,6110,61.1,101.12547051164378,3.4570054575954196e-17,12.754099423961266,6.141357272252594,
8e3b90aafc,180,236,6136,61.36,101.12547051164378,3.457005466693698e-17,12.754099423961266,5.6188359320782855,
8e3b90aafc,180,237,6162,61.62,101.12547051164378,3.457005471157529e-17,12.754099423961266,5.185823332598648,
8e3b90aafc,180,238,6188,61.88,101.12547051164378,3.4570054761106506e-17,12.754099423961266,4.8650934029636765,
8e3b90aafc,180,239,6214,62.14,101.12547051164378,3.4570054816613736e-17,12.754099423961266,5.595344777829123,
8e3b90aafc,180,240,6240,62.4,101.12547051164378,3.457005484686627e-17,12.754099423961266,4.867369249736264,
8e3b90aafc,180,241,6266,62.66,101.12547051164378,3.457005502973845e-17,12.754099423961266,5.028075716725529,
8e3b90aafc,180,242,6292,62.92,101.12547051164378,3.457005505424595e-17,12.754099423961266,6.659515861108638,
8e3b90aafc,180,243,6318,63.18,101.12547051164378,3.457005509749161e-17,12.754099423961266,6.083051273935551,
8e3b90aafc,180,244,6344,63.44,101.12547051164378,3.457005512691938e-17,12.754099423961266,5.918759690856128,
8e3b90aafc,180,245,6370,63.7,101.12547051164378,3.457005517003092e-17,12.754099423961266,6.765213711216212,
8e3b90aafc,180,246,6396,63.96,101.12547051164378,3.457005522827851e-17,12.754099423961266,5.052836551754872,
8e3b90aafc,180,247,6422,64.22,101.12547051164378,3.4570055254699264e-17,12.754099423961266,6.2746590087948295,
8e3b90aafc,180,248,6448,64.48,101.12547051164378,3.4570055270931717e-17,12.754099423961266,5.640229369644084,
8e3b90aafc,180,249,6474,64.74,101.12547051164378,3.457005528977283e-17,12.754099423961266,6.470541583269823,
8e3b90aafc,180,250,6500,65.0,101.12547051164378,3.457005531073331e-17,12.754099423961266,4.922454429976732,
8e3b90aafc,180,251,6526,65.26,101.12547051164378,3.4570055335694387e-17,12.754099423961266,6.983500243175137,
8e3b90aafc,180,252,6552,65.52,101.12547051164378,3.457005534864673e-17,12.754099423961266,6.329953565760168,
8e3b90aafc,180,253,6578,65.78,101.12547051164378,3.4570055363495725e-17,12.754099423961266,4.522056779975012,
8e3b90aafc,180,254,6604,66.04,101.12547051164378,3.4570055392491663e-17,12.754099423961266,5.627645524864899,
8e3b90aafc,180,255,6630,66.3,101.12547051164378,3.4570055419205717e-17,12.754099423961266,3.7513608672993337,
8e3b90aafc,180,256,6656,66.56,101.12547051164378,3.45700554679855e-17,12.754099423961266,3.9620394328117694,
8e3b90aafc,180,257,6682,66.82,101.12547051164378,3.457005549125466e-17,12.754099423961266,7.105858905454716,
8e3b90aafc,180,258,6708,67.08,101.12547051164378,3.4570055508389283e-17,12.754099423961266,6.766379186322338,
8e3b90aafc,180,259,6734,67.34,101.12547051164378,3.4570055523749496e-17,12.754099423961266,5.256450350830649,
8e3b90aafc,180,260,6760,67.6,101.12547051164378,3.457005552806246e-17,12.754099423961266,6.344924914412432,
8e3b90aafc,180,261,6786,67.86,101.12547051164378,3.457005553752198e-17,12.754099423961266,6.420781804485269,
8e3b90aafc,180,262,6812,68.12,101.12547051164378,3.457005554946066e-17,12.754099423961266,5.103988337490617,
8e3b90aafc,180,263,6838,68.38,101.12547051164378,3.457005555656885e-17,12.754099423961266,4.792530106098043,
8e3b90aafc,180,264,6864,68.64,101.12547051164378,3.4570055563411826e-17,12.754099423961266,5.436223181738263,
8e3b90aafc,180,265,6890,68.9,101.12547051164378,3.457005556960142e-17,12.754099423961266,6.6867309800569155,
8e3b90aafc,180,266,6916,69.16,101.12547051164378,3.457005558581829e-17,12.754099423961266,5.419605127491034,
8e3b90aafc,180,267,6942,69.42,101.12547051164378,3.457005559171446e-17,12.754099423961266,4.797320249761244,
8e3b90aafc,180,268,6968,69.68,101.12547051164378,3.457005560207269e-17,12.754099423961266,4.375899451118767,
8e3b90aafc,180,269,6994,69.94,101.12547051164378,3.457005560433428e-17,12.754099423961266,4.841844084307043,
8e3b90aafc,180,270,7020,70.2,101.12547051164378,3.457005560833745e-17,12.754099423961266,6.854418615723433,
8e3b90aafc,180,271,7046,70.46,101.12547051164378,3.457005561636732e-17,12.754099423961266,5.365983750407199,
8e3b90aafc,180,272,7072,70.72,101.12547051164378,3.457005563133051e-17,12.754099423961266,5.798071823920013,
8e3b90aafc,180,273,7098,70.98,101.12547051164378,3.457005563903245e-17,12.754099423961266,6.498044848585384,
8e3b90aafc,180,274,7124,71.24,101.12547051164378,3.457005564024957e-17,12.754099423961266,5.6552679678684035,
8e3b90aafc,180,275,7150,71.5,101.12547051164378,3.4570055643471187e-17,12.754099423961266,3.7888067421423632,
8e3b90aafc,180,276,7176,71.76,101.12547051164378,3.4570055650856546e-17,12.754099423961266,5.02525103963024,
8e3b90aafc,180,277,7202,72.02,101.12547051164378,3.457005565352521e-17,12.754099423961266,5.3192151591151005,
8e3b90aafc,180,278,7228,72.28,101.12547051164378,3.457005566035961e-17,12.754099423961266,4.108217818758696,
8e3b90aafc,180,279,7254,72.54,101.12547051164378,3.457005566317802e-17,12.754099423961266,6.797537325904005,
8e3b90aafc,180,280,7280,72.8,101.12547051164378,3.457005566851192e-17,12.754099423961266,4.040895972540398,
8e3b90aafc,180,281,7306,73.06,101.12547051164378,3.4570055671798874e-17,12.754099423961266,5.0284753109100055,
8e3b90aafc,180,282,7332,73.32,101.12547051164378,3.4570055674320314e-17,12.754099423961266,5.546314185326643,
8e3b90aafc,180,283,7358,73.58,101.12547051164378,3.457005568576964e-17,12.754099423961266,6.737793234957295,
8e3b90aafc,180,284,7384,73.84,101.12547051164378,3.4570055688109423e-17,12.754099423961266,6.553188835982628,
8e3b90aafc,180,285,7410,74.1,101.12547051164378,3.4570055693928696e-17,12.754099423961266,5.560589950387986,
8e3b90aafc,180,286,7436,74.36,101.12547051164378,3.4570055702676424e-17,12.754099423961266,5.218752117502494,
8e3b90aafc,180,287,7462,74.62,101.12547051164378,3.4570055705572074e-17,12.754099423961266,5.865466916579564,
8e3b90aafc,180,288,7488,74.88,101.12547051164378,3.4570055710043565e-17,12.754099423961266,5.2800418331914,
8e3b90aafc,180,289,7514,75.14,101.12547051164378,3.4570055712799445e-17,12.754099423961266,6.668148716797138,
8e3b90aafc,180,290,7540,75.4,101.12547051164378,3.457005571344986e-17,12.754099423961266,5.6819214303523085,
8e3b90aafc,180,291,7566,75.66,101.12547051164378,3.4570055715359896e-17,12.754099423961266,5.490891476546739,
8e3b90aafc,180,292,7592,75.92,101.12547051164378,3.4570055718091814e-17,12.754099423961266,6.855071319141252,
8e3b90aafc,180,293,7618,76.18,101.12547051164378,3.457005572064028e-17,12.754099423961266,6.5451140887719115,
8e3b90aafc,180,294,7644,76.44,101.12547051164378,3.457005572615341e-17,12.754099423961266,6.670559532034025,
8e3b90aafc,180,295,7670,76.7,101.12547051164378,3.4570055727303275e-17,12.754099423961266,5.826180530310397,
8e3b90aafc,180,296,7696,76.96,101.12547051164378,3.4570055728085924e-17,12.754099423961266,5.567914476518101,
8e3b90aafc,180,297,7722,77.22,101.12547051164378,3.457005573049755e-17,12.754099423961266,4.523499717167993,
8e3b90aafc,180,298,7748,77.48,101.12547051164378,3.4570055731408014e-17,12.754099423961266,5.696376572314649,
8e3b90aafc,180,299,7774,77.74,101.12547051164378,3.4570055731882237e-17,12.754099423961266,5.411190252958371,
8e3b90aafc,180,300,7800,78.0,101.12547051164378,3.4570055733405675e-17,12.754099423961266,5.520742149217821,
8e3b90aafc,180,301,7826,78.26,101.12547051164378,3.4570055735714424e-17,12.754099423961266,5.452045129667081,
8e3b90aafc,180,302,7852,78.52,101.12547051164378,3.457005573690676e-17,12.754099423961266,4.84297204543466,
8e3b90aafc,180,303,7878,78.78,101.12547051164378,3.457005573797115e-17,12.754099423961266,4.329610598663349,
8e3b90aafc,180,304,7904,79.04,101.12547051164378,3.457005573821407e-17,12.754099423961266,4.854926932653676,
8e3b90aafc,180,305,7930,79.3,101.12547051164378,3.457005573986738e-17,12.754099423961266,6.275242701153135,
8e3b90aafc,180,306,7956,79.56,101.12547051164378,3.4570055741011644e-17,12.754099423961266,5.8705851123992,
8e3b90aafc,180,307,7982,79.82,101.12547051164378,3.457005574209205e-17,12.754099423961266,6.078483174298598,
8e3b90aafc,180,308,8008,80.08,101.12547051164378,3.4570055743420597e-17,12.754099423961266,6.542430191466642,
8e3b90aafc,180,309,8034,80.34,101.12547051164378,3.457005574437957e-17,12.754099423961266,5.14324056330652,
8e3b90aafc,180,310,8060,80.6,101.12547051164378,3.4570055744907174e-17,12.754099423961266,6.00542180626448,
8e3b90aafc,180,311,8086,80.86,101.12547051164378,3.457005574610813e-17,12.754099423961266,5.718549794913059,
8e3b90aafc,180,312,8112,81.12,101.12547051164378,3.457005574677554e-17,12.754099423961266,4.092255614839228,
8e3b90aafc,180,313,8138,81.38,101.12547051164378,3.4570055747629965e-17,12.754099423961266,6.438778708579553,
8e3b90aafc,180,314,8164,81.64,101.12547051164378,3.457005574855369e-17,12.754099423961266,5.273854424093028,
8e3b90aafc,180,315,8190,81.9,101.12547051164378,3.457005574936471e-17,12.754099423961266,5.336409604184547,
8e3b90aafc,180,316,8216,82.16,101.12547051164378,3.457005575003897e-17,12.754099423961266,5.08159308871814,
8e3b90aafc,180,317,8242,82.42,101.12547051164378,3.457005575038736e-17,12.754099423961266,6.643445504237745,
8e3b90aafc,180,318,8268,82.68,101.12547051164378,3.457005575101073e-17,12.754099423961266,6.187392549476024,
8e3b90aafc,180,319,8294,82.94,101.12547051164378,3.45700557511394e-17,12.754099423961266,5.11302036826198,
8e3b90aafc,180,320,8320,83.2,101.12547051164378,3.457005575182442e-17,12.754099423961266,5.891557526610562,
8e3b90aafc,180,321,8346,83.46,101.12547051164378,3.4570055752272325e-17,12.754099423961266,6.465801237685983,
8e3b90aafc,180,322,8372,83.72,101.12547051164378,3.4570055753043227e-17,12.754099423961266,5.786027209271828,
8e3b90aafc,180,323,8398,83.98,101.12547051164378,3.4570055753455425e-17,12.754099423961266,6.599615832201452,
8e3b90aafc,180,324,8424,84.24,101.12547051164378,3.457005575352732e-17,12.754099423961266,6.104137065763873,
8e3b90aafc,180,325,8450,84.5,101.12547051164378,3.457005575390118e-17,12.754099423961266,7.050656120504267,
8e3b90aafc,180,326,8476,84.76,101.12547051164378,3.4570055754616394e-17,12.754099423961266,5.43539547155011,
8e3b90aafc,180,327,8502,85.02,101.12547051164378,3.457005575493677e-17,12.754099423961266,5.775542662714712,
8e3b90aafc,180,328,8528,85.28,101.12547051164378,3.457005575499801e-17,12.754099423961266,6.6075665907197525,
8e3b90aafc,180,329,8554,85.54,101.12547051164378,3.4570055755110536e-17,12.754099423961266,7.151107386614235,
8e3b90aafc,180,330,8580,85.8,101.12547051164378,3.457005575530675e-17,12.754099423961266,5.751958128986284,
8e3b90aafc,180,331,8606,86.06,101.12547051164378,3.45700557557485e-17,12.754099423961266,5.743042478869484,
8e3b90aafc,180,332,8632,86.32,101.12547051164378,3.4570055755960287e-17,12.754099423961266,6.463276122924706,
8e3b90aafc,180,333,8658,86.58,101.12547051164378,3.4570055756064194e-17,12.754099423961266,7.000792715694904,
8e3b90aafc,180,334,8684,86.84,101.12547051164378,3.457005575610915e-17,12.754099423961266,4.81912818469686,
8e3b90aafc,180,335,8710,87.1,101.12547051164378,3.4570055756226065e-17,12.754099423961266,5.907346568372399,
8e3b90aafc,180,336,8736,87.36,101.12547051164378,3.457005575640194e-17,12.754099423961266,4.609194710732495,
8e3b90aafc,180,337,8762,87.62,101.12547051164378,3.457005575650467e-17,12.754099423961266,5.55273416581827,
8e3b90aafc,180,338,8788,87.88,101.12547051164378,3.4570055756736766e-17,12.754099423961266,6.152738090636392,
8e3b90aafc,180,339,8814,88.14,101.12547051164378,3.457005575677573e-17,12.754099423961266,4.985716041529582,
8e3b90aafc,180,340,8840,88.4,101.12547051164378,3.457005575693206e-17,12.754099423961266,5.20906151653768,
8e3b90aafc,180,341,8866,88.66,101.12547051164378,3.45700557570419e-17,12.754099423961266,5.5359115067699625,
8e3b90aafc,180,342,8892,88.92,101.12547051164378,3.4570055757186774e-17,12.754099423961266,7.42091252064129,
8e3b90aafc,180,343,8918,89.18,101.12547051164378,3.4570055757256897e-17,12.754099423961266,4.490350896894408,
8e3b90aafc,180,344,8944,89.44,101.12547051164378,3.457005575728938e-17,12.754099423961266,4.614481012028992,
8e3b90aafc,180,345,8970,89.7,101.12547051164378,3.45700557574388e-17,12.754099423961266,6.39295656477605,
8e3b90aafc,180,346,8996,89.96,101.12547051164378,3.45700557574898e-17,12.754099423961266,2.765935761727956,
8e3b90aafc,180,347,9022,90.22,101.12547051164378,3.4570055757526194e-17,12.754099423961266,5.569088881930271,
8e3b90aafc,180,348,9048,90.48,101.12547051164378,3.45700557576366e-17,12.754099423961266,5.090657945590747,
8e3b90aafc,180,349,9074,90.74,101.12547051164378,3.4570055757677144e-17,12.754099423961266,5.2956229315047025,
8e3b90aafc,180,350,9100,91.0,101.12547051164378,3.457005575773871e-17,12.754099423961266,7.380107727177637,
8e3b90aafc,180,351,9126,91.26,101.12547051164378,3.457005575777145e-17,12.754099423961266,5.662625766059662,
8e3b90aafc,180,352,9152,91.52,101.12547051164378,3.4570055757784903e-17,12.754099423961266,5.083183185506796,
8e3b90aafc,180,353,9178,91.78,101.12547051164378,3.457005575785705e-17,12.754099423961266,5.467499379120092,
8e3b90aafc,180,354,9204,92.04,101.12547051164378,3.4570055757948296e-17,12.754099423961266,5.376072232227083,
8e3b90aafc,180,355,9230,92.3,101.12547051164378,3.4570055758014524e-17,12.754099423961266,6.2964681823263025,
8e3b90aafc,180,356,9256,92.56,101.12547051164378,3.4570055758074976e-17,12.754099423961266,4.581822157585548,
8e3b90aafc,180,357,9282,92.82,101.12547051164378,3.457005575816958e-17,12.754099423961266,5.173091121695908,
8e3b90aafc,180,358,9308,93.08,101.12547051164378,3.4570055758184535e-17,12.754099423961266,5.731145271565686,
8e3b90aafc,180,359,9334,93.34,101.12547051164378,3.457005575819724e-17,12.754099423961266,6.125750673252337,
8e3b90aafc,180,360,9360,93.6,101.12547051164378,3.457005575827511e-17,12.754099423961266,6.049308694331786,
8e3b90aafc,180,361,9386,93.86,101.12547051164378,3.457005575832798e-17,12.754099423961266,6.489373745293678,
8e3b90aafc,180,362,9412,94.12,101.12547051164378,3.4570055758393466e-17,12.754099423961266,5.790638965220696,
8e3b90aafc,180,363,9438,94.38,101.12547051164378,3.457005575840788e-17,12.754099423961266,5.269941661592426,
8e3b90aafc,180,364,9464,94.64,101.12547051164378,3.457005575843549e-17,12.754099423961266,6.538517494331433,
8e3b90aafc,180,365,9490,94.9,101.12547051164378,3.457005575848553e-17,12.754099423961266,5.679535005314102,
8e3b90aafc,180,366,9516,95.16,101.12547051164378,3.457005575851975e-17,12.754099423961266,5.028800344131473,
8e3b90aafc,180,367,9542,95.42,101.12547051164378,3.457005575853051e-17,12.754099423961266,6.603930318382687,
8e3b90aafc,180,368,9568,95.68,101.12547051164378,3.4570055758551873e-17,12.754099423961266,5.606447065445329,
8e3b90aafc,180,369,9594,95.94,101.12547051164378,3.4570055758573986e-17,12.754099423961266,5.603248017220082,
8e3b90aafc,180,370,9620,96.2,101.12547051164378,3.4570055758588506e-17,12.754099423961266,6.419298736866712,
8e3b90aafc,180,371,9646,96.46,101.12547051164378,3.4570055758592216e-17,12.754099423961266,4.469661310270729,
8e3b90aafc,180,372,9672,96.72,101.12547051164378,3.457005575860399e-17,12.754099423961266,5.876578709420745,
8e3b90aafc,180,373,9698,96.98,101.12547051164378,3.457005575861228e-17,12.754099423961266,4.820595909999612,
8e3b90aafc,180,374,9724,97.24,101.12547051164378,3.4570055758626815e-17,12.754099423961266,3.8271965100905083,
8e3b90aafc,180,375,9750,97.5,101.12547051164378,3.457005575864348e-17,12.754099423961266,5.549723897775141,
8e3b90aafc,180,376,9776,97.76,101.12547051164378,3.45700557586732e-17,12.754099423961266,6.130120199424591,
8e3b90aafc,180,377,9802,98.02,101.12547051164378,3.4570055758686306e-17,12.754099423961266,5.739974039637751,
8e3b90aafc,180,378,9828,98.28,101.12547051164378,3.457005575869517e-17,12.754099423961266,4.9455120785655575,
8e3b90aafc,180,379,9854,98.54,101.12547051164378,3.457005575871097e-17,12.754099423961266,5.881801498081968,
8e3b90aafc,180,380,9880,98.8,101.12547051164378,3.4570055758713017e-17,12.754099423961266,6.006073658353228,
8e3b90aafc,180,381,9906,99.06,101.12547051164378,3.457005575872577e-17,12.754099423961266,5.5891824260231475,
8e3b90aafc,180,382,9932,99.32,101.12547051164378,3.4570055758733324e-17,12.754099423961266,5.795452690646674,
8e3b90aafc,180,383,9958,99.58,101.12547051164378,3.457005575873886e-17,12.754099423961266,5.591277838943086,
8e3b90aafc,180,384,9984,99.84,101.12547051164378,3.457005575874633e-17,12.754099423961266,5.799937599528071,
8e3b90aafc,180,385,10010,100.1,101.12547051164378,3.4570055758749847e-17,12.754099423961266,5.465921732425505,
8e3b90aafc,180,386,10036,100.36,101.12547051164378,3.457005575875701e-17,12.754099423961266,4.752212620920898,
8e3b90aafc,180,387,10062,100.62,101.12547051164378,3.45700557587627e-17,12.754099423961266,5.94023673754619,
8e3b90aafc,180,388,10088,100.88,101.12547051164378,3.4570055758771343e-17,12.754099423961266,5.553286568674621,
8e3b90aafc,180,389,10114,101.14,101.12547051164378,3.457005575877296e-17,12.754099423961266,5.478278947249329,
8e3b90aafc,180,390,10140,101.4,101.12547051164378,3.4570055758774603e-17,12.754099423961266,4.254440629805604,
8e3b90aafc,180,391,10166,101.66,101.12547051164378,3.4570055758787835e-17,12.754099423961266,5.774179568278517,
8e3b90aafc,180,392,10192,101.92,101.12547051164378,3.4570055758792507e-17,12.754099423961266,5.765038458968163,
8e3b90aafc,180,393,10218,102.18,101.12547051164378,3.457005575879804e-17,12.754099423961266,5.605955850140049,
8e3b90aafc,180,394,10244,102.44,101.12547051164378,3.457005575880854e-17,12.754099423961266,3.911513275505794,
8e3b90aafc,180,395,10270,102.7,101.12547051164378,3.4570055758818484e-17,12.754099423961266,6.616201837047799,
8e3b90aafc,180,396,10296,102.96,101.12547051164378,3.457005575882024e-17,12.754099423961266,5.952878958243462,
8e3b90aafc,180,397,10322,103.22,101.12547051164378,3.457005575882226e-17,12.754099423961266,4.9847626805978305,
8e3b90aafc,180,398,10348,103.48,101.12547051164378,3.457005575882635e-17,12.754099423961266,4.632954626297235,
8e3b90aafc,180,399,10374,103.74,101.12547051164378,3.4570055758831586e-17,12.754099423961266,8.061547195501184,
8e3b90aafc,180,400,10400,104.0,101.12547051164378,3.457005575883401e-17,12.754099423961266,5.890134123814668,
8e3b90aafc,180,401,10426,104.26,101.12547051164378,3.457005575883723e-17,12.754099423961266,4.86242989831695,
8e3b90aafc,180,402,10452,104.52,101.12547051164378,3.4570055758841324e-17,12.754099423961266,5.523693464999527,
8e3b90aafc,180,403,10478,104.78,101.12547051164378,3.457005575884425e-17,12.754099423961266,5.754553746585563,
8e3b90aafc,180,404,10504,105.04,101.12547051164378,3.457005575884455e-17,12.754099423961266,4.698784199906372,
8e3b90aafc,180,405,10530,105.3,101.12547051164378,3.457005575884911e-17,12.754099423961266,6.255502719082902,
8e3b90aafc,180,406,10556,105.56,101.12547051164378,3.457005575884975e-17,12.754099423961266,4.760283689024247,
8e3b90aafc,180,407,10582,105.82,101.12547051164378,3.4570055758850704e-17,12.754099423961266,4.963918192423699,
8e3b90aafc,180,408,10608,106.08,101.12547051164378,3.457005575885218e-17,12.754099423961266,6.868317269007134,
8e3b90aafc,180,409,10634,106.34,101.12547051164378,3.457005575885306e-17,12.754099423961266,5.955226272348607,
8e3b90aafc,180,410,10660,106.6,101.12547051164378,3.4570055758854765e-17,12.754099423961266,5.247668350771916,
8e3b90aafc,180,411,10686,106.86,101.12547051164378,3.457005575885622e-17,12.754099423961266,6.411370935393716,
8e3b90aafc,180,412,10712,107.12,101.12547051164378,3.457005575885761e-17,12.754099423961266,6.9212853057154895,
8e3b90aafc,180,413,10738,107.38,101.12547051164378,3.4570055758859036e-17,12.754099423961266,7.054076574682895,
8e3b90aafc,180,414,10764,107.64,101.12547051164378,3.457005575886036e-17,12.754099423961266,4.840779164706197,
8e3b90aafc,180,415,10790,107.9,101.12547051164378,3.45700557588617e-17,12.754099423961266,5.572096798460116,
8e3b90aafc,180,416,10816,108.16,101.12547051164378,3.4570055758863597e-17,12.754099423961266,5.196780607125056,
8e3b90aafc,180,417,10842,108.42,101.12547051164378,3.457005575886463e-17,12.754099423961266,6.818325930049413,
8e3b90aafc,180,418,10868,108.68,101.12547051164378,3.457005575886602e-17,12.754099423961266,6.693559088751405,
8e3b90aafc,180,419,10894,108.94,101.12547051164378,3.45700557588673e-17,12.754099423961266,5.3618034253475795,
8e3b90aafc,180,420,10920,109.2,101.12547051164378,3.4570055758867634e-17,12.754099423961266,5.5461922796377054,
8e3b90aafc,180,421,10946,109.46,101.12547051164378,3.45700557588683e-17,12.754099423961266,5.792316254558649,
8e3b90aafc,180,422,10972,109.72,101.12547051164378,3.457005575886942e-17,12.754099423961266,5.908920591655603,
8e3b90aafc,180,423,10998,109.98,101.12547051164378,3.4570055758870105e-17,12.754099423961266,5.192183445427568,
8e3b90aafc,180,424,11024,110.24,101.12547051164378,3.4570055758871954e-17,12.754099423961266,6.085715900985586,
8e3b90aafc,180,425,11050,110.5,101.12547051164378,3.457005575887303e-17,12.754099423961266,5.776529590113066,
8e3b90aafc,180,426,11076,110.76,101.12547051164378,3.457005575887378e-17,12.754099423961266,5.6439431579839985,
8e3b90aafc,180,427,11102,111.02,101.12547051164378,3.457005575887408e-17,12.754099423961266,5.619105679123854,
8e3b90aafc,180,428,11128,111.28,101.12547051164378,3.457005575887483e-17,12.754099423961266,4.511439545542484,
8e3b90aafc,180,429,11154,111.54,101.12547051164378,3.4570055758875276e-17,12.754099423961266,4.257510987786981,
8e3b90aafc,180,430,11180,111.8,101.12547051164378,3.45700557588757e-17,12.754099423961266,5.758433278913332,
8e3b90aafc,180,431,11206,112.06,101.12547051164378,3.4570055758875917e-17,12.754099423961266,5.3521103552561256,
8e3b90aafc,180,432,11232,112.32,101.12547051164378,3.457005575887665e-17,12.754099423961266,5.3797601556132895,
8e3b90aafc,180,433,11258,112.58,101.12547051164378,3.4570055758876866e-17,12.754099423961266,5.112862971955489,
8e3b90aafc,180,434,11284,112.84,101.12547051164378,3.4570055758877716e-17,12.754099423961266,6.939791036264096,
8e3b90aafc,180,435,11310,113.1,101.12547051164378,3.4570055758878536e-17,12.754099423961266,5.0818849178463195,
8e3b90aafc,180,436,11336,113.36,101.12547051164378,3.4570055758878764e-17,12.754099423961266,4.207049309884847,
8e3b90aafc,180,437,11362,113.62,101.12547051164378,3.4570055758878924e-17,12.754099423961266,5.2463745877471375,
8e3b90aafc,180,438,11388,113.88,101.12547051164378,3.4570055758879195e-17,12.754099423961266,4.796569455350099,
8e3b90aafc,180,439,11414,114.14,101.12547051164378,3.457005575887935e-17,12.754099423961266,6.353819292673574,
8e3b90aafc,180,440,11440,114.4,101.12547051164378,3.457005575887964e-17,12.754099423961266,5.523638994176432,
8e3b90aafc,180,441,11466,114.66,101.12547051164378,3.45700557588804e-17,12.754099423961266,6.772601981365468,
8e3b90aafc,180,442,11492,114.92,101.12547051164378,3.457005575888151e-17,12.754099423961266,5.351460015289381,
8e3b90aafc,180,443,11518,115.18,101.12547051164378,3.457005575888192e-17,12.754099423961266,5.2375664360965555,
8e3b90aafc,180,444,11544,115.44,101.12547051164378,3.4570055758882024e-17,12.754099423961266,5.1723294805197915,
8e3b90aafc,180,445,11570,115.7,101.12547051164378,3.4570055758882314e-17,12.754099423961266,7.235635010874716,
8e3b90aafc,180,446,11596,115.96,101.12547051164378,3.457005575888238e-17,12.754099423961266,6.242187442981629,
8e3b90aafc,180,447,11622,116.22,101.12547051164378,3.457005575888267e-17,12.754099423961266,4.803059446585198,
8e3b90aafc,180,448,11648,116.48,101.12547051164378,3.4570055758882794e-17,12.754099423961266,6.146471032963777,
8e3b90aafc,180,449,11674,116.74,101.12547051164378,3.457005575888304e-17,12.754099423961266,5.1731270223849455,
8e3b90aafc,180,450,11700,117.0,101.12547051164378,3.457005575888324e-17,12.754099423961266,6.690969482810338,
8e3b90aafc,180,451,11726,117.26,101.12547051164378,3.45700557588833e-17,12.754099423961266,3.989332782536236,
8e3b90aafc,180,452,11752,117.52,101.12547051164378,3.457005575888373e-17,12.754099423961266,5.7047766600962735,
8e3b90aafc,180,453,11778,117.78,101.12547051164378,3.457005575888398e-17,12.754099423961266,6.7259784552875725,
8e3b90aafc,180,454,11804,118.04,101.12547051164378,3.45700557588841e-17,12.754099423961266,5.068328725125745,
8e3b90aafc,180,455,11830,118.3,101.12547051164378,3.4570055758884335e-17,12.754099423961266,4.269008442556495,
8e3b90aafc,180,456,11856,118.56,101.12547051164378,3.4570055758884384e-17,12.754099423961266,6.099549283898923,
8e3b90aafc,180,457,11882,118.82,101.12547051164378,3.457005575888445e-17,12.754099423961266,4.311272194087706,
8e3b90aafc,180,458,11908,119.08,101.12547051164378,3.4570055758884625e-17,12.754099423961266,6.648052744107219,
8e3b90aafc,180,459,11934,119.34,101.12547051164378,3.457005575888473e-17,12.754099423961266,6.250777011237096,
8e3b90aafc,180,460,11960,119.6,101.12547051164378,3.457005575888481e-17,12.754099423961266,6.2392094921105645,
8e3b90aafc,180,461,11986,119.86,101.12547051164378,3.4570055758885106e-17,12.754099423961266,6.529006874986456,
8e3b90aafc,180,462,12012,120.12,101.12547051164378,3.45700557588853e-17,12.754099423961266,6.616010104049393,
8e3b90aafc,180,463,12038,120.38,101.12547051164378,3.457005575888546e-17,12.754099423961266,4.461935793622546,
8e3b90aafc,180,464,12064,120.64,101.12547051164378,3.4570055758885574e-17,12.754099423961266,6.087200456461164,
8e3b90aafc,180,465,12090,120.9,101.12547051164378,3.457005575888561e-17,12.754099423961266,6.975521079993797,
8e3b90aafc,180,466,12116,121.16,101.12547051164378,3.457005575888574e-17,12.754099423961266,5.53661818197346,
8e3b90aafc,180,467,12142,121.42,101.12547051164378,3.457005575888582e-17,12.754099423961266,5.259911164741625,
8e3b90aafc,180,468,12168,121.68,101.12547051164378,3.457005575888592e-17,12.754099423961266,4.818950022938333,
8e3b90aafc,180,469,12194,121.94,101.12547051164378,3.457005575888609e-17,12.754099423961266,6.772521607850254,
8e3b90aafc,180,470,12220,122.2,101.12547051164378,3.4570055758886196e-17,12.754099423961266,4.648304136363589,
8e3b90aafc,180,471,12246,122.46,101.12547051164378,3.457005575888624e-17,12.754099423961266,5.173144100698066,
8e3b90aafc,180,472,12272,122.72,101.12547051164378,3.457005575888628e-17,12.754099423961266,6.494621796925369,
8e3b90aafc,180,473,12298,122.98,101.12547051164378,3.457005575888633e-17,12.754099423961266,3.687496601258556,
8e3b90aafc,180,474,12324,123.24,101.12547051164378,3.457005575888644e-17,12.754099423961266,3.6611523930859184,
8e3b90aafc,180,475,12350,123.5,101.12547051164378,3.4570055758886455e-17,12.754099423961266,6.445422814302772,
8e3b90aafc,180,476,12376,123.76,101.12547051164378,3.457005575888653e-17,12.754099423961266,4.853325892133768,
8e3b90aafc,180,477,12402,124.02,101.12547051164378,3.457005575888657e-17,12.754099423961266,5.8887269223029515,
8e3b90aafc,180,478,12428,124.28,101.12547051164378,3.4570055758886585e-17,12.754099423961266,4.980935319912512,
8e3b90aafc,180,479,12454,124.54,101.12547051164378,3.4570055758886646e-17,12.754099423961266,4.925284531500797,
8e3b90aafc,180,480,12480,124.8,101.12547051164378,3.457005575888668e-17,12.754099423961266,5.518638502629231,
8e3b90aafc,180,481,12506,125.06,101.12547051164378,3.457005575888672e-17,12.754099423961266,3.737622012253222,
8e3b90aafc,180,482,12532,125.32,101.12547051164378,3.457005575888675e-17,12.754099423961266,6.482220763827179,
8e3b90aafc,180,483,12558,125.58,101.12547051164378,3.45700557588868e-17,12.754099423961266,6.314877403559901,
8e3b90aafc,180,484,12584,125.84,101.12547051164378,3.4570055758886856e-17,12.754099423961266,5.286518782335965,
8e3b90aafc,180,485,12610,126.1,101.12547051164378,3.457005575888686e-17,12.754099423961266,5.282421588729193,
8e3b90aafc,180,486,12636,126.36,101.12547051164378,3.45700557588869e-17,12.754099423961266,6.027193074628087,
8e3b90aafc,180,487,12662,126.62,101.12547051164378,3.457005575888693e-17,12.754099423961266,7.871122915590289,
8e3b90aafc,180,488,12688,126.88,101.12547051164378,3.457005575888694e-17,12.754099423961266,5.040355000923383,
8e3b90aafc,180,489,12714,127.14,101.12547051164378,3.4570055758886954e-17,12.754099423961266,5.835790730778045,
8e3b90aafc,180,490,12740,127.4,101.12547051164378,3.457005575888696e-17,12.754099423961266,4.579277967063445,
8e3b90aafc,180,491,12766,127.66,101.12547051164378,3.4570055758886985e-17,12.754099423961266,4.743948473947072,
8e3b90aafc,180,492,12792,127.92,101.12547051164378,3.457005575888701e-17,12.754099423961266,4.744708714971869,
8e3b90aafc,180,493,12818,128.18,101.12547051164378,3.4570055758887035e-17,12.754099423961266,5.700922658818133,
8e3b90aafc,180,494,12844,128.44,101.12547051164378,3.4570055758887065e-17,12.754099423961266,5.444946413190815,
8e3b90aafc,180,495,12870,128.7,101.12547051164378,3.457005575888708e-17,12.754099423961266,4.532608009136016,
8e3b90aafc,180,496,12896,128.96,101.12547051164378,3.457005575888708e-17,12.754099423961266,6.299156451675208,
8e3b90aafc,180,497,12922,129.22,101.12547051164378,3.457005575888711e-17,12.754099423961266,5.861548407774144,
8e3b90aafc,180,498,12948,129.48,101.12547051164378,3.457005575888713e-17,12.754099423961266,4.913773340658317,
8e3b90aafc,180,499,12974,129.74,101.12547051164378,3.4570055758887145e-17,12.754099423961266,5.2452744113337255,
8e3b90aafc,180,500,13000,130.0,101.12547051164378,3.4570055758887145e-17,12.754099423961266,5.108027308822264,
8e3b90aafc,180,501,13026,130.26,101.12547051164378,3.457005575888714e-17,12.754099423961266,4.832888862960656,
8e3b90aafc,180,502,13052,130.52,101.12547051164378,3.457005575888716e-17,12.754099423961266,5.947569693726702,
8e3b90aafc,180,503,13078,130.78,101.12547051164378,3.4570055758887195e-17,12.754099423961266,4.8848454190265835,
8e3b90aafc,180,504,13104,131.04,101.12547051164378,3.4570055758887164e-17,12.754099423961266,5.793312482224058,
8e3b90aafc,180,505,13130,131.3,101.12547051164378,3.457005575888719e-17,12.754099423961266,5.288226606853508,
8e3b90aafc,180,506,13156,131.56,101.12547051164378,3.457005575888719e-17,12.754099423961266,5.399682480875857,
8e3b90aafc,180,507,13182,131.82,101.12547051164378,3.4570055758887195e-17,12.754099423961266,5.468252139864085,
8e3b90aafc,180,508,13208,132.08,101.12547051164378,3.457005575888722e-17,12.754099423961266,6.206627869427218,
8e3b90aafc,180,509,13234,132.34,101.12547051164378,3.4570055758887213e-17,12.754099423961266,6.60194128212311,
8e3b90aafc,180,510,13260,132.6,101.12547051164378,3.4570055758887226e-17,12.754099423961266,6.375871221343338,
8e3b90aafc,180,511,13286,132.86,101.12547051164378,3.457005575888723e-17,12.754099423961266,4.396010721979674,
8e3b90aafc,180,512,13312,133.12,101.12547051164378,3.4570055758887213e-17,12.754099423961266,6.3486179813166554,
8e3b90aafc,180,513,13338,133.38,101.12547051164378,3.457005575888723e-17,12.754099423961266,6.514103967877045,
8e3b90aafc,180,514,13364,133.64,101.12547051164378,3.457005575888722e-17,12.754099423961266,6.559114953063689,
8e3b90aafc,180,515,13390,133.9,101.12547051164378,3.4570055758887244e-17,12.754099423961266,6.45414005671877,
8e3b90aafc,180,516,13416,134.16,101.12547051164378,3.457005575888724e-17,12.754099423961266,5.260988214832042,
8e3b90aafc,180,517,13442,134.42,101.12547051164378,3.4570055758887226e-17,12.754099423961266,5.796224136277,
8e3b90aafc,180,518,13468,134.68,101.12547051164378,3.457005575888725e-17,12.754099423961266,7.129411127194982,
8e3b90aafc,180,519,13494,134.94,101.12547051164378,3.457005575888724e-17,12.754099423961266,6.449924080748485,
8e3b90aafc,180,520,13520,135.2,101.12547051164378,3.457005575888725e-17,12.754099423961266,5.894467409410957,
8e3b90aafc,180,521,13546,135.46,101.12547051164378,3.457005575888726e-17,12.754099423961266,5.641405683619719,
8e3b90aafc,180,522,13572,135.72,101.12547051164378,3.4570055758887256e-17,12.754099423961266,5.628808751077873,
8e3b90aafc,180,523,13598,135.98,101.12547051164378,3.4570055758887275e-17,12.754099423961266,6.20963498075434,
8e3b90aafc,180,524,13624,136.24,101.12547051164378,3.4570055758887256e-17,12.754099423961266,7.274370777747864,
8e3b90aafc,180,525,13650,136.5,101.12547051164378,3.4570055758887275e-17,12.754099423961266,4.634309541256762,
8e3b90aafc,180,526,13676,136.76,101.12547051164378,3.457005575888725e-17,12.754099423961266,5.725891300420232,
8e3b90aafc,180,527,13702,137.02,101.12547051164378,3.4570055758887275e-17,12.754099423961266,5.692815037639636,
8e3b90aafc,180,528,13728,137.28,101.12547051164378,3.4570055758887275e-17,12.754099423961266,5.777885501626104,
8e3b90aafc,180,529,13754,137.54,101.12547051164378,3.457005575888728e-17,12.754099423961266,5.28609927391901,
8e3b90aafc,180,530,13780,137.8,101.12547051164378,3.4570055758887293e-17,12.754099423961266,6.592334891471341,
8e3b90aafc,180,531,13806,138.06,101.12547051164378,3.45700557588873e-17,12.754099423961266,5.123763626926584,
8e3b90aafc,180,532,13832,138.32,101.12547051164378,3.457005575888727e-17,12.754099423961266,4.7414110066949755,
8e3b90aafc,180,533,13858,138.58,101.12547051164378,3.4570055758887293e-17,12.754099423961266,4.950256546420332,
8e3b90aafc,180,534,13884,138.84,101.12547051164378,3.45700557588873e-17,12.754099423961266,5.731045436624801,
8e3b90aafc,180,535,13910,139.1,101.12547051164378,3.4570055758887293e-17,12.754099423961266,5.600311072946103,
8e3b90aafc,180,536,13936,139.36,101.12547051164378,3.457005575888729e-17,12.754099423961266,6.309652893148323,
8e3b90aafc,180,537,13962,139.62,101.12547051164378,3.457005575888729e-17,12.754099423961266,4.692342723766849,
8e3b90aafc,180,538,13988,139.88,101.12547051164378,3.457005575888727e-17,12.754099423961266,5.816845463853746,
8e3b90aafc,180,539,14014,140.14,101.12547051164378,3.45700557588873e-17,12.754099423961266,6.000634677267943,
8e3b90aafc,180,540,14040,140.4,101.12547051164378,3.45700557588873e-17,12.754099423961266,5.459479896177844,
8e3b90aafc,180,541,14066,140.66,101.12547051164378,3.45700557588873e-17,12.754099423961266,5.544149690833677,
8e3b90aafc,180,542,14092,140.92,101.12547051164378,3.4570055758887306e-17,12.754099423961266,4.864048524654698,
8e3b90aafc,180,543,14118,141.18,101.12547051164378,3.457005575888728e-17,12.754099423961266,5.592743949117774,
8e3b90aafc,180,544,14144,141.44,101.12547051164378,3.4570055758887293e-17,12.754099423961266,4.636644684266035,
8e3b90aafc,180,545,14170,141.7,101.12547051164378,3.4570055758887306e-17,12.754099423961266,6.3298380189898165,
8e3b90aafc,180,546,14196,141.96,101.12547051164378,3.45700557588873e-17,12.754099423961266,6.465885843687824,
8e3b90aafc,180,547,14222,142.22,101.12547051164378,3.4570055758887306e-17,12.754099423961266,5.205970769531956,
8e3b90aafc,180,548,14248,142.48,101.12547051164378,3.45700557588873e-17,12.754099423961266,5.659226774396819,
8e3b90aafc,180,549,14274,142.74,101.12547051164378,3.45700557588873e-17,12.754099423961266,6.394770656168306,
8e3b90aafc,180,550,14300,143.0,101.12547051164378,3.4570055758887293e-17,12.754099423961266,6.1267147895251215,
8e3b90aafc,180,551,14326,143.26,101.12547051164378,3.45700557588873e-17,12.754099423961266,6.4343679467622,
8e3b90aafc,180,552,14352,143.52,101.12547051164378,3.4570055758887324e-17,12.754099423961266,4.5362025655344524,
8e3b90aafc,180,553,14378,143.78,101.12547051164378,3.4570055758887324e-17,12.754099423961266,5.629269743392057,
8e3b90aafc,180,554,14404,144.04,101.12547051164378,3.45700557588873e-17,12.754099423961266,5.683772417388581,
8e3b90aafc,180,555,14430,144.3,101.12547051164378,3.4570055758887324e-17,12.754099423961266,4.7572059942742495,
8e3b90aafc,180,556,14456,144.56,101.12547051164378,3.4570055758887324e-17,12.754099423961266,5.263549672739033,
8e3b90aafc,180,557,14482,144.82,101.12547051164378,3.45700557588873e-17,12.754099423961266,5.660733335355018,
8e3b90aafc,180,558,14508,145.08,101.12547051164378,3.457005575888731e-17,12.754099423961266,5.4048370035767865,
8e3b90aafc,180,559,14534,145.34,101.12547051164378,3.457005575888729e-17,12.754099423961266,3.80809904834909,
8e3b90aafc,180,560,14560,145.6,101.12547051164378,3.45700557588873e-17,12.754099423961266,4.085181645841347,
8e3b90aafc,180,561,14586,145.86,101.12547051164378,3.4570055758887324e-17,12.754099423961266,4.548574240711083,
8e3b90aafc,180,562,14612,146.12,101.12547051164378,3.45700557588873e-17,12.754099423961266,5.317164451286746,
8e3b90aafc,180,563,14638,146.38,101.12547051164378,3.45700557588873e-17,12.754099423961266,5.633343955559161,
8e3b90aafc,180,564,14664,146.64,101.12547051164378,3.45700557588873e-17,12.754099423961266,6.172930818634789,
8e3b90aafc,180,565,14690,146.9,101.12547051164378,3.457005575888732e-17,12.754099423961266,5.652644755726536,
8e3b90aafc,180,566,14716,147.16,101.12547051164378,3.45700557588873e-17,12.754099423961266,6.171659491253891,
8e3b90aafc,180,567,14742,147.42,101.12547051164378,3.4570055758887306e-17,12.754099423961266,5.572307052640901,
8e3b90aafc,180,568,14768,147.68,101.12547051164378,3.45700557588873e-17,12.754099423961266,5.754162863183117,
8e3b90aafc,180,569,14794,147.94,101.12547051164378,3.45700557588873e-17,12.754099423961266,5.984795832549868,
8e3b90aafc,180,570,14820,148.2,101.12547051164378,3.4570055758887324e-17,12.754099423961266,4.598423606675633,
8e3b90aafc,180,571,14846,148.46,101.12547051164378,3.4570055758887324e-17,12.754099423961266,4.444429149600421,
8e3b90aafc,180,572,14872,148.72,101.12547051164378,3.457005575888733e-17,12.754099423961266,4.947500442925654,
8e3b90aafc,180,573,14898,148.98,101.12547051164378,3.457005575888731e-17,12.754099423961266,7.198980259858535,
8e3b90aafc,180,574,14924,149.24,101.12547051164378,3.4570055758887293e-17,12.754099423961266,6.095774123032873,
8e3b90aafc,180,575,14950,149.5,101.12547051164378,3.4570055758887324e-17,12.754099423961266,5.634002812002846,
8e3b90aafc,180,576,14976,149.76,101.12547051164378,3.4570055758887306e-17,12.754099423961266,7.028541374152814,
8e3b90aafc,180,577,15002,150.02,101.12547051164378,3.457005575888733e-17,12.754099423961266,3.6178156633226717,
8e3b90aafc,180,578,15028,150.28,101.12547051164378,3.457005575888731e-17,12.754099423961266,6.8787491234802784,
8e3b90aafc,180,579,15054,150.54,101.12547051164378,3.4570055758887324e-17,12.754099423961266,5.620952151377472,
8e3b90aafc,180,580,15080,150.8,101.12547051164378,3.4570055758887324e-17,12.754099423961266,4.518897101414551,
8e3b90aafc,180,581,15106,151.06,101.12547051164378,3.4570055758887324e-17,12.754099423961266,4.718213338872754,
8e3b90aafc,180,582,15132,151.32,101.12547051164378,3.457005575888732e-17,12.754099423961266,6.122831367315233,
8e3b90aafc,180,583,15158,151.58,101.12547051164378,3.457005575888732e-17,12.754099423961266,7.037054911291232,
8e3b90aafc,180,584,15184,151.84,101.12547051164378,3.457005575888731e-17,12.754099423961266,4.436118459746009,
8e3b90aafc,180,585,15210,152.1,101.12547051164378,3.457005575888732e-17,12.754099423961266,6.191715945456575,
8e3b90aafc,180,586,15236,152.36,101.12547051164378,3.457005575888732e-17,12.754099423961266,4.831679610977788,
8e3b90aafc,180,587,15262,152.62,101.12547051164378,3.45700557588873e-17,12.754099423961266,5.354727471771037,
8e3b90aafc,180,588,15288,152.88,101.12547051164378,3.4570055758887324e-17,12.754099423961266,5.818339705181385,
8e3b90aafc,180,589,15314,153.14,101.12547051164378,3.4570055758887324e-17,12.754099423961266,4.473884701041735,
8e3b90aafc,180,590,15340,153.4,101.12547051164378,3.4570055758887324e-17,12.754099423961266,6.227274588897405,
8e3b90aafc,180,591,15366,153.66,101.12547051164378,3.457005575888731e-17,12.754099423961266,5.441089665968132,
8e3b90aafc,180,592,15392,153.92,101.12547051164378,3.4570055758887337e-17,12.754099423961266,4.916190220441669,
8e3b90aafc,180,593,15418,154.18,101.12547051164378,3.457005575888732e-17,12.754099423961266,5.192720619988412,
8e3b90aafc,180,594,15444,154.44,101.12547051164378,3.45700557588873e-17,12.754099423961266,5.677803945750777,
8e3b90aafc,180,595,15470,154.7,101.12547051164378,3.4570055758887306e-17,12.754099423961266,5.161223099401694,
8e3b90aafc,180,596,15496,154.96,101.12547051164378,3.4570055758887306e-17,12.754099423961266,7.66550330919466,
8e3b90aafc,180,597,15522,155.22,101.12547051164378,3.457005575888731e-17,12.754099423961266,6.10678380406054,
8e3b90aafc,180,598,15548,155.48,101.12547051164378,3.4570055758887324e-17,12.754099423961266,6.698628228429619,
8e3b90aafc,180,599,15574,155.74,101.12547051164378,3.4570055758887324e-17,12.754099423961266,4.279863892397675,
8e3b90aafc,180,600,15600,156.0,101.12547051164378,3.457005575888731e-17,12.754099423961266,5.371656340821154,
8e3b90aafc,180,601,15626,156.26,101.12547051164378,3.457005575888729e-17,12.754099423961266,5.363501440253327,
8e3b90aafc,180,602,15652,156.52,101.12547051164378,3.4570055758887324e-17,12.754099423961266,5.779879387357018,
8e3b90aafc,180,603,15678,156.78,101.12547051164378,3.457005575888731e-17,12.754099423961266,5.918007444588591,
8e3b90aafc,180,604,15704,157.04,101.12547051164378,3.4570055758887324e-17,12.754099423961266,5.365408952039316,
8e3b90aafc,180,605,15730,157.3,101.12547051164378,3.4570055758887324e-17,12.754099423961266,5.616566305875245,
8e3b90aafc,180,606,15756,157.56,101.12547051164378,3.457005575888733e-17,12.754099423961266,5.5050266950192706,
8e3b90aafc,180,607,15782,157.82,101.12547051164378,3.457005575888732e-17,12.754099423961266,5.213772262875679,
8e3b90aafc,180,608,15808,158.08,101.12547051164378,3.4570055758887306e-17,12.754099423961266,5.453719034239279,
8e3b90aafc,180,609,15834,158.34,101.12547051164378,3.457005575888731e-17,12.754099423961266,6.212700650877543,
8e3b90aafc,180,610,15860,158.6,101.12547051164378,3.45700557588873e-17,12.754099423961266,6.366002633596459,
8e3b90aafc,180,611,15886,158.86,101.12547051164378,3.4570055758887337e-17,12.754099423961266,5.001377651665558,
8e3b90aafc,180,612,15912,159.12,101.12547051164378,3.4570055758887324e-17,12.754099423961266,5.988625426324438,
8e3b90aafc,180,613,15938,159.38,101.12547051164378,3.457005575888731e-17,12.754099423961266,4.166183746696532,
8e3b90aafc,180,614,15964,159.64,101.12547051164378,3.45700557588873e-17,12.754099423961266,5.756162605620863,
8e3b90aafc,180,615,15990,159.9,101.12547051164378,3.45700557588873e-17,12.754099423961266,5.055523942014699,
8e3b90aafc,180,616,16016,160.16,101.12547051164378,3.457005575888733e-17,12.754099423961266,4.370711429288397,
8e3b90aafc,180,617,16042,160.42,101.12547051164378,3.4570055758887306e-17,12.754099423961266,4.934932224082776,
8e3b90aafc,180,618,16068,160.68,101.12547051164378,3.4570055758887324e-17,12.754099423961266,5.794286379731517,
8e3b90aafc,180,619,16094,160.94,101.12547051164378,3.45700557588873e-17,12.754099423961266,4.571229422634331,
8e3b90aafc,180,620,16120,161.2,101.12547051164378,3.457005575888729e-17,12.754099423961266,5.4834937519181715,
8e3b90aafc,180,621,16146,161.46,101.12547051164378,3.457005575888732e-17,12.754099423961266,5.0421669165442635,
8e3b90aafc,180,622,16172,161.72,101.12547051164378,3.4570055758887306e-17,12.754099423961266,5.421216169305156,
8e3b90aafc,180,623,16198,161.98,101.12547051164378,3.457005575888731e-17,12.754099423961266,6.092798345111484,
8e3b90aafc,180,624,16224,162.24,101.12547051164378,3.45700557588873e-17,12.754099423961266,4.907045937258592,
8e3b90aafc,180,625,16250,162.5,101.12547051164378,3.4570055758887324e-17,12.754099423961266,5.521075171236668,
8e3b90aafc,180,626,16276,162.76,101.12547051164378,3.4570055758887306e-17,12.754099423961266,3.8630965470002354,
8e3b90aafc,180,627,16302,163.02,101.12547051164378,3.4570055758887324e-17,12.754099423961266,5.056931846921625,
8e3b90aafc,180,628,16328,163.28,101.12547051164378,3.45700557588873e-17,12.754099423961266,3.2013678672600565,
8e3b90aafc,180,629,16354,163.54,101.12547051164378,3.457005575888732e-17,12.754099423961266,4.679792866632458,
8e3b90aafc,180,630,16380,163.8,101.12547051164378,3.4570055758887306e-17,12.754099423961266,6.304766297190108,
8e3b90aafc,180,631,16406,164.06,101.12547051164378,3.45700557588873e-17,12.754099423961266,6.761594260372583,
8e3b90aafc,180,632,16432,164.32,101.12547051164378,3.457005575888732e-17,12.754099423961266,5.246565829740313,
8e3b90aafc,180,633,16458,164.58,101.12547051164378,3.4570055758887324e-17,12.754099423961266,5.512335065859695,
8e3b90aafc,180,634,16484,164.84,101.12547051164378,3.4570055758887324e-17,12.754099423961266,6.298091332407979,
8e3b90aafc,180,635,16510,165.1,101.12547051164378,3.457005575888731e-17,12.754099423961266,4.784629892133727,
8e3b90aafc,180,636,16536,165.36,101.12547051164378,3.4570055758887324e-17,12.754099423961266,5.118147576071174,
8e3b90aafc,180,637,16562,165.62,101.12547051164378,3.4570055758887324e-17,12.754099423961266,5.889167933436048,
8e3b90aafc,180,638,16588,165.88,101.12547051164378,3.457005575888731e-17,12.754099423961266,5.9427875085030015,
8e3b90aafc,180,639,16614,166.14,101.12547051164378,3.457005575888731e-17,12.754099423961266,4.917607901114394,
8e3b90aafc,180,640,16640,166.4,101.12547051164378,3.457005575888731e-17,12.754099423961266,6.12290646981389,
8e3b90aafc,180,641,16666,166.66,101.12547051164378,3.457005575888732e-17,12.754099423961266,5.753150427953435,
8e3b90aafc,180,642,16692,166.92,101.12547051164378,3.45700557588873e-17,12.754099423961266,5.828806726634509,
8e3b90aafc,180,643,16718,167.18,101.12547051164378,3.45700557588873e-17,12.754099423961266,5.733720231708776,
8e3b90aafc,180,644,16744,167.44,101.12547051164378,3.457005575888732e-17,12.754099423961266,3.9022561999015517,
8e3b90aafc,180,645,16770,167.7,101.12547051164378,3.4570055758887306e-17,12.754099423961266,5.222151003023308,
8e3b90aafc,180,646,16796,167.96,101.12547051164378,3.45700557588873e-17,12.754099423961266,5.374585699795058,
8e3b90aafc,180,647,16822,168.22,101.12547051164378,3.457005575888732e-17,12.754099423961266,6.373297539948629,
8e3b90aafc,180,648,16848,168.48,101.12547051164378,3.45700557588873e-17,12.754099423961266,5.44726271887993,
8e3b90aafc,180,649,16874,168.74,101.12547051164378,3.457005575888733e-17,12.754099423961266,5.330808310265496,
8e3b90aafc,180,650,16900,169.0,101.12547051164378,3.4570055758887293e-17,12.754099423961266,4.279870029752085,
8e3b90aafc,180,651,16926,169.26,101.12547051164378,3.45700557588873e-17,12.754099423961266,4.925003057289199,
8e3b90aafc,180,652,16952,169.52,101.12547051164378,3.4570055758887324e-17,12.754099423961266,4.833498163424467,
8e3b90aafc,180,653,16978,169.78,101.12547051164378,3.4570055758887306e-17,12.754099423961266,6.32364272041174,
8e3b90aafc,180,654,17004,170.04,101.12547051164378,3.457005575888732e-17,12.754099423961266,6.28999948120301,
8e3b90aafc,180,655,17030,170.3,101.12547051164378,3.4570055758887306e-17,12.754099423961266,6.646312044161726,
8e3b90aafc,180,656,17056,170.56,101.12547051164378,3.4570055758887306e-17,12.754099423961266,4.6956986276612245,
8e3b90aafc,180,657,17082,170.82,101.12547051164378,3.4570055758887324e-17,12.754099423961266,6.3713843675736515,
8e3b90aafc,180,658,17108,171.08,101.12547051164378,3.457005575888731e-17,12.754099423961266,7.250358833459916,
8e3b90aafc,180,659,17134,171.34,101.12547051164378,3.457005575888731e-17,12.754099423961266,4.5969656012056985,
8e3b90aafc,180,660,17160,171.6,101.12547051164378,3.457005575888733e-17,12.754099423961266,3.9072992418829573,
8e3b90aafc,180,661,17186,171.86,101.12547051164378,3.457005575888731e-17,12.754099423961266,4.680790229291964,
8e3b90aafc,180,662,17212,172.12,101.12547051164378,3.457005575888731e-17,12.754099423961266,5.652662882363092,
8e3b90aafc,180,663,17238,172.38,101.12547051164378,3.4570055758887306e-17,12.754099423961266,5.59296609337427,
8e3b90aafc,180,664,17264,172.64,101.12547051164378,3.4570055758887324e-17,12.754099423961266,5.7150076065082525,
8e3b90aafc,180,665,17290,172.9,101.12547051164378,3.4570055758887306e-17,12.754099423961266,4.369014296314681,
8e3b90aafc,180,666,17316,173.16,101.12547051164378,3.4570055758887306e-17,12.754099423961266,6.407111491978494,
8e3b90aafc,180,667,17342,173.42,101.12547051164378,3.4570055758887324e-17,12.754099423961266,5.69426442285128,
8e3b90aafc,180,668,17368,173.68,101.12547051164378,3.457005575888732e-17,12.754099423961266,4.3732720270032654,
8e3b90aafc,180,669,17394,173.94,101.12547051164378,3.457005575888731e-17,12.754099423961266,4.608075038517098,
8e3b90aafc,180,670,17420,174.2,101.12547051164378,3.457005575888731e-17,12.754099423961266,5.849045584232334,
8e3b90aafc,180,671,17446,174.46,101.12547051164378,3.457005575888733e-17,12.754099423961266,5.387008912034262,
8e3b90aafc,180,672,17472,174.72,101.12547051164378,3.4570055758887324e-17,12.754099423961266,5.392462658538595,
8e3b90aafc,180,673,17498,174.98,101.12547051164378,3.457005575888734e-17,12.754099423961266,4.673063924487521,
8e3b90aafc,180,674,17524,175.24,101.12547051164378,3.4570055758887324e-17,12.754099423961266,4.741919237927888,
8e3b90aafc,180,675,17550,175.5,101.12547051164378,3.45700557588873e-17,12.754099423961266,5.254170921361378,
8e3b90aafc,180,676,17576,175.76,101.12547051164378,3.4570055758887324e-17,12.754099423961266,6.407679056734741,
8e3b90aafc,180,677,17602,176.02,101.12547051164378,3.457005575888732e-17,12.754099423961266,5.467313532395318,
8e3b90aafc,180,678,17628,176.28,101.12547051164378,3.457005575888733e-17,12.754099423961266,6.17650011995496,
8e3b90aafc,180,679,17654,176.54,101.12547051164378,3.457005575888732e-17,12.754099423961266,4.311065046194106,
8e3b90aafc,180,680,17680,176.8,101.12547051164378,3.4570055758887324e-17,12.754099423961266,5.797935579581826,
8e3b90aafc,180,681,17706,177.06,101.12547051164378,3.457005575888731e-17,12.754099423961266,6.475028661969815,
8e3b90aafc,180,682,17732,177.32,101.12547051164378,3.457005575888729e-17,12.754099423961266,5.912318616799357,
8e3b90aafc,180,683,17758,177.58,101.12547051164378,3.4570055758887337e-17,12.754099423961266,6.572949710183275,
8e3b90aafc,180,684,17784,177.84,101.12547051164378,3.457005575888731e-17,12.754099423961266,6.0885108106895425,
8e3b90aafc,180,685,17810,178.1,101.12547051164378,3.4570055758887324e-17,12.754099423961266,6.691729399184429,
8e3b90aafc,180,686,17836,178.36,101.12547051164378,3.457005575888732e-17,12.754099423961266,7.135027555401293,
8e3b90aafc,180,687,17862,178.62,101.12547051164378,3.457005575888732e-17,12.754099423961266,6.040839262801387,
8e3b90aafc,180,688,17888,178.88,101.12547051164378,3.457005575888732e-17,12.754099423961266,4.573026899781981,
8e3b90aafc,180,689,17914,179.14,101.12547051164378,3.4570055758887306e-17,12.754099423961266,5.903247975078699,
8e3b90aafc,180,690,17940,179.4,101.12547051164378,3.4570055758887324e-17,12.754099423961266,5.065647565402043,
8e3b90aafc,180,691,17966,179.66,101.12547051164378,3.457005575888731e-17,12.754099423961266,5.594808422706776,
8e3b90aafc,180,692,17992,179.92,101.12547051164378,,12.754099423961266,7.457277822460757,
